Charge,Date,BIN,Uoc,Isc,Rser,Rsh,FF,EFF,IRev1,IRev2
5345803-S04-156I3-A-L-B-190,20.02.2020-02:25:56,8.00000000e+00,6.45160079e-01,8.96837616e+00,2.01021112e-03,9.56911499e+02,8.03500366e+01,1.89233322e+01,2.62410566e-02,5.52817993e-02
5345803-S04-156I3-A-L-B-190,20.02.2020-02:26:57,9.00000000e+00,6.44495606e-01,8.95633316e+00,1.75494852e-03,3.39257385e+02,8.03755417e+01,1.88844490e+01,6.72420114e-02,9.44939405e-02
5345803-S04-156I3-A-L-B-190,20.02.2020-02:27:00,9.00000000e+00,6.44670010e-01,8.93698025e+00,1.75108528e-03,3.63949188e+02,8.04815826e+01,1.88736115e+01,7.38653541e-02,1.09039478e-01
5345803-S04-156I3-A-L-B-190,20.02.2020-02:27:02,9.00000000e+00,6.44386590e-01,8.93514633e+00,1.89999724e-03,5.33389648e+02,8.04008636e+01,1.88425236e+01,6.55495748e-02,1.01664759e-01
5345803-S04-156I3-A-L-B-190,20.02.2020-02:27:04,1.90000000e+01,6.42245114e-01,8.91682816e+00,1.88407546e-03,3.59007965e+02,8.02875137e+01,1.87149830e+01,8.27657506e-02,2.57245064e-01
5345803-S04-156I3-A-L-B-190,20.02.2020-02:27:06,9.00000000e+00,6.44539237e-01,8.94106674e+00,1.75454770e-03,2.26705551e+02,8.03642578e+01,1.88508892e+01,8.71128887e-02,1.30553350e-01
5345803-S04-156I3-A-L-B-190,20.02.2020-02:27:08,9.00000000e+00,6.44262552e-01,8.94360447e+00,1.82469108e-03,2.87458588e+02,8.05367889e+01,1.88886089e+01,7.05114156e-02,1.05671838e-01
5345803-S04-156I3-A-L-B-190,20.02.2020-02:27:10,1.90000000e+01,6.42786026e-01,8.89391422e+00,1.75348623e-03,1.18720654e+03,8.05080719e+01,1.87339325e+01,3.26866172e-02,2.07778528e-01
5345803-S04-156I3-A-L-B-190,20.02.2020-02:27:12,8.00000000e+00,6.45759642e-01,8.96353722e+00,1.98150007e-03,6.89168945e+02,8.02787552e+01,1.89139023e+01,4.37889323e-02,7.75670111e-02
5345803-S04-156I3-A-L-B-190,20.02.2020-02:27:14,1.90000000e+01,6.43209934e-01,8.93047237e+00,1.91782205e-03,2.85171509e+02,8.03142624e+01,1.87780304e+01,7.44316876e-02,1.87817335e-01
5345803-S04-156I3-A-L-B-190,20.02.2020-02:27:17,1.90000000e+01,6.43781483e-01,8.93310547e+00,2.07416667e-03,3.37323029e+02,8.03041763e+01,1.87978973e+01,9.49966013e-02,1.47588953e-01
5345803-S04-156I3-A-L-B-190,20.02.2020-02:27:19,9.00000000e+00,6.43863797e-01,8.94252205e+00,2.00729072e-03,2.03775681e+02,8.03038559e+01,1.88200436e+01,1.04864068e-01,1.53234243e-01
5345803-S04-156I3-A-L-B-190,20.02.2020-02:27:21,2.00000000e+01,6.42051697e-01,8.86875820e+00,1.83157914e-03,4.17889832e+02,8.05509033e+01,1.86695309e+01,8.27277675e-02,2.43278787e-01
5345803-S04-156I3-A-L-B-190,20.02.2020-02:27:23,2.00000000e+01,6.42749310e-01,8.87932491e+00,1.71437336e-03,1.96298660e+02,8.04038544e+01,1.86779232e+01,1.16712920e-01,1.64109483e-01
5345803-S04-156I3-A-L-B-190,20.02.2020-02:27:25,1.90000000e+01,6.43781841e-01,8.92242432e+00,2.05432973e-03,1.68397461e+02,8.02866440e+01,1.87713318e+01,1.25198841e-01,1.92655832e-01
5345803-S04-156I3-A-L-B-190,20.02.2020-02:27:27,2.00000000e+01,6.42253101e-01,8.88045788e+00,2.03416240e-03,1.44124832e+02,8.02426300e+01,1.86284580e+01,1.71651557e-01,3.23442787e-01
5345803-S04-156I3-A-L-B-190,20.02.2020-02:27:29,2.00000000e+00,6.35539234e-01,8.81003475e+00,1.95689220e-03,1.74939346e+02,7.99665680e+01,1.82246265e+01,2.54487813e-01,1.02654910e+00
5345803-S04-156I3-A-L-B-190,20.02.2020-02:27:31,8.00000000e+00,6.46263301e-01,8.97451019e+00,2.16206792e-03,2.87698639e+02,8.02803574e+01,1.89522038e+01,1.16025493e-01,1.69034138e-01
5345803-S04-156I3-A-L-B-190,20.02.2020-02:27:33,2.00000000e+01,6.42774880e-01,8.88539982e+00,1.74995011e-03,1.16743454e+02,8.03238373e+01,1.86728458e+01,2.21446335e-01,2.83295959e-01
5345803-S04-156I3-A-L-B-190,20.02.2020-02:27:36,1.90000000e+01,6.44715428e-01,8.90606022e+00,1.87585491e-03,3.78041931e+02,8.03851242e+01,1.87870922e+01,7.99506456e-02,2.04662398e-01
5345803-S04-156I3-A-L-B-190,20.02.2020-02:27:38,2.00000000e+00,6.37993634e-01,8.82864475e+00,1.77107053e-03,9.04008255e+01,8.02174454e+01,1.83911724e+01,3.93030852e-01,1.38606095e+00
5345803-S04-156I3-A-L-B-190,20.02.2020-02:27:40,2.00000000e+01,6.41539276e-01,8.93828869e+00,2.00585183e-03,1.32641479e+02,7.99578094e+01,1.86624527e+01,2.59251356e-01,4.18570220e-01
5345803-S04-156I3-A-L-B-190,20.02.2020-02:27:42,2.00000000e+01,6.42524779e-01,8.90144157e+00,2.20931298e-03,9.33270264e+01,8.02136383e+01,1.86736259e+01,4.26211655e-01,9.10167575e-01
5345803-S04-156I3-A-L-B-190,20.02.2020-02:27:44,2.00000000e+01,6.42663598e-01,8.89585018e+00,1.96369039e-03,7.03672638e+01,8.03213806e+01,1.86909981e+01,3.70885462e-01,8.42661202e-01
5345803-S04-156I3-A-L-B-190,20.02.2020-02:27:46,2.00000000e+01,6.41849577e-01,8.90906906e+00,2.24307366e-03,1.95133423e+02,8.01935425e+01,1.86653080e+01,2.40531087e-01,5.08875132e-01
5345803-S04-156I3-A-L-B-190,20.02.2020-02:27:48,1.00000000e+00,6.38605893e-01,8.85130978e+00,1.99718215e-03,1.84325104e+02,8.04058762e+01,1.84994335e+01,1.49717227e-01,3.59036803e-01
5345803-S04-156I3-A-L-B-190,20.02.2020-02:27:50,2.00000000e+01,6.42304361e-01,8.88293648e+00,2.08560913e-03,1.08584404e+02,8.01835938e+01,1.86214352e+01,1.91128403e-01,2.40988567e-01
5345803-S04-156I3-A-L-B-190,20.02.2020-02:27:52,1.00000000e+00,6.39761806e-01,8.85640717e+00,1.91709271e-03,3.28132538e+02,8.00276871e+01,1.84563713e+01,1.66227177e-01,6.01385653e-01
5345803-S04-156I3-A-L-B-190,20.02.2020-02:27:54,1.90000000e+01,6.43366277e-01,8.89782906e+00,1.87647028e-03,2.25654663e+02,8.02966156e+01,1.87098274e+01,1.60218060e-01,3.02750885e-01
5345803-S04-156I3-A-L-B-190,20.02.2020-02:27:56,9.00000000e+00,6.44683838e-01,8.94933605e+00,1.64858182e-03,2.32874756e+02,8.03708954e+01,1.88741150e+01,1.23420164e-01,1.88547358e-01
5345803-S04-156I3-A-L-B-190,20.02.2020-02:27:58,2.00000000e+01,6.41752779e-01,8.87776661e+00,1.72423967e-03,1.82381165e+02,8.03585968e+01,1.86351986e+01,1.50982231e-01,3.74208689e-01
5345803-S04-156I3-A-L-B-190,20.02.2020-02:28:01,8.00000000e+00,6.45492852e-01,8.95030499e+00,1.84973760e-03,1.53363998e+02,8.04428787e+01,1.89167728e+01,2.16877431e-01,2.87420928e-01
5345803-S04-156I3-A-L-B-190,20.02.2020-02:28:03,2.00000000e+01,6.41485572e-01,8.87850094e+00,1.82161969e-03,8.09436035e+01,8.04923630e+01,1.86599903e+01,2.98121959e-01,6.12137079e-01
5345803-S04-156I3-A-L-B-190,20.02.2020-02:28:05,1.90000000e+01,6.43046618e-01,8.93302345e+00,2.03784578e-03,6.20821075e+01,8.03759308e+01,1.87930450e+01,3.73864740e-01,5.77620566e-01
5345803-S04-156I3-A-L-B-190,20.02.2020-02:28:07,1.90000000e+01,6.42902315e-01,8.92959023e+00,1.64726120e-03,9.72617645e+01,8.02989960e+01,1.87636261e+01,2.43877426e-01,5.66512167e-01
5345803-S04-156I3-A-L-B-190,20.02.2020-02:28:09,9.00000000e+00,6.44396305e-01,8.94800949e+00,1.86824554e-03,7.32299194e+01,8.02977371e+01,1.88457317e+01,3.66587520e-01,5.37208021e-01
5345803-S04-156I3-A-L-B-190,20.02.2020-02:28:11,9.00000000e+00,6.44670546e-01,8.94403172e+00,1.82359316e-03,1.41083954e+02,8.03370056e+01,1.88545856e+01,2.17502356e-01,3.98489535e-01
5345803-S04-156I3-A-L-B-190,20.02.2020-02:28:13,2.10000000e+01,6.40104711e-01,8.84013939e+00,1.96347525e-03,6.39487976e+02,8.03521500e+01,1.85070782e+01,1.54851362e-01,1.25080931e+00
5345803-S04-156I3-A-L-B-190,20.02.2020-02:28:15,1.00000000e+00,6.41787231e-01,8.82399368e+00,2.17886455e-03,5.64104492e+02,7.98272476e+01,1.84008389e+01,8.47516209e-02,2.13652045e-01
5345803-S04-156I3-A-L-B-190,20.02.2020-02:28:17,1.90000000e+01,6.42974734e-01,8.91937256e+00,1.96249713e-03,1.64947739e+02,8.02005997e+01,1.87213001e+01,1.43896639e-01,1.84685960e-01
5345803-S04-156I3-A-L-B-190,20.02.2020-02:28:20,2.10000000e+01,6.43155456e-01,8.87399960e+00,2.09789863e-03,1.72174606e+02,7.99937439e+01,1.85832462e+01,1.45717621e-01,2.40178227e-01
5345803-S04-156I3-A-L-B-190,20.02.2020-02:28:22,2.10000000e+01,6.41923964e-01,8.87903595e+00,2.36418983e-03,4.08486420e+02,8.00396118e+01,1.85688324e+01,9.02497843e-02,1.95787907e-01
5345803-S04-156I3-A-L-B-190,20.02.2020-02:28:24,9.00000000e+00,6.46166265e-01,8.90629387e+00,1.80467521e-03,5.86196899e+02,8.04728394e+01,1.88504124e+01,4.47111540e-02,8.45370665e-02
5345803-S04-156I3-A-L-B-190,20.02.2020-02:28:26,1.00000000e+00,6.39112175e-01,8.85902119e+00,1.85999949e-03,3.67932861e+02,8.01605377e+01,1.84736881e+01,1.30878359e-01,5.54891527e-01
5345803-S04-156I3-A-L-B-190,20.02.2020-02:28:28,9.00000000e+00,6.45123720e-01,8.95652771e+00,1.73358060e-03,8.54019775e+02,8.02968140e+01,1.88847485e+01,4.17147763e-02,7.21616149e-02
5345803-S04-156I3-A-L-B-190,20.02.2020-02:28:30,8.00000000e+00,6.45633161e-01,8.98011875e+00,2.09343620e-03,2.54028381e+02,8.04290314e+01,1.89806442e+01,8.96512195e-02,1.39408216e-01
5345803-S04-156I3-A-L-B-190,20.02.2020-02:28:32,2.00000000e+01,6.41806543e-01,8.90634823e+00,2.02969857e-03,4.74210144e+02,8.03263474e+01,1.86892567e+01,7.98150972e-02,2.29986489e-01
5345803-S04-156I3-A-L-B-190,20.02.2020-02:28:34,9.00000000e+00,6.44565821e-01,8.94467545e+00,1.96303288e-03,5.54603638e+02,8.03450012e+01,1.88547554e+01,2.65240837e-02,5.28576784e-02
5345803-S04-156I3-A-L-B-190,20.02.2020-02:28:36,2.00000000e+01,6.41795635e-01,8.88160801e+00,1.80017098e-03,3.49369415e+02,8.03571625e+01,1.86441765e+01,1.02262273e-01,2.59249240e-01
5345803-S04-156I3-A-L-B-190,20.02.2020-02:28:38,9.00000000e+00,6.45317197e-01,8.93929482e+00,1.64170831e-03,1.42991669e+02,8.03803558e+01,1.88736801e+01,1.35237530e-01,1.80359289e-01
5345803-S04-156I3-A-L-B-190,20.02.2020-02:28:40,1.90000000e+01,6.43488944e-01,8.89375687e+00,1.84149412e-03,6.71655457e+02,8.04177551e+01,1.87330494e+01,4.87801619e-02,2.02695861e-01
5345803-S04-156I3-A-L-B-190,20.02.2020-02:28:43,2.10000000e+01,6.41143441e-01,8.90060806e+00,1.99713628e-03,2.65061615e+02,8.00470734e+01,1.85930481e+01,1.22554012e-01,2.53325462e-01
5345803-S04-156I3-A-L-B-190,20.02.2020-02:28:45,1.00000000e+00,6.40177190e-01,8.87127686e+00,1.65338127e-03,1.38705704e+02,7.99761047e+01,1.84874401e+01,2.91860491e-01,6.81796789e-01
5345803-S04-156I3-A-L-B-190,20.02.2020-02:28:47,2.00000000e+00,6.36337101e-01,8.82994843e+00,1.74996280e-03,2.37425247e+02,8.00037842e+01,1.82972622e+01,1.93366051e-01,9.44427907e-01
5345803-S04-156I3-A-L-B-190,20.02.2020-02:28:49,1.00000000e+00,6.39127970e-01,8.86397934e+00,1.90150365e-03,8.92141968e+02,8.01106949e+01,1.84729919e+01,8.71827081e-02,4.95174766e-01
5345803-S04-156I3-A-L-B-190,20.02.2020-02:28:51,1.90000000e+01,6.42166197e-01,8.91063118e+00,1.88315078e-03,3.84181732e+02,8.03786240e+01,1.87208977e+01,6.44461364e-02,1.56373844e-01
5345803-S04-156I3-A-L-B-190,20.02.2020-02:28:53,1.90000000e+01,6.42604709e-01,8.90917301e+00,2.05161818e-03,6.22655518e+02,8.04681778e+01,1.87514839e+01,5.73190488e-02,1.07826680e-01
5345803-S04-156I3-A-L-B-190,20.02.2020-02:28:55,1.90000000e+01,6.43951118e-01,8.91808033e+00,2.30857381e-03,2.41768539e+02,8.01718445e+01,1.87402916e+01,1.15222566e-01,2.17212722e-01
5345803-S04-156I3-A-L-B-190,20.02.2020-02:28:57,1.00000000e+00,6.39267385e-01,8.85246658e+00,1.90196419e-03,6.48816956e+02,8.02479858e+01,1.84846478e+01,6.15203641e-02,2.46125847e-01
5345803-S04-156I3-A-L-B-190,20.02.2020-02:28:59,1.90000000e+01,6.43296301e-01,8.92189407e+00,1.37935358e-03,6.14460815e+02,8.03201065e+01,1.87638779e+01,6.45696521e-02,1.12989686e-01
5345803-S04-156I3-A-L-B-190,20.02.2020-02:29:01,2.00000000e+01,6.43610775e-01,8.87007523e+00,1.67261262e-03,1.76776566e+02,8.03359985e+01,1.86677074e+01,1.38680145e-01,3.55176568e-01
5345803-S04-156I3-A-L-B-190,20.02.2020-02:29:03,2.00000000e+01,6.43952370e-01,8.89050961e+00,2.14857399e-03,4.67091492e+02,8.01954880e+01,1.86879025e+01,8.13206583e-02,2.36489639e-01
5345803-S04-156I3-A-L-B-190,20.02.2020-02:29:05,2.10000000e+01,6.43357515e-01,8.88590622e+00,2.41240230e-03,3.27458221e+02,7.99059753e+01,1.85936031e+01,8.22199807e-02,2.01186597e-01
5345803-S04-156I3-A-L-B-190,20.02.2020-02:29:07,2.00000000e+01,6.43550038e-01,8.87523556e+00,1.98921468e-03,2.62331177e+02,8.00300674e+01,1.86056824e+01,1.26148343e-01,2.43701205e-01
5345803-S04-156I3-A-L-B-190,20.02.2020-02:29:10,1.90000000e+01,6.44117117e-01,8.88847446e+00,1.66271254e-03,3.42826111e+02,8.03418350e+01,1.87225056e+01,7.00752884e-02,2.50390708e-01
5345803-S04-156I3-A-L-B-190,20.02.2020-02:29:12,9.00000000e+00,6.44001365e-01,8.94902039e+00,2.15239869e-03,3.84453339e+02,8.02849503e+01,1.88333092e+01,4.77887951e-02,1.03727914e-01
5345803-S04-156I3-A-L-B-190,20.02.2020-02:29:14,1.00000000e+00,6.39955699e-01,8.87335587e+00,1.86501816e-03,4.39336151e+02,8.00045929e+01,1.84919586e+01,1.07522488e-01,5.17693162e-01
5345803-S04-156I3-A-L-B-190,20.02.2020-02:29:16,2.00000000e+01,6.44214690e-01,8.89996624e+00,2.15875427e-03,9.66835999e+02,8.01194763e+01,1.86976585e+01,4.37467769e-02,7.98099861e-02
5345803-S04-156I3-A-L-B-190,20.02.2020-02:29:18,2.00000000e+00,6.38887763e-01,8.83780861e+00,1.56286045e-03,6.55253235e+02,8.00531158e+01,1.83982964e+01,1.68086693e-01,8.72393668e-01
5345803-S04-156I3-A-L-B-190,20.02.2020-02:29:20,2.00000000e+01,6.42742991e-01,8.89196968e+00,1.92428322e-03,4.70364288e+02,8.03477936e+01,1.86912994e+01,6.06009848e-02,1.44356206e-01
5345803-S04-156I3-A-L-B-190,20.02.2020-02:29:22,2.00000000e+01,6.42484486e-01,8.88729095e+00,1.97466603e-03,4.02580353e+02,8.03696747e+01,1.86790352e+01,7.98845962e-02,1.68039411e-01
5345803-S04-156I3-A-L-B-190,20.02.2020-02:29:24,1.00000000e+00,6.39003873e-01,8.83352757e+00,1.81790150e-03,1.05543750e+03,8.03206329e+01,1.84541874e+01,3.09979636e-02,6.77487552e-02
5345803-S04-156I3-A-L-B-190,20.02.2020-02:29:26,2.10000000e+01,6.40608430e-01,8.86023903e+00,1.95846148e-03,2.66855042e+02,8.04095917e+01,1.85770245e+01,1.12432137e-01,4.43624288e-01
5345803-S04-156I3-A-L-B-190,20.02.2020-02:29:29,1.90000000e+01,6.42751575e-01,8.90272999e+00,1.75631943e-03,5.60397217e+02,8.03641129e+01,1.87179699e+01,6.78075925e-02,1.45232722e-01
5345803-S04-156I3-A-L-B-190,20.02.2020-02:29:31,2.10000000e+01,6.40211046e-01,8.86569977e+00,2.02091620e-03,6.70750061e+02,8.04822464e+01,1.85937290e+01,7.89156854e-02,3.30707192e-01
5345803-S04-156I3-A-L-B-190,20.02.2020-02:29:33,2.00000000e+01,6.41592920e-01,8.86303425e+00,1.60618406e-03,5.82202576e+02,8.03904114e+01,1.86070023e+01,7.62246475e-02,3.09836268e-01
5345803-S04-156I3-A-L-B-190,20.02.2020-02:29:35,1.00000000e+00,6.38083100e-01,8.82145977e+00,1.81047036e-03,7.33287415e+02,8.03284149e+01,1.84042072e+01,3.95137668e-02,7.23560527e-02
5345803-S04-156I3-A-L-B-190,20.02.2020-02:29:37,2.00000000e+01,6.43293202e-01,8.89931297e+00,2.24743201e-03,4.49810699e+02,8.01318893e+01,1.86724377e+01,5.79069257e-02,8.96497741e-02
5345803-S04-156I3-A-L-B-190,20.02.2020-02:29:39,2.00000000e+00,6.36436582e-01,8.81988621e+00,1.70277373e-03,2.03762375e+02,7.99259720e+01,1.82614937e+01,2.53285766e-01,9.56553340e-01
5345803-S04-156I3-A-L-B-190,20.02.2020-02:29:41,9.00000000e+00,6.44223988e-01,8.93671227e+00,1.83348823e-03,4.88516541e+02,8.03399963e+01,1.88268051e+01,6.77958876e-02,1.23119473e-01
5345803-S04-156I3-A-L-B-190,20.02.2020-02:29:43,8.00000000e+00,6.45520031e-01,8.95851898e+00,1.80856779e-03,6.37715271e+02,8.03759460e+01,1.89191780e+01,4.18795086e-02,7.29321390e-02
5345803-S04-156I3-A-L-B-190,20.02.2020-02:29:45,9.00000000e+00,6.44130468e-01,8.95382786e+00,2.12509464e-03,3.35442596e+02,8.03294907e+01,1.88576603e+01,9.32134390e-02,1.36560321e-01
5345803-S04-156I3-A-L-B-190,20.02.2020-02:29:47,1.90000000e+01,6.43761814e-01,8.92849255e+00,1.60136877e-03,3.46582306e+02,8.03344116e+01,1.87946911e+01,7.89910555e-02,1.27299160e-01
5345803-S04-156I3-A-L-B-190,20.02.2020-02:29:49,1.90000000e+01,6.41223133e-01,8.91122627e+00,2.16920744e-03,3.71904419e+02,8.04684143e+01,1.87155361e+01,1.09229870e-01,2.35262111e-01
5345803-S04-156I3-A-L-B-190,20.02.2020-02:29:51,2.00000000e+01,6.40548050e-01,8.88249397e+00,1.58994051e-03,2.54211029e+02,8.05206375e+01,1.86476460e+01,8.16172585e-02,1.36880681e-01
5345803-S04-156I3-A-L-B-190,20.02.2020-02:29:54,2.00000000e+01,6.41323686e-01,8.90682888e+00,1.98673876e-03,6.19021545e+02,8.02259369e+01,1.86528587e+01,1.00250423e-01,1.74296468e-01
5345803-S04-156I3-A-L-B-190,20.02.2020-02:29:56,2.00000000e+01,6.43666983e-01,8.88785267e+00,2.38566333e-03,1.08299629e+02,7.99071655e+01,1.86068974e+01,1.73003599e-01,2.57917374e-01
5345803-S04-156I3-A-L-B-190,20.02.2020-02:29:58,1.90000000e+01,6.43549979e-01,8.92668056e+00,1.66555610e-03,8.10294571e+01,8.01071548e+01,1.87315540e+01,4.12944883e-01,6.11108243e-01
5345803-S04-156I3-A-L-B-190,20.02.2020-02:30:00,1.90000000e+01,6.43644392e-01,8.94278717e+00,2.14562076e-03,1.51337311e+02,7.98947906e+01,1.87183475e+01,2.61671305e-01,4.30193663e-01
5345803-S04-156I3-A-L-B-190,20.02.2020-02:30:02,2.10000000e+01,6.41592145e-01,8.86887646e+00,1.71722530e-03,8.23060837e+01,8.02282715e+01,1.85816936e+01,4.38430339e-01,1.34796858e+00
5345803-S04-156I3-A-L-B-190,20.02.2020-02:30:04,2.00000000e+01,6.41397655e-01,8.92048359e+00,1.60406542e-03,9.38309479e+01,8.01559219e+01,1.86673012e+01,2.98685968e-01,4.44252372e-01
5345803-S04-156I3-A-L-B-190,20.02.2020-02:30:06,1.00000000e+00,6.39172971e-01,8.82357121e+00,1.76006125e-03,7.75710602e+01,8.02980194e+01,1.84330769e+01,6.05377555e-01,1.51996434e+00
5345803-S04-156I3-A-L-B-190,20.02.2020-02:30:08,9.00000000e+00,6.44499779e-01,8.95863628e+00,1.80766103e-03,7.01468140e+02,8.03897476e+01,1.88927670e+01,2.34755334e-02,5.34765013e-02
5345803-S04-156I3-A-L-B-190,20.02.2020-02:30:10,2.10000000e+01,6.40266716e-01,8.88777733e+00,1.72307342e-03,3.80949005e+02,8.02450256e+01,1.85867062e+01,1.24860741e-01,5.79148173e-01
5345803-S04-156I3-A-L-B-190,20.02.2020-02:30:12,1.90000000e+01,6.43674552e-01,8.95468426e+00,2.24536075e-03,2.20799911e+02,8.01130295e+01,1.87953320e+01,1.01429477e-01,1.51005849e-01
5345803-S04-156I3-A-L-B-190,20.02.2020-02:30:14,8.00000000e+00,6.44478321e-01,8.95725060e+00,1.72810862e-03,2.41821533e+02,8.04951935e+01,1.89139919e+01,7.85618648e-02,1.15618162e-01
5345803-S04-156I3-A-L-B-190,20.02.2020-02:30:16,1.90000000e+01,6.42740130e-01,8.93387127e+00,1.82654592e-03,2.70756195e+02,8.03116226e+01,1.87708397e+01,1.07825078e-01,2.54664391e-01
5345803-S04-156I3-A-L-B-190,20.02.2020-02:30:18,9.00000000e+00,6.43452108e-01,8.94149685e+00,1.95417041e-03,2.45047333e+02,8.05881805e+01,1.88724384e+01,6.03471212e-02,1.57179222e-01
5345803-S04-156I3-A-L-B-190,20.02.2020-02:30:21,2.00000000e+01,6.42497838e-01,8.89936352e+00,1.63359102e-03,3.64630951e+02,8.01414261e+01,1.86516781e+01,7.40246326e-02,1.59115359e-01
5345803-S04-156I3-A-L-B-190,20.02.2020-02:30:23,8.00000000e+00,6.45577550e-01,8.96827602e+00,1.91775302e-03,2.56883942e+02,8.03694611e+01,1.89399433e+01,5.98479956e-02,9.70296562e-02
5345803-S04-156I3-A-L-B-190,20.02.2020-02:30:25,8.00000000e+00,6.45373046e-01,8.96984100e+00,1.79678632e-03,1.28301819e+02,8.03019333e+01,1.89213352e+01,1.76730275e-01,2.44631693e-01
5345803-S04-156I3-A-L-B-190,20.02.2020-02:30:27,2.10000000e+01,6.39523089e-01,8.87540817e+00,2.04728195e-03,2.48088394e+02,8.03075562e+01,1.85537262e+01,1.05482019e-01,3.02122325e-01
5345803-S04-156I3-A-L-B-190,20.02.2020-02:30:29,1.90000000e+01,6.41843021e-01,8.91897583e+00,1.98895554e-03,2.28125778e+02,8.03282089e+01,1.87172546e+01,1.05895586e-01,1.54228166e-01
5345803-S04-156I3-A-L-B-190,20.02.2020-02:30:31,1.00000000e+00,6.39103770e-01,8.86540031e+00,1.78168761e-03,2.23677277e+02,8.01532898e+01,1.84850769e+01,1.51627809e-01,5.18127024e-01
5345803-S04-156I3-A-L-B-190,20.02.2020-02:30:33,9.00000000e+00,6.44499421e-01,8.91881561e+00,1.74916745e-03,2.75085388e+02,8.05507812e+01,1.88464565e+01,9.04443190e-02,2.24317074e-01
5345803-S04-156I3-A-L-B-190,20.02.2020-02:30:35,1.00000000e+00,6.39138997e-01,8.81940365e+00,1.61871896e-03,1.37117447e+02,8.02239456e+01,1.84063950e+01,3.37748408e-01,1.34321702e+00
5345803-S04-156I3-A-L-B-190,20.02.2020-02:30:37,1.90000000e+01,6.42175257e-01,8.92948151e+00,2.06265855e-03,1.47881165e+02,8.01514816e+01,1.87077503e+01,2.12101057e-01,3.10789019e-01
5345803-S04-156I3-A-L-B-190,20.02.2020-02:30:39,2.00000000e+01,6.43658280e-01,8.92074394e+00,1.80471118e-03,2.17150116e+02,7.98888397e+01,1.86712208e+01,1.62180215e-01,2.27128789e-01
5345803-S04-156I3-A-L-B-190,20.02.2020-02:30:41,2.00000000e+01,6.41524851e-01,8.91036892e+00,2.03839247e-03,2.11992477e+02,8.01515808e+01,1.86488247e+01,1.24265850e-01,2.19542563e-01
5345803-S04-156I3-A-L-B-190,20.02.2020-02:30:43,2.00000000e+00,6.36646986e-01,8.85910702e+00,1.76342204e-03,2.66578369e+02,8.00354080e+01,1.83738842e+01,1.80481657e-01,7.57257104e-01
5345803-S04-156I3-A-L-B-190,20.02.2020-02:30:45,1.90000000e+01,6.43229544e-01,8.90260124e+00,2.00318801e-03,4.90301758e+02,8.03645248e+01,1.87317123e+01,8.16892534e-02,2.27870896e-01
5345803-S04-156I3-A-L-B-190,20.02.2020-02:30:48,2.10000000e+01,6.40865088e-01,8.89453506e+00,2.35421048e-03,3.95830444e+02,7.98128815e+01,1.85179577e+01,7.78919011e-02,2.05281213e-01
5345803-S04-156I3-A-L-B-190,20.02.2020-02:30:50,9.00000000e+00,6.44346237e-01,8.94993496e+00,1.88549352e-03,5.36796021e+02,8.03197403e+01,1.88534870e+01,7.40139857e-02,1.69125497e-01
5345803-S04-156I3-A-L-B-190,20.02.2020-02:30:52,2.10000000e+01,6.39815986e-01,8.88586617e+00,1.54748443e-03,3.23515808e+02,8.02995987e+01,1.85822563e+01,8.91288668e-02,3.24140787e-01
5345803-S04-156I3-A-L-B-190,20.02.2020-02:30:54,9.00000000e+00,6.43805087e-01,8.94825172e+00,1.62830565e-03,2.61891296e+02,8.03737488e+01,1.88467751e+01,7.38355815e-02,1.31537139e-01
5345803-S04-156I3-A-L-B-190,20.02.2020-02:30:56,9.00000000e+00,6.44639492e-01,8.95288658e+00,1.99751067e-03,7.95783691e+02,8.03370743e+01,1.88723602e+01,5.87401465e-02,1.75848857e-01
5345803-S04-156I3-A-L-B-190,20.02.2020-02:30:58,2.00000000e+01,6.41375184e-01,8.92004585e+00,1.66216225e-03,6.55409424e+02,8.01007996e+01,1.86528969e+01,4.57921475e-02,1.71463966e-01
5345803-S04-156I3-A-L-B-190,20.02.2020-02:31:00,9.00000000e+00,6.44297481e-01,8.93427849e+00,2.08348641e-03,2.32399353e+02,8.02571030e+01,1.88044052e+01,9.08256695e-02,2.32301846e-01
5345803-S04-156I3-A-L-B-190,20.02.2020-02:31:02,1.90000000e+01,6.42660677e-01,8.91992855e+00,1.92054058e-03,4.83220642e+02,8.02591553e+01,1.87269840e+01,4.84365039e-02,6.77851588e-02
5345803-S04-156I3-A-L-B-190,20.02.2020-02:31:04,1.00000000e+00,6.37408018e-01,8.79340744e+00,1.30259548e-03,3.80815918e+02,8.09814758e+01,1.84752636e+01,6.04311265e-02,2.90019065e-01
5345803-S04-156I3-A-L-B-190,20.02.2020-02:31:06,8.00000000e+00,6.45634890e-01,8.96706676e+00,1.62554730e-03,3.76635742e+02,8.04331818e+01,1.89540844e+01,9.83933136e-02,1.38569802e-01
5345803-S04-156I3-A-L-B-190,20.02.2020-02:31:08,1.90000000e+01,6.42791390e-01,8.90772915e+00,1.90587027e-03,8.55775696e+02,8.05384140e+01,1.87702618e+01,3.29471901e-02,7.89110959e-02
5345803-S04-156I3-A-L-B-190,20.02.2020-02:31:10,8.00000000e+00,6.44921541e-01,8.96593094e+00,1.42328243e-03,3.55406372e+02,8.04597244e+01,1.89369926e+01,5.95947355e-02,9.35439765e-02
5345803-S04-156I3-A-L-B-190,20.02.2020-02:31:13,9.00000000e+00,6.44024789e-01,8.95229816e+00,2.10848963e-03,2.59727478e+02,8.02508469e+01,1.88328896e+01,8.05903450e-02,1.33514762e-01
5345803-S04-156I3-A-L-B-190,20.02.2020-02:31:15,2.10000000e+01,6.41882241e-01,8.88730049e+00,2.41984613e-03,4.39665955e+02,7.99736176e+01,1.85695839e+01,8.34772140e-02,3.06820571e-01
5345803-S04-156I3-A-L-B-190,20.02.2020-02:31:17,2.00000000e+01,6.40051961e-01,8.93651199e+00,1.93579437e-03,1.24301186e+02,8.02576447e+01,1.86852932e+01,2.98145235e-01,4.31719750e-01
5345803-S04-156I3-A-L-B-190,20.02.2020-02:31:19,2.00000000e+00,6.36589408e-01,8.84152222e+00,1.76611124e-03,4.67255341e+02,8.00052414e+01,1.83288441e+01,1.45600155e-01,1.07679319e+00
5345803-S04-156I3-A-L-B-190,20.02.2020-02:31:21,9.00000000e+00,6.43741012e-01,8.91397667e+00,1.87760044e-03,3.54133820e+02,8.05275269e+01,1.88086319e+01,1.06705502e-01,2.81029224e-01
5345803-S04-156I3-A-L-B-190,20.02.2020-02:31:23,1.90000000e+01,6.44110799e-01,8.93389034e+00,2.08227290e-03,3.88516632e+02,8.02529984e+01,1.87971783e+01,7.67154992e-02,1.14470571e-01
5345803-S04-156I3-A-L-B-190,20.02.2020-02:31:25,9.00000000e+00,6.44295812e-01,8.94861412e+00,1.51795882e-03,2.57447144e+02,8.04857407e+01,1.88881836e+01,9.22182500e-02,2.15862319e-01
5345803-S04-156I3-A-L-B-190,20.02.2020-02:31:27,8.00000000e+00,6.44351006e-01,8.95977592e+00,1.73189433e-03,2.88303375e+02,8.05177994e+01,1.89208984e+01,8.57700184e-02,1.90933064e-01
5345803-S04-156I3-A-L-B-190,20.02.2020-02:31:29,1.90000000e+01,6.41753554e-01,8.92527485e+00,1.96732418e-03,2.44312637e+02,8.04144974e+01,1.87479782e+01,1.41923144e-01,3.73293042e-01
5345803-S04-156I3-A-L-B-190,20.02.2020-02:31:31,1.90000000e+01,6.42374992e-01,8.92875195e+00,2.06733402e-03,5.48825073e+02,8.02780991e+01,1.87416000e+01,8.69654194e-02,3.30166459e-01
5345803-S04-156I3-A-L-B-190,20.02.2020-02:31:33,1.90000000e+01,6.42943799e-01,8.92985439e+00,2.05513323e-03,2.41502426e+02,8.01873322e+01,1.87392998e+01,1.05049536e-01,3.08194280e-01
5345803-S04-156I3-A-L-B-190,20.02.2020-02:31:35,9.00000000e+00,6.43635213e-01,8.94843674e+00,1.87983271e-03,5.27988586e+02,8.04216995e+01,1.88534317e+01,8.94275233e-02,1.51957244e-01
5345803-S04-156I3-A-L-B-190,20.02.2020-02:31:38,8.00000000e+00,6.45519435e-01,8.97259140e+00,1.72072381e-03,6.73442627e+02,8.04704971e+01,1.89711704e+01,6.16484508e-02,1.07814990e-01
5345803-S04-156I3-A-L-B-190,20.02.2020-02:31:40,2.00000000e+01,6.41732752e-01,8.89482117e+00,1.71963160e-03,2.90205383e+02,8.03340607e+01,1.86647148e+01,1.02672711e-01,3.33992898e-01
5345803-S04-156I3-A-L-B-190,20.02.2020-02:31:42,2.00000000e+01,6.41124725e-01,8.92928886e+00,1.90615491e-03,3.40774193e+01,7.98689041e+01,1.86108990e+01,9.91806507e-01,1.33483911e+00
5345803-S04-156I3-A-L-B-190,20.02.2020-02:31:44,2.00000000e+01,6.41227067e-01,8.92628098e+00,1.81166653e-03,2.39994797e+02,8.01128006e+01,1.86644192e+01,1.71338618e-01,2.97507018e-01
5345803-S04-156I3-A-L-B-190,20.02.2020-02:31:46,1.30000000e+01,6.35366797e-01,8.70596409e+00,1.65514392e-03,8.27064896e+01,7.93667068e+01,1.78694000e+01,3.18097204e-01,3.68678391e-01
5345803-S04-156I3-A-L-B-190,20.02.2020-02:31:48,1.30000000e+01,6.28038049e-01,8.68788719e+00,1.44343567e-03,9.19902725e+01,8.04136734e+01,1.78591270e+01,8.45584512e-01,3.95598650e+00
5345803-S04-156I3-A-L-B-190,20.02.2020-02:31:50,1.40000000e+01,6.39967501e-01,8.84532166e+00,2.18144641e-03,2.75243454e+01,7.99658890e+01,1.84249592e+01,1.35491991e+00,2.26737666e+00
5345803-S04-156I3-A-L-B-190,20.02.2020-02:31:52,2.00000000e+00,6.38939559e-01,8.81278229e+00,2.15045176e-03,1.30714401e+02,8.01556320e+01,1.83711796e+01,3.51110727e-01,8.72668624e-01
5345803-S04-156I3-A-L-B-190,20.02.2020-02:31:54,2.00000000e+00,6.35773182e-01,8.80528450e+00,1.93065696e-03,1.20338402e+02,8.00912552e+01,1.82499180e+01,4.57912117e-01,1.54784214e+00
5345803-S04-156I3-A-L-B-190,20.02.2020-02:31:56,1.00000000e+00,6.39290512e-01,8.85871792e+00,2.30107107e-03,1.46677155e+02,8.01411057e+01,1.84737320e+01,3.74604046e-01,1.07893014e+00
5345803-S04-156I3-A-L-B-190,20.02.2020-02:31:58,2.00000000e+01,6.42801046e-01,8.87861729e+00,1.66038156e-03,1.12680615e+03,8.01062241e+01,1.86088009e+01,5.51220402e-02,2.84459740e-01
5345803-S04-156I3-A-L-B-190,20.02.2020-02:32:00,2.00000000e+00,6.37557685e-01,8.83167553e+00,2.17407080e-03,5.27535950e+02,7.97737122e+01,1.82832146e+01,1.41105533e-01,7.59719491e-01
5345803-S04-156I3-A-L-B-190,20.02.2020-02:32:02,2.00000000e+00,6.37017190e-01,8.82816982e+00,1.88650039e-03,1.34552612e+03,7.99886398e+01,1.83096638e+01,1.58803195e-01,9.16655898e-01
5345803-S04-156I3-A-L-B-190,20.02.2020-02:32:05,2.00000000e+00,6.37038648e-01,8.81890011e+00,1.89596601e-03,4.57853973e+02,7.99414749e+01,1.82802677e+01,1.66140124e-01,9.33609068e-01
5345803-S04-156I3-A-L-B-190,20.02.2020-02:32:07,9.00000000e+00,6.44965410e-01,8.91255474e+00,1.77951029e-03,3.29252832e+03,8.03590164e+01,1.88019733e+01,1.35806128e-02,8.70038047e-02
5345803-S04-156I3-A-L-B-190,20.02.2020-02:32:09,2.00000000e+01,6.43576264e-01,8.89100266e+00,2.32532388e-03,2.72482739e+03,8.01822433e+01,1.86749363e+01,2.42117066e-02,8.51261616e-02
5345803-S04-156I3-A-L-B-190,20.02.2020-02:32:11,2.00000000e+00,6.35926962e-01,8.81818867e+00,1.72993098e-03,4.09098694e+02,8.01688156e+01,1.82987862e+01,1.83016077e-01,1.01874173e+00
5345803-S04-156I3-A-L-B-190,20.02.2020-02:32:13,2.10000000e+01,6.41441584e-01,8.86171532e+00,1.95174408e-03,2.18639938e+02,8.00722122e+01,1.85262260e+01,1.17375784e-01,3.97033572e-01
5345803-S04-156I3-A-L-B-190,20.02.2020-02:32:15,1.90000000e+01,6.42867982e-01,8.91895485e+00,2.21181125e-03,2.65190796e+02,8.02493591e+01,1.87286968e+01,8.57251510e-02,1.47302419e-01
5345803-S04-156I3-A-L-B-190,20.02.2020-02:32:17,2.00000000e+01,6.43223763e-01,8.88518906e+00,2.04032939e-03,5.43476196e+02,8.03728104e+01,1.86968346e+01,5.90267032e-02,1.37376636e-01
5345803-S04-156I3-A-L-B-190,20.02.2020-02:32:19,2.00000000e+01,6.43516958e-01,8.87226963e+00,2.14991579e-03,6.74737000e+02,8.02244720e+01,1.86436863e+01,3.65912206e-02,1.08580552e-01
5345803-S04-156I3-A-L-B-190,20.02.2020-02:32:21,2.00000000e+00,6.36305571e-01,8.82299995e+00,2.04906752e-03,1.00225958e+03,7.97440643e+01,1.82226105e+01,3.52948934e-01,1.89048207e+00
5345803-S04-156I3-A-L-B-190,20.02.2020-02:32:23,1.90000000e+01,6.44706368e-01,8.92177582e+00,2.17307708e-03,5.93539917e+02,8.02643661e+01,1.87917080e+01,3.60178873e-02,1.15544647e-01
5345803-S04-156I3-A-L-B-190,20.02.2020-02:32:25,1.90000000e+01,6.43745363e-01,8.91445827e+00,2.18315516e-03,6.99926147e+02,8.02404251e+01,1.87427139e+01,5.59607446e-02,1.47142366e-01
5345803-S04-156I3-A-L-B-190,20.02.2020-02:32:27,2.00000000e+00,6.39999032e-01,8.82930374e+00,2.22463533e-03,1.26012878e+03,7.98068695e+01,1.83559246e+01,8.20308253e-02,4.48901176e-01
5345803-S04-156I3-A-L-B-190,20.02.2020-02:32:29,2.00000000e+00,6.36997521e-01,8.83114147e+00,2.12531863e-03,4.04934937e+02,7.99119186e+01,1.82976933e+01,1.42284736e-01,8.15712988e-01
5345803-S04-156I3-A-L-B-190,20.02.2020-02:32:32,1.00000000e+00,6.42241776e-01,8.82756710e+00,2.17761262e-03,7.28754517e+02,7.98283539e+01,1.84215832e+01,6.80055767e-02,3.98302794e-01
5345803-S04-156I3-A-L-B-190,20.02.2020-02:32:34,1.00000000e+00,6.39218509e-01,8.86473274e+00,1.79728027e-03,3.62848358e+02,7.99904099e+01,1.84494381e+01,1.11250646e-01,5.35265028e-01
5345803-S04-156I3-A-L-B-190,20.02.2020-02:32:36,2.00000000e+00,6.40103161e-01,8.83760166e+00,1.89218484e-03,6.31117676e+02,7.97948914e+01,1.83734074e+01,1.04566060e-01,3.09423208e-01
5345803-S04-156I3-A-L-B-190,20.02.2020-02:32:38,2.00000000e+00,6.41750038e-01,8.82674980e+00,2.56125047e-03,8.16754028e+02,7.96369781e+01,1.83616486e+01,6.83961511e-02,4.55851585e-01
5345803-S04-156I3-A-L-B-190,20.02.2020-02:32:40,1.90000000e+01,6.43807709e-01,8.91214275e+00,2.27050739e-03,7.54111511e+02,8.01775131e+01,1.87249660e+01,4.74778414e-02,9.72581729e-02
5345803-S04-156I3-A-L-B-190,20.02.2020-02:32:42,1.00000000e+00,6.40427649e-01,8.85699368e+00,2.03081826e-03,3.47492004e+02,7.97172394e+01,1.84051285e+01,8.13127980e-02,1.71105176e-01
5345803-S04-156I3-A-L-B-190,20.02.2020-02:32:44,2.00000000e+00,6.39265358e-01,8.85787964e+00,2.30658753e-03,1.25741379e+02,7.97816925e+01,1.83884201e+01,1.49519429e-01,2.21219763e-01
5345803-S04-156I3-A-L-B-190,20.02.2020-02:32:46,2.00000000e+01,6.44697428e-01,8.91832924e+00,2.24211463e-03,2.01813087e+01,7.98930130e+01,1.86972790e+01,1.07674193e+00,1.29690135e+00
5345803-S04-156I3-A-L-B-190,20.02.2020-02:32:48,2.00000000e+00,6.36165202e-01,8.82661343e+00,2.36542802e-03,8.26932251e+02,7.97341690e+01,1.82237892e+01,1.20601892e-01,7.64894128e-01
5345803-S04-156I3-A-L-B-190,20.02.2020-02:32:50,9.00000000e+00,6.45052314e-01,8.92854118e+00,1.97021058e-03,1.52439911e+02,8.03870392e+01,1.88448067e+01,1.14438593e-01,1.82733849e-01
5345803-S04-156I3-A-L-B-190,20.02.2020-02:32:52,2.00000000e+01,6.43963456e-01,8.89899635e+00,2.25648750e-03,5.65776245e+02,8.00577087e+01,1.86739254e+01,5.04515655e-02,1.22544773e-01
5345803-S04-156I3-A-L-B-190,20.02.2020-02:32:54,9.00000000e+00,6.44726515e-01,8.91455078e+00,1.73952465e-03,6.91566345e+02,8.04579697e+01,1.88223667e+01,6.08620979e-02,1.66000336e-01
5345803-S04-156I3-A-L-B-190,20.02.2020-02:32:57,2.10000000e+01,6.40465319e-01,8.88112545e+00,1.74213934e-03,9.89576645e+01,8.00964584e+01,1.85441570e+01,2.30324432e-01,3.67545009e-01
5345803-S04-156I3-A-L-B-190,20.02.2020-02:32:59,2.10000000e+01,6.40330255e-01,8.88561535e+00,2.22463021e-03,1.31641647e+02,7.99692688e+01,1.85201645e+01,1.98861957e-01,2.35884607e-01
5345803-S04-156I3-A-L-B-190,20.02.2020-02:33:01,1.00000000e+00,6.36811674e-01,8.89551544e+00,1.45944767e-03,1.93073486e+02,7.99976807e+01,1.84454689e+01,1.86689988e-01,3.05414140e-01
5345803-S04-156I3-A-L-B-190,20.02.2020-02:33:03,3.00000000e+00,6.39663339e-01,8.70734787e+00,1.63249706e-03,6.06018372e+02,7.98902969e+01,1.81117992e+01,1.13955744e-01,8.25224876e-01
5345803-S04-156I3-A-L-B-190,20.02.2020-02:33:05,8.00000000e+00,6.45355284e-01,8.95290279e+00,1.89474050e-03,2.35025833e+02,8.04469604e+01,1.89191914e+01,9.36163589e-02,1.28883034e-01
5345803-S04-156I3-A-L-B-190,20.02.2020-02:33:07,3.00000000e+00,6.36081576e-01,8.84034061e+00,1.93988555e-03,3.22635773e+02,7.94662781e+01,1.81884174e+01,6.58420771e-02,1.19983487e-01
5345803-S04-156I3-A-L-B-190,20.02.2020-02:33:09,3.00000000e+00,6.38406873e-01,8.71886253e+00,1.90324092e-03,1.81540909e+02,7.99046173e+01,1.81033707e+01,2.14914829e-01,1.32187903e+00
5345803-S04-156I3-A-L-B-190,20.02.2020-02:33:11,2.10000000e+01,6.40985250e-01,8.89756775e+00,1.31975359e-03,1.80852661e+02,7.99634171e+01,1.85626888e+01,1.74397677e-01,2.76547432e-01
5345803-S04-156I3-A-L-B-190,20.02.2020-02:33:13,1.30000000e+01,6.35526001e-01,8.77330589e+00,1.65983976e-03,2.91662994e+02,7.91075974e+01,1.79533272e+01,9.68732163e-02,1.44508481e-01
5345803-S04-156I3-A-L-B-190,20.02.2020-02:33:15,9.00000000e+00,6.44546926e-01,8.95151329e+00,1.76110049e-03,5.14417908e+02,8.02040329e+01,1.88355122e+01,5.90811335e-02,1.10297330e-01
5345803-S04-156I3-A-L-B-190,20.02.2020-02:33:17,9.00000000e+00,6.44819558e-01,8.95001984e+00,1.82488491e-03,1.58508560e+02,8.01808929e+01,1.88348999e+01,1.19891144e-01,1.62046298e-01
5345803-S04-156I3-A-L-B-190,20.02.2020-02:33:19,1.00000000e+00,6.41203403e-01,8.87957478e+00,2.03127740e-03,5.11960876e+02,7.97904205e+01,1.84913635e+01,3.81606445e-02,5.35803139e-02
5345803-S04-156I3-A-L-B-190,20.02.2020-02:33:21,1.90000000e+01,6.42302513e-01,8.93768120e+00,2.18433398e-03,4.74355438e+02,8.02113876e+01,1.87426395e+01,7.33688176e-02,2.23931655e-01
5345803-S04-156I3-A-L-B-190,20.02.2020-02:33:24,1.90000000e+01,6.43271685e-01,8.93831253e+00,1.93248491e-03,4.94965118e+02,8.02839584e+01,1.87892303e+01,5.14021367e-02,9.68769342e-02
5345803-S04-156I3-A-L-B-190,20.02.2020-02:33:26,3.00000000e+00,6.38526976e-01,8.69735146e+00,1.90093508e-03,1.61682983e+02,7.98599167e+01,1.80520000e+01,2.02453837e-01,1.20931637e+00
5345803-S04-156I3-A-L-B-190,20.02.2020-02:33:28,2.10000000e+01,6.40868962e-01,8.89211273e+00,1.66861457e-03,1.58126038e+02,8.00530014e+01,1.85687218e+01,1.17274076e-01,2.46671796e-01
5345803-S04-156I3-A-L-B-190,20.02.2020-02:33:30,3.00000000e+00,6.33141637e-01,8.79452324e+00,1.87340565e-03,3.34359161e+02,7.97644043e+01,1.80780888e+01,1.16028994e-01,2.59621054e-01
5345803-S04-156I3-A-L-B-190,20.02.2020-02:33:32,2.10000000e+01,6.40087008e-01,8.89352894e+00,2.17810762e-03,1.68426254e+02,8.02259903e+01,1.85891018e+01,1.83292359e-01,4.23774391e-01
5345803-S04-156I3-A-L-B-190,20.02.2020-02:33:34,2.00000000e+00,6.37310743e-01,8.83919907e+00,2.23732856e-03,2.56950043e+02,7.98039780e+01,1.82986431e+01,2.30625689e-01,9.87387121e-01
5345803-S04-156I3-A-L-B-190,20.02.2020-02:33:36,9.00000000e+00,6.45222843e-01,8.93662262e+00,2.06523482e-03,7.35499939e+02,8.03756943e+01,1.88641853e+01,4.69341762e-02,1.36400983e-01
5345803-S04-156I3-A-L-B-190,20.02.2020-02:33:38,2.00000000e+00,6.36940062e-01,8.85045242e+00,2.06522807e-03,1.37429901e+02,8.00164566e+01,1.83600349e+01,2.67695606e-01,9.66035783e-01
5345803-S04-156I3-A-L-B-190,20.02.2020-02:33:40,2.00000000e+01,6.43299103e-01,8.87799168e+00,1.96241983e-03,3.35898193e+02,8.02791748e+01,1.86621113e+01,8.72169435e-02,6.14424944e-01
5345803-S04-156I3-A-L-B-190,20.02.2020-02:33:42,2.00000000e+00,6.39044106e-01,8.85730934e+00,2.01565470e-03,5.22988647e+02,7.98536758e+01,1.83974571e+01,1.21742435e-01,5.12392998e-01
5345803-S04-156I3-A-L-B-190,20.02.2020-02:33:44,1.00000000e+00,6.39053702e-01,8.85760117e+00,2.12660222e-03,3.60812469e+02,7.99042358e+01,1.84099865e+01,1.40982226e-01,5.36810040e-01
5345803-S04-156I3-A-L-B-190,20.02.2020-02:33:46,1.90000000e+01,6.43562734e-01,8.89369774e+00,1.68031966e-03,3.61074677e+02,8.03008423e+01,1.87078342e+01,1.04029529e-01,1.78720117e-01
5345803-S04-156I3-A-L-B-190,20.02.2020-02:33:48,2.00000000e+00,6.37073576e-01,8.84224319e+00,1.80871622e-03,1.12501343e+02,7.98179321e+01,1.83013325e+01,2.61559606e-01,9.54820812e-01
5345803-S04-156I3-A-L-B-190,20.02.2020-02:33:51,1.90000000e+01,6.41846776e-01,8.92006016e+00,1.85559876e-03,2.59929718e+02,8.03087082e+01,1.87150936e+01,1.66366175e-01,3.41778666e-01
5345803-S04-156I3-A-L-B-190,20.02.2020-02:33:53,2.00000000e+00,6.35493517e-01,8.83119869e+00,1.84942002e-03,8.58991318e+01,8.00367737e+01,1.82831306e+01,4.54328716e-01,1.27420449e+00
5345803-S04-156I3-A-L-B-190,20.02.2020-02:33:55,9.00000000e+00,6.44408941e-01,8.93394756e+00,1.59116939e-03,2.81818665e+02,8.04549561e+01,1.88533268e+01,7.67328739e-02,1.24951884e-01
5345803-S04-156I3-A-L-B-190,20.02.2020-02:33:57,1.90000000e+01,6.41424000e-01,8.92441082e+00,1.75653549e-03,2.20134277e+02,8.02770996e+01,1.87045231e+01,1.25946194e-01,2.41137832e-01
5345803-S04-156I3-A-L-B-190,20.02.2020-02:33:59,2.00000000e+00,6.36806786e-01,8.85233879e+00,1.74784695e-03,3.81257904e+02,8.01643524e+01,1.83940430e+01,1.54128894e-01,8.74166965e-01
5345803-S04-156I3-A-L-B-190,20.02.2020-02:34:01,2.00000000e+00,6.35479450e-01,8.83558559e+00,2.23945430e-03,5.52131775e+02,7.99311447e+01,1.82676678e+01,1.22029006e-01,8.38636279e-01
5345803-S04-156I3-A-L-B-190,20.02.2020-02:34:03,1.90000000e+01,6.44438863e-01,8.90236759e+00,2.19203136e-03,6.13255882e+01,8.01235657e+01,1.87101669e+01,3.43465865e-01,4.33756828e-01
5345803-S04-156I3-A-L-B-190,20.02.2020-02:34:05,1.90000000e+01,6.42194152e-01,8.91264343e+00,1.82184600e-03,4.59490967e+03,8.02910919e+01,1.87055473e+01,2.97350679e-02,1.29396155e-01
5345803-S04-156I3-A-L-B-190,20.02.2020-02:34:15,9.00000000e+00,6.45151138e-01,8.92539978e+00,2.13737017e-03,7.64964539e+02,8.02390594e+01,1.88063774e+01,5.27513884e-02,1.41842395e-01
5345803-S04-156I3-A-L-B-190,20.02.2020-02:34:19,9.00000000e+00,6.45859838e-01,8.93991375e+00,2.21583853e-03,1.00005060e+03,8.01876450e+01,1.88455696e+01,3.53451483e-02,8.51503238e-02
5345803-S04-156I3-A-L-B-190,20.02.2020-02:34:21,2.00000000e+01,6.41002357e-01,8.93044662e+00,2.12378707e-03,5.35232544e+02,8.00445633e+01,1.86506863e+01,9.14603397e-02,2.80820101e-01
5345803-S04-156I3-A-L-B-190,20.02.2020-02:34:23,2.00000000e+01,6.41925216e-01,8.93463039e+00,1.87250576e-03,4.85172028e+02,8.00038910e+01,1.86767960e+01,9.34267417e-02,2.54608244e-01
5345803-S04-156I3-A-L-B-190,20.02.2020-02:34:25,2.00000000e+01,6.43003583e-01,8.90282345e+00,1.83453702e-03,1.12546356e+02,8.01786346e+01,1.86822853e+01,2.76690692e-01,5.45848668e-01
5345803-S04-156I3-A-L-B-190,20.02.2020-02:34:27,1.90000000e+01,6.42069221e-01,8.94441795e+00,1.77717628e-03,1.28362579e+02,8.01022797e+01,1.87244453e+01,2.34816164e-01,2.80261993e-01
5345803-S04-156I3-A-L-B-190,20.02.2020-02:34:29,2.00000000e+01,6.43119395e-01,8.90895939e+00,2.33022287e-03,2.07910782e+02,7.97833786e+01,1.86063519e+01,1.86748013e-01,3.60843062e-01
5345803-S04-156I3-A-L-B-190,20.02.2020-02:34:31,2.00000000e+00,6.37291789e-01,8.80270958e+00,1.48393202e-03,1.32335648e+02,8.05341873e+01,1.83892975e+01,2.62603343e-01,8.10537934e-01
5345803-S04-156I3-A-L-B-190,20.02.2020-02:34:34,2.00000000e+01,6.42523706e-01,8.93027878e+00,2.15311325e-03,1.50131989e+02,8.00275497e+01,1.86906281e+01,2.47613549e-01,4.50366110e-01
5345803-S04-156I3-A-L-B-190,20.02.2020-02:34:36,8.00000000e+00,6.46126688e-01,8.97032356e+00,1.88219012e-03,1.15398033e+02,8.03165359e+01,1.89478931e+01,2.46081203e-01,3.17021698e-01
5345803-S04-156I3-A-L-B-190,20.02.2020-02:34:38,2.00000000e+01,6.41670704e-01,8.93078232e+00,1.84984819e-03,1.15796867e+02,8.00065155e+01,1.86619606e+01,2.08547786e-01,2.55057782e-01
5345803-S04-156I3-A-L-B-190,20.02.2020-02:34:40,1.90000000e+01,6.42742991e-01,8.94955921e+00,1.96188386e-03,1.20123550e+02,8.02903595e+01,1.87989063e+01,2.27295786e-01,2.94168949e-01
5345803-S04-156I3-A-L-B-190,20.02.2020-02:34:42,1.90000000e+01,6.42718077e-01,8.94328403e+00,1.95102068e-03,1.69451187e+02,8.02348404e+01,1.87720089e+01,1.90946937e-01,2.46163785e-01
5345803-S04-156I3-A-L-B-190,20.02.2020-02:34:44,9.00000000e+00,6.43821061e-01,8.97002316e+00,1.97489513e-03,9.06330872e+01,8.02038040e+01,1.88531513e+01,2.48831689e-01,3.08734298e-01
5345803-S04-156I3-A-L-B-190,20.02.2020-02:34:46,1.90000000e+01,6.43339694e-01,8.94309235e+00,1.85545825e-03,1.77381805e+02,8.00968018e+01,1.87574348e+01,1.44191504e-01,2.02546671e-01
5345803-S04-156I3-A-L-B-190,20.02.2020-02:34:48,1.00000000e+00,6.40282035e-01,8.85499191e+00,1.60629326e-03,1.10454002e+02,8.00543823e+01,1.84745922e+01,2.01173693e-01,2.56687015e-01
5345803-S04-156I3-A-L-B-190,20.02.2020-02:34:50,1.00000000e+00,6.40754163e-01,8.83796215e+00,2.03447626e-03,1.29335556e+02,8.01544189e+01,1.84757156e+01,2.15715215e-01,4.84595954e-01
5345803-S04-156I3-A-L-B-190,20.02.2020-02:34:52,3.00000000e+00,6.37536168e-01,8.75255108e+00,1.77371944e-03,4.89173622e+01,8.00450745e+01,1.81804352e+01,5.57422936e-01,1.11302829e+00
5345803-S04-156I3-A-L-B-190,20.02.2020-02:34:54,3.00000000e+00,6.33346975e-01,8.68529987e+00,1.39143702e-03,1.87352646e+02,8.08776398e+01,1.81086121e+01,1.62135422e-01,3.74178886e-01
5345803-S04-156I3-A-L-B-190,20.02.2020-02:34:56,2.00000000e+01,6.41771138e-01,8.89551735e+00,1.80740980e-03,6.77548065e+01,8.01853180e+01,1.86327286e+01,3.10473442e-01,3.78045738e-01
5345803-S04-156I3-A-L-B-190,20.02.2020-02:34:59,2.00000000e+01,6.42746270e-01,8.90269661e+00,1.97130698e-03,7.83183975e+01,7.99522476e+01,1.86218147e+01,2.31835023e-01,3.04554760e-01
5345803-S04-156I3-A-L-B-190,20.02.2020-02:35:01,2.40000000e+01,6.43113196e-01,8.90149307e+00,1.84200064e-03,7.46316051e+00,7.95829468e+01,1.85438747e+01,3.50278378e+00,4.16620588e+00
5345803-S04-156I3-A-L-B-190,20.02.2020-02:35:03,2.00000000e+01,6.41954839e-01,8.93654823e+00,1.94161455e-03,1.38642654e+02,8.00538559e+01,1.86933327e+01,1.42951176e-01,1.75200731e-01
5345803-S04-156I3-A-L-B-190,20.02.2020-02:35:05,1.90000000e+01,6.42851710e-01,8.92554092e+00,1.93596957e-03,5.31180054e+02,8.01309280e+01,1.87143917e+01,7.82415196e-02,1.35393441e-01
5345803-S04-156I3-A-L-B-190,20.02.2020-02:35:07,2.00000000e+00,6.40365183e-01,8.78633881e+00,1.86721946e-03,1.41283295e+02,7.99547195e+01,1.83109112e+01,2.50483066e-01,1.01775789e+00
5345803-S04-156I3-A-L-B-190,20.02.2020-02:35:09,2.00000000e+00,6.39154196e-01,8.79447556e+00,1.46449741e-03,2.02974106e+02,8.01343079e+01,1.83342972e+01,1.57910496e-01,7.14134812e-01
5345803-S04-156I3-A-L-B-190,20.02.2020-02:35:11,1.90000000e+01,6.41958237e-01,8.90562344e+00,1.74074946e-03,8.55079880e+01,8.03851776e+01,1.87058430e+01,2.07576126e-01,3.09289545e-01
5345803-S04-156I3-A-L-B-190,20.02.2020-02:35:13,2.00000000e+00,6.39064372e-01,8.80883503e+00,1.84627005e-03,5.12590446e+01,7.99710846e+01,1.83242512e+01,3.42261672e-01,8.85861933e-01
5345803-S04-156I3-A-L-B-190,20.02.2020-02:35:15,2.10000000e+01,6.40369296e-01,8.85458088e+00,1.96390576e-03,1.54715652e+02,8.02545471e+01,1.85224457e+01,1.65881246e-01,3.57981712e-01
5345803-S04-156I3-A-L-B-190,20.02.2020-02:35:17,1.90000000e+01,6.43202007e-01,8.92801285e+00,1.67642685e-03,1.71264114e+02,8.02842331e+01,1.87656078e+01,1.47501364e-01,2.15544418e-01
5345803-S04-156I3-A-L-B-190,20.02.2020-02:35:19,1.90000000e+01,6.42651200e-01,8.92328930e+00,1.90616399e-03,1.44565002e+02,8.01813812e+01,1.87156124e+01,2.17452064e-01,2.81365126e-01
5345803-S04-156I3-A-L-B-190,20.02.2020-02:35:22,9.00000000e+00,6.43000722e-01,8.94593430e+00,1.90302718e-03,7.60486374e+01,8.03501358e+01,1.88128242e+01,2.48569906e-01,3.29602540e-01
5345803-S04-156I3-A-L-B-190,20.02.2020-02:35:24,1.90000000e+01,6.42441332e-01,8.95274448e+00,1.98214711e-03,1.42156570e+02,8.02659454e+01,1.87910557e+01,2.09415242e-01,2.75059611e-01
5345803-S04-156I3-A-L-B-190,20.02.2020-02:35:26,8.00000000e+00,6.45951211e-01,8.99227238e+00,2.01080297e-03,5.21736641e+01,8.03652191e+01,1.90006084e+01,4.05847460e-01,4.88668054e-01
5345803-S04-156I3-A-L-B-190,20.02.2020-02:35:28,8.00000000e+00,6.45600617e-01,8.98297882e+00,2.20016297e-03,5.34977608e+01,8.01918716e+01,1.89297485e+01,4.99049515e-01,5.94791353e-01
5345803-S04-156I3-A-L-B-190,20.02.2020-02:35:30,9.00000000e+00,6.44284308e-01,8.96823215e+00,1.86507101e-03,2.04392715e+02,8.01194534e+01,1.88431110e+01,1.07567824e-01,1.45693943e-01
5345803-S04-156I3-A-L-B-190,20.02.2020-02:35:32,1.90000000e+01,6.43435657e-01,8.93490887e+00,1.95762119e-03,2.21204391e+02,8.01294403e+01,1.87507038e+01,1.29141495e-01,2.77217120e-01
5345803-S04-156I3-A-L-B-190,20.02.2020-02:35:34,2.00000000e+01,6.42885983e-01,8.90669250e+00,1.77137530e-03,1.21631279e+02,7.99208755e+01,1.86269112e+01,2.03259975e-01,3.69220972e-01
5345803-S04-156I3-A-L-B-190,20.02.2020-02:35:36,2.00000000e+01,6.42342329e-01,8.91133118e+00,2.19738949e-03,1.38467804e+02,7.99855652e+01,1.86359253e+01,2.37599522e-01,5.24297953e-01
5345803-S04-156I3-A-L-B-190,20.02.2020-02:35:38,2.10000000e+01,6.42419517e-01,8.87176132e+00,1.79328292e-03,1.34365356e+02,8.00199432e+01,1.85633774e+01,2.71141976e-01,4.10868108e-01
5345803-S04-156I3-A-L-B-190,20.02.2020-02:35:40,2.10000000e+01,6.41264617e-01,8.88757801e+00,1.99650647e-03,6.82091370e+01,8.01514282e+01,1.85935440e+01,2.51839221e-01,5.13464987e-01
5345803-S04-156I3-A-L-B-190,20.02.2020-02:35:42,2.10000000e+01,6.40505552e-01,8.88276958e+00,1.97026553e-03,1.12378220e+02,7.99572601e+01,1.85165234e+01,1.69333711e-01,2.07902864e-01
5345803-S04-156I3-A-L-B-190,20.02.2020-02:35:45,2.10000000e+01,6.41967058e-01,8.87425900e+00,1.91910134e-03,1.50900635e+02,8.00467377e+01,1.85617409e+01,1.94008335e-01,3.35013360e-01
5345803-S04-156I3-A-L-B-190,20.02.2020-02:35:47,9.00000000e+00,6.44282699e-01,8.92833138e+00,1.76935655e-03,8.69955673e+01,8.03405457e+01,1.88109932e+01,3.10970813e-01,4.00369138e-01
5345803-S04-156I3-A-L-B-190,20.02.2020-02:35:49,2.00000000e+01,6.42312825e-01,8.89213371e+00,1.80064631e-03,1.72183395e+02,8.02287979e+01,1.86514702e+01,2.19591215e-01,4.81546909e-01
5345803-S04-156I3-A-L-B-190,20.02.2020-02:35:51,2.10000000e+01,6.39723480e-01,8.88060188e+00,2.03010486e-03,1.19239876e+02,8.00614624e+01,1.85134945e+01,1.86091274e-01,2.24213541e-01
5345803-S04-156I3-A-L-B-190,20.02.2020-02:35:53,1.00000000e+00,6.41825616e-01,8.84161663e+00,1.62863720e-03,1.39440399e+02,8.00268250e+01,1.84847889e+01,1.75865307e-01,3.14501047e-01
5345803-S04-156I3-A-L-B-190,20.02.2020-02:35:55,1.00000000e+00,6.40997112e-01,8.83628559e+00,1.92557322e-03,6.68134918e+01,7.98223038e+01,1.84026470e+01,3.65246236e-01,5.38678765e-01
5345803-S04-156I3-A-L-B-190,20.02.2020-02:35:57,1.00000000e+00,6.39068604e-01,8.86469841e+00,2.28775037e-03,8.25207520e+01,7.98422165e+01,1.84108658e+01,2.33037695e-01,2.82010525e-01
5345803-S04-156I3-A-L-B-190,20.02.2020-02:35:59,2.00000000e+01,6.42908752e-01,8.89811707e+00,2.08730111e-03,1.12083549e+02,8.02682343e+01,1.86905174e+01,1.84296429e-01,2.62114584e-01
5345803-S04-156I3-A-L-B-190,20.02.2020-02:36:01,2.00000000e+01,6.42024755e-01,8.89407253e+00,1.90511229e-03,1.10653603e+02,8.03316193e+01,1.86710663e+01,3.12029004e-01,4.26388502e-01
5345803-S04-156I3-A-L-B-190,20.02.2020-02:36:03,1.00000000e+00,6.39798820e-01,8.84393692e+00,1.82950532e-03,9.44208374e+01,8.00252686e+01,1.84308949e+01,2.68581599e-01,4.92943645e-01
5345803-S04-156I3-A-L-B-190,20.02.2020-02:36:06,2.00000000e+01,6.42090440e-01,8.89340687e+00,1.96958659e-03,1.60996643e+02,8.02121582e+01,1.86438141e+01,2.57595390e-01,4.75205183e-01
5345803-S04-156I3-A-L-B-190,20.02.2020-02:36:08,1.00000000e+00,6.40078604e-01,8.84528160e+00,1.80720317e-03,1.49421951e+02,8.02002029e+01,1.84820709e+01,1.87029257e-01,4.05040652e-01
5345803-S04-156I3-A-L-B-190,20.02.2020-02:36:10,2.10000000e+01,6.42173946e-01,8.86047649e+00,1.83604262e-03,1.52809692e+02,7.99891586e+01,1.85255489e+01,2.21062914e-01,3.83388579e-01
5345803-S04-156I3-A-L-B-190,20.02.2020-02:36:12,1.90000000e+01,6.44934595e-01,8.94009781e+00,2.08508456e-03,1.46519135e+02,8.00260162e+01,1.87810268e+01,1.44287065e-01,3.14955831e-01
5345803-S04-156I3-A-L-B-190,20.02.2020-02:36:14,2.00000000e+01,6.43242836e-01,8.91343594e+00,1.91584928e-03,2.33999588e+02,7.99409332e+01,1.86560440e+01,1.73057422e-01,3.60654831e-01
5345803-S04-156I3-A-L-B-190,20.02.2020-02:36:16,2.00000000e+01,6.43448889e-01,8.92076778e+00,2.09170789e-03,1.04401016e+02,7.98993683e+01,1.86676579e+01,2.19604939e-01,3.41075033e-01
5345803-S04-156I3-A-L-B-190,20.02.2020-02:36:18,8.00000000e+00,6.46011055e-01,8.97183895e+00,1.91229885e-03,2.19438995e+02,8.02766190e+01,1.89382858e+01,1.35241628e-01,1.74225241e-01
5345803-S04-156I3-A-L-B-190,20.02.2020-02:36:20,8.00000000e+00,6.45920753e-01,8.98289680e+00,2.05395208e-03,2.46826355e+02,8.03128738e+01,1.89675407e+01,1.23780631e-01,1.65016145e-01
5345803-S04-156I3-A-L-B-190,20.02.2020-02:36:22,2.00000000e+01,6.43445849e-01,8.91331673e+00,1.92480511e-03,1.06797592e+02,7.99746933e+01,1.86695614e+01,2.17609510e-01,3.83605182e-01
5345803-S04-156I3-A-L-B-190,20.02.2020-02:36:24,9.00000000e+00,6.44335330e-01,8.95682240e+00,1.62801170e-03,2.58915558e+02,8.03215103e+01,1.88680935e+01,9.44314003e-02,1.59313619e-01
5345803-S04-156I3-A-L-B-190,20.02.2020-02:36:26,1.90000000e+01,6.43188477e-01,8.94640350e+00,1.75406982e-03,4.40885437e+02,8.02350922e+01,1.87923584e+01,6.83180988e-02,1.16842903e-01
5345803-S04-156I3-A-L-B-190,20.02.2020-02:36:28,1.90000000e+01,6.42863691e-01,8.92823315e+00,2.02471181e-03,1.38029556e+02,8.01575546e+01,1.87266064e+01,2.06588358e-01,2.86358118e-01
5345803-S04-156I3-A-L-B-190,20.02.2020-02:36:30,2.00000000e+01,6.40942812e-01,8.88918400e+00,1.77322689e-03,2.97523743e+02,8.02701645e+01,1.86151066e+01,9.80422944e-02,2.64709413e-01
5345803-S04-156I3-A-L-B-190,20.02.2020-02:36:33,2.10000000e+01,6.40678585e-01,8.85460663e+00,1.66358054e-03,1.81074417e+02,8.04530716e+01,1.85772877e+01,1.36484355e-01,3.26093525e-01
5345803-S04-156I3-A-L-B-190,20.02.2020-02:36:35,2.00000000e+00,6.39119327e-01,8.80036163e+00,1.61480356e-03,1.80596024e+02,8.01386261e+01,1.83465576e+01,2.63744146e-01,8.50251853e-01
5345803-S04-156I3-A-L-B-190,20.02.2020-02:36:37,2.00000000e+00,6.39153421e-01,8.80448437e+00,1.82700111e-03,1.61708084e+02,8.00699463e+01,1.83404007e+01,1.85509652e-01,7.22665310e-01
5345803-S04-156I3-A-L-B-190,20.02.2020-02:36:39,1.90000000e+01,6.42591178e-01,8.91775417e+00,1.75041612e-03,2.58871948e+02,8.02702789e+01,1.87229919e+01,8.38142335e-02,1.68699741e-01
5345803-S04-156I3-A-L-B-190,20.02.2020-02:36:41,2.00000000e+00,6.40559494e-01,8.79820728e+00,1.72146421e-03,1.44232285e+02,8.00180588e+01,1.83557377e+01,2.08937377e-01,9.53012645e-01
5345803-S04-156I3-A-L-B-190,20.02.2020-02:36:43,1.90000000e+01,6.43036306e-01,8.94373608e+00,1.77524262e-03,1.97866806e+02,8.01751938e+01,1.87682877e+01,1.32065669e-01,1.86029002e-01
5345803-S04-156I3-A-L-B-190,20.02.2020-02:36:45,8.00000000e+00,6.45190775e-01,8.97870445e+00,2.11690739e-03,3.73400230e+01,8.02650223e+01,1.89259777e+01,6.34360969e-01,7.57086277e-01
5345803-S04-156I3-A-L-B-190,20.02.2020-02:36:47,1.90000000e+01,6.43540621e-01,8.93515015e+00,1.99136417e-03,1.40986542e+02,7.99762192e+01,1.87184048e+01,2.24906296e-01,3.35623831e-01
5345803-S04-156I3-A-L-B-190,20.02.2020-02:36:49,2.00000000e+01,6.41725421e-01,8.91847610e+00,1.88850670e-03,1.31197418e+02,7.99251404e+01,1.86188774e+01,2.12941632e-01,4.11605924e-01
5345803-S04-156I3-A-L-B-190,20.02.2020-02:36:51,2.10000000e+01,6.42114282e-01,8.85717106e+00,2.06699176e-03,1.07101891e+02,8.00253448e+01,1.85252953e+01,2.41278604e-01,8.81769061e-01
5345803-S04-156I3-A-L-B-190,20.02.2020-02:36:53,2.10000000e+01,6.42758787e-01,8.85539722e+00,2.06251722e-03,1.05729271e+02,7.99128799e+01,1.85141182e+01,2.33728543e-01,6.44292355e-01
5345803-S04-156I3-A-L-B-190,20.02.2020-02:36:55,2.10000000e+01,6.42122984e-01,8.87466621e+00,2.01737648e-03,1.22393929e+02,8.00074844e+01,1.85579967e+01,2.79069424e-01,3.38272125e-01
5345803-S04-156I3-A-L-B-190,20.02.2020-02:36:58,2.40000000e+01,6.41740680e-01,8.86199379e+00,2.04981468e-03,1.44940119e+01,7.97132187e+01,1.84523449e+01,6.72629642e+00,6.11722755e+00
5345803-S04-156I3-A-L-B-190,20.02.2020-02:37:00,2.00000000e+01,6.42811418e-01,8.86673164e+00,1.79321214e-03,2.51375656e+02,8.02480927e+01,1.86171017e+01,1.35790035e-01,6.58279181e-01
5345803-S04-156I3-A-L-B-190,20.02.2020-02:37:02,1.00000000e+00,6.39705360e-01,8.88552094e+00,2.21433723e-03,1.99555359e+02,7.96960602e+01,1.84386845e+01,1.65811017e-01,3.81648362e-01
5345803-S04-156I3-A-L-B-190,20.02.2020-02:37:04,8.00000000e+00,6.45351648e-01,8.96225357e+00,1.56343123e-03,2.36179794e+02,8.03579330e+01,1.89178867e+01,1.26056641e-01,1.74070880e-01
5345803-S04-156I3-A-L-B-190,20.02.2020-02:37:06,2.00000000e+01,6.42163336e-01,8.88584137e+00,2.06796709e-03,1.98428680e+02,8.01012878e+01,1.86043186e+01,1.51181132e-01,3.47401828e-01
5345803-S04-156I3-A-L-B-190,20.02.2020-02:37:08,1.00000000e+00,6.40780210e-01,8.87460423e+00,2.07959022e-03,2.08657425e+02,7.98875961e+01,1.84913082e+01,1.98701993e-01,5.34074724e-01
5345803-S04-156I3-A-L-B-190,20.02.2020-02:37:10,1.90000000e+01,6.44898951e-01,8.92933178e+00,2.16801767e-03,2.46066635e+02,8.01392365e+01,1.87839127e+01,1.45786583e-01,2.43465930e-01
5345803-S04-156I3-A-L-B-190,20.02.2020-02:37:12,1.90000000e+01,6.45094395e-01,8.90858078e+00,2.01335363e-03,1.84164566e+02,8.01035004e+01,1.87375793e+01,1.47220999e-01,2.15796873e-01
5345803-S04-156I3-A-L-B-190,20.02.2020-02:37:14,1.00000000e+00,6.40641630e-01,8.85880852e+00,1.85861927e-03,2.16763550e+02,7.99764404e+01,1.84749279e+01,1.61705717e-01,4.65064526e-01
5345803-S04-156I3-A-L-B-190,20.02.2020-02:37:16,1.00000000e+00,6.41910195e-01,8.84992599e+00,1.87795493e-03,3.45342590e+02,7.98904800e+01,1.84730740e+01,9.92057174e-02,1.60450459e-01
5345803-S04-156I3-A-L-B-190,20.02.2020-02:37:18,2.10000000e+01,6.42935932e-01,8.88427639e+00,2.22145324e-03,2.09428162e+02,7.98509674e+01,1.85652199e+01,1.29749358e-01,2.45615199e-01
5345803-S04-156I3-A-L-B-190,20.02.2020-02:37:21,1.00000000e+00,6.42205119e-01,8.85694122e+00,1.95955019e-03,6.09080444e+02,7.97558212e+01,1.84650345e+01,6.10308088e-02,1.17381193e-01
5345803-S04-156I3-A-L-B-190,20.02.2020-02:37:24,2.10000000e+01,6.42489016e-01,8.89445591e+00,2.32470315e-03,1.80255707e+02,7.98576279e+01,1.85751228e+01,1.64351016e-01,3.39547515e-01
5345803-S04-156I3-A-L-B-190,20.02.2020-02:37:26,1.90000000e+01,6.44044697e-01,8.94700336e+00,2.10375595e-03,2.50222305e+02,7.99561920e+01,1.87532234e+01,1.03779599e-01,1.81336328e-01
5345803-S04-156I3-A-L-B-190,20.02.2020-02:37:28,3.00000000e+00,6.39047325e-01,8.69127369e+00,1.69034011e-03,3.42309052e+02,7.98629837e+01,1.80547791e+01,1.36245400e-01,1.00977552e+00
5345803-S04-156I3-A-L-B-190,20.02.2020-02:37:30,2.00000000e+01,6.43259585e-01,8.91652203e+00,1.77133176e-03,2.84420593e+02,8.00221100e+01,1.86819382e+01,7.62669370e-02,9.63004604e-02
5345803-S04-156I3-A-L-B-190,20.02.2020-02:37:53,1.90000000e+01,6.45522535e-01,8.92527103e+00,1.90738426e-03,2.70702087e+02,8.01392288e+01,1.87935238e+01,8.86428803e-02,1.43136859e-01
5345803-S04-156I3-A-L-B-190,20.02.2020-02:37:55,1.90000000e+01,6.44996822e-01,8.91663361e+00,1.63886673e-03,3.42501526e+02,8.01630249e+01,1.87656155e+01,1.06164768e-01,2.08405107e-01
5345803-S04-156I3-A-L-B-190,20.02.2020-02:37:58,1.00000000e+00,6.41698718e-01,8.84237671e+00,1.81614631e-03,2.98603302e+02,7.99296799e+01,1.84602852e+01,8.63403231e-02,1.45974606e-01
5345803-S04-156I3-A-L-B-190,20.02.2020-02:38:00,2.00000000e+01,6.42598510e-01,8.87848377e+00,2.06559943e-03,8.23919983e+01,8.01697693e+01,1.86174126e+01,2.40647271e-01,4.03835505e-01
5345803-S04-156I3-A-L-B-190,20.02.2020-02:38:02,2.10000000e+01,6.41796350e-01,8.85776901e+00,2.03440781e-03,6.37711304e+02,8.00099869e+01,1.85138187e+01,8.87533426e-02,2.61644095e-01
5345803-S04-156I3-A-L-B-190,20.02.2020-02:38:04,2.10000000e+01,6.41983390e-01,8.87881851e+00,1.88854523e-03,1.56683136e+02,8.00427017e+01,1.85708122e+01,1.78143889e-01,3.39573145e-01
5345803-S04-156I3-A-L-B-190,20.02.2020-02:38:06,2.00000000e+00,6.40424907e-01,8.80101967e+00,1.97703880e-03,2.67734283e+02,7.99771500e+01,1.83483639e+01,1.52739540e-01,5.46938598e-01
5345803-S04-156I3-A-L-B-190,20.02.2020-02:38:08,9.00000000e+00,6.46331310e-01,8.93950748e+00,1.91090407e-03,2.53432709e+02,8.02178574e+01,1.88655739e+01,9.93876532e-02,1.96301267e-01
5345803-S04-156I3-A-L-B-190,20.02.2020-02:38:10,2.00000000e+00,6.39535606e-01,8.83100796e+00,1.91956270e-03,1.11500748e+02,7.97589798e+01,1.83351631e+01,2.58254468e-01,4.56602991e-01
5345803-S04-156I3-A-L-B-190,20.02.2020-02:38:12,2.10000000e+01,6.43087804e-01,8.89377213e+00,2.05070432e-03,3.43181488e+02,7.98547440e+01,1.85903339e+01,1.26951158e-01,2.69264877e-01
5345803-S04-156I3-A-L-B-190,20.02.2020-02:38:56,2.10000000e+01,6.42970145e-01,8.87350273e+00,2.25847634e-03,5.78648560e+02,7.98492355e+01,1.85432930e+01,7.90596753e-02,3.66338700e-01
5345803-S04-156I3-A-L-B-190,20.02.2020-02:38:58,2.10000000e+01,6.41729236e-01,8.88294029e+00,1.84295385e-03,1.94550629e+02,8.01278992e+01,1.85918465e+01,1.89593777e-01,4.15131420e-01
5345803-S04-156I3-A-L-B-190,20.02.2020-02:39:00,9.00000000e+00,6.45091057e-01,8.94204330e+00,1.99428480e-03,5.48377808e+02,8.02649307e+01,1.88457661e+01,5.28653860e-02,1.16437912e-01
5345803-S04-156I3-A-L-B-190,20.02.2020-02:39:02,8.00000000e+00,6.45141482e-01,8.94946480e+00,1.93831301e-03,7.03478333e+02,8.04692993e+01,1.89109097e+01,4.52208780e-02,1.19760841e-01
5345803-S04-156I3-A-L-B-190,20.02.2020-02:39:04,2.10000000e+01,6.39893591e-01,8.90056229e+00,2.30157119e-03,4.47372833e+02,7.98063736e+01,1.85009041e+01,7.84357041e-02,1.16535127e-01
5345803-S04-156I3-A-L-B-190,20.02.2020-02:39:06,2.10000000e+01,6.41214848e-01,8.86846256e+00,1.81638147e-03,1.11005890e+02,8.02676697e+01,1.85790195e+01,1.59911513e-01,3.79921854e-01
5345803-S04-156I3-A-L-B-190,20.02.2020-02:39:09,2.00000000e+01,6.43430412e-01,8.90190220e+00,2.00763415e-03,2.40339340e+02,7.99780350e+01,1.86459846e+01,8.28781947e-02,1.87187806e-01
5345803-S04-156I3-A-L-B-190,20.02.2020-02:39:11,1.90000000e+01,6.42905176e-01,8.94725513e+00,1.97847723e-03,4.48424042e+02,8.01476593e+01,1.87653980e+01,5.03183268e-02,7.17592165e-02
5345803-S04-156I3-A-L-B-190,20.02.2020-02:39:13,2.00000000e+01,6.42646074e-01,8.90800190e+00,2.10538646e-03,4.68538910e+02,8.01189194e+01,1.86688442e+01,6.25509843e-02,2.69867748e-01
5345803-S04-156I3-A-L-B-190,20.02.2020-02:39:15,9.00000000e+00,6.44260108e-01,8.94471264e+00,2.06504622e-03,5.95719238e+02,8.01860580e+01,1.88086109e+01,4.90520783e-02,8.08903873e-02
5345803-S04-156I3-A-L-B-190,20.02.2020-02:39:38,8.00000000e+00,6.45650506e-01,8.94325161e+00,1.77658361e-03,2.27063065e+02,8.04787827e+01,1.89149227e+01,1.15533426e-01,2.11514726e-01
5345803-S04-156I3-A-L-B-190,20.02.2020-02:39:40,1.90000000e+01,6.43677294e-01,8.92395973e+00,2.10158876e-03,7.08571350e+02,8.03470993e+01,1.87856503e+01,6.08223677e-02,1.29566193e-01
5345803-S04-156I3-A-L-B-190,20.02.2020-02:39:42,2.00000000e+00,6.32413387e-01,8.86957550e+00,1.87459250e-03,4.14805542e+02,7.97984695e+01,1.82191734e+01,1.45513907e-01,3.71299177e-01
5345803-S04-156I3-A-L-B-190,20.02.2020-02:39:44,1.90000000e+01,6.43255889e-01,8.92646694e+00,1.88386498e-03,8.14550049e+02,8.03167648e+01,1.87715340e+01,3.40119191e-02,5.13578095e-02
5345803-S04-156I3-A-L-B-190,20.02.2020-02:39:46,9.00000000e+00,6.44694269e-01,8.93416977e+00,2.05840310e-03,3.69901794e+02,8.02699509e+01,1.88187675e+01,4.81105186e-02,1.11898139e-01
5345803-S04-156I3-A-L-B-190,20.02.2020-02:39:48,2.10000000e+01,6.42382979e-01,8.87253666e+00,1.78903376e-03,5.63203430e+02,8.00518723e+01,1.85713520e+01,5.98729774e-02,2.79688835e-01
5345803-S04-156I3-A-L-B-190,20.02.2020-02:39:50,2.10000000e+01,6.42248333e-01,8.86260414e+00,1.83086679e-03,6.79480774e+02,8.01387177e+01,1.85667953e+01,7.15104192e-02,2.96377599e-01
5345803-S04-156I3-A-L-B-190,20.02.2020-02:39:53,1.90000000e+01,6.44655764e-01,8.93048286e+00,2.12297891e-03,6.62798950e+02,8.01905136e+01,1.87912655e+01,4.97699082e-02,9.34563056e-02
5345803-S04-156I3-A-L-B-190,20.02.2020-02:39:55,9.00000000e+00,6.44798040e-01,8.93031979e+00,1.76698936e-03,5.72383484e+02,8.02438889e+01,1.88075809e+01,4.32152003e-02,1.00216247e-01
5345803-S04-156I3-A-L-B-190,20.02.2020-02:39:57,1.90000000e+01,6.43209517e-01,8.93583870e+00,1.88665849e-03,1.61667480e+02,8.02159424e+01,1.87663021e+01,1.39101103e-01,1.81138530e-01
5345803-S04-156I3-A-L-B-190,20.02.2020-02:40:20,1.90000000e+01,6.43233418e-01,8.94658470e+00,2.02532881e-03,3.70607910e+02,7.99283524e+01,1.87222004e+01,6.09588623e-02,1.17824294e-01
5345803-S04-156I3-A-L-B-190,20.02.2020-02:40:22,2.00000000e+01,6.42068863e-01,8.90518475e+00,1.81350939e-03,5.58165222e+02,8.02066727e+01,1.86666012e+01,5.42467721e-02,1.91938698e-01
5345803-S04-156I3-A-L-B-190,20.02.2020-02:40:24,2.10000000e+01,6.43208981e-01,8.86022758e+00,1.63735996e-03,4.19581635e+02,8.01313705e+01,1.85878754e+01,8.62120464e-02,5.27088404e-01
5345803-S04-156I3-A-L-B-190,20.02.2020-02:40:26,2.10000000e+01,6.42962754e-01,8.85503769e+00,1.53285020e-03,1.90796371e+02,8.01958542e+01,1.85848198e+01,1.21492855e-01,6.41492546e-01
5345803-S04-156I3-A-L-B-190,20.02.2020-02:40:28,2.00000000e+01,6.42045975e-01,8.91158295e+00,2.08264380e-03,6.59710449e+02,8.00681305e+01,1.86470814e+01,5.89558147e-02,1.91161245e-01
5345803-S04-156I3-A-L-B-190,20.02.2020-02:40:30,2.10000000e+01,6.42689884e-01,8.85956383e+00,1.66646251e-03,5.10978821e+02,8.02408600e+01,1.85968571e+01,8.06348771e-02,5.38050473e-01
5345803-S04-156I3-A-L-B-190,20.02.2020-02:40:32,2.10000000e+01,6.42883658e-01,8.85481167e+00,1.74099975e-03,9.74555847e+02,8.00514297e+01,1.85485935e+01,6.37492836e-02,5.80411434e-01
5345803-S04-156I3-A-L-B-190,20.02.2020-02:40:34,2.00000000e+01,6.41950488e-01,8.91201687e+00,2.04040483e-03,4.66171844e+02,8.01019363e+01,1.86530876e+01,4.86703403e-02,1.76220715e-01
5345803-S04-156I3-A-L-B-190,20.02.2020-02:40:36,2.10000000e+01,6.42098546e-01,8.85967255e+00,1.87092391e-03,2.35228683e+02,8.02089920e+01,1.85725956e+01,1.03741944e-01,5.52462101e-01
5345803-S04-156I3-A-L-B-190,20.02.2020-02:40:38,1.90000000e+01,6.44418716e-01,8.92138577e+00,1.65816280e-03,2.24364273e+02,8.02914658e+01,1.87888451e+01,1.48791924e-01,1.96739674e-01
5345803-S04-156I3-A-L-B-190,20.02.2020-02:41:01,1.90000000e+01,6.43896639e-01,8.94998074e+00,1.87364663e-03,5.61565002e+02,8.01298065e+01,1.87958736e+01,6.02518693e-02,1.17028229e-01
5345803-S04-156I3-A-L-B-190,20.02.2020-02:41:03,1.90000000e+01,6.42900229e-01,8.92787361e+00,1.88930682e-03,5.74518127e+02,8.01589737e+01,1.87272491e+01,6.08211607e-02,1.46133542e-01
5345803-S04-156I3-A-L-B-190,20.02.2020-02:41:05,1.90000000e+01,6.43462360e-01,8.92991257e+00,1.81976508e-03,2.76997314e+02,8.01302490e+01,1.87411842e+01,7.87364468e-02,1.44881517e-01
5345803-S04-156I3-A-L-B-190,20.02.2020-02:41:07,1.90000000e+01,6.43343151e-01,8.92912579e+00,2.12122290e-03,3.25784241e+02,8.00610199e+01,1.87198734e+01,7.35403523e-02,1.49326310e-01
5345803-S04-156I3-A-L-B-190,20.02.2020-02:41:09,1.00000000e+00,6.38305366e-01,8.87332249e+00,1.83486345e-03,2.77551666e+02,7.98498459e+01,1.84085274e+01,1.60975561e-01,4.59884703e-01
5345803-S04-156I3-A-L-B-190,20.02.2020-02:41:12,2.00000000e+01,6.41245723e-01,8.92279243e+00,1.91844162e-03,3.95374756e+02,8.00456314e+01,1.86420250e+01,7.93864056e-02,1.89315498e-01
5345803-S04-156I3-A-L-B-190,20.02.2020-02:41:14,1.90000000e+01,6.43711388e-01,8.93319035e+00,1.86707091e-03,1.00181842e+03,8.01586685e+01,1.87619724e+01,2.99183931e-02,7.64712095e-02
5345803-S04-156I3-A-L-B-190,20.02.2020-02:41:16,1.90000000e+01,6.43598616e-01,8.93073845e+00,1.74388883e-03,4.61883759e+02,8.01881104e+01,1.87604237e+01,5.81753142e-02,1.40123308e-01
5345803-S04-156I3-A-L-B-190,20.02.2020-02:41:18,2.00000000e+01,6.41832888e-01,8.92108631e+00,1.69706857e-03,5.62853546e+01,7.99847412e+01,1.86413364e+01,4.18788344e-01,8.82093847e-01
5345803-S04-156I3-A-L-B-190,20.02.2020-02:41:20,8.00000000e+00,6.45443976e-01,9.00351715e+00,1.84735633e-03,1.43771835e+02,8.02345276e+01,1.89785156e+01,1.51747495e-01,2.70953387e-01
5345803-S04-156I3-A-L-B-190-QA,20.02.2020-02:42:20,1.00000000e+01,6.41047955e-01,8.92496300e+00,1.86964357e-03,2.42329666e+02,8.03011551e+01,1.87003155e+01,1.80138797e-01,6.06918633e-01
5345803-S04-156I3-A-L-B-190-QA,20.02.2020-02:42:22,1.00000000e+01,6.44335210e-01,8.91974735e+00,2.06568069e-03,2.20022659e+02,8.00491791e+01,1.87262802e+01,9.77602601e-02,4.02448416e-01
5345803-S04-156I3-A-L-B-190-QA,20.02.2020-02:42:24,1.00000000e+01,6.43309414e-01,8.94561386e+00,2.10530311e-03,5.29943237e+02,7.98417969e+01,1.87021065e+01,5.77241406e-02,8.88589844e-02
5345803-S04-156I3-A-L-B-190-QA,20.02.2020-02:42:26,1.00000000e+01,6.42004728e-01,8.93532085e+00,1.98712549e-03,1.25592094e+02,7.98846207e+01,1.86527023e+01,2.43517756e-01,5.71925640e-01
5345803-S04-156I3-A-L-B-190-QA,20.02.2020-02:42:28,1.00000000e+01,6.43793762e-01,8.94030476e+00,2.44146539e-03,2.42798325e+02,7.98231964e+01,1.87007256e+01,1.12843379e-01,1.45774841e-01
5345803-S04-156I3-A-L-B-190-QA,20.02.2020-02:42:31,1.00000000e+01,6.43132746e-01,8.93597698e+00,2.13901885e-03,1.41780579e+02,8.00781174e+01,1.87321110e+01,1.68123335e-01,2.16725811e-01
5345803-S04-156I3-A-L-B-190-QA,20.02.2020-02:42:33,1.00000000e+01,6.41774058e-01,8.93435764e+00,1.89795787e-03,2.29553482e+02,8.00127563e+01,1.86738949e+01,1.37498483e-01,1.69995740e-01
5345803-S04-156I3-A-L-B-190-QA,20.02.2020-02:42:35,1.00000000e+01,6.42092288e-01,8.93504810e+00,1.95115898e-03,2.52346954e+02,8.00623627e+01,1.86961842e+01,1.32664397e-01,1.66399673e-01
5345803-S04-156I3-A-L-B-190-QA,20.02.2020-02:42:37,1.00000000e+01,6.41886890e-01,8.91018677e+00,2.04262068e-03,1.57067551e+02,8.01796570e+01,1.86655025e+01,2.41495773e-01,7.24882662e-01
5345803-S04-156I3-A-L-B-190-QA,20.02.2020-02:42:39,1.00000000e+01,6.43298447e-01,8.93579102e+00,2.53347843e-03,3.79106781e+02,7.98151245e+01,1.86750126e+01,6.17535487e-02,8.88815597e-02
5345803-S04-156I3-A-L-B-190,20.02.2020-02:43:41,9.00000000e+00,6.44166350e-01,8.93181515e+00,1.65113551e-03,1.38955307e+02,8.04686890e+01,1.88449478e+01,1.93971232e-01,5.75776339e-01
5345803-S04-156I3-A-L-B-190,20.02.2020-02:43:43,1.90000000e+01,6.43897295e-01,8.93102837e+00,2.11496023e-03,7.09004822e+01,8.02702713e+01,1.87889709e+01,3.13885212e-01,5.75541556e-01
5345803-S04-156I3-A-L-B-190,20.02.2020-02:43:45,9.00000000e+00,6.44623756e-01,8.94202137e+00,1.67092320e-03,1.50889923e+02,8.04922104e+01,1.88853951e+01,1.20056897e-01,5.27253568e-01
5345803-S04-156I3-A-L-B-190,20.02.2020-02:43:48,9.00000000e+00,6.44935787e-01,8.97263241e+00,1.99739472e-03,1.01048447e+02,8.02105255e+01,1.88928699e+01,2.20270872e-01,4.08185899e-01
5345803-S04-156I3-A-L-B-190,20.02.2020-02:43:50,1.90000000e+01,6.43046737e-01,8.96333313e+00,2.12676451e-03,2.43213211e+02,8.00207825e+01,1.87734928e+01,9.74936709e-02,2.89590716e-01
5345803-S04-156I3-A-L-B-190,20.02.2020-02:43:53,7.00000000e+00,6.46061659e-01,9.04879951e+00,2.11141468e-03,8.80550690e+01,8.01250305e+01,1.90661659e+01,1.91312701e-01,2.25983977e-01
5345803-S04-156I3-A-L-B-190,20.02.2020-02:43:55,8.00000000e+00,6.45075977e-01,8.97980976e+00,1.99250155e-03,1.05637230e+02,8.02317810e+01,1.89171028e+01,2.58663565e-01,5.84156334e-01
5345803-S04-156I3-A-L-B-190,20.02.2020-02:43:58,1.90000000e+01,6.41985953e-01,8.94377995e+00,1.78451813e-03,1.45120544e+02,8.02227859e+01,1.87488441e+01,1.59031078e-01,3.42172354e-01
5345803-S04-156I3-A-L-B-190,20.02.2020-02:44:00,9.00000000e+00,6.44072115e-01,8.98198032e+00,1.65743276e-03,1.44125244e+02,8.01586838e+01,1.88750172e+01,1.67629912e-01,2.66384840e-01
5345803-S04-156I3-A-L-B-190,20.02.2020-02:44:02,9.00000000e+00,6.43002629e-01,8.97000694e+00,1.85102562e-03,9.84336929e+01,8.01629257e+01,1.88195515e+01,2.10416839e-01,3.44896913e-01
5345803-S04-156I3-A-L-B-190,20.02.2020-02:37:33,2.00000000e+01,6.42062902e-01,8.91082573e+00,2.07927916e-03,1.37516205e+02,8.02043915e+01,1.86777210e+01,1.38176128e-01,1.65842220e-01
5345803-S04-156I3-A-L-B-190,20.02.2020-02:37:35,2.00000000e+01,6.41642570e-01,8.93361568e+00,2.16450030e-03,3.66304047e+02,7.98476486e+01,1.86299953e+01,1.15369022e-01,2.90198177e-01
5345803-S04-156I3-A-L-B-190,20.02.2020-02:37:37,2.00000000e+01,6.42118931e-01,8.91417027e+00,2.18690350e-03,2.16487228e+02,8.00847168e+01,1.86584778e+01,1.27338096e-01,3.01313221e-01
5345803-S04-156I3-A-L-B-190,20.02.2020-02:37:39,1.90000000e+01,6.43332005e-01,8.93753815e+00,2.18528882e-03,2.70767944e+02,8.00030899e+01,1.87236290e+01,1.09303758e-01,1.85175225e-01
5345803-S04-156I3-A-L-B-190,20.02.2020-02:37:41,1.90000000e+01,6.43720388e-01,8.94584656e+00,2.25508423e-03,2.71791595e+02,7.99226379e+01,1.87334900e+01,8.82118195e-02,1.69995517e-01
5345803-S04-156I3-A-L-B-190,20.02.2020-02:37:43,2.00000000e+01,6.40981615e-01,8.93022728e+00,2.18003429e-03,4.22052155e+02,7.98659363e+01,1.86080093e+01,1.01421475e-01,2.56998718e-01
5345803-S04-156I3-A-L-B-190,20.02.2020-02:37:45,1.90000000e+01,6.43268406e-01,8.95503712e+00,1.87476387e-03,2.18336334e+02,7.99860229e+01,1.87544346e+01,1.28896236e-01,1.81834534e-01
5345803-S04-156I3-A-L-B-190,20.02.2020-02:37:47,2.10000000e+01,6.41560555e-01,8.92758465e+00,2.39050132e-03,5.70790771e+02,7.97043304e+01,1.85816288e+01,7.03750849e-02,2.29693860e-01
5345803-S04-156I3-A-L-B-190,20.02.2020-02:37:49,1.00000000e+00,6.36142552e-01,8.89331722e+00,1.98926451e-03,7.49965210e+02,8.00017319e+01,1.84224682e+01,6.89036921e-02,1.57808214e-01
5345803-S04-156I3-A-L-B-190,20.02.2020-02:37:51,8.00000000e+00,6.45602465e-01,8.97800541e+00,1.79868611e-03,3.02157715e+02,8.02639389e+01,1.89363251e+01,8.12948495e-02,1.20020501e-01
5345803-S04-156I3-A-L-B-190,20.02.2020-02:38:14,1.90000000e+01,6.43749535e-01,8.89993191e+00,1.62359828e-03,1.47409149e+02,8.03003540e+01,1.87262707e+01,1.51564553e-01,1.90785930e-01
5345803-S04-156I3-A-L-B-190,20.02.2020-02:38:16,2.10000000e+01,6.42699778e-01,8.85477352e+00,1.71230827e-03,4.15483795e+02,8.00697403e+01,1.85474491e+01,7.43086115e-02,4.00596559e-01
5345803-S04-156I3-A-L-B-190,20.02.2020-02:38:18,2.00000000e+01,6.42571747e-01,8.90238953e+00,1.98659091e-03,2.30417282e+02,8.01998291e+01,1.86737652e+01,7.07771778e-02,1.43038690e-01
5345803-S04-156I3-A-L-B-190,20.02.2020-02:38:20,1.00000000e+00,6.42473638e-01,8.84077835e+00,2.11205613e-03,6.53534363e+02,7.99272232e+01,1.84786720e+01,8.01114589e-02,4.98914152e-01
5345803-S04-156I3-A-L-B-190,20.02.2020-02:38:23,1.40000000e+01,6.37878597e-01,8.84813118e+00,1.99815817e-03,1.86001358e+01,7.97933350e+01,1.83310089e+01,8.46897185e-01,1.94689167e+00
5345803-S04-156I3-A-L-B-190,20.02.2020-02:38:25,2.00000000e+00,6.35606706e-01,8.81742859e+00,1.65467022e-03,3.67861633e+02,8.06069336e+01,1.83879375e+01,1.22506931e-01,7.39141464e-01
5345803-S04-156I3-A-L-B-190,20.02.2020-02:38:27,1.90000000e+01,6.42576933e-01,8.92553425e+00,1.63662771e-03,3.73084839e+02,8.01970749e+01,1.87218208e+01,8.89941007e-02,1.95245653e-01
5345803-S04-156I3-A-L-B-190,20.02.2020-02:38:29,2.10000000e+01,6.42040074e-01,8.87023830e+00,1.88954780e-03,2.09775299e+02,8.01783295e+01,1.85859432e+01,1.70665115e-01,6.22057736e-01
5345803-S04-156I3-A-L-B-190,20.02.2020-02:38:31,2.10000000e+01,6.40907407e-01,8.91898060e+00,2.02694675e-03,4.75919304e+01,7.98325729e+01,1.85746574e+01,5.47747433e-01,7.89642215e-01
5345803-S04-156I3-A-L-B-190,20.02.2020-02:38:33,1.90000000e+01,6.43769801e-01,8.90693474e+00,1.76386838e-03,3.36853851e+02,8.03136292e+01,1.87446918e+01,1.00778244e-01,1.87250301e-01
5345803-S04-156I3-A-L-B-190,20.02.2020-02:39:17,2.00000000e+01,6.41619980e-01,8.91937542e+00,1.75645680e-03,1.02704399e+02,8.02403946e+01,1.86911316e+01,1.78307489e-01,4.56899613e-01
5345803-S04-156I3-A-L-B-190,20.02.2020-02:39:19,9.00000000e+00,6.44006371e-01,8.93408203e+00,1.63859408e-03,2.83236725e+02,8.02984619e+01,1.88051815e+01,7.33380094e-02,1.06739245e-01
5345803-S04-156I3-A-L-B-190,20.02.2020-02:39:21,1.90000000e+01,6.43317163e-01,8.92873192e+00,1.72113080e-03,3.81686462e+02,8.03074493e+01,1.87759075e+01,6.55510351e-02,9.66100097e-02
5345803-S04-156I3-A-L-B-190,20.02.2020-02:39:23,2.00000000e+00,6.40134811e-01,8.79288769e+00,1.66731037e-03,2.44576904e+02,8.02030487e+01,1.83748608e+01,1.33219883e-01,8.57902348e-01
5345803-S04-156I3-A-L-B-190,20.02.2020-02:39:25,2.40000000e+01,6.43527746e-01,8.93108177e+00,1.72247807e-03,1.10858746e+01,7.98366165e+01,1.86768494e+01,3.71821094e+00,1.22793615e+00
5345803-S04-156I3-A-L-B-190,20.02.2020-02:39:27,2.00000000e+01,6.40652418e-01,8.88743305e+00,1.62068149e-03,1.91974426e+02,8.03363266e+01,1.86183395e+01,1.72299743e-01,3.63441378e-01
5345803-S04-156I3-A-L-B-190,20.02.2020-02:39:30,2.00000000e+01,6.41113520e-01,8.89745426e+00,1.71336753e-03,3.25300690e+02,8.02931824e+01,1.86427326e+01,9.65394378e-02,2.67754793e-01
5345803-S04-156I3-A-L-B-190,20.02.2020-02:39:32,1.00000000e+00,6.40363038e-01,8.84273815e+00,1.75563933e-03,2.36894714e+02,8.01694641e+01,1.84778805e+01,1.41824022e-01,6.86389863e-01
5345803-S04-156I3-A-L-B-190,20.02.2020-02:39:34,1.00000000e+00,6.39854193e-01,8.84223461e+00,2.06357869e-03,3.35985535e+02,7.99989471e+01,1.84228802e+01,1.19299687e-01,6.91945016e-01
5345803-S04-156I3-A-L-B-190,20.02.2020-02:39:36,2.10000000e+01,6.40473604e-01,8.87065411e+00,1.78429333e-03,4.86350342e+02,8.01637497e+01,1.85380955e+01,7.62367174e-02,2.60358095e-01
5345803-S04-156I3-A-L-B-190,20.02.2020-02:39:59,9.00000000e+00,6.44440591e-01,8.95491695e+00,1.73203531e-03,2.57476562e+02,8.02376099e+01,1.88474503e+01,8.66454542e-02,1.22170255e-01
5345803-S04-156I3-A-L-B-190,20.02.2020-02:40:01,9.00000000e+00,6.45063221e-01,8.95558167e+00,1.75857579e-03,3.95199219e+02,8.02912979e+01,1.88796864e+01,3.79475690e-02,6.36429489e-02
5345803-S04-156I3-A-L-B-190,20.02.2020-02:40:03,9.00000000e+00,6.44151628e-01,8.95432472e+00,2.06081546e-03,4.09210052e+02,8.01391983e+01,1.88146515e+01,7.80164525e-02,1.17470838e-01
5345803-S04-156I3-A-L-B-190,20.02.2020-02:40:05,9.00000000e+00,6.44030452e-01,8.93804455e+00,1.65901741e-03,1.99224289e+02,8.02423477e+01,1.88010788e+01,8.73077139e-02,1.28185436e-01
5345803-S04-156I3-A-L-B-190,20.02.2020-02:40:07,1.90000000e+01,6.42165840e-01,8.93170452e+00,2.01685354e-03,1.68243912e+02,8.01816254e+01,1.87191696e+01,1.45131156e-01,1.95402354e-01
5345803-S04-156I3-A-L-B-190,20.02.2020-02:40:09,9.00000000e+00,6.44148231e-01,8.96580029e+00,1.75784144e-03,1.61929474e+02,8.02353363e+01,1.88612614e+01,1.28510073e-01,1.69768706e-01
5345803-S04-156I3-A-L-B-190,20.02.2020-02:40:11,1.90000000e+01,6.43365920e-01,8.94694710e+00,1.88649271e-03,2.07052582e+02,8.01940079e+01,1.87890606e+01,9.53135416e-02,1.33126631e-01
5345803-S04-156I3-A-L-B-190,20.02.2020-02:40:13,1.90000000e+01,6.42431855e-01,8.93959904e+00,1.92939735e-03,3.59390686e+02,8.03007431e+01,1.87713203e+01,7.79023170e-02,1.16132393e-01
5345803-S04-156I3-A-L-B-190,20.02.2020-02:40:15,2.00000000e+01,6.42326057e-01,8.89600754e+00,1.61966530e-03,1.07738945e+02,8.03479919e+01,1.86877022e+01,2.50047594e-01,4.83602703e-01
5345803-S04-156I3-A-L-B-190,20.02.2020-02:40:17,1.90000000e+01,6.43955052e-01,8.93922615e+00,1.87707518e-03,4.37233795e+02,8.01438370e+01,1.87782784e+01,8.38113874e-02,1.73349321e-01
5345803-S04-156I3-A-L-B-190,20.02.2020-02:40:40,2.10000000e+01,6.42733037e-01,8.85756779e+00,2.05085473e-03,5.65488464e+02,7.99653702e+01,1.85300789e+01,9.65966284e-02,5.52429199e-01
5345803-S04-156I3-A-L-B-190,20.02.2020-02:40:42,2.00000000e+01,6.42771900e-01,8.91154861e+00,2.08062120e-03,3.84255676e+02,8.01199722e+01,1.86801796e+01,6.90113604e-02,2.28299648e-01
5345803-S04-156I3-A-L-B-190,20.02.2020-02:40:44,1.90000000e+01,6.41337454e-01,8.94798851e+00,2.04369263e-03,3.12845062e+02,8.01724243e+01,1.87269592e+01,7.52826855e-02,1.21899530e-01
5345803-S04-156I3-A-L-B-190,20.02.2020-02:40:47,2.00000000e+01,6.41766369e-01,8.93761826e+00,1.77516509e-03,6.98722229e+02,8.00392990e+01,1.86866817e+01,6.59526736e-02,2.32969061e-01
5345803-S04-156I3-A-L-B-190,20.02.2020-02:40:49,2.00000000e+01,6.43614411e-01,8.91276169e+00,2.16268678e-03,4.25011353e+02,7.99482498e+01,1.86671162e+01,8.42706114e-02,2.00350150e-01
5345803-S04-156I3-A-L-B-190,20.02.2020-02:40:51,1.90000000e+01,6.43763304e-01,8.94236279e+00,1.83883356e-03,4.42788391e+02,8.01557236e+01,1.87820587e+01,8.05476010e-02,1.67137280e-01
5345803-S04-156I3-A-L-B-190,20.02.2020-02:40:53,2.00000000e+01,6.41279101e-01,8.92334080e+00,1.95317296e-03,3.93302582e+02,8.00373611e+01,1.86422138e+01,7.63013065e-02,2.11833447e-01
5345803-S04-156I3-A-L-B-190,20.02.2020-02:40:55,9.00000000e+00,6.43112183e-01,8.93903637e+00,1.78130774e-03,3.68308441e+02,8.03721237e+01,1.88067207e+01,6.90823868e-02,1.09981045e-01
5345803-S04-156I3-A-L-B-190,20.02.2020-02:40:57,1.90000000e+01,6.43850088e-01,8.94315815e+00,1.80048111e-03,5.21736694e+02,8.00799713e+01,1.87685070e+01,6.13379665e-02,1.30479753e-01
5345803-S04-156I3-A-L-B-190,20.02.2020-02:40:59,1.00000000e+00,6.38008714e-01,8.88184738e+00,1.70881220e-03,3.07290283e+02,7.98855820e+01,1.84258919e+01,1.35394230e-01,3.95102859e-01
5345803-S04-156I3-A-L-B-190,20.02.2020-02:41:22,9.00000000e+00,6.43182099e-01,8.93590546e+00,1.80310954e-03,2.07921448e+02,8.04091492e+01,1.88108387e+01,1.56910092e-01,5.39824486e-01
5345803-S04-156I3-A-L-B-190,20.02.2020-02:41:25,2.00000000e+01,6.41129017e-01,8.93726921e+00,1.82117289e-03,2.96128143e+02,8.00445557e+01,1.86686230e+01,1.34209603e-01,6.01400495e-01
5345803-S04-156I3-A-L-B-190,20.02.2020-02:41:28,2.10000000e+01,6.43257201e-01,8.85270023e+00,1.92093349e-03,1.54382294e+02,7.99989548e+01,1.85427856e+01,1.72242850e-01,6.63973033e-01
5345803-S04-156I3-A-L-B-190-QA,20.02.2020-02:42:05,1.00000000e+01,6.44248426e-01,8.92266083e+00,1.79442950e-03,4.75517044e+01,8.01720886e+01,1.87586327e+01,4.75944161e-01,1.18970931e+00
5345803-S04-156I3-A-L-B-190-QA,20.02.2020-02:42:08,1.00000000e+01,6.43263698e-01,8.92188454e+00,1.94439874e-03,6.63914413e+01,8.01052399e+01,1.87127132e+01,2.93032914e-01,4.32350993e-01
5345803-S04-156I3-A-L-B-190-QA,20.02.2020-02:42:10,1.00000000e+01,6.43332362e-01,8.95734978e+00,2.25318689e-03,3.56619293e+02,7.99995575e+01,1.87643166e+01,7.85876065e-02,1.64854467e-01
5345803-S04-156I3-A-L-B-190-QA,20.02.2020-02:42:12,1.00000000e+01,6.42529607e-01,8.92619324e+00,1.92789407e-03,2.59497681e+02,8.01751251e+01,1.87166977e+01,1.75077125e-01,6.08675480e-01
5345803-S04-156I3-A-L-B-190-QA,20.02.2020-02:42:14,1.00000000e+01,6.43081188e-01,8.94329071e+00,2.15698406e-03,3.58166229e+02,7.99108810e+01,1.87067909e+01,6.85553625e-02,1.04780041e-01
5345803-S04-156I3-A-L-B-190-QA,20.02.2020-02:42:16,1.00000000e+01,6.43895209e-01,8.94552803e+00,2.27808836e-03,4.29238831e+02,7.99440231e+01,1.87429237e+01,7.45002106e-02,1.09707810e-01
5345803-S04-156I3-A-L-B-190-QA,20.02.2020-02:42:18,1.00000000e+01,6.43650413e-01,8.95226765e+00,2.22419156e-03,2.32569656e+02,8.00593948e+01,1.87769756e+01,1.18521132e-01,2.12712958e-01
5345803-S04-156I3-A-L-B-190-QA,20.02.2020-02:42:41,1.00000000e+01,6.43214762e-01,8.89128971e+00,1.65940914e-03,2.03120178e+02,8.04759674e+01,1.87334251e+01,1.02729566e-01,3.85133624e-01
5345803-S04-156I3-A-L-B-190-QA,20.02.2020-02:42:43,1.00000000e+01,6.42010748e-01,8.90425110e+00,1.55160262e-03,3.44555054e+02,8.02608871e+01,1.86755695e+01,5.27157821e-02,9.53965411e-02
5345803-S04-156I3-A-L-B-190-QA,20.02.2020-02:42:45,1.00000000e+01,6.43876970e-01,8.89077663e+00,1.87543652e-03,1.33578720e+02,8.02277374e+01,1.86937885e+01,1.93321660e-01,4.20131743e-01
5345803-S04-156I3-A-L-B-190,20.02.2020-02:43:05,7.00000000e+00,6.48226440e-01,9.01500034e+00,1.97271374e-03,3.17220215e+02,8.04389572e+01,1.91332664e+01,8.54566842e-02,2.36661971e-01
5345803-S04-156I3-A-L-B-190,20.02.2020-02:43:07,9.00000000e+00,6.43677473e-01,9.02650738e+00,2.03248137e-03,1.21898796e+02,7.99235840e+01,1.89013672e+01,1.35410368e-01,1.74712136e-01
5345803-S04-156I3-A-L-B-190,20.02.2020-02:43:09,9.00000000e+00,6.45994723e-01,8.95500946e+00,2.14396254e-03,2.35242081e+02,8.02659912e+01,1.88997822e+01,1.15292400e-01,6.01962566e-01
5345803-S04-156I3-A-L-B-190,20.02.2020-02:43:12,8.00000000e+00,6.45967960e-01,8.97428417e+00,1.95903238e-03,2.14828293e+02,8.01967163e+01,1.89233303e+01,1.00819670e-01,1.97675854e-01
5345803-S04-156I3-A-L-B-190,20.02.2020-02:43:14,1.90000000e+01,6.43951416e-01,8.92718887e+00,2.15417123e-03,6.29012985e+01,7.99451981e+01,1.87064075e+01,4.32583869e-01,8.98267269e-01
5345803-S04-156I3-A-L-B-190,20.02.2020-02:43:16,9.00000000e+00,6.40784681e-01,9.01346302e+00,2.15414772e-03,2.68668182e+02,8.00551834e+01,1.88201656e+01,1.07169062e-01,1.83189496e-01
5345803-S04-156I3-A-L-B-190,20.02.2020-02:43:18,8.00000000e+00,6.45750165e-01,8.96814346e+00,1.81835925e-03,2.97063507e+02,8.03259048e+01,1.89344578e+01,7.36780763e-02,1.84932411e-01
5345803-S04-156I3-A-L-B-190,20.02.2020-02:44:04,1.90000000e+01,6.41550422e-01,8.97474289e+00,1.82171271e-03,1.43982651e+02,8.00618057e+01,1.87632637e+01,1.60136178e-01,2.32209727e-01
5345803-S04-156I3-A-L-B-190,20.02.2020-02:44:06,1.90000000e+01,6.41637623e-01,8.96853924e+00,1.89423922e-03,1.41452026e+02,8.01229095e+01,1.87671547e+01,1.69761643e-01,2.65632600e-01
5345803-S04-156I3-A-L-B-190,20.02.2020-02:44:08,1.90000000e+01,6.44413412e-01,8.92479515e+00,2.13024230e-03,1.67561417e+02,7.99736938e+01,1.87214813e+01,1.48013145e-01,5.28083026e-01
5345803-S04-156I3-A-L-B-190,20.02.2020-02:44:10,8.00000000e+00,6.46312654e-01,8.99849701e+00,1.64767564e-03,1.15221153e+02,8.03028412e+01,1.90096340e+01,1.67354360e-01,3.21356446e-01
5345803-S04-156I3-A-L-B-190,20.02.2020-02:44:12,7.00000000e+00,6.44639015e-01,9.02517700e+00,2.02294579e-03,1.92435074e+02,8.03491745e+01,1.90275974e+01,1.10461265e-01,1.32467315e-01
5345803-S04-156I3-A-L-B-190,20.02.2020-02:44:14,1.90000000e+01,6.41857147e-01,8.97743607e+00,1.99420983e-03,1.03486115e+02,7.98503723e+01,1.87282810e+01,2.40155876e-01,3.28162163e-01
5345803-S04-156I3-A-L-B-190,20.02.2020-02:44:16,9.00000000e+00,6.44402564e-01,8.99418831e+00,2.52321828e-03,3.10370514e+02,7.98570099e+01,1.88392029e+01,8.99771005e-02,1.62523150e-01
5345803-S04-156I3-A-L-B-190,20.02.2020-02:44:19,2.00000000e+01,6.43485963e-01,8.95281696e+00,2.31809309e-03,1.48924057e+02,7.95734100e+01,1.86593704e+01,1.30178317e-01,2.02211991e-01
5345803-S04-156I3-A-L-B-190,20.02.2020-02:44:21,1.90000000e+01,6.42438471e-01,8.96289062e+00,1.94703648e-03,2.85342827e+01,8.00280609e+01,1.87565136e+01,8.25293422e-01,1.23201311e+00
5345803-S04-156I3-A-L-B-190,20.02.2020-02:44:23,1.40000000e+01,6.42063856e-01,8.96324253e+00,2.35308171e-03,1.10161333e+01,7.93588333e+01,1.85895500e+01,1.27238810e+00,1.77153826e+00
5345803-S04-156I3-A-L-B-190,20.02.2020-02:38:35,1.90000000e+01,6.43385947e-01,8.94572735e+00,2.05060933e-03,2.04288971e+02,8.01883698e+01,1.87857628e+01,1.03823714e-01,1.45141035e-01
5345803-S04-156I3-A-L-B-190,20.02.2020-02:38:37,2.00000000e+01,6.41416788e-01,8.88558006e+00,1.91619294e-03,2.08954483e+02,8.04518890e+01,1.86634769e+01,1.62846789e-01,3.48959684e-01
5345803-S04-156I3-A-L-B-190,20.02.2020-02:38:39,1.90000000e+01,6.43219531e-01,8.94321060e+00,1.76125113e-03,1.36946762e+02,8.02735214e+01,1.87955551e+01,2.04198018e-01,2.56726205e-01
5345803-S04-156I3-A-L-B-190,20.02.2020-02:38:41,1.90000000e+01,6.43188417e-01,8.93623638e+00,1.70145591e-03,3.72009979e+02,8.02033844e+01,1.87635841e+01,9.49169323e-02,1.40927449e-01
5345803-S04-156I3-A-L-B-190,20.02.2020-02:38:43,1.90000000e+01,6.42905653e-01,8.92653751e+00,1.94141187e-03,9.92607803e+01,8.01198502e+01,1.87154636e+01,2.61859417e-01,3.41425329e-01
5345803-S04-156I3-A-L-B-190,20.02.2020-02:38:45,9.00000000e+00,6.43697917e-01,8.95842838e+00,2.09884741e-03,2.10307144e+02,8.01539841e+01,1.88134823e+01,9.54475701e-02,1.31178245e-01
5345803-S04-156I3-A-L-B-190,20.02.2020-02:38:47,1.90000000e+01,6.42921150e-01,8.90741158e+00,1.77372794e-03,3.26514038e+02,8.04453812e+01,1.87516956e+01,8.80998597e-02,2.21078783e-01
5345803-S04-156I3-A-L-B-190,20.02.2020-02:38:50,1.90000000e+01,6.43146098e-01,8.91270447e+00,2.05077976e-03,3.46308441e+02,8.03197937e+01,1.87401009e+01,9.81878787e-02,2.35526264e-01
5345803-S04-156I3-A-L-B-190,20.02.2020-02:38:52,1.90000000e+01,6.42392695e-01,8.95360661e+00,2.02352717e-03,7.64428955e+02,8.02571564e+01,1.87893829e+01,3.34400535e-02,6.28991947e-02
5345803-S04-156I3-A-L-B-190,20.02.2020-02:38:54,9.00000000e+00,6.44510984e-01,8.93825054e+00,2.13843840e-03,3.35521332e+02,8.01845093e+01,1.88019772e+01,4.94489670e-02,1.16089858e-01
5345803-S04-156I3-A-L-B-190,20.02.2020-02:43:20,8.00000000e+00,6.45252466e-01,8.99476910e+00,2.11036485e-03,1.93312729e+02,8.01551895e+01,1.89357052e+01,1.30351529e-01,2.01726824e-01
5345803-S04-156I3-A-L-B-190,20.02.2020-02:43:22,9.00000000e+00,6.42489195e-01,9.02963924e+00,2.09055748e-03,2.08982483e+02,7.99376907e+01,1.88763504e+01,1.23701468e-01,1.95530280e-01
5345803-S04-156I3-A-L-B-190,20.02.2020-02:43:24,8.00000000e+00,6.46943152e-01,8.96939182e+00,1.91761856e-03,3.14027710e+02,8.02335587e+01,1.89502678e+01,6.86431751e-02,1.20593272e-01
5345803-S04-156I3-A-L-B-190,20.02.2020-02:43:26,7.00000000e+00,6.47360384e-01,8.99941444e+00,1.84251880e-03,5.82326538e+02,8.04610596e+01,1.90799103e+01,5.45472987e-02,3.13370526e-01
5345803-S04-156I3-A-L-B-190,20.02.2020-02:43:28,1.90000000e+01,6.43786967e-01,8.94955921e+00,1.55690033e-03,1.51733429e+02,7.99263763e+01,1.87440815e+01,1.35405779e-01,1.79729074e-01
5345803-S04-156I3-A-L-B-190,20.02.2020-02:43:30,7.00000000e+00,6.46436930e-01,9.02254391e+00,1.72374013e-03,2.37157288e+02,8.04346390e+01,1.90953865e+01,1.00073919e-01,1.52861387e-01
5345803-S04-156I3-A-L-B-190,20.02.2020-02:43:33,8.00000000e+00,6.46188438e-01,9.00741386e+00,1.94517034e-03,3.04769859e+01,8.02607651e+01,1.90148449e+01,5.77945352e-01,7.54948735e-01
5345803-S04-156I3-A-L-B-190,20.02.2020-02:43:35,1.00000000e+00,6.37720704e-01,8.89206219e+00,1.80624728e-03,6.80292587e+01,8.00765991e+01,1.84828472e+01,3.42480540e-01,5.42892516e-01
5345803-S04-156I3-A-L-B-190,20.02.2020-02:43:37,9.00000000e+00,6.44051194e-01,8.93854523e+00,1.93187548e-03,1.47335464e+02,8.03628540e+01,1.88309746e+01,1.79967880e-01,3.80299360e-01
5345803-S04-156I3-A-L-B-190,20.02.2020-02:43:39,1.90000000e+01,6.43486440e-01,8.91254234e+00,1.89578393e-03,1.02877945e+02,8.04286957e+01,1.87750969e+01,2.39792049e-01,6.03702426e-01
5345803-S04-156I3-A-L-B-190,20.02.2020-02:44:25,2.00000000e+01,6.42087638e-01,8.92665386e+00,2.40713987e-03,2.07592773e+02,7.97799530e+01,1.86125984e+01,1.13650590e-01,1.87803105e-01
5345803-S04-156I3-A-L-B-190,20.02.2020-02:44:27,1.40000000e+01,6.43473804e-01,8.92394447e+00,2.12033815e-03,1.85962353e+01,7.96852951e+01,1.86249924e+01,1.42999256e+00,1.72420943e+00
5345803-S04-156I3-A-L-B-190,20.02.2020-02:44:29,9.00000000e+00,6.44414842e-01,8.93967056e+00,1.75334525e-03,1.53768707e+02,8.03874893e+01,1.88497562e+01,1.82958886e-01,4.64090377e-01
5345803-S04-156I3-A-L-B-190,20.02.2020-02:44:31,2.00000000e+01,6.41906321e-01,8.93942642e+00,2.27827090e-03,1.58913452e+02,7.99354935e+01,1.86702938e+01,2.83071190e-01,4.07086909e-01
5345803-S04-156I3-A-L-B-190,20.02.2020-02:44:33,2.00000000e+01,6.42531693e-01,8.94551468e+00,2.30322918e-03,1.42660522e+02,7.98351135e+01,1.86777287e+01,1.69225186e-01,2.52942264e-01
5345803-S04-156I3-A-L-B-190,20.02.2020-02:44:35,1.90000000e+01,6.43356502e-01,8.95707321e+00,2.35101255e-03,2.39151352e+02,7.99371262e+01,1.87497959e+01,1.08066306e-01,1.75111473e-01
5345803-S04-156I3-A-L-B-190,20.02.2020-02:44:37,2.00000000e+01,6.41574562e-01,8.92193317e+00,2.35987036e-03,2.86843964e+02,7.99159851e+01,1.86195850e+01,1.36642084e-01,5.20252407e-01
5345803-S04-156I3-A-L-B-190,20.02.2020-02:44:39,2.00000000e+01,6.43600941e-01,8.93793392e+00,2.01800535e-03,8.06475281e+02,7.96748581e+01,1.86554317e+01,4.22451980e-02,8.41569602e-02
5345803-S04-156I3-A-L-B-190,20.02.2020-02:44:41,1.90000000e+01,6.43579960e-01,8.96109390e+00,2.12970003e-03,2.36138672e+02,7.97300873e+01,1.87161274e+01,8.98458436e-02,1.39902622e-01
5345803-S04-156I3-A-L-B-190,20.02.2020-02:44:44,7.00000000e+00,6.46397114e-01,9.01504230e+00,1.82403647e-03,3.44819153e+02,8.03981323e+01,1.90696774e+01,7.40071759e-02,1.30439296e-01
5345803-S04-156I3-A-L-B-190,20.02.2020-02:45:09,2.00000000e+01,6.43825412e-01,8.86582279e+00,2.29035481e-03,2.93087189e+02,8.01421967e+01,1.86199532e+01,1.15865275e-01,6.82245255e-01
5345803-S04-156I3-A-L-B-190,20.02.2020-02:45:11,2.00000000e+01,6.42187774e-01,8.89574432e+00,2.14353297e-03,6.68513855e+02,8.02695923e+01,1.86648960e+01,4.13311534e-02,2.45869637e-01
5345803-S04-156I3-A-L-B-190,20.02.2020-02:45:13,2.00000000e+01,6.42945766e-01,8.91561604e+00,2.19915854e-03,2.15027512e+02,7.99472504e+01,1.86534634e+01,1.48744598e-01,3.85421842e-01
5345803-S04-156I3-A-L-B-190,20.02.2020-02:45:15,2.00000000e+01,6.42485082e-01,8.90579128e+00,2.11225403e-03,1.32577332e+02,7.99854507e+01,1.86284523e+01,2.04229355e-01,4.28047329e-01
5345803-S04-156I3-A-L-B-190,20.02.2020-02:45:17,2.00000000e+01,6.43703222e-01,8.91262627e+00,1.79596234e-03,6.64564941e+02,8.00757599e+01,1.86991825e+01,7.99825266e-02,9.84354466e-02
5345803-S04-156I3-A-L-B-190,20.02.2020-02:45:19,2.00000000e+01,6.43748879e-01,8.88497448e+00,1.87020772e-03,4.10855316e+02,8.02674103e+01,1.86871090e+01,1.15966544e-01,6.00878417e-01
5345803-S04-156I3-A-L-B-190,20.02.2020-02:45:21,2.00000000e+01,6.42753720e-01,8.88234425e+00,2.05963780e-03,2.98299957e+02,8.00949249e+01,1.86126137e+01,1.25565514e-01,1.49370238e-01
5345803-S04-156I3-A-L-B-190,20.02.2020-02:45:23,2.00000000e+01,6.43788397e-01,8.87489319e+00,1.98851922e-03,1.88854675e+02,8.01063766e+01,1.86296005e+01,1.04621835e-01,1.59669846e-01
5345803-S04-156I3-A-L-B-190,20.02.2020-02:45:25,2.00000000e+01,6.41545832e-01,8.92120457e+00,2.15863017e-03,1.28799332e+02,8.00843430e+01,1.86564503e+01,1.66687042e-01,2.86481410e-01
5345803-S04-156I3-A-L-B-190,20.02.2020-02:45:27,2.00000000e+01,6.42102778e-01,8.91432190e+00,1.92273175e-03,2.75291656e+02,8.00992126e+01,1.86617050e+01,1.19089924e-01,3.59615475e-01
5345803-S04-156I3-A-L-B-190,20.02.2020-02:46:15,2.00000000e+01,6.43137395e-01,8.89192009e+00,2.01912620e-03,3.16490906e+02,8.02846069e+01,1.86879559e+01,1.22846775e-01,2.42777601e-01
5345803-S04-156I3-A-L-B-190,20.02.2020-02:46:17,1.90000000e+01,6.44078553e-01,8.89159870e+00,1.89089135e-03,2.30539658e+02,8.02839355e+01,1.87144699e+01,1.24908626e-01,2.28367597e-01
5345803-S04-156I3-A-L-B-190,20.02.2020-02:46:19,2.00000000e+01,6.41547799e-01,8.89389610e+00,2.03429605e-03,2.97625824e+02,8.01986160e+01,1.86259365e+01,1.04621537e-01,3.53142411e-01
5345803-S04-156I3-A-L-B-190,20.02.2020-02:46:21,2.00000000e+01,6.44230962e-01,8.87758350e+00,1.89434167e-03,1.56557297e+02,8.02848892e+01,1.86896152e+01,1.78432584e-01,3.44511718e-01
5345803-S04-156I3-A-L-B-190,20.02.2020-02:46:23,2.00000000e+01,6.44156575e-01,8.89173412e+00,1.95998349e-03,3.96718994e+02,8.00340729e+01,1.86587715e+01,8.96454602e-02,2.07003355e-01
5345803-S04-156I3-A-L-B-190,20.02.2020-02:46:25,2.00000000e+01,6.42587602e-01,8.90756226e+00,2.36153044e-03,3.30588928e+02,7.99107437e+01,1.86177254e+01,9.73862186e-02,2.13758677e-01
5345803-S04-156I3-A-L-B-190,20.02.2020-02:46:28,2.00000000e+01,6.42056227e-01,8.88169670e+00,1.99485547e-03,2.96573608e+02,8.01503525e+01,1.86039257e+01,9.79961529e-02,2.32916534e-01
5345803-S04-156I3-A-L-B-190,20.02.2020-02:46:30,2.00000000e+01,6.42235994e-01,8.92037392e+00,2.14747898e-03,2.36618317e+02,8.01124954e+01,1.86813450e+01,1.06075630e-01,1.69643298e-01
5345803-S04-156I3-A-L-B-190,20.02.2020-02:46:32,2.00000000e+01,6.42048359e-01,8.90599632e+00,1.95743889e-03,3.22371887e+02,8.02758484e+01,1.86838055e+01,8.88573006e-02,1.87796608e-01
5345803-S04-156I3-A-L-B-190,20.02.2020-02:46:34,2.00000000e+01,6.40990913e-01,8.90974331e+00,2.07348261e-03,2.40766663e+02,8.00329819e+01,1.86044254e+01,1.22740231e-01,2.87258625e-01
5345803-S04-156I3-A-L-B-190,20.02.2020-02:46:57,1.90000000e+01,6.45565450e-01,8.89821148e+00,2.07303488e-03,3.10594788e+02,8.01377487e+01,1.87374439e+01,8.96791965e-02,1.52143717e-01
5345803-S04-156I3-A-L-B-190,20.02.2020-02:46:59,9.00000000e+00,6.45333230e-01,8.93233967e+00,1.96550903e-03,2.78664948e+02,8.02564316e+01,1.88303909e+01,1.46748260e-01,3.10331941e-01
5345803-S04-156I3-A-L-B-190,20.02.2020-02:47:01,1.90000000e+01,6.43528521e-01,8.91010666e+00,1.76640518e-03,1.02078865e+02,8.02311783e+01,1.87250977e+01,2.40716949e-01,3.16212714e-01
5345803-S04-156I3-A-L-B-190,20.02.2020-02:47:03,1.90000000e+01,6.45907104e-01,8.89375210e+00,1.66220265e-03,4.95316742e+02,8.02626724e+01,1.87671738e+01,1.17380723e-01,2.11935267e-01
5345803-S04-156I3-A-L-B-190,20.02.2020-02:47:05,1.90000000e+01,6.44023478e-01,8.91853619e+00,2.14107265e-03,1.61359161e+02,8.02074127e+01,1.87516708e+01,1.31716311e-01,2.06579924e-01
5345803-S04-156I3-A-L-B-190,20.02.2020-02:47:07,1.90000000e+01,6.43226683e-01,8.93236828e+00,2.10614339e-03,1.29107239e+02,8.01812210e+01,1.87513924e+01,2.84430206e-01,3.95547777e-01
5345803-S04-156I3-A-L-B-190,20.02.2020-02:47:09,1.90000000e+01,6.43918574e-01,8.89776993e+00,1.76857796e-03,1.92181412e+02,8.02226715e+01,1.87085209e+01,1.08740792e-01,1.54886216e-01
5345803-S04-156I3-A-L-B-190,20.02.2020-02:47:11,1.90000000e+01,6.43832326e-01,8.93718433e+00,2.00783438e-03,3.37482758e+02,8.01644135e+01,1.87752323e+01,1.13616116e-01,2.87923902e-01
5345803-S04-156I3-A-L-B-190,20.02.2020-02:47:13,1.90000000e+01,6.42956197e-01,8.92154121e+00,2.13989895e-03,5.22132385e+02,8.01753540e+01,1.87194195e+01,8.17554221e-02,2.30378747e-01
5345803-S04-156I3-A-L-B-190,20.02.2020-02:47:16,1.90000000e+01,6.43469989e-01,8.91256714e+00,2.04108818e-03,9.13377380e+02,8.01518021e+01,1.87100353e+01,9.08372328e-02,2.26823375e-01
5345803-S04-156I3-A-L-B-190,20.02.2020-02:47:39,1.90000000e+01,6.43574238e-01,8.94323349e+00,2.25005462e-03,4.69994324e+02,7.99684906e+01,1.87345085e+01,6.31282702e-02,1.51094466e-01
5345803-S04-156I3-A-L-B-190,20.02.2020-02:47:41,1.90000000e+01,6.42233729e-01,8.91130829e+00,1.93520484e-03,3.83942963e+02,8.03555298e+01,1.87189102e+01,8.09826627e-02,1.99339673e-01
5345803-S04-156I3-A-L-B-190,20.02.2020-02:47:43,1.90000000e+01,6.43119276e-01,8.92084503e+00,1.85909017e-03,4.67749329e+02,8.03080902e+01,1.87537022e+01,5.44011295e-02,1.39508829e-01
5345803-S04-156I3-A-L-B-190,20.02.2020-02:47:45,1.90000000e+01,6.42731607e-01,8.91764736e+00,1.92578626e-03,4.97273071e+02,8.03439255e+01,1.87440395e+01,8.50599483e-02,1.88487872e-01
5345803-S04-156I3-A-L-B-190,20.02.2020-02:47:47,2.00000000e+01,6.42554700e-01,8.91342068e+00,2.22927192e-03,8.87193115e+02,8.01442108e+01,1.86834412e+01,5.10759093e-02,1.48922771e-01
5345803-S04-156I3-A-L-B-190,20.02.2020-02:47:49,1.90000000e+01,6.42703712e-01,8.93207550e+00,1.91362097e-03,2.16266281e+02,8.02225571e+01,1.87451916e+01,1.34235814e-01,1.72683895e-01
5345803-S04-156I3-A-L-B-190,20.02.2020-02:47:51,9.00000000e+00,6.44134045e-01,8.93941879e+00,1.90732046e-03,1.71232391e+02,8.03363113e+01,1.88290157e+01,1.19386353e-01,1.47839144e-01
5345803-S04-156I3-A-L-B-190,20.02.2020-02:47:53,1.90000000e+01,6.43822134e-01,8.89784908e+00,1.83796231e-03,2.45796463e+02,8.03859863e+01,1.87439651e+01,1.36536166e-01,1.83849752e-01
5345803-S04-156I3-A-L-B-190,20.02.2020-02:47:55,9.00000000e+00,6.45720601e-01,8.94055653e+00,2.29583681e-03,3.94485382e+02,8.00097961e+01,1.88010693e+01,8.24137107e-02,1.22604094e-01
5345803-S04-156I3-A-L-B-190,20.02.2020-02:47:58,9.00000000e+00,6.44953132e-01,8.96027279e+00,2.02005496e-03,1.53135223e+02,8.00502319e+01,1.88296471e+01,1.61441579e-01,1.92940295e-01
5345803-S04-156I3-A-L-B-190,20.02.2020-02:48:21,2.00000000e+01,6.42234027e-01,8.91265011e+00,1.93918752e-03,3.76150513e+02,8.02502060e+01,1.86971970e+01,1.47305116e-01,4.16588396e-01
5345803-S04-156I3-A-L-B-190,20.02.2020-02:48:23,9.00000000e+00,6.44390345e-01,8.96366119e+00,1.94068206e-03,8.93941162e+02,8.00485153e+01,1.88199272e+01,5.29857241e-02,1.00568220e-01
5345803-S04-156I3-A-L-B-190,20.02.2020-02:48:25,1.90000000e+01,6.44844294e-01,8.91386700e+00,1.95886148e-03,3.33775452e+02,8.02418137e+01,1.87737885e+01,9.27023962e-02,1.37899503e-01
5345803-S04-156I3-A-L-B-190,20.02.2020-02:48:27,1.90000000e+01,6.44745767e-01,8.91044712e+00,1.84212986e-03,7.27821838e+02,8.02342606e+01,1.87619534e+01,4.71502244e-02,7.43037015e-02
5345803-S04-156I3-A-L-B-190,20.02.2020-02:48:29,1.90000000e+01,6.43612504e-01,8.94589233e+00,2.04632734e-03,4.47583893e+02,8.00685196e+01,1.87646351e+01,9.53149870e-02,1.64959386e-01
5345803-S04-156I3-A-L-B-190,20.02.2020-02:48:31,1.90000000e+01,6.45324767e-01,8.88274860e+00,1.64654455e-03,5.17661438e+02,8.02451401e+01,1.87229652e+01,5.38147166e-02,8.60986114e-02
5345803-S04-156I3-A-L-B-190,20.02.2020-02:48:33,1.90000000e+01,6.45375788e-01,8.92045116e+00,1.91446987e-03,2.66019989e+02,8.02059250e+01,1.87947330e+01,1.16196692e-01,2.16241777e-01
5345803-S04-156I3-A-L-B-190,20.02.2020-02:48:35,1.90000000e+01,6.45301759e-01,8.88203144e+00,1.86998688e-03,3.37469818e+02,8.03881378e+01,1.87541466e+01,1.48555294e-01,2.68560350e-01
5345803-S04-156I3-A-L-B-190,20.02.2020-02:48:37,2.00000000e+01,6.41695201e-01,8.90683365e+00,1.98519975e-03,3.21720581e+02,8.02892838e+01,1.86784096e+01,1.60004199e-01,5.89032710e-01
5345803-S04-156I3-A-L-B-190,20.02.2020-02:48:39,1.90000000e+01,6.41591728e-01,8.98227692e+00,2.00934825e-03,5.47644714e+02,7.98069839e+01,1.87204514e+01,5.68155535e-02,1.25082284e-01
5345803-S04-156I3-A-L-B-190,20.02.2020-02:44:46,7.00000000e+00,6.48773551e-01,9.01336288e+00,1.95652246e-03,2.43779526e+02,8.04814835e+01,1.91560593e+01,1.09449610e-01,2.24857450e-01
5345803-S04-156I3-A-L-B-190,20.02.2020-02:44:48,8.00000000e+00,6.46274567e-01,9.00288486e+00,2.23782402e-03,3.58978241e+02,8.02346725e+01,1.90016384e+01,6.12868257e-02,1.17871724e-01
5345803-S04-156I3-A-L-B-190,20.02.2020-02:44:50,2.10000000e+01,6.41577244e-01,8.93203640e+00,2.16423301e-03,7.24434128e+01,7.96721039e+01,1.85838604e+01,3.16460401e-01,7.41729558e-01
5345803-S04-156I3-A-L-B-190,20.02.2020-02:44:52,8.00000000e+00,6.45256519e-01,8.98446560e+00,2.08654022e-03,1.81688889e+02,8.02674103e+01,1.89406166e+01,1.08674563e-01,2.20867872e-01
5345803-S04-156I3-A-L-B-190,20.02.2020-02:44:54,1.00000000e+00,6.39645576e-01,8.90331650e+00,2.39136186e-03,2.94158783e+02,7.97511826e+01,1.84866619e+01,2.74402320e-01,1.95785975e+00
5345803-S04-156I3-A-L-B-190,20.02.2020-02:44:56,2.10000000e+01,6.42509997e-01,8.93588924e+00,2.51377630e-03,1.96961227e+02,7.95309067e+01,1.85859070e+01,2.98932821e-01,4.00973588e-01
5345803-S04-156I3-A-L-B-190,20.02.2020-02:44:58,2.00000000e+01,6.40706360e-01,8.95490742e+00,2.22238596e-03,2.38860641e+02,7.97997589e+01,1.86359653e+01,1.28646106e-01,3.06606621e-01
5345803-S04-156I3-A-L-B-190,20.02.2020-02:45:00,1.90000000e+01,6.42996550e-01,8.94455051e+00,1.99966086e-03,2.73474457e+02,7.99391174e+01,1.87135735e+01,9.11128893e-02,1.39930904e-01
5345803-S04-156I3-A-L-B-190,20.02.2020-02:45:02,7.00000000e+00,6.48214042e-01,9.00429440e+00,1.89030310e-03,4.76099365e+02,8.05990829e+01,1.91482201e+01,6.52987063e-02,1.70267478e-01
5345803-S04-156I3-A-L-B-190,20.02.2020-02:45:06,2.10000000e+01,6.42236292e-01,8.88434887e+00,2.21690582e-03,3.25676208e+02,8.00190659e+01,1.85842094e+01,1.23115443e-01,2.84907430e-01
5345803-S04-156I3-A-L-B-190,20.02.2020-02:45:29,2.00000000e+01,6.45010710e-01,8.87569809e+00,1.98091613e-03,2.81275452e+02,8.01514740e+01,1.86771755e+01,8.48947763e-02,1.70928359e-01
5345803-S04-156I3-A-L-B-190,20.02.2020-02:45:32,1.90000000e+01,6.45140111e-01,8.88908863e+00,1.65686361e-03,1.74269897e+02,8.02997742e+01,1.87437210e+01,1.13277584e-01,2.15309948e-01
5345803-S04-156I3-A-L-B-190,20.02.2020-02:45:34,2.00000000e+01,6.41685069e-01,8.87829494e+00,1.88221177e-03,2.63020966e+02,8.03381653e+01,1.86296024e+01,1.18873298e-01,3.68689477e-01
5345803-S04-156I3-A-L-B-190,20.02.2020-02:45:36,2.00000000e+01,6.41597331e-01,8.89727592e+00,1.82664429e-03,2.80613342e+02,8.03464584e+01,1.86688042e+01,1.23319447e-01,2.46779859e-01
5345803-S04-156I3-A-L-B-190,20.02.2020-02:45:38,2.00000000e+01,6.42803967e-01,8.88596535e+00,1.77037448e-03,2.96969421e+02,8.00911636e+01,1.86207848e+01,9.99593437e-02,2.90759265e-01
5345803-S04-156I3-A-L-B-190,20.02.2020-02:45:40,2.00000000e+01,6.42298937e-01,8.89027691e+00,2.03678850e-03,2.35267807e+02,8.00651932e+01,1.86091461e+01,1.78334102e-01,2.90725887e-01
5345803-S04-156I3-A-L-B-190,20.02.2020-02:45:42,2.00000000e+01,6.42380953e-01,8.88961887e+00,1.83201651e-03,2.24265305e+02,8.01222687e+01,1.86234112e+01,1.20223805e-01,2.84661740e-01
5345803-S04-156I3-A-L-B-190,20.02.2020-02:45:44,2.00000000e+01,6.43946767e-01,8.87621021e+00,2.24622013e-03,3.41801941e+02,8.00812073e+01,1.86310940e+01,1.30011410e-01,6.39841557e-01
5345803-S04-156I3-A-L-B-190,20.02.2020-02:45:46,2.00000000e+01,6.43712342e-01,8.91209698e+00,1.93852861e-03,1.47912598e+02,7.99670486e+01,1.86729507e+01,2.22768679e-01,3.36712658e-01
5345803-S04-156I3-A-L-B-190,20.02.2020-02:46:13,2.00000000e+01,6.43126607e-01,8.88042736e+00,1.83567870e-03,1.48367859e+02,8.00597305e+01,1.86112118e+01,2.61131823e-01,4.96070176e-01
5345803-S04-156I3-A-L-B-190,20.02.2020-02:46:36,2.10000000e+01,6.42346740e-01,8.90780544e+00,2.36839545e-03,2.96952850e+02,7.98091354e+01,1.85875893e+01,9.00953561e-02,1.42491266e-01
5345803-S04-156I3-A-L-B-190,20.02.2020-02:46:38,2.00000000e+01,6.43023014e-01,8.92302036e+00,2.10612873e-03,5.59727051e+02,7.99406662e+01,1.86696587e+01,8.37896764e-02,1.31707877e-01
5345803-S04-156I3-A-L-B-190,20.02.2020-02:46:40,1.90000000e+01,6.43297791e-01,8.92166042e+00,2.15844042e-03,3.35234863e+02,8.01207275e+01,1.87168522e+01,9.19146985e-02,1.94770500e-01
5345803-S04-156I3-A-L-B-190,20.02.2020-02:46:42,2.00000000e+01,6.43094957e-01,8.92591381e+00,2.27553514e-03,4.13428680e+02,7.98446579e+01,1.86553688e+01,8.34180042e-02,1.32211477e-01
5345803-S04-156I3-A-L-B-190,20.02.2020-02:46:44,2.00000000e+01,6.41786337e-01,8.92579746e+00,2.07441696e-03,2.87495148e+02,8.01418839e+01,1.86864681e+01,9.54324752e-02,1.54071286e-01
5345803-S04-156I3-A-L-B-190,20.02.2020-02:46:46,2.00000000e+01,6.41897202e-01,8.91888428e+00,2.04654154e-03,2.35402603e+02,8.00100479e+01,1.86445007e+01,9.74887311e-02,1.63872376e-01
5345803-S04-156I3-A-L-B-190,20.02.2020-02:46:49,1.90000000e+01,6.45366788e-01,8.91519356e+00,2.01524841e-03,2.42516174e+02,8.00503998e+01,1.87469711e+01,9.58601311e-02,1.37030751e-01
5345803-S04-156I3-A-L-B-190,20.02.2020-02:46:51,1.90000000e+01,6.41993582e-01,8.90397453e+00,1.91141339e-03,6.16102905e+02,8.03806763e+01,1.87023602e+01,6.07468300e-02,2.41907045e-01
5345803-S04-156I3-A-L-B-190,20.02.2020-02:46:53,9.00000000e+00,6.44802153e-01,8.95350838e+00,2.09020916e-03,9.41485352e+02,8.01822662e+01,1.88420544e+01,3.18801738e-02,6.05174452e-02
5345803-S04-156I3-A-L-B-190,20.02.2020-02:46:55,1.90000000e+01,6.45676255e-01,8.89405251e+00,2.10654223e-03,3.26643951e+02,8.00373077e+01,1.87084236e+01,9.45104882e-02,1.64251715e-01
5345803-S04-156I3-A-L-B-190,20.02.2020-02:47:18,1.90000000e+01,6.43713772e-01,8.93805504e+00,2.20358255e-03,7.78282043e+02,8.00259705e+01,1.87411823e+01,5.25131933e-02,1.25267908e-01
5345803-S04-156I3-A-L-B-190,20.02.2020-02:47:20,1.90000000e+01,6.42278075e-01,8.92016983e+00,2.03461153e-03,5.24133240e+02,8.02953262e+01,1.87247772e+01,9.25546512e-02,2.79279947e-01
5345803-S04-156I3-A-L-B-190,20.02.2020-02:47:22,1.90000000e+01,6.44580126e-01,8.95712757e+00,2.10662838e-03,3.98446083e+01,7.99278946e+01,1.87834015e+01,5.39896250e-01,6.18906260e-01
5345803-S04-156I3-A-L-B-190,20.02.2020-02:47:24,1.90000000e+01,6.42953575e-01,8.89316940e+00,1.86070811e-03,1.61494034e+02,8.04349518e+01,1.87202301e+01,1.67889550e-01,3.52205694e-01
5345803-S04-156I3-A-L-B-190,20.02.2020-02:47:26,1.90000000e+01,6.45721734e-01,8.93230629e+00,2.02612090e-03,2.40959396e+02,8.00737228e+01,1.87987614e+01,1.11273095e-01,1.57226294e-01
5345803-S04-156I3-A-L-B-190,20.02.2020-02:47:28,1.90000000e+01,6.44362092e-01,8.92517757e+00,2.11498910e-03,2.00784546e+02,7.99618759e+01,1.87180252e+01,1.33643284e-01,1.61887586e-01
5345803-S04-156I3-A-L-B-190,20.02.2020-02:47:30,1.90000000e+01,6.44055188e-01,8.92671490e+00,2.11278233e-03,8.29583588e+01,7.99335709e+01,1.87057076e+01,2.81471610e-01,4.27688897e-01
5345803-S04-156I3-A-L-B-190,20.02.2020-02:47:32,2.00000000e+01,6.43918872e-01,8.93848801e+00,2.36749859e-03,5.44666016e+02,7.98171387e+01,1.86991367e+01,8.44061673e-02,1.70796186e-01
5345803-S04-156I3-A-L-B-190,20.02.2020-02:47:34,1.90000000e+01,6.43235087e-01,8.93770885e+00,2.27606273e-03,6.72289673e+02,8.00666809e+01,1.87360439e+01,6.70486465e-02,1.34890214e-01
5345803-S04-156I3-A-L-B-190,20.02.2020-02:47:37,2.00000000e+01,6.43707514e-01,8.94567490e+00,2.57838704e-03,7.99063110e+02,7.97812424e+01,1.86996155e+01,4.52847220e-02,1.24101840e-01
5345803-S04-156I3-A-L-B-190,20.02.2020-02:48:00,1.90000000e+01,6.43420219e-01,8.92285538e+00,2.35537556e-03,4.97698547e+02,8.00610199e+01,1.87089691e+01,7.58566707e-02,1.27605006e-01
5345803-S04-156I3-A-L-B-190,20.02.2020-02:48:02,1.90000000e+01,6.43573463e-01,8.93343163e+00,2.00797454e-03,2.71406158e+02,8.01215286e+01,1.87497654e+01,1.47064656e-01,1.79717109e-01
5345803-S04-156I3-A-L-B-190,20.02.2020-02:48:04,9.00000000e+00,6.44338608e-01,8.94294262e+00,1.84674817e-03,2.63045776e+02,8.02153931e+01,1.88140583e+01,1.05980724e-01,1.30637974e-01
5345803-S04-156I3-A-L-B-190,20.02.2020-02:48:06,1.90000000e+01,6.44532859e-01,8.91930199e+00,2.24363175e-03,1.04412012e+03,8.02102051e+01,1.87687683e+01,3.37756686e-02,8.45931992e-02
5345803-S04-156I3-A-L-B-190,20.02.2020-02:48:08,1.90000000e+01,6.44373715e-01,8.94282532e+00,2.25957436e-03,3.48954498e+02,7.99650040e+01,1.87561092e+01,7.16350600e-02,1.42180517e-01
5345803-S04-156I3-A-L-B-190,20.02.2020-02:48:10,1.90000000e+01,6.45215094e-01,8.90250301e+00,2.01932527e-03,2.27517349e+02,8.01960831e+01,1.87499466e+01,8.71757045e-02,1.29068166e-01
5345803-S04-156I3-A-L-B-190,20.02.2020-02:48:12,1.90000000e+01,6.45712972e-01,8.90781307e+00,2.09586695e-03,6.46117554e+02,8.00447311e+01,1.87401714e+01,5.88590130e-02,9.96550098e-02
5345803-S04-156I3-A-L-B-190,20.02.2020-02:48:14,1.90000000e+01,6.43769324e-01,8.93126774e+00,1.72191428e-03,4.10620239e+02,8.02290649e+01,1.87760983e+01,7.97579885e-02,9.41863880e-02
5345803-S04-156I3-A-L-B-190,20.02.2020-02:48:16,9.00000000e+00,6.42711759e-01,8.96077442e+00,1.53303472e-03,6.79202087e+02,8.03388519e+01,1.88329182e+01,4.35707867e-02,5.65757602e-02
5345803-S04-156I3-A-L-B-190,20.02.2020-02:48:18,1.90000000e+01,6.43265367e-01,8.91875172e+00,1.92470709e-03,4.86861572e+02,8.02751007e+01,1.87458572e+01,7.94567764e-02,1.73608601e-01
5345803-S04-156I3-A-L-B-190,20.02.2020-02:48:41,1.90000000e+01,6.43016100e-01,8.91582489e+00,1.79853896e-03,3.10283844e+02,8.02162247e+01,1.87187042e+01,1.26535520e-01,1.80561289e-01
5345803-S04-156I3-A-L-B-190,20.02.2020-02:48:44,1.90000000e+01,6.44249976e-01,8.94555473e+00,1.64657959e-03,6.26721497e+01,7.99161224e+01,1.87467632e+01,4.18751717e-01,5.87407172e-01
5345803-S04-156I3-A-L-B-190,20.02.2020-02:48:46,1.90000000e+01,6.44185066e-01,8.94410229e+00,1.76386919e-03,7.99398499e+01,7.99092712e+01,1.87402248e+01,3.34861755e-01,4.47884798e-01
5345803-S04-156I3-A-L-B-190,20.02.2020-02:48:48,1.90000000e+01,6.44483566e-01,8.93800354e+00,1.91254658e-03,1.22446938e+02,7.99289627e+01,1.87407398e+01,2.35166028e-01,3.31202030e-01
5345803-S04-156I3-A-L-B-190,20.02.2020-02:48:50,1.90000000e+01,6.44531608e-01,8.92208195e+00,2.04019970e-03,1.08050697e+02,8.00670471e+01,1.87410717e+01,2.79028654e-01,3.97923380e-01
5345803-S04-156I3-A-L-B-190,20.02.2020-02:48:52,1.90000000e+01,6.42963409e-01,8.91099358e+00,1.85612985e-03,1.93626480e+02,8.02531281e+01,1.87156334e+01,1.20314024e-01,1.75464422e-01
5345803-S04-156I3-A-L-B-190,20.02.2020-02:48:54,1.90000000e+01,6.44192934e-01,8.94168949e+00,1.70038361e-03,1.52100449e+02,7.99488373e+01,1.87446728e+01,1.95784941e-01,2.40454584e-01
5345803-S04-156I3-A-L-B-190,20.02.2020-02:48:56,1.90000000e+01,6.44882739e-01,8.94565964e+00,2.36764317e-03,1.32943466e+02,7.98449554e+01,1.87486858e+01,2.19129652e-01,2.87891328e-01
5345803-S04-156I3-A-L-B-190,20.02.2020-02:48:58,1.90000000e+01,6.45062447e-01,8.95285416e+00,1.97747652e-03,1.03451027e+02,7.97944336e+01,1.87571163e+01,2.09973320e-01,2.77110100e-01
5345803-S04-156I3-A-L-B-190,20.02.2020-02:49:00,1.90000000e+01,6.44422948e-01,8.93596363e+00,1.83506694e-03,1.19428009e+02,8.01149902e+01,1.87783070e+01,2.52009749e-01,3.55995387e-01
5345803-S04-156I3-A-L-B-190,20.02.2020-02:49:23,1.90000000e+01,6.43347561e-01,8.93474483e+00,1.74734846e-03,2.73731812e+02,8.00489044e+01,1.87289486e+01,7.66683742e-02,9.85136554e-02
5345803-S04-156I3-A-L-B-190,20.02.2020-02:49:25,1.90000000e+01,6.43291533e-01,8.93954372e+00,1.87610730e-03,1.54990250e+02,7.99738693e+01,1.87198143e+01,1.85614929e-01,2.22400367e-01
5345803-S04-156I3-A-L-B-190,20.02.2020-02:49:27,2.00000000e+01,6.43838048e-01,8.92531109e+00,1.97991426e-03,7.61155701e+01,7.99221344e+01,1.86937866e+01,3.12829912e-01,4.05968279e-01
5345803-S04-156I3-A-L-B-190,20.02.2020-02:49:29,2.00000000e+01,6.42337859e-01,8.92428684e+00,2.00999225e-03,1.52650681e+02,8.00450516e+01,1.86767673e+01,1.62263989e-01,3.66541207e-01
5345803-S04-156I3-A-L-B-190,20.02.2020-02:49:32,9.00000000e+00,6.44445419e-01,8.95134068e+00,1.91127695e-03,8.31226013e+02,8.03529663e+01,1.88671532e+01,2.10510157e-02,4.37435955e-02
5345803-S04-156I3-A-L-B-190,20.02.2020-02:49:34,9.00000000e+00,6.45421267e-01,8.95055771e+00,2.18581920e-03,1.76671570e+02,8.01584167e+01,1.88483219e+01,1.48806423e-01,1.91198945e-01
5345803-S04-156I3-A-L-B-190,20.02.2020-02:49:36,9.00000000e+00,6.44262791e-01,8.95317078e+00,1.96828227e-03,3.98410919e+02,8.04248581e+01,1.88825417e+01,5.51231876e-02,8.94468501e-02
5345803-S04-156I3-A-L-B-190,20.02.2020-02:49:38,9.00000000e+00,6.45289481e-01,8.94015026e+00,1.88176590e-03,1.23229805e+02,8.01452942e+01,1.88194790e+01,2.16474161e-01,2.69528806e-01
5345803-S04-156I3-A-L-B-190,20.02.2020-02:49:40,9.00000000e+00,6.44666970e-01,8.95792103e+00,1.79015426e-03,2.27865646e+02,8.02865677e+01,1.88719044e+01,1.03521831e-01,2.92506248e-01
5345803-S04-156I3-A-L-B-190,20.02.2020-02:49:42,9.00000000e+00,6.44664645e-01,8.94797516e+00,1.74390152e-03,3.86903870e+02,8.01561661e+01,1.88202648e+01,6.04496226e-02,9.53873545e-02
5345803-S04-156I3-A-L-B-190,20.02.2020-02:50:06,8.00000000e+00,6.46752834e-01,8.94927979e+00,1.84149796e-03,1.87013718e+02,8.05447998e+01,1.89755383e+01,1.61519796e-01,4.59107250e-01
5345803-S04-156I3-A-L-B-190,20.02.2020-02:50:08,8.00000000e+00,6.47259414e-01,8.97012997e+00,1.92031648e-03,5.46721558e+02,8.04423370e+01,1.90104313e+01,1.03119276e-01,4.09322381e-01
5345803-S04-156I3-A-L-B-190,20.02.2020-02:50:10,8.00000000e+00,6.46850169e-01,8.97007179e+00,1.59588922e-03,2.30528992e+02,8.02427902e+01,1.89511623e+01,1.45049348e-01,2.00752765e-01
5345803-S04-156I3-A-L-B-190,20.02.2020-02:50:12,8.00000000e+00,6.48150027e-01,8.96522045e+00,1.89149345e-03,2.18829086e+02,8.03740921e+01,1.90100288e+01,1.26664549e-01,2.89153278e-01
5345803-S04-156I3-A-L-B-190,20.02.2020-02:50:14,8.00000000e+00,6.47083580e-01,8.96878433e+00,1.70616130e-03,1.93748267e+03,8.03008957e+01,1.89690056e+01,1.59064326e-02,2.37945952e-02
5345803-S04-156I3-A-L-B-190,20.02.2020-02:50:16,8.00000000e+00,6.46618187e-01,8.92646599e+00,1.89398415e-03,2.17438126e+02,8.05911713e+01,1.89341202e+01,2.27076456e-01,5.14132679e-01
5345803-S04-156I3-A-L-B-190,20.02.2020-02:50:18,8.00000000e+00,6.47870839e-01,8.95110798e+00,1.94361154e-03,2.89820770e+02,8.03571930e+01,1.89679413e+01,1.37340441e-01,3.55224490e-01
5345803-S04-156I3-A-L-B-190,20.02.2020-02:50:20,9.00000000e+00,6.46386147e-01,8.95537281e+00,1.94987631e-03,3.12567719e+02,8.02083282e+01,1.88984146e+01,8.94323736e-02,1.92846879e-01
5345803-S04-156I3-A-L-B-190,20.02.2020-02:50:22,9.00000000e+00,6.46178365e-01,8.95972633e+00,1.99478818e-03,5.54342285e+02,8.01604080e+01,1.88902302e+01,5.24607934e-02,1.35375276e-01
5345803-S04-156I3-A-L-B-190,20.02.2020-02:50:24,8.00000000e+00,6.47526085e-01,8.94566154e+00,1.79171283e-03,2.85886597e+02,8.05820160e+01,1.89993191e+01,1.11255817e-01,3.43694836e-01
5345803-S04-156I3-A-L-B-190,20.02.2020-02:49:02,1.90000000e+01,6.43598139e-01,8.92312050e+00,2.06028111e-03,1.73108398e+02,8.00490189e+01,1.87118950e+01,1.94046021e-01,3.09342235e-01
5345803-S04-156I3-A-L-B-190,20.02.2020-02:49:05,1.90000000e+01,6.44367874e-01,8.93680096e+00,1.83017366e-03,2.09630661e+02,8.00798035e+01,1.87702122e+01,1.13945171e-01,2.15664446e-01
5345803-S04-156I3-A-L-B-190,20.02.2020-02:49:07,1.90000000e+01,6.44048035e-01,8.93837357e+00,1.97957573e-03,2.67323608e+02,8.00877914e+01,1.87660656e+01,1.07521728e-01,1.78178683e-01
5345803-S04-156I3-A-L-B-190,20.02.2020-02:49:09,1.90000000e+01,6.43963218e-01,8.93829250e+00,2.20912998e-03,2.92874939e+02,8.00382080e+01,1.87518101e+01,8.37236717e-02,1.51296973e-01
5345803-S04-156I3-A-L-B-190,20.02.2020-02:49:11,1.90000000e+01,6.43851459e-01,8.95665646e+00,1.86050776e-03,2.67675751e+02,8.00024033e+01,1.87786694e+01,8.90413970e-02,1.10967167e-01
5345803-S04-156I3-A-L-B-190,20.02.2020-02:49:13,1.90000000e+01,6.43266797e-01,8.96433830e+00,1.92507450e-03,3.99046570e+02,8.00286865e+01,1.87838783e+01,7.75007159e-02,1.03367344e-01
5345803-S04-156I3-A-L-B-190,20.02.2020-02:49:15,1.90000000e+01,6.43887103e-01,8.92992878e+00,1.65024190e-03,1.90675903e+02,8.00386810e+01,1.87321587e+01,8.76242518e-02,1.09082811e-01
5345803-S04-156I3-A-L-B-190,20.02.2020-02:49:17,1.90000000e+01,6.43810034e-01,8.93506145e+00,2.00494379e-03,2.48924530e+02,7.99904633e+01,1.87293930e+01,9.73702893e-02,1.24147423e-01
5345803-S04-156I3-A-L-B-190,20.02.2020-02:49:19,1.90000000e+01,6.44295275e-01,8.93724060e+00,2.22289562e-03,3.22336517e+02,8.00491867e+01,1.87618446e+01,1.02117226e-01,1.46163955e-01
5345803-S04-156I3-A-L-B-190,20.02.2020-02:49:21,1.90000000e+01,6.44261122e-01,8.94710541e+00,1.94312911e-03,5.00187469e+02,8.00185852e+01,1.87743778e+01,3.91456150e-02,5.39286584e-02
5345803-S04-156I3-A-L-B-190,20.02.2020-02:49:44,9.00000000e+00,6.45270109e-01,8.93169117e+00,1.99058768e-03,2.11475601e+02,8.04101944e+01,1.88632507e+01,9.65314507e-02,1.74519390e-01
5345803-S04-156I3-A-L-B-190,20.02.2020-02:49:47,9.00000000e+00,6.45843267e-01,8.96302986e+00,1.92804495e-03,3.01148926e+02,8.00449066e+01,1.88601799e+01,8.77683163e-02,1.60054520e-01
5345803-S04-156I3-A-L-B-190,20.02.2020-02:49:49,9.00000000e+00,6.45664394e-01,8.96014118e+00,2.15117796e-03,2.54784897e+02,8.00146408e+01,1.88417568e+01,9.13839191e-02,1.23865083e-01
5345803-S04-156I3-A-L-B-190,20.02.2020-02:49:51,1.00000000e+00,6.45765126e-01,8.77919865e+00,2.25257478e-03,4.67544128e+02,7.97569046e+01,1.84046669e+01,3.39862406e-02,6.91147968e-02
5345803-S04-156I3-A-L-B-190,20.02.2020-02:49:53,8.00000000e+00,6.45655215e-01,8.98077679e+00,2.03994056e-03,2.26289352e+02,8.03292313e+01,1.89591274e+01,1.02523908e-01,1.26802772e-01
5345803-S04-156I3-A-L-B-190,20.02.2020-02:49:55,8.00000000e+00,6.46201789e-01,8.94223404e+00,2.01520347e-03,1.69031906e+02,8.04682617e+01,1.89264450e+01,1.48041397e-01,3.10041398e-01
5345803-S04-156I3-A-L-B-190,20.02.2020-02:49:57,8.00000000e+00,6.47352159e-01,8.95194149e+00,1.82907563e-03,1.49265976e+02,8.03976746e+01,1.89640675e+01,1.90942511e-01,3.19350481e-01
5345803-S04-156I3-A-L-B-190,20.02.2020-02:49:59,8.00000000e+00,6.46573305e-01,8.96360207e+00,1.76478329e-03,2.21348373e+02,8.02418213e+01,1.89291592e+01,1.60334915e-01,2.29000539e-01
5345803-S04-156I3-A-L-B-190,20.02.2020-02:50:01,8.00000000e+00,6.46627784e-01,8.97520351e+00,2.06053164e-03,4.56901245e+02,8.03071899e+01,1.89706974e+01,8.36176276e-02,1.09547496e-01
5345803-S04-156I3-A-L-B-190,20.02.2020-02:50:03,8.00000000e+00,6.46544039e-01,8.97842598e+00,2.02448550e-03,2.83236877e+02,8.04043808e+01,1.89980145e+01,1.38871565e-01,1.75154001e-01
5345803-S04-156I3-A-L-B-190,20.02.2020-02:50:26,8.00000000e+00,6.46758497e-01,8.99070740e+00,1.75110786e-03,4.85897430e+02,8.03427200e+01,1.90157185e+01,5.76212071e-02,7.53367990e-02
5345803-S04-156I3-A-L-B-190,20.02.2020-02:50:28,8.00000000e+00,6.46924138e-01,8.99440002e+00,2.16355594e-03,3.79341095e+02,8.01939468e+01,1.89931641e+01,6.60661608e-02,8.61678496e-02
5345803-S04-156I3-A-L-B-190,20.02.2020-02:50:31,8.00000000e+00,6.45665050e-01,8.97872353e+00,2.01987452e-03,4.28775970e+02,8.01669235e+01,1.89167824e+01,5.75951189e-02,8.37594047e-02
5345803-S04-156I3-A-L-B-190,20.02.2020-02:50:33,8.00000000e+00,6.46421671e-01,8.99673843e+00,1.92432909e-03,3.50391724e+02,8.01796951e+01,1.89799747e+01,8.80200043e-02,1.08200595e-01
5345803-S04-156I3-A-L-B-190,20.02.2020-02:50:35,8.00000000e+00,6.46051764e-01,8.98353767e+00,1.87837414e-03,7.90250168e+01,8.03285370e+01,1.89764442e+01,2.76834428e-01,3.24113786e-01
5345803-S04-156I3-A-L-B-190,20.02.2020-02:50:37,8.00000000e+00,6.46563888e-01,8.97226524e+00,2.11867667e-03,8.38889618e+01,8.04285583e+01,1.89912701e+01,3.23332459e-01,4.33762759e-01
5345803-S04-156I3-A-L-B-190,20.02.2020-02:50:39,8.00000000e+00,6.47325516e-01,8.95254040e+00,2.05761380e-03,3.03860077e+02,8.04906006e+01,1.89864769e+01,7.65897036e-02,1.52108893e-01
5345803-S04-156I3-A-L-B-190,20.02.2020-02:50:41,9.00000000e+00,6.47070646e-01,8.94357491e+00,2.15616124e-03,1.30944183e+02,8.02442856e+01,1.89019737e+01,1.73167929e-01,2.72937775e-01
5345803-S04-156I3-A-L-B-190,20.02.2020-02:50:43,8.00000000e+00,6.46019220e-01,8.97972775e+00,2.07974296e-03,1.96039932e+02,8.01771317e+01,1.89316864e+01,1.24076545e-01,1.55875280e-01
5345803-S04-156I3-A-L-B-190,20.02.2020-02:50:45,8.00000000e+00,6.46472812e-01,8.96420670e+00,2.01656786e-03,1.93357483e+02,8.03857346e+01,1.89614410e+01,1.79491818e-01,3.15169036e-01
5345803-S04-156I3-A-L-B-190,20.02.2020-02:51:08,8.00000000e+00,6.45306885e-01,8.99241161e+00,1.83875894e-03,1.14950668e+02,8.02888260e+01,1.89639053e+01,1.99002817e-01,2.42013216e-01
5345803-S04-156I3-A-L-B-190,20.02.2020-02:51:10,9.00000000e+00,6.45074844e-01,8.99213409e+00,1.95301953e-03,1.78720673e+02,8.00463486e+01,1.88992519e+01,1.36933327e-01,1.87612966e-01
5345803-S04-156I3-A-L-B-190,20.02.2020-02:51:12,8.00000000e+00,6.46779001e-01,8.97165871e+00,1.64247013e-03,1.22658386e+02,8.04649200e+01,1.90048943e+01,1.81279376e-01,3.10254008e-01
5345803-S04-156I3-A-L-B-190,20.02.2020-02:51:14,8.00000000e+00,6.46662772e-01,8.95642090e+00,1.89584761e-03,1.31186066e+02,8.02475739e+01,1.89179668e+01,2.25636229e-01,3.81581932e-01
5345803-S04-156I3-A-L-B-190,20.02.2020-02:51:17,8.00000000e+00,6.46570504e-01,8.96689701e+00,1.67187501e-03,1.38980026e+02,8.03715668e+01,1.89666519e+01,1.76899388e-01,3.23716164e-01
5345803-S04-156I3-A-L-B-190,20.02.2020-02:51:19,9.00000000e+00,6.45727217e-01,8.94445705e+00,1.98850827e-03,2.18329010e+02,8.03700867e+01,1.88941669e+01,1.24936745e-01,2.86082745e-01
5345803-S04-156I3-A-L-B-190,20.02.2020-02:51:21,9.00000000e+00,6.45003140e-01,8.96048355e+00,1.78892829e-03,1.82677887e+02,8.03085861e+01,1.88923264e+01,1.72590002e-01,2.35481888e-01
5345803-S04-156I3-A-L-B-190,20.02.2020-02:51:23,8.00000000e+00,6.46182120e-01,8.95339298e+00,2.01115781e-03,1.72411484e+02,8.04525681e+01,1.89457893e+01,1.36195734e-01,2.66567707e-01
5345803-S04-156I3-A-L-B-190,20.02.2020-02:51:25,8.00000000e+00,6.45718515e-01,8.99598980e+00,2.18321173e-03,1.22256653e+02,8.00205536e+01,1.89201202e+01,1.74463555e-01,2.15102404e-01
5345803-S04-156I3-A-L-B-190,20.02.2020-02:51:27,9.00000000e+00,6.46116018e-01,8.97563267e+00,2.28249095e-03,4.88079956e+02,8.00887299e+01,1.89050217e+01,7.62607306e-02,1.40026361e-01
5345803-S04-156I3-A-L-B-190,20.02.2020-02:51:50,8.00000000e+00,6.46477878e-01,9.01262283e+00,2.11919402e-03,1.73937836e+02,8.01799622e+01,1.90151978e+01,1.03519700e-01,1.34505883e-01
5345803-S04-156I3-A-L-B-190,20.02.2020-02:51:52,9.00000000e+00,6.46616101e-01,8.97040939e+00,2.12522387e-03,2.84383411e+01,8.00691833e+01,1.89040298e+01,7.44374573e-01,8.87539089e-01
5345803-S04-156I3-A-L-B-190,20.02.2020-02:51:54,8.00000000e+00,6.46600902e-01,8.92613220e+00,1.77191384e-03,1.40802747e+03,8.05139771e+01,1.89147720e+01,2.39865612e-02,1.10662214e-01
5345803-S04-156I3-A-L-B-190,20.02.2020-02:51:56,8.00000000e+00,6.43888235e-01,9.07180119e+00,2.23186519e-03,2.63001465e+02,7.97306747e+01,1.89565659e+01,6.35905117e-02,8.97289291e-02
5345803-S04-156I3-A-L-B-190,20.02.2020-02:51:58,9.00000000e+00,6.45424068e-01,8.94124603e+00,1.74036913e-03,1.19571399e+03,8.04067307e+01,1.88871212e+01,4.07726094e-02,1.70355260e-01
5345803-S04-156I3-A-L-B-190,20.02.2020-02:52:00,7.00000000e+00,6.47282124e-01,8.96693420e+00,1.75054220e-03,1.41951614e+02,8.05426865e+01,1.90280342e+01,1.43720627e-01,2.59210825e-01
5345803-S04-156I3-A-L-B-190,20.02.2020-02:52:02,8.00000000e+00,6.47420585e-01,8.95724201e+00,1.72564492e-03,3.16649384e+02,8.05489197e+01,1.90130024e+01,9.08951387e-02,1.97746560e-01
5345803-S04-156I3-A-L-B-190,20.02.2020-02:52:04,7.00000000e+00,6.47431135e-01,8.96922112e+00,1.91144482e-03,3.56364258e+02,8.05332794e+01,1.90350437e+01,9.65968370e-02,1.72273278e-01
5345803-S04-156I3-A-L-B-190,20.02.2020-02:52:07,8.00000000e+00,6.45878375e-01,8.94538879e+00,1.85929565e-03,3.37110260e+02,8.04307022e+01,1.89148121e+01,7.00865313e-02,2.20796958e-01
5345803-S04-156I3-A-L-B-190,20.02.2020-02:52:09,8.00000000e+00,6.46299422e-01,8.95371342e+00,1.87967438e-03,2.25913437e+02,8.03375626e+01,1.89228191e+01,1.39804199e-01,3.24365288e-01
5345803-S04-156I3-A-L-B-190,20.02.2020-02:52:32,7.00000000e+00,6.47530437e-01,8.98227119e+00,1.98716414e-03,1.80192322e+02,8.04213715e+01,1.90391693e+01,1.41416833e-01,3.37321103e-01
5345803-S04-156I3-A-L-B-190,20.02.2020-02:52:34,7.00000000e+00,6.48154438e-01,8.98534298e+00,1.71870645e-03,5.77551270e+02,8.05295563e+01,1.90896816e+01,7.20989779e-02,2.56855607e-01
5345803-S04-156I3-A-L-B-190,20.02.2020-02:52:36,7.00000000e+00,6.47799551e-01,8.98175526e+00,1.75732805e-03,4.54928284e+02,8.03509445e+01,1.90293102e+01,2.91738734e-02,3.77622955e-02
5345803-S04-156I3-A-L-B-190,20.02.2020-02:52:38,7.00000000e+00,6.46791458e-01,8.98969173e+00,1.92461920e-03,3.68566040e+02,8.05392456e+01,1.90610485e+01,5.41605279e-02,7.05617666e-02
5345803-S04-156I3-A-L-B-190,20.02.2020-02:52:40,7.00000000e+00,6.47500277e-01,9.00253391e+00,2.03892635e-03,2.49783936e+02,8.03642883e+01,1.90676880e+01,1.14011340e-01,1.37825310e-01
5345803-S04-156I3-A-L-B-190,20.02.2020-02:52:42,7.00000000e+00,6.47110403e-01,8.99736023e+00,2.00687000e-03,4.86653961e+02,8.04373550e+01,1.90625706e+01,5.01954183e-02,6.45836070e-02
5345803-S04-156I3-A-L-B-190,20.02.2020-02:52:44,7.00000000e+00,6.47184908e-01,9.00100994e+00,1.78436888e-03,2.91453003e+02,8.03241348e+01,1.90456524e+01,6.52776808e-02,8.35338980e-02
5345803-S04-156I3-A-L-B-190,20.02.2020-02:52:46,8.00000000e+00,6.48155868e-01,8.95679569e+00,2.11191480e-03,1.00346931e+02,8.03920517e+01,1.89965820e+01,3.50329489e-01,4.86079305e-01
5345803-S04-156I3-A-L-B-190,20.02.2020-02:52:48,7.00000000e+00,6.48540080e-01,8.99119186e+00,2.20650272e-03,3.61238495e+02,8.02103958e+01,1.90377216e+01,9.81324539e-02,1.71658516e-01
5345803-S04-156I3-A-L-B-190,20.02.2020-02:52:51,7.00000000e+00,6.46485090e-01,8.99803925e+00,1.85014936e-03,1.42180557e+02,8.03500366e+01,1.90249119e+01,2.13128835e-01,2.59620160e-01
5345803-S04-156I3-A-L-B-190,20.02.2020-02:53:14,7.00000000e+00,6.45918131e-01,9.00282383e+00,2.02098489e-03,5.65001587e+02,8.04364929e+01,1.90387974e+01,5.59254102e-02,8.51324499e-02
5345803-S04-156I3-A-L-B-190,20.02.2020-02:53:16,7.00000000e+00,6.46700084e-01,8.99800873e+00,1.80738035e-03,2.57849762e+02,8.03210526e+01,1.90243092e+01,9.39016044e-02,1.36255905e-01
5345803-S04-156I3-A-L-B-190,20.02.2020-02:53:18,8.00000000e+00,6.44352436e-01,9.07223892e+00,1.84780278e-03,2.91699127e+02,7.98983994e+01,1.90110569e+01,7.73904845e-02,1.08330876e-01
5345803-S04-156I3-A-L-B-190,20.02.2020-02:53:20,8.00000000e+00,6.46965981e-01,8.96535969e+00,2.00041337e-03,1.78915497e+02,8.04872589e+01,1.90023136e+01,1.87968850e-01,3.12705100e-01
5345803-S04-156I3-A-L-B-190,20.02.2020-02:53:22,7.00000000e+00,6.47831798e-01,9.00266457e+00,2.06913496e-03,2.05252228e+02,8.01546860e+01,1.90279675e+01,9.46449935e-02,1.14513032e-01
5345803-S04-156I3-A-L-B-190,20.02.2020-02:53:24,7.00000000e+00,6.47482395e-01,9.00393009e+00,1.82543683e-03,2.60147034e+02,8.02690430e+01,1.90475178e+01,9.68697518e-02,1.71998248e-01
5345803-S04-156I3-A-L-B-190,20.02.2020-02:53:26,7.00000000e+00,6.47708178e-01,8.97873878e+00,1.67560193e-03,1.65566208e+02,8.04403687e+01,1.90414028e+01,1.61853224e-01,2.34620869e-01
5345803-S04-156I3-A-L-B-190,20.02.2020-02:53:28,7.00000000e+00,6.48084044e-01,8.96617699e+00,1.86148053e-03,1.78044983e+02,8.05239334e+01,1.90455627e+01,1.26245886e-01,1.88810736e-01
5345803-S04-156I3-A-L-B-190,20.02.2020-02:53:30,8.00000000e+00,6.48225665e-01,8.98183823e+00,2.18775542e-03,1.74133804e+02,8.02268829e+01,1.90126019e+01,2.40334138e-01,3.07397515e-01
5345803-S04-156I3-A-L-B-190,20.02.2020-02:53:32,8.00000000e+00,6.48009896e-01,8.96504211e+00,2.06152885e-03,1.78718155e+02,8.03367157e+01,1.89967041e+01,2.29549989e-01,2.99470305e-01
5345803-S04-156I3-A-L-B-190,20.02.2020-02:53:55,7.00000000e+00,6.49132133e-01,8.98166180e+00,2.03513307e-03,3.34866425e+02,8.03981476e+01,1.90794601e+01,1.05712362e-01,1.35132983e-01
5345803-S04-156I3-A-L-B-190,20.02.2020-02:53:57,7.00000000e+00,6.47221267e-01,9.00368881e+00,1.89564156e-03,9.17896652e+01,8.02397537e+01,1.90323753e+01,2.66701400e-01,3.09444606e-01
5345803-S04-156I3-A-L-B-190,20.02.2020-02:53:59,7.00000000e+00,6.47921205e-01,9.03378010e+00,1.94841565e-03,2.23094009e+02,8.02042770e+01,1.91081848e+01,1.16865180e-01,1.50211334e-01
5345803-S04-156I3-A-L-B-190,20.02.2020-02:54:01,7.00000000e+00,6.48037910e-01,9.03496265e+00,1.94049929e-03,2.72477936e+02,8.01307220e+01,1.90965996e+01,1.01518221e-01,1.40803456e-01
5345803-S04-156I3-A-L-B-190,20.02.2020-02:54:03,7.00000000e+00,6.47057533e-01,9.03275967e+00,1.91499002e-03,9.69407425e+01,8.01075058e+01,1.90575352e+01,6.11775756e-01,8.02594543e-01
5345803-S04-156I3-A-L-B-190,20.02.2020-02:54:06,7.00000000e+00,6.47416234e-01,9.02008629e+00,1.97824580e-03,1.49070679e+02,8.01433792e+01,1.90498753e+01,2.37973690e-01,3.51003528e-01
5345803-S04-156I3-A-L-B-190,20.02.2020-02:54:08,7.00000000e+00,6.49718404e-01,9.02897167e+00,2.32678978e-03,4.26471863e+02,8.01164703e+01,1.91300201e+01,7.64870495e-02,1.26869336e-01
5345803-S04-156I3-A-L-B-190,20.02.2020-02:54:10,7.00000000e+00,6.48457408e-01,9.03152084e+00,2.24122638e-03,7.53134766e+01,8.01116486e+01,1.90971355e+01,3.31773877e-01,4.06628311e-01
5345803-S04-156I3-A-L-B-190,20.02.2020-02:54:12,7.00000000e+00,6.49089038e-01,9.03012085e+00,1.98723539e-03,8.48812943e+01,8.00886459e+01,1.91072845e+01,2.61031598e-01,3.38265657e-01
5345803-S04-156I3-A-L-B-190,20.02.2020-02:54:14,7.00000000e+00,6.48797929e-01,9.02792454e+00,2.24255701e-03,6.83322678e+01,8.02531204e+01,1.91332836e+01,2.83407271e-01,3.67501289e-01
5345803-S04-156I3-A-L-B-190,20.02.2020-02:50:47,8.00000000e+00,6.47302628e-01,8.97195435e+00,2.25439225e-03,2.09313766e+02,8.01228867e+01,1.89400539e+01,1.45911351e-01,3.79610479e-01
5345803-S04-156I3-A-L-B-190,20.02.2020-02:50:49,8.00000000e+00,6.47400796e-01,8.97523403e+00,1.98178762e-03,4.06694061e+02,8.03131866e+01,1.89948578e+01,9.46258232e-02,3.02370608e-01
5345803-S04-156I3-A-L-B-190,20.02.2020-02:50:52,8.00000000e+00,6.47982895e-01,8.94625568e+00,1.96907460e-03,3.50927094e+02,8.04753265e+01,1.89888115e+01,1.00506552e-01,1.85283422e-01
5345803-S04-156I3-A-L-B-190,20.02.2020-02:50:54,8.00000000e+00,6.47549987e-01,8.96807384e+00,1.95352337e-03,2.86152679e+02,8.01593323e+01,1.89477100e+01,8.66082087e-02,1.09904304e-01
5345803-S04-156I3-A-L-B-190,20.02.2020-02:50:56,9.00000000e+00,6.45805001e-01,8.97363186e+00,2.17296509e-03,1.78436539e+02,8.00540619e+01,1.88835316e+01,1.34969145e-01,1.59542784e-01
5345803-S04-156I3-A-L-B-190,20.02.2020-02:50:58,8.00000000e+00,6.46839380e-01,8.98519421e+00,2.15331861e-03,2.90182159e+02,8.00341949e+01,1.89334488e+01,9.25621167e-02,1.22118212e-01
5345803-S04-156I3-A-L-B-190,20.02.2020-02:51:00,9.00000000e+00,6.44715607e-01,8.96047974e+00,1.85850915e-03,2.10661667e+02,8.03809662e+01,1.89009171e+01,1.13149203e-01,1.68485880e-01
5345803-S04-156I3-A-L-B-190,20.02.2020-02:51:02,9.00000000e+00,6.44931436e-01,8.99721336e+00,1.95403351e-03,1.91904465e+02,8.00227280e+01,1.89001427e+01,1.43627957e-01,1.90652877e-01
5345803-S04-156I3-A-L-B-190,20.02.2020-02:51:04,8.00000000e+00,6.45343482e-01,8.98372364e+00,1.94257754e-03,1.59175003e+02,8.01519241e+01,1.89143524e+01,1.02003515e-01,1.27701551e-01
5345803-S04-156I3-A-L-B-190,20.02.2020-02:51:06,8.00000000e+00,6.45259023e-01,8.99171066e+00,1.87871407e-03,1.68505554e+02,8.01028595e+01,1.89171028e+01,1.67442024e-01,2.21014559e-01
5345803-S04-156I3-A-L-B-190,20.02.2020-02:51:29,8.00000000e+00,6.46889210e-01,8.97751617e+00,1.79376337e-03,2.87976379e+02,8.01360397e+01,1.89428005e+01,5.80487847e-02,1.02442488e-01
5345803-S04-156I3-A-L-B-190,20.02.2020-02:51:31,8.00000000e+00,6.44852221e-01,8.99259377e+00,2.03520455e-03,1.54781296e+02,8.03717804e+01,1.89705067e+01,1.11007184e-01,1.70588046e-01
5345803-S04-156I3-A-L-B-190,20.02.2020-02:51:33,8.00000000e+00,6.46490157e-01,9.00918388e+00,2.17462308e-03,4.12742310e+02,7.99680023e+01,1.89580574e+01,4.19531465e-02,6.17895573e-02
5345803-S04-156I3-A-L-B-190,20.02.2020-02:51:35,8.00000000e+00,6.46847427e-01,8.97290611e+00,1.85470912e-03,1.71000854e+02,8.01953659e+01,1.89458656e+01,1.40841663e-01,2.19997734e-01
5345803-S04-156I3-A-L-B-190,20.02.2020-02:51:37,8.00000000e+00,6.46525681e-01,8.97304630e+00,2.06054421e-03,2.68000885e+02,8.02369385e+01,1.89465561e+01,1.00324273e-01,1.70541570e-01
5345803-S04-156I3-A-L-B-190,20.02.2020-02:51:40,8.00000000e+00,6.46541059e-01,8.98711491e+00,2.10061669e-03,4.21764954e+02,8.02396545e+01,1.89773560e+01,5.49054556e-02,1.11581393e-01
5345803-S04-156I3-A-L-B-190,20.02.2020-02:51:42,8.00000000e+00,6.46634579e-01,8.98565674e+00,2.07074080e-03,4.63593262e+02,8.01838379e+01,1.89638176e+01,4.67416048e-02,1.19141482e-01
5345803-S04-156I3-A-L-B-190,20.02.2020-02:51:44,8.00000000e+00,6.47006631e-01,8.96968365e+00,2.09403061e-03,3.85722717e+02,8.02066116e+01,1.89463806e+01,4.65923846e-02,1.06689341e-01
5345803-S04-156I3-A-L-B-190,20.02.2020-02:51:46,8.00000000e+00,6.45689785e-01,8.98534298e+00,1.89064164e-03,2.31666229e+02,8.01621857e+01,1.89303360e+01,1.15425110e-01,1.76479861e-01
5345803-S04-156I3-A-L-B-190,20.02.2020-02:51:48,8.00000000e+00,6.46765709e-01,8.97302437e+00,2.24298215e-03,5.49707336e+02,8.01468201e+01,1.89322548e+01,7.22519383e-02,1.25515550e-01
5345803-S04-156I3-A-L-B-190,20.02.2020-02:52:11,9.00000000e+00,6.46317780e-01,8.93790340e+00,1.75372488e-03,2.06022293e+02,8.03471527e+01,1.88921967e+01,8.71652439e-02,2.28050828e-01
5345803-S04-156I3-A-L-B-190,20.02.2020-02:52:13,9.00000000e+00,6.43323421e-01,9.03457069e+00,2.14772532e-03,3.01242859e+02,7.98863068e+01,1.88990250e+01,7.74139762e-02,1.07807316e-01
5345803-S04-156I3-A-L-B-190,20.02.2020-02:52:15,8.00000000e+00,6.46436334e-01,8.95440102e+00,1.85924442e-03,2.88644073e+02,8.04263611e+01,1.89492016e+01,1.13499276e-01,3.11930090e-01
5345803-S04-156I3-A-L-B-190,20.02.2020-02:52:17,8.00000000e+00,6.45282149e-01,8.98221779e+00,1.97879435e-03,2.38857269e+02,8.02865295e+01,1.89411392e+01,9.55911875e-02,1.41755238e-01
5345803-S04-156I3-A-L-B-190,20.02.2020-02:52:19,8.00000000e+00,6.47494018e-01,9.00357246e+00,2.12791562e-03,1.51101334e+02,8.00017471e+01,1.89836731e+01,1.61202952e-01,2.03757569e-01
5345803-S04-156I3-A-L-B-190,20.02.2020-02:52:21,9.00000000e+00,6.45790160e-01,8.98551750e+00,2.32279510e-03,3.65418625e+01,8.00281296e+01,1.89019833e+01,6.23230040e-01,7.52917051e-01
5345803-S04-156I3-A-L-B-190,20.02.2020-02:52:23,2.00000000e+01,6.45147264e-01,8.89386368e+00,2.24925904e-03,4.12451324e+02,7.98044891e+01,1.86383228e+01,5.92520088e-02,1.07799575e-01
5345803-S04-156I3-A-L-B-190,20.02.2020-02:52:26,1.90000000e+01,6.42971039e-01,8.92856979e+00,2.02129013e-03,5.89216492e+02,8.01627579e+01,1.87316551e+01,5.91798797e-02,1.30973056e-01
5345803-S04-156I3-A-L-B-190,20.02.2020-02:52:28,7.00000000e+00,6.47251725e-01,9.00490761e+00,1.92016363e-03,2.11519455e+02,8.04377136e+01,1.90828133e+01,9.29666460e-02,1.13180242e-01
5345803-S04-156I3-A-L-B-190,20.02.2020-02:52:30,7.00000000e+00,6.47829592e-01,8.97831821e+00,1.61648414e-03,2.13069214e+02,8.03612518e+01,1.90253487e+01,1.56987280e-01,3.51505041e-01
5345803-S04-156I3-A-L-B-190,20.02.2020-02:52:53,7.00000000e+00,6.48138583e-01,8.97868824e+00,2.00457219e-03,3.06723114e+02,8.03342133e+01,1.90288048e+01,1.26873091e-01,3.06941122e-01
5345803-S04-156I3-A-L-B-190,20.02.2020-02:52:55,8.00000000e+00,6.46354139e-01,9.00387859e+00,2.14268290e-03,2.93445435e+02,8.02189407e+01,1.90023479e+01,6.49461001e-02,9.72533077e-02
5345803-S04-156I3-A-L-B-190,20.02.2020-02:52:57,8.00000000e+00,6.46869600e-01,9.01211929e+00,1.95054291e-03,3.42493500e+02,8.01049423e+01,1.90078583e+01,5.87928854e-02,8.78919736e-02
5345803-S04-156I3-A-L-B-190,20.02.2020-02:52:59,8.00000000e+00,6.48011744e-01,8.93498230e+00,1.88751263e-03,3.88253387e+02,8.05755997e+01,1.89893589e+01,5.17599359e-02,1.86541811e-01
5345803-S04-156I3-A-L-B-190,20.02.2020-02:53:01,7.00000000e+00,6.48256183e-01,8.96559906e+00,1.83429057e-03,3.94402893e+02,8.04534836e+01,1.90327282e+01,1.01533853e-01,1.90973654e-01
5345803-S04-156I3-A-L-B-190,20.02.2020-02:53:03,7.00000000e+00,6.46976709e-01,8.98494339e+00,1.69706496e-03,1.83898911e+02,8.04534607e+01,1.90361423e+01,1.22047164e-01,1.52770221e-01
5345803-S04-156I3-A-L-B-190,20.02.2020-02:53:05,7.00000000e+00,6.46210015e-01,9.00364399e+00,1.93763548e-03,2.42374634e+02,8.04001236e+01,1.90405235e+01,1.09947868e-01,1.75031260e-01
5345803-S04-156I3-A-L-B-190,20.02.2020-02:53:07,7.00000000e+00,6.46917045e-01,9.01470375e+00,1.99861289e-03,3.41580353e+02,8.02901077e+01,1.90586567e+01,6.40291795e-02,1.16864733e-01
5345803-S04-156I3-A-L-B-190,20.02.2020-02:53:09,7.00000000e+00,6.47337615e-01,9.01928616e+00,1.96760497e-03,4.10130188e+02,8.02183533e+01,1.90636921e+01,6.21432625e-02,9.20556039e-02
5345803-S04-156I3-A-L-B-190,20.02.2020-02:53:11,7.00000000e+00,6.46379411e-01,9.00728703e+00,2.06273468e-03,5.12753906e+02,8.03010101e+01,1.90297337e+01,6.12463392e-02,8.84441286e-02
5345803-S04-156I3-A-L-B-190,20.02.2020-02:53:34,7.00000000e+00,6.48282707e-01,8.97383976e+00,1.82822440e-03,2.04446167e+02,8.04698563e+01,1.90548782e+01,1.98507935e-01,2.54479289e-01
5345803-S04-156I3-A-L-B-190,20.02.2020-02:53:36,7.00000000e+00,6.48055434e-01,8.97432423e+00,1.84297969e-03,1.34043869e+02,8.06248550e+01,1.90859165e+01,2.07247168e-01,2.64212549e-01
5345803-S04-156I3-A-L-B-190,20.02.2020-02:53:39,8.00000000e+00,6.47321820e-01,9.00253391e+00,2.14580446e-03,3.84905121e+02,8.01390305e+01,1.90090008e+01,1.60705626e-01,2.24373832e-01
5345803-S04-156I3-A-L-B-190,20.02.2020-02:53:41,7.00000000e+00,6.47232115e-01,8.96042919e+00,1.87219039e-03,3.61700256e+02,8.07079239e+01,1.90517673e+01,1.13136224e-01,3.19419503e-01
5345803-S04-156I3-A-L-B-190,20.02.2020-02:53:43,7.00000000e+00,6.47618413e-01,8.99624538e+00,1.89100555e-03,1.60156082e+02,8.03746948e+01,1.90603142e+01,2.41287157e-01,3.16799670e-01
5345803-S04-156I3-A-L-B-190,20.02.2020-02:53:45,7.00000000e+00,6.49448752e-01,8.97376919e+00,1.79612404e-03,3.69856384e+02,8.04048615e+01,1.90735836e+01,1.14340179e-01,1.58818975e-01
5345803-S04-156I3-A-L-B-190,20.02.2020-02:53:47,7.00000000e+00,6.46485388e-01,8.98616791e+00,1.95820211e-03,2.90503204e+02,8.05100784e+01,1.90376644e+01,9.06912461e-02,1.27634853e-01
5345803-S04-156I3-A-L-B-190,20.02.2020-02:53:49,7.00000000e+00,6.48199737e-01,8.99222565e+00,1.73784618e-03,3.12006439e+02,8.02497101e+01,1.90392456e+01,1.04141563e-01,1.57992110e-01
5345803-S04-156I3-A-L-B-190,20.02.2020-02:53:51,7.00000000e+00,6.48882747e-01,8.98618317e+00,2.04709964e-03,2.58067871e+02,8.02198563e+01,1.90394135e+01,1.12753883e-01,1.58652022e-01
5345803-S04-156I3-A-L-B-190,20.02.2020-02:53:53,7.00000000e+00,6.49100721e-01,8.97377777e+00,2.05708458e-03,2.33027069e+02,8.03629379e+01,1.90534401e+01,1.53659761e-01,1.96139261e-01
5345803-S04-156I3-A-L-B-190,20.02.2020-02:54:16,7.00000000e+00,6.49540186e-01,9.02610683e+00,2.02902127e-03,2.01620255e+02,8.01680145e+01,1.91310062e+01,1.33067161e-01,1.89376622e-01
5345803-S04-156I3-A-L-B-190,20.02.2020-02:54:18,8.00000000e+00,6.48836195e-01,8.99381828e+00,2.10429286e-03,1.18378456e+02,8.00385437e+01,1.90111580e+01,2.12468103e-01,3.19042414e-01
5345803-S04-156I3-A-L-B-190,20.02.2020-02:54:20,7.00000000e+00,6.46898270e-01,8.98799419e+00,1.70593383e-03,2.95662567e+02,8.04335022e+01,1.90355721e+01,8.28254446e-02,1.32844657e-01
5345803-S04-156I3-A-L-B-190,20.02.2020-02:54:22,8.00000000e+00,6.45556033e-01,8.98852253e+00,1.66485878e-03,1.69791229e+02,8.04327240e+01,1.89970093e+01,8.53234082e-02,1.29054338e-01
5345803-S04-156I3-A-L-B-190,20.02.2020-02:54:24,8.00000000e+00,6.45764410e-01,9.00137615e+00,2.04281416e-03,1.88505417e+02,8.01065674e+01,1.89531498e+01,1.01789653e-01,1.43323779e-01
5345803-S04-156I3-A-L-B-190,20.02.2020-02:54:26,8.00000000e+00,6.45288825e-01,8.99704170e+00,1.94511365e-03,1.64417847e+02,8.03346329e+01,1.89839611e+01,9.03715789e-02,1.35624453e-01
5345803-S04-156I3-A-L-B-190,20.02.2020-02:54:29,7.00000000e+00,6.48054361e-01,9.04564095e+00,2.22378294e-03,6.17613258e+01,7.99319458e+01,1.90722237e+01,4.19063181e-01,5.46681643e-01
5345803-S04-156I3-A-L-B-190,20.02.2020-02:54:31,8.00000000e+00,6.48588002e-01,8.96656990e+00,1.54277170e-03,8.56075821e+01,8.00796967e+01,1.89560490e+01,2.77138323e-01,3.38846236e-01
5345803-S04-156I3-A-L-B-190,20.02.2020-02:54:33,7.00000000e+00,6.48467422e-01,8.99713326e+00,1.99244032e-03,8.20254059e+01,8.04804001e+01,1.91122875e+01,2.67881393e-01,3.24859560e-01
5345803-S04-156I3-A-L-B-190,20.02.2020-02:54:35,7.00000000e+00,6.49211347e-01,8.99454784e+00,1.74759398e-03,1.06205513e+02,8.05310669e+01,1.91407547e+01,2.19633162e-01,2.82434672e-01
5345803-S04-156I3-A-L-B-190,20.02.2020-02:55:19,8.00000000e+00,6.45957828e-01,8.98902035e+00,1.96355791e-03,1.16694237e+02,8.02208023e+01,1.89597988e+01,2.01484174e-01,3.64362836e-01
5345803-S04-156I3-A-L-B-190,20.02.2020-02:55:21,9.00000000e+00,6.44286990e-01,8.96868610e+00,1.62521820e-03,2.71023102e+02,8.03252640e+01,1.88925495e+01,7.82099962e-02,1.26687333e-01
5345803-S04-156I3-A-L-B-190,20.02.2020-02:55:23,8.00000000e+00,6.45640254e-01,8.98040581e+00,1.99264800e-03,3.70987701e+02,8.03343277e+01,1.89591084e+01,7.51765072e-02,1.97492450e-01
5345803-S04-156I3-A-L-B-190,20.02.2020-02:55:25,8.00000000e+00,6.46232247e-01,8.98542976e+00,1.97115308e-03,1.62998993e+02,8.02851410e+01,1.89754829e+01,1.37197226e-01,2.83148289e-01
5345803-S04-156I3-A-L-B-190,20.02.2020-02:55:27,9.00000000e+00,6.44668996e-01,8.97212410e+00,1.85222679e-03,1.64482208e+02,8.01534500e+01,1.88705482e+01,1.30048215e-01,1.87564358e-01
5345803-S04-156I3-A-L-B-190,20.02.2020-02:55:29,7.00000000e+00,6.45567596e-01,9.00438213e+00,1.85627304e-03,2.26629059e+02,8.04798508e+01,1.90420208e+01,8.81962031e-02,2.18633175e-01
5345803-S04-156I3-A-L-B-190,20.02.2020-02:55:31,8.00000000e+00,6.45841837e-01,8.96856117e+00,2.06066598e-03,1.54080841e+02,8.02332993e+01,1.89161949e+01,1.12995684e-01,2.69478142e-01
5345803-S04-156I3-A-L-B-190,20.02.2020-02:55:33,8.00000000e+00,6.46138191e-01,8.97026539e+00,1.94984011e-03,2.21982773e+02,8.03002625e+01,1.89442711e+01,1.17511585e-01,2.38218382e-01
5345803-S04-156I3-A-L-B-190,20.02.2020-02:55:36,9.00000000e+00,6.45925343e-01,8.95954800e+00,1.91699620e-03,9.97106247e+01,8.02249908e+01,1.88976727e+01,1.97610930e-01,3.33176821e-01
5345803-S04-156I3-A-L-B-190,20.02.2020-02:55:38,8.00000000e+00,6.45645022e-01,8.97655869e+00,2.07388308e-03,3.05407867e+02,8.02048416e+01,1.89205818e+01,9.25175026e-02,2.14446783e-01
5345803-S04-156I3-A-L-B-190,20.02.2020-02:56:00,9.00000000e+00,6.43771768e-01,8.99276161e+00,1.90141390e-03,1.28810760e+02,8.01928253e+01,1.88969059e+01,1.48774073e-01,2.02997386e-01
5345803-S04-156I3-A-L-B-190,20.02.2020-02:56:03,2.00000000e+01,6.42119527e-01,8.89233017e+00,1.88592018e-03,5.81727905e+02,8.01931610e+01,1.86379871e+01,6.76116869e-02,2.41453901e-01
5345803-S04-156I3-A-L-B-190,20.02.2020-02:56:05,9.00000000e+00,6.43505394e-01,8.98287964e+00,1.66053278e-03,2.04500809e+02,8.03061066e+01,1.88949833e+01,9.72719416e-02,1.61212146e-01
5345803-S04-156I3-A-L-B-190,20.02.2020-02:56:07,1.90000000e+01,6.43652260e-01,8.92502308e+00,1.81585469e-03,2.75143005e+02,8.03818512e+01,1.87952824e+01,2.03403264e-01,1.08151746e+00
5345803-S04-156I3-A-L-B-190,20.02.2020-02:56:09,8.00000000e+00,6.45353734e-01,8.98777676e+00,1.83232152e-03,1.17755859e+02,8.05118561e+01,1.90081615e+01,1.96140140e-01,4.28032517e-01
5345803-S04-156I3-A-L-B-190,20.02.2020-02:56:11,8.00000000e+00,6.45536304e-01,8.97406769e+00,1.84641511e-03,3.59514465e+02,8.02467194e+01,1.89220200e+01,8.46002176e-02,2.34142303e-01
5345803-S04-156I3-A-L-B-190,20.02.2020-02:56:13,8.00000000e+00,6.46482348e-01,9.00673771e+00,1.60804798e-03,1.70898666e+02,8.01181259e+01,1.89882603e+01,1.26670450e-01,1.52211308e-01
5345803-S04-156I3-A-L-B-190,20.02.2020-02:56:15,8.00000000e+00,6.46391332e-01,9.00709248e+00,1.98759697e-03,2.04933472e+02,8.00445938e+01,1.89689083e+01,1.32905990e-01,1.62172228e-01
5345803-S04-156I3-A-L-B-190,20.02.2020-02:56:17,8.00000000e+00,6.46248460e-01,9.00606155e+00,2.00281129e-03,1.13512413e+02,8.00076141e+01,1.89537868e+01,2.08061859e-01,3.14074725e-01
5345803-S04-156I3-A-L-B-190,20.02.2020-02:56:19,1.90000000e+01,6.43589675e-01,8.96689606e+00,1.76910905e-03,1.77868393e+02,7.98468399e+01,1.87559547e+01,2.14031562e-01,3.64419520e-01
5345803-S04-156I3-A-L-B-190,20.02.2020-02:54:37,7.00000000e+00,6.48240089e-01,8.99508953e+00,2.05061119e-03,1.42267685e+02,8.02080536e+01,1.90366077e+01,1.80088192e-01,3.19553524e-01
5345803-S04-156I3-A-L-B-190,20.02.2020-02:54:39,8.00000000e+00,6.48131490e-01,8.98012638e+00,2.06605927e-03,1.08479980e+02,8.02777863e+01,1.90182762e+01,2.24731177e-01,2.80620784e-01
5345803-S04-156I3-A-L-B-190,20.02.2020-02:55:02,8.00000000e+00,6.45136237e-01,9.00365067e+00,1.89807592e-03,1.49961029e+02,8.03297577e+01,1.89922638e+01,1.29658267e-01,2.50412047e-01
5345803-S04-156I3-A-L-B-190,20.02.2020-02:55:04,2.40000000e+01,6.43396497e-01,8.97669888e+00,1.85897760e-03,7.55426121e+00,7.97197723e+01,1.87409477e+01,2.96348119e+00,3.45498061e+00
5345803-S04-156I3-A-L-B-190,20.02.2020-02:55:06,7.00000000e+00,6.45597160e-01,9.01295948e+00,1.73070841e-03,1.39180908e+02,8.03588028e+01,1.90323620e+01,1.95381746e-01,3.76414835e-01
5345803-S04-156I3-A-L-B-190,20.02.2020-02:55:08,8.00000000e+00,6.45345986e-01,8.99276352e+00,2.09300919e-03,6.85742416e+01,8.03023224e+01,1.89689846e+01,2.87206680e-01,4.81840521e-01
5345803-S04-156I3-A-L-B-190,20.02.2020-02:55:10,8.00000000e+00,6.44118547e-01,8.98085690e+00,1.70397630e-03,2.23236526e+02,8.03170471e+01,1.89113064e+01,1.25864193e-01,2.00476706e-01
5345803-S04-156I3-A-L-B-190,20.02.2020-02:55:13,8.00000000e+00,6.44829154e-01,8.96511364e+00,1.84850383e-03,1.63719666e+02,8.04809189e+01,1.89375401e+01,1.11718565e-01,1.71591192e-01
5345803-S04-156I3-A-L-B-190,20.02.2020-02:55:15,9.00000000e+00,6.44888759e-01,8.93990326e+00,1.97357382e-03,6.39019775e+01,8.02763901e+01,1.88380375e+01,4.46814537e-01,5.70029199e-01
5345803-S04-156I3-A-L-B-190,20.02.2020-02:55:17,8.00000000e+00,6.44966066e-01,8.96749306e+00,2.06692237e-03,2.88038330e+02,8.03437881e+01,1.89143066e+01,7.22063184e-02,1.62419602e-01
5345803-S04-156I3-A-L-B-190,20.02.2020-02:55:40,8.00000000e+00,6.45703733e-01,8.96080971e+00,1.79855037e-03,2.30714050e+02,8.04335098e+01,1.89429569e+01,1.16939016e-01,2.48113856e-01
5345803-S04-156I3-A-L-B-190,20.02.2020-02:55:42,8.00000000e+00,6.45755053e-01,8.96870041e+00,1.75954599e-03,1.77930771e+02,8.02725220e+01,1.89231930e+01,1.41371831e-01,3.17701191e-01
5345803-S04-156I3-A-L-B-190,20.02.2020-02:55:44,1.00000000e+00,6.40925765e-01,8.85341358e+00,1.96944829e-03,1.38531525e+02,7.98691254e+01,1.84470787e+01,2.87770182e-01,1.69901180e+00
5345803-S04-156I3-A-L-B-190,20.02.2020-02:55:46,8.00000000e+00,6.46159232e-01,8.96355438e+00,1.91588886e-03,4.04066895e+02,8.02762146e+01,1.89250431e+01,5.30209057e-02,1.72305256e-01
5345803-S04-156I3-A-L-B-190,20.02.2020-02:55:48,2.10000000e+01,6.40378058e-01,8.89812279e+00,1.75396504e-03,2.55679016e+02,8.01791000e+01,1.85962868e+01,1.49673909e-01,8.73419464e-01
5345803-S04-156I3-A-L-B-190,20.02.2020-02:55:50,9.00000000e+00,6.45168900e-01,8.96212292e+00,2.03593145e-03,1.49561554e+02,8.03334885e+01,1.89065018e+01,1.71133548e-01,3.14452320e-01
5345803-S04-156I3-A-L-B-190,20.02.2020-02:55:52,8.00000000e+00,6.44608259e-01,8.96636009e+00,1.89317181e-03,1.15199486e+02,8.05219498e+01,1.89433403e+01,1.87221706e-01,4.10947949e-01
5345803-S04-156I3-A-L-B-190,20.02.2020-02:55:54,2.10000000e+01,6.38621688e-01,8.88227749e+00,1.77830004e-03,1.76568192e+02,8.02358398e+01,1.85253582e+01,3.22023571e-01,1.77339768e+00
5345803-S04-156I3-A-L-B-190,20.02.2020-02:55:56,9.00000000e+00,6.45676434e-01,8.96382141e+00,2.11601611e-03,2.24710297e+02,8.02053146e+01,1.88947659e+01,1.36338443e-01,2.66034454e-01
5345803-S04-156I3-A-L-B-190,20.02.2020-02:55:58,8.00000000e+00,6.44384027e-01,8.98131466e+00,2.02926737e-03,1.44809357e+02,8.03313828e+01,1.89234409e+01,1.85347095e-01,3.04390550e-01
5345803-S04-156I3-A-L-B-190,20.02.2020-02:56:21,1.90000000e+01,6.43773556e-01,8.95804214e+00,1.99423055e-03,2.62605347e+02,7.97604980e+01,1.87225189e+01,9.86228287e-02,2.39922374e-01
5345803-S04-156I3-A-L-B-190,20.02.2020-02:56:23,7.00000000e+00,6.49501860e-01,9.03169918e+00,1.96631532e-03,1.47118301e+02,8.02146072e+01,1.91528549e+01,1.99665800e-01,2.63158351e-01
5345803-S04-156I3-A-L-B-190,20.02.2020-02:56:26,1.90000000e+01,6.44030929e-01,8.97870541e+00,1.92992052e-03,1.10968758e+02,7.96400375e+01,1.87448540e+01,2.15693727e-01,3.80756885e-01
5345803-S04-156I3-A-L-B-190,20.02.2020-02:56:28,1.90000000e+01,6.43705666e-01,8.96029663e+00,2.12482316e-03,2.45374969e+02,7.96914215e+01,1.87090397e+01,1.59319550e-01,3.31983089e-01
5345803-S04-156I3-A-L-B-190,20.02.2020-02:56:30,7.00000000e+00,6.48995101e-01,9.01414108e+00,1.90905062e-03,2.38470657e+02,8.02556992e+01,1.91104927e+01,9.84078348e-02,1.51852638e-01
5345803-S04-156I3-A-L-B-190,20.02.2020-02:56:32,7.00000000e+00,6.45702600e-01,9.06815338e+00,2.05722451e-03,2.57164429e+02,7.99160156e+01,1.90465126e+01,1.21593684e-01,1.65360048e-01
5345803-S04-156I3-A-L-B-190,20.02.2020-02:56:34,8.00000000e+00,6.46233141e-01,9.00259495e+00,1.95122708e-03,1.17800896e+02,7.99725342e+01,1.89377327e+01,2.09561035e-01,3.09210747e-01
5345803-S04-156I3-A-L-B-190,20.02.2020-02:56:36,1.90000000e+01,6.43408537e-01,8.96446037e+00,1.96732231e-03,1.34170303e+02,7.97640381e+01,1.87261429e+01,1.78522155e-01,3.17043275e-01
5345803-S04-156I3-A-L-B-190,20.02.2020-02:56:38,1.90000000e+01,6.43725753e-01,8.97048378e+00,1.90171250e-03,2.68474457e+02,7.99045563e+01,1.87809906e+01,1.42763600e-01,3.14929008e-01
5345803-S04-156I3-A-L-B-190,20.02.2020-02:56:40,7.00000000e+00,6.46968007e-01,9.02000427e+00,1.79837027e-03,2.48969910e+02,8.02144241e+01,1.90533867e+01,1.31978229e-01,2.43748233e-01
5345803-S04-156I3-A-L-B-190,20.02.2020-02:57:03,8.00000000e+00,6.45094216e-01,8.97112083e+00,1.76171691e-03,1.83710632e+02,8.04509125e+01,1.89509506e+01,1.19862124e-01,2.79733628e-01
5345803-S04-156I3-A-L-B-190,20.02.2020-02:57:05,7.00000000e+00,6.49462163e-01,9.02177620e+00,1.83188939e-03,3.40603760e+02,8.03712540e+01,1.91680012e+01,8.81278515e-02,1.19502410e-01
5345803-S04-156I3-A-L-B-190,20.02.2020-02:57:07,1.00000000e+00,6.38081253e-01,8.89825058e+00,1.87484676e-03,1.23953171e+02,8.00243073e+01,1.84940796e+01,2.48922437e-01,5.94057679e-01
5345803-S04-156I3-A-L-B-190,20.02.2020-02:57:09,7.00000000e+00,6.49524748e-01,8.99458599e+00,1.51211873e-03,2.49915588e+02,8.02361908e+01,1.90799580e+01,9.21321437e-02,1.18707046e-01
5345803-S04-156I3-A-L-B-190,20.02.2020-02:57:12,7.00000000e+00,6.48181140e-01,9.02461433e+00,2.03733868e-03,5.64962402e+02,8.03694000e+01,1.91357708e+01,4.83794361e-02,7.45508075e-02
5345803-S04-156I3-A-L-B-190,20.02.2020-02:57:14,1.90000000e+01,6.43579543e-01,8.96586037e+00,1.70278433e-03,2.26579498e+02,8.00430603e+01,1.87995758e+01,1.46462485e-01,3.16695571e-01
5345803-S04-156I3-A-L-B-190,20.02.2020-02:57:16,1.90000000e+01,6.43791139e-01,8.95504475e+00,1.73919194e-03,1.77199554e+02,7.98826904e+01,1.87454395e+01,1.78853184e-01,3.55000764e-01
5345803-S04-156I3-A-L-B-190,20.02.2020-02:57:18,7.00000000e+00,6.46715999e-01,9.01207352e+00,1.88334240e-03,3.65801697e+02,8.02217026e+01,1.90309467e+01,8.63041654e-02,1.83350131e-01
5345803-S04-156I3-A-L-B-190,20.02.2020-02:57:20,8.00000000e+00,6.46833777e-01,8.99757671e+00,1.87413488e-03,2.34678406e+02,8.00853271e+01,1.89714870e+01,1.16140127e-01,1.95264265e-01
5345803-S04-156I3-A-L-B-190,20.02.2020-02:57:22,7.00000000e+00,6.46772861e-01,9.00428867e+00,1.88994664e-03,3.55972351e+02,8.02845917e+01,1.90310879e+01,1.00627221e-01,2.12522164e-01
5345803-S04-156I3-A-L-B-190,20.02.2020-02:57:45,8.00000000e+00,6.45432830e-01,8.99881458e+00,1.92447740e-03,2.88382141e+02,8.02556229e+01,1.89732628e+01,1.07635058e-01,1.90974385e-01
5345803-S04-156I3-A-L-B-190,20.02.2020-02:57:47,2.00000000e+00,6.39998138e-01,8.82937241e+00,1.67917437e-03,1.49973282e+02,7.98080902e+01,1.83563213e+01,1.62886009e-01,3.04603875e-01
5345803-S04-156I3-A-L-B-190,20.02.2020-02:57:50,7.00000000e+00,6.44863188e-01,9.05067444e+00,2.02768110e-03,2.49973679e+02,8.01184845e+01,1.90331860e+01,8.65595639e-02,1.04681030e-01
5345803-S04-156I3-A-L-B-190,20.02.2020-02:57:52,8.00000000e+00,6.46080136e-01,8.98101521e+00,1.71520351e-03,2.07071274e+02,8.04244766e+01,1.89946041e+01,1.20534040e-01,3.87371868e-01
5345803-S04-156I3-A-L-B-190,20.02.2020-02:57:54,1.90000000e+01,6.42311811e-01,8.94329929e+00,1.96311553e-03,8.91399536e+01,8.03186798e+01,1.87797756e+01,2.10318565e-01,2.90531516e-01
5345803-S04-156I3-A-L-B-190,20.02.2020-02:57:56,2.00000000e+01,6.38868868e-01,8.91769791e+00,1.77673984e-03,1.69221634e+02,8.04384155e+01,1.86534061e+01,1.68082818e-01,9.34683502e-01
5345803-S04-156I3-A-L-B-190,20.02.2020-02:57:58,8.00000000e+00,6.45115137e-01,8.99082470e+00,2.10625282e-03,3.05632324e+02,8.03016815e+01,1.89579620e+01,9.61720571e-02,3.72292101e-01
5345803-S04-156I3-A-L-B-190,20.02.2020-02:58:00,8.00000000e+00,6.44501626e-01,8.98672581e+00,1.88606628e-03,2.86097473e+02,8.03400955e+01,1.89403534e+01,8.00292119e-02,1.46762058e-01
5345803-S04-156I3-A-L-B-190,20.02.2020-02:58:02,9.00000000e+00,6.43186688e-01,8.95166397e+00,1.84835575e-03,1.43300491e+02,8.04624405e+01,1.88566380e+01,1.83863893e-01,5.88152111e-01
5345803-S04-156I3-A-L-B-190,20.02.2020-02:58:04,8.00000000e+00,6.46333992e-01,8.99235630e+00,2.00476265e-03,2.19724014e+02,8.01477203e+01,1.89605904e+01,7.83055723e-02,1.99708879e-01
5345803-S04-156I3-A-L-B-190,20.02.2020-02:58:27,2.10000000e+01,6.38575196e-01,8.86642361e+00,1.54288078e-03,2.01765915e+02,8.03391342e+01,1.85147514e+01,6.14083052e-01,2.24988794e+00
5345803-S04-156I3-A-L-B-190,20.02.2020-02:58:29,8.00000000e+00,6.45624459e-01,8.96140194e+00,1.86497718e-03,1.51070358e+02,8.03637924e+01,1.89254646e+01,2.14897856e-01,4.33662742e-01
5345803-S04-156I3-A-L-B-190,20.02.2020-02:58:32,8.00000000e+00,6.46105051e-01,8.94240952e+00,1.84632826e-03,9.24956512e+01,8.05379333e+01,1.89403648e+01,2.28063554e-01,8.53870094e-01
5345803-S04-156I3-A-L-B-190,20.02.2020-02:58:34,8.00000000e+00,6.46008372e-01,8.96050358e+00,1.79974071e-03,1.85741226e+02,8.03476944e+01,1.89310246e+01,1.37457371e-01,2.84024775e-01
5345803-S04-156I3-A-L-B-190,20.02.2020-02:58:36,2.00000000e+00,6.40567362e-01,8.84200478e+00,2.06368999e-03,6.45792160e+01,7.96898651e+01,1.83716774e+01,5.27163386e-01,2.00581932e+00
5345803-S04-156I3-A-L-B-190,20.02.2020-02:58:38,7.00000000e+00,6.45749271e-01,9.00696659e+00,1.76335813e-03,1.99498352e+02,8.05819626e+01,1.90770187e+01,1.24998793e-01,3.68672460e-01
5345803-S04-156I3-A-L-B-190,20.02.2020-02:58:40,9.00000000e+00,6.44722223e-01,8.97043133e+00,2.01026071e-03,4.07164230e+01,8.00878983e+01,1.88531113e+01,5.37823200e-01,6.71504378e-01
5345803-S04-156I3-A-L-B-190,20.02.2020-02:58:42,2.00000000e+01,6.38981998e-01,9.03470993e+00,2.19979975e-03,9.54910202e+01,7.95709915e+01,1.86976833e+01,2.10567385e-01,3.02890658e-01
5345803-S04-156I3-A-L-B-190,20.02.2020-02:58:44,9.00000000e+00,6.44159615e-01,8.96442699e+00,1.83231593e-03,9.12747726e+01,8.01852036e+01,1.88469219e+01,6.91962004e-01,1.35525143e+00
5345803-S04-156I3-A-L-B-190,20.02.2020-02:58:46,8.00000000e+00,6.45887375e-01,8.98951244e+00,1.72442978e-03,8.92726898e+01,8.03894196e+01,1.89986191e+01,3.00936013e-01,5.08605897e-01
5345803-S04-156I3-A-L-B-190,20.02.2020-02:59:10,8.00000000e+00,6.46449268e-01,8.99341297e+00,1.97862764e-03,1.27584358e+02,8.01178131e+01,1.89591236e+01,1.74734116e-01,3.52673590e-01
5345803-S04-156I3-A-L-B-190,20.02.2020-02:59:12,8.00000000e+00,6.45987868e-01,9.00162506e+00,2.06940295e-03,1.72043518e+02,8.00505600e+01,1.89469738e+01,1.51304677e-01,2.83041418e-01
5345803-S04-156I3-A-L-B-190,20.02.2020-02:59:14,8.00000000e+00,6.46642268e-01,8.98599529e+00,1.78570941e-03,1.24487831e+02,7.99576187e+01,1.89112530e+01,1.47277847e-01,2.49410555e-01
5345803-S04-156I3-A-L-B-190,20.02.2020-02:59:16,1.90000000e+01,6.43475831e-01,8.96912098e+00,1.89743342e-03,3.88980164e+02,7.99122391e+01,1.87726517e+01,8.27131271e-02,1.89655244e-01
5345803-S04-156I3-A-L-B-190,20.02.2020-02:59:18,1.90000000e+01,6.43971682e-01,8.96384811e+00,1.95979560e-03,1.15783455e+02,7.96419678e+01,1.87125683e+01,1.64202318e-01,3.51136982e-01
5345803-S04-156I3-A-L-B-190,20.02.2020-02:59:20,8.00000000e+00,6.47107601e-01,8.99937057e+00,1.99310319e-03,3.00136841e+02,7.98683243e+01,1.89318657e+01,1.31844431e-01,2.00692371e-01
5345803-S04-156I3-A-L-B-190,20.02.2020-02:59:22,1.90000000e+01,6.44087374e-01,8.95474434e+00,1.56437303e-03,1.51034073e+02,7.98632584e+01,1.87488747e+01,1.72327667e-01,3.45085531e-01
5345803-S04-156I3-A-L-B-190,20.02.2020-02:59:24,1.90000000e+01,6.43412709e-01,8.98342037e+00,2.02950393e-03,2.29824280e+02,7.98621521e+01,1.87889538e+01,1.05528660e-01,2.91153461e-01
5345803-S04-156I3-A-L-B-190,20.02.2020-02:59:26,8.00000000e+00,6.47109449e-01,8.98316765e+00,1.79774920e-03,1.32337860e+02,8.02165375e+01,1.89802227e+01,1.40731543e-01,1.79285228e-01
5345803-S04-156I3-A-L-B-190,20.02.2020-02:59:28,1.40000000e+01,6.46662354e-01,8.99539471e+00,2.03771167e-03,8.78066483e+01,8.01693573e+01,1.89817581e+01,1.43487287e+00,2.06884241e+00
5345803-S04-156I3-A-L-B-190,20.02.2020-02:59:51,7.00000000e+00,6.47344351e-01,9.00587845e+00,1.81443337e-03,1.80553787e+02,8.01762695e+01,1.90255623e+01,1.56367049e-01,2.05094710e-01
5345803-S04-156I3-A-L-B-190,20.02.2020-02:59:53,7.00000000e+00,6.46123707e-01,9.05588913e+00,1.88014004e-03,2.18327332e+02,8.01787338e+01,1.90957260e+01,1.10971183e-01,1.29500791e-01
5345803-S04-156I3-A-L-B-190,20.02.2020-02:59:56,7.00000000e+00,6.48955047e-01,9.01518345e+00,2.08412972e-03,1.93836227e+02,8.00425339e+01,1.90607586e+01,1.29381582e-01,1.67039946e-01
5345803-S04-156I3-A-L-B-190,20.02.2020-02:59:58,7.00000000e+00,6.48673475e-01,9.02716255e+00,2.04037130e-03,1.03181801e+02,8.02174911e+01,1.91195068e+01,1.87650025e-01,2.60158181e-01
5345803-S04-156I3-A-L-B-190,20.02.2020-03:00:00,7.00000000e+00,6.47783339e-01,9.04290676e+00,1.83816114e-03,2.53091354e+02,8.02366409e+01,1.91311359e+01,1.28745362e-01,2.08092943e-01
5345803-S04-156I3-A-L-B-190,20.02.2020-03:00:02,7.00000000e+00,6.47423208e-01,9.03965950e+00,1.89079391e-03,1.39065582e+02,8.01905899e+01,1.91026630e+01,2.01938719e-01,2.49951661e-01
5345803-S04-156I3-A-L-B-190,20.02.2020-03:00:04,8.00000000e+00,6.45365834e-01,8.97772312e+00,1.88048964e-03,1.92087097e+02,8.02062912e+01,1.89151936e+01,1.90708786e-01,5.32843173e-01
5345803-S04-156I3-A-L-B-190,20.02.2020-03:00:06,8.00000000e+00,6.46358311e-01,8.99575043e+00,1.90445443e-03,4.75837463e+02,8.01567459e+01,1.89705963e+01,6.26529753e-02,1.45406425e-01
5345803-S04-156I3-A-L-B-190,20.02.2020-03:00:08,7.00000000e+00,6.47080600e-01,9.02115631e+00,1.96252670e-03,3.42353149e+02,8.02731323e+01,1.90730877e+01,1.18535437e-01,2.14895204e-01
5345803-S04-156I3-A-L-B-190,20.02.2020-03:00:10,8.00000000e+00,6.46707594e-01,9.00214291e+00,2.00885511e-03,1.94654907e+02,7.99935913e+01,1.89556770e+01,1.31451905e-01,2.28302911e-01
5345803-S04-156I3-A-L-B-190,20.02.2020-02:56:42,7.00000000e+00,6.49475694e-01,9.02760792e+00,1.74014235e-03,1.43274078e+02,8.03763046e+01,1.91819973e+01,1.61584944e-01,2.13138163e-01
5345803-S04-156I3-A-L-B-190,20.02.2020-02:56:44,9.00000000e+00,6.46670580e-01,8.98680973e+00,1.98977487e-03,1.68321609e+02,7.99412842e+01,1.89099312e+01,1.78286403e-01,2.59543926e-01
5345803-S04-156I3-A-L-B-190,20.02.2020-02:56:47,8.00000000e+00,6.46709204e-01,8.97966671e+00,1.70712115e-03,1.85693954e+02,8.00801620e+01,1.89288578e+01,1.28647909e-01,2.19405621e-01
5345803-S04-156I3-A-L-B-190,20.02.2020-02:56:49,8.00000000e+00,6.46422207e-01,9.00625038e+00,2.03086971e-03,2.36907562e+02,8.01505737e+01,1.89931545e+01,1.26084179e-01,2.42926210e-01
5345803-S04-156I3-A-L-B-190,20.02.2020-02:56:51,7.00000000e+00,6.48494601e-01,8.97834015e+00,1.90475304e-03,1.72265244e+02,8.03672256e+01,1.90463409e+01,1.50522768e-01,3.83259118e-01
5345803-S04-156I3-A-L-B-190,20.02.2020-02:56:53,7.00000000e+00,6.49112523e-01,8.98534298e+00,1.68106612e-03,2.39309418e+02,8.03709259e+01,1.90802383e+01,9.80571434e-02,2.87640572e-01
5345803-S04-156I3-A-L-B-190,20.02.2020-02:56:55,8.00000000e+00,6.46923721e-01,8.98413754e+00,1.77287788e-03,2.58837402e+02,8.03184128e+01,1.90009270e+01,1.16951764e-01,3.95668387e-01
5345803-S04-156I3-A-L-B-190,20.02.2020-02:56:57,7.00000000e+00,6.48919046e-01,9.00497532e+00,1.85099430e-03,2.93503296e+02,8.03807297e+01,1.91185608e+01,1.14220016e-01,3.99253994e-01
5345803-S04-156I3-A-L-B-190,20.02.2020-02:56:59,8.00000000e+00,6.45676970e-01,8.96833897e+00,1.78507168e-03,1.54663498e+02,8.02876358e+01,1.89237061e+01,1.67925969e-01,5.33401132e-01
5345803-S04-156I3-A-L-B-190,20.02.2020-02:57:01,7.00000000e+00,6.47989154e-01,8.98430347e+00,2.16993317e-03,3.16696930e+02,8.03688049e+01,1.90445118e+01,1.36946201e-01,4.02382702e-01
5345803-S04-156I3-A-L-B-190,20.02.2020-02:57:24,7.00000000e+00,6.47121608e-01,9.01330566e+00,2.01475178e-03,1.43730194e+02,8.01914291e+01,1.90382996e+01,1.32108629e-01,2.46937379e-01
5345803-S04-156I3-A-L-B-190,20.02.2020-02:57:26,7.00000000e+00,6.48992181e-01,9.02323055e+00,1.76195544e-03,2.88094360e+02,8.04190140e+01,1.91686020e+01,8.51581916e-02,1.25481501e-01
5345803-S04-156I3-A-L-B-190,20.02.2020-02:57:28,9.00000000e+00,6.45222545e-01,8.96257496e+00,1.89709943e-03,1.38933090e+02,8.00105286e+01,1.88330078e+01,1.84043825e-01,2.70304531e-01
5345803-S04-156I3-A-L-B-190,20.02.2020-02:57:31,7.00000000e+00,6.46660089e-01,9.01285648e+00,1.96885248e-03,4.79748810e+02,8.03781357e+01,1.90680656e+01,5.04939966e-02,1.06654681e-01
5345803-S04-156I3-A-L-B-190,20.02.2020-02:57:33,9.00000000e+00,6.44544721e-01,8.98258686e+00,1.78283406e-03,1.27963615e+02,8.01997757e+01,1.88998280e+01,1.42074168e-01,2.02506423e-01
5345803-S04-156I3-A-L-B-190,20.02.2020-02:57:35,8.00000000e+00,6.46023631e-01,8.99138546e+00,2.05057138e-03,6.13294006e+02,8.02447052e+01,1.89723682e+01,6.51090816e-02,1.84872955e-01
5345803-S04-156I3-A-L-B-190,20.02.2020-02:57:37,8.00000000e+00,6.45910680e-01,8.99186611e+00,1.95916952e-03,3.07569489e+02,8.02967987e+01,1.89823837e+01,8.96568075e-02,2.07259074e-01
5345803-S04-156I3-A-L-B-190,20.02.2020-02:57:39,9.00000000e+00,6.43862605e-01,8.96541309e+00,1.97097496e-03,2.04008972e+02,8.03197479e+01,1.88719158e+01,1.13318942e-01,2.04606816e-01
5345803-S04-156I3-A-L-B-190,20.02.2020-02:57:41,7.00000000e+00,6.46576107e-01,8.98905087e+00,1.97501131e-03,3.48648865e+02,8.04270325e+01,1.90267982e+01,9.07138884e-02,2.73956448e-01
5345803-S04-156I3-A-L-B-190,20.02.2020-02:57:43,8.00000000e+00,6.44747078e-01,8.99716759e+00,2.05671717e-03,2.57819794e+02,8.02358475e+01,1.89449654e+01,8.90266895e-02,2.02842295e-01
5345803-S04-156I3-A-L-B-190,20.02.2020-02:58:06,1.90000000e+01,6.40507698e-01,8.94689083e+00,1.83549069e-03,3.01664062e+02,8.01967163e+01,1.87061005e+01,7.53590092e-02,1.07873715e-01
5345803-S04-156I3-A-L-B-190,20.02.2020-02:58:08,9.00000000e+00,6.45053208e-01,8.99391556e+00,2.24666577e-03,2.23157639e+02,8.00354385e+01,1.88997841e+01,7.82807842e-02,1.26183823e-01
5345803-S04-156I3-A-L-B-190,20.02.2020-02:58:11,8.00000000e+00,6.46704674e-01,9.00906277e+00,1.66289229e-03,2.14281296e+02,8.01592712e+01,1.90094528e+01,1.25008255e-01,1.53852507e-01
5345803-S04-156I3-A-L-B-190,20.02.2020-02:58:13,1.90000000e+01,6.42768323e-01,8.95435047e+00,1.69386063e-03,2.46027054e+02,8.01931915e+01,1.87869473e+01,1.18073806e-01,4.52136189e-01
5345803-S04-156I3-A-L-B-190,20.02.2020-02:58:15,8.00000000e+00,6.45387352e-01,9.00229645e+00,1.85351132e-03,1.32654282e+02,7.99872665e+01,1.89158039e+01,1.38405204e-01,1.86784074e-01
5345803-S04-156I3-A-L-B-190,20.02.2020-02:58:17,2.00000000e+01,6.43106461e-01,8.90820885e+00,1.70157244e-03,2.82979706e+02,8.00542526e+01,1.86675739e+01,1.22231908e-01,2.39635408e-01
5345803-S04-156I3-A-L-B-190,20.02.2020-02:58:19,9.00000000e+00,6.43846512e-01,8.97711754e+00,2.21700664e-03,2.32797119e+02,8.01980743e+01,1.88674583e+01,1.16171397e-01,2.73886710e-01
5345803-S04-156I3-A-L-B-190,20.02.2020-02:58:21,2.00000000e+01,6.38891280e-01,9.00004292e+00,2.14230106e-03,2.52774261e+02,7.95806198e+01,1.86255455e+01,1.19047672e-01,1.94067374e-01
5345803-S04-156I3-A-L-B-190,20.02.2020-02:58:23,9.00000000e+00,6.43195271e-01,8.99224281e+00,2.16804584e-03,9.49347382e+01,8.00848618e+01,1.88534775e+01,1.66300282e-01,2.48973936e-01
5345803-S04-156I3-A-L-B-190,20.02.2020-02:58:25,8.00000000e+00,6.43690765e-01,8.98845577e+00,1.66128098e-03,2.06276154e+02,8.03293228e+01,1.89176273e+01,8.32464397e-02,1.51014030e-01
5345803-S04-156I3-A-L-B-190,20.02.2020-02:58:48,8.00000000e+00,6.45556509e-01,8.97794437e+00,1.73988123e-03,8.88991394e+01,8.03187408e+01,1.89477768e+01,3.15119177e-01,4.26895350e-01
5345803-S04-156I3-A-L-B-190,20.02.2020-02:58:50,9.00000000e+00,6.42672420e-01,9.00951767e+00,2.12824973e-03,2.45069702e+02,7.98347702e+01,1.88154011e+01,1.13593578e-01,2.07007512e-01
5345803-S04-156I3-A-L-B-190,20.02.2020-02:58:53,1.90000000e+01,6.46608114e-01,8.97671795e+00,2.72682100e-03,8.97286911e+01,7.93143692e+01,1.87387581e+01,1.80503115e-01,2.95744181e-01
5345803-S04-156I3-A-L-B-190,20.02.2020-02:58:55,2.10000000e+01,6.40528023e-01,8.89516258e+00,1.72015175e-03,1.10331902e+02,8.00923691e+01,1.85743389e+01,2.74499089e-01,1.11963499e+00
5345803-S04-156I3-A-L-B-190,20.02.2020-02:58:57,9.00000000e+00,6.46198630e-01,8.97047997e+00,2.30446435e-03,1.07034477e+02,7.99999695e+01,1.88756428e+01,1.92441523e-01,3.32500130e-01
5345803-S04-156I3-A-L-B-190,20.02.2020-02:58:59,9.00000000e+00,6.46107256e-01,8.97622013e+00,2.33304268e-03,1.34583740e+02,8.00693741e+01,1.89014339e+01,1.75458267e-01,2.92658746e-01
5345803-S04-156I3-A-L-B-190,20.02.2020-02:59:01,7.00000000e+00,6.45921826e-01,8.98972130e+00,1.59196835e-03,1.54426636e+02,8.05793610e+01,1.90449657e+01,2.06068963e-01,3.88447493e-01
5345803-S04-156I3-A-L-B-190,20.02.2020-02:59:03,7.00000000e+00,6.47395849e-01,9.01900578e+00,1.88272621e-03,1.42380356e+02,8.04392014e+01,1.91172981e+01,1.97702825e-01,2.73608029e-01
5345803-S04-156I3-A-L-B-190,20.02.2020-02:59:05,8.00000000e+00,6.45807564e-01,8.99863243e+00,2.04947009e-03,4.92007637e+01,8.02086487e+01,1.89727840e+01,3.77039224e-01,4.59603906e-01
5345803-S04-156I3-A-L-B-190,20.02.2020-02:59:07,8.00000000e+00,6.45896196e-01,8.97197723e+00,1.88630400e-03,1.71717239e+02,8.01832123e+01,1.89131794e+01,2.24086002e-01,4.13526177e-01
5345803-S04-156I3-A-L-B-190,20.02.2020-02:59:30,2.00000000e+01,6.40789866e-01,8.93753815e+00,1.84659602e-03,2.32220703e+02,8.01012039e+01,1.86725140e+01,1.86043173e-01,5.42346597e-01
5345803-S04-156I3-A-L-B-190,20.02.2020-02:59:33,9.00000000e+00,6.44183576e-01,8.99664974e+00,1.87566655e-03,3.05644043e+02,8.01598969e+01,1.89094028e+01,1.37670040e-01,2.77084321e-01
5345803-S04-156I3-A-L-B-190,20.02.2020-02:59:35,9.00000000e+00,6.44664168e-01,8.96040058e+00,1.66981819e-03,1.06698830e+02,8.00870514e+01,1.88301373e+01,1.37757391e-01,1.80867821e-01
5345803-S04-156I3-A-L-B-190,20.02.2020-02:59:37,2.00000000e+00,6.35432303e-01,8.85514927e+00,1.83988456e-03,2.09486374e+02,7.99235840e+01,1.83050251e+01,1.75779372e-01,6.84811413e-01
5345803-S04-156I3-A-L-B-190,20.02.2020-02:59:39,9.00000000e+00,6.45819604e-01,8.97400379e+00,1.82974886e-03,3.01757202e+02,8.00881577e+01,1.88927860e+01,6.92433789e-02,1.03079967e-01
5345803-S04-156I3-A-L-B-190,20.02.2020-02:59:41,7.00000000e+00,6.49477363e-01,9.02856159e+00,2.00524391e-03,7.91631622e+01,7.99831314e+01,1.90902290e+01,2.36790940e-01,3.02122116e-01
5345803-S04-156I3-A-L-B-190,20.02.2020-02:59:43,7.00000000e+00,6.49550200e-01,9.00317478e+00,1.96180702e-03,2.00185684e+02,8.01143723e+01,1.90699272e+01,1.64763227e-01,2.17153788e-01
5345803-S04-156I3-A-L-B-190,20.02.2020-02:59:45,7.00000000e+00,6.49833739e-01,9.08652115e+00,1.95118785e-03,1.57307953e+02,8.02153625e+01,1.92791405e+01,1.25549778e-01,1.49016291e-01
5345803-S04-156I3-A-L-B-190,20.02.2020-02:59:47,7.00000000e+00,6.46653235e-01,9.03359509e+00,1.73902197e-03,2.08854599e+02,8.01716461e+01,1.90626392e+01,1.33993253e-01,2.01365381e-01
5345803-S04-156I3-A-L-B-190,20.02.2020-02:59:49,8.00000000e+00,6.48670077e-01,8.98822117e+00,1.74983242e-03,1.77680984e+02,8.00871887e+01,1.90060062e+01,1.05835736e-01,1.39009520e-01
5345803-S04-156I3-A-L-B-190,20.02.2020-03:00:12,8.00000000e+00,6.46764696e-01,9.01088428e+00,2.15446390e-03,1.08557320e+02,7.98525620e+01,1.89423027e+01,1.81094944e-01,2.49934584e-01
5345803-S04-156I3-A-L-B-190,20.02.2020-03:00:14,8.00000000e+00,6.46657825e-01,9.00827980e+00,1.80153060e-03,4.17200508e+01,8.01838074e+01,1.90122395e+01,3.40992182e-01,5.06352961e-01
5345803-S04-156I3-A-L-B-190,20.02.2020-03:00:16,7.00000000e+00,6.46328390e-01,9.02173519e+00,1.75862818e-03,2.46322296e+02,8.02853241e+01,1.90550308e+01,1.27323821e-01,2.25630000e-01
5345803-S04-156I3-A-L-B-190,20.02.2020-03:00:18,8.00000000e+00,6.45959437e-01,8.99127197e+00,1.87906809e-03,2.29915604e+02,8.01480255e+01,1.89473915e+01,1.20828710e-01,1.99626595e-01
5345803-S04-156I3-A-L-B-190,20.02.2020-03:00:21,8.00000000e+00,6.46564424e-01,9.01045609e+00,1.91825395e-03,1.05684647e+02,8.01940689e+01,1.90165195e+01,1.80406481e-01,2.73703724e-01
5345803-S04-156I3-A-L-B-190,20.02.2020-03:00:23,9.00000000e+00,6.45678580e-01,8.95109272e+00,1.83655985e-03,2.17878036e+02,8.02005920e+01,1.88668823e+01,1.41456917e-01,1.93716452e-01
5345803-S04-156I3-A-L-B-190,20.02.2020-03:00:25,7.00000000e+00,6.50893331e-01,9.02988148e+00,1.90212554e-03,3.17837585e+02,8.06287842e+01,1.92891121e+01,1.08928308e-01,1.68322235e-01
5345803-S04-156I3-A-L-B-190,20.02.2020-03:00:27,1.90000000e+01,6.43092513e-01,8.96030903e+00,1.65766373e-03,2.37251541e+02,8.01331940e+01,1.87948589e+01,9.31473151e-02,1.14301950e-01
5345803-S04-156I3-A-L-B-190,20.02.2020-03:00:29,1.90000000e+01,6.44068420e-01,8.94554615e+00,2.07607890e-03,1.40152496e+02,8.00316162e+01,1.87685471e+01,1.43369034e-01,1.73849314e-01
5345803-S04-156I3-A-L-B-190,20.02.2020-03:00:31,8.00000000e+00,6.46387398e-01,8.97683716e+00,1.78993086e-03,2.76670715e+02,8.04033813e+01,1.89898148e+01,1.24842539e-01,4.36918169e-01
5345803-S04-156I3-A-L-B-190,20.02.2020-03:00:54,7.00000000e+00,6.48695350e-01,9.05361748e+00,1.89791154e-03,2.01279907e+02,8.03794556e+01,1.92149029e+01,1.30943879e-01,2.10271180e-01
5345803-S04-156I3-A-L-B-190,20.02.2020-03:00:56,7.00000000e+00,6.47716284e-01,9.04575729e+00,1.79363613e-03,3.01848633e+02,8.03452225e+01,1.91610832e+01,9.32876840e-02,1.86327443e-01
5345803-S04-156I3-A-L-B-190,20.02.2020-03:00:58,8.00000000e+00,6.45702481e-01,9.01022053e+00,1.86078728e-03,2.83873840e+02,8.02306442e+01,1.89993324e+01,1.15371853e-01,2.20871225e-01
5345803-S04-156I3-A-L-B-190,20.02.2020-03:01:00,8.00000000e+00,6.46292388e-01,8.95819283e+00,1.66193431e-03,1.84348083e+02,8.06142883e+01,1.89972897e+01,1.74814329e-01,4.65802670e-01
5345803-S04-156I3-A-L-B-190,20.02.2020-03:01:03,7.00000000e+00,6.48721218e-01,9.08373165e+00,1.95355993e-03,4.04205994e+02,8.03819733e+01,1.92801876e+01,1.29912719e-01,1.56209543e-01
5345803-S04-156I3-A-L-B-190,20.02.2020-03:01:05,7.00000000e+00,6.49685860e-01,9.01178360e+00,1.72400847e-03,1.08779968e+02,8.02193680e+01,1.91171703e+01,1.91485837e-01,2.45354012e-01
5345803-S04-156I3-A-L-B-190,20.02.2020-03:01:08,9.00000000e+00,6.45388067e-01,8.96315098e+00,1.63327006e-03,1.44963669e+02,8.01877441e+01,1.88807755e+01,1.81032062e-01,2.34395698e-01
5345803-S04-156I3-A-L-B-190,20.02.2020-03:01:10,8.00000000e+00,6.45081162e-01,9.01715183e+00,1.72027608e-03,2.06898438e+02,8.02172394e+01,1.89924812e+01,1.07896492e-01,2.55001783e-01
5345803-S04-156I3-A-L-B-190,20.02.2020-03:01:12,7.00000000e+00,6.49530232e-01,8.99924755e+00,1.81982317e-03,1.82576706e+02,8.03936768e+01,1.91274757e+01,1.19985484e-01,3.32070231e-01
5345803-S04-156I3-A-L-B-190,20.02.2020-03:01:14,7.00000000e+00,6.47904634e-01,9.01716518e+00,1.79170375e-03,1.25436951e+02,8.04035034e+01,1.91199303e+01,1.69558853e-01,2.49319687e-01
5345803-S04-156I3-A-L-B-190,20.02.2020-03:01:37,7.00000000e+00,6.47129476e-01,8.98323631e+00,1.73372589e-03,1.66369019e+02,8.04821091e+01,1.90437984e+01,1.88747033e-01,4.25842851e-01
5345803-S04-156I3-A-L-B-190,20.02.2020-03:01:39,1.90000000e+01,6.43693626e-01,8.95670223e+00,1.94638467e-03,3.23600250e+02,7.99339066e+01,1.87580872e+01,6.46864399e-02,9.93113667e-02
5345803-S04-156I3-A-L-B-190,20.02.2020-03:01:41,7.00000000e+00,6.48088694e-01,9.06433105e+00,1.89667253e-03,9.57413330e+01,8.02186279e+01,1.91811943e+01,1.94372386e-01,2.84956962e-01
5345803-S04-156I3-A-L-B-190,20.02.2020-03:01:43,9.00000000e+00,6.44981623e-01,8.96708870e+00,1.68106740e-03,2.53932785e+02,8.01622314e+01,1.88711700e+01,9.88720432e-02,1.34117529e-01
5345803-S04-156I3-A-L-B-190,20.02.2020-03:01:45,7.00000000e+00,6.47903264e-01,9.04804420e+00,1.87973049e-03,1.55740067e+02,8.02577515e+01,1.91505871e+01,1.71147972e-01,2.80125231e-01
5345803-S04-156I3-A-L-B-190,20.02.2020-03:01:48,7.00000000e+00,6.47545695e-01,9.05111027e+00,2.11449992e-03,2.30804062e+02,8.01892776e+01,1.91301670e+01,1.06680915e-01,1.84121832e-01
5345803-S04-156I3-A-L-B-190,20.02.2020-03:01:50,8.00000000e+00,6.46709323e-01,9.02259827e+00,1.80659571e-03,8.26119232e+01,8.00613480e+01,1.90148926e+01,2.38154352e-01,3.43877345e-01
5345803-S04-156I3-A-L-B-190,20.02.2020-03:01:52,8.00000000e+00,6.47918403e-01,8.97691345e+00,1.75435911e-03,2.05091751e+02,8.01344833e+01,1.89712944e+01,1.03836991e-01,1.29444167e-01
5345803-S04-156I3-A-L-B-190,20.02.2020-03:01:54,7.00000000e+00,6.46861196e-01,9.02456093e+00,1.87340728e-03,1.96192108e+02,8.03129807e+01,1.90832844e+01,1.23331591e-01,1.70075744e-01
5345803-S04-156I3-A-L-B-190,20.02.2020-03:01:56,7.00000000e+00,6.49817109e-01,9.00475979e+00,1.74881681e-03,4.02740662e+02,8.01859589e+01,1.90981712e+01,1.08767569e-01,1.50943473e-01
5345803-S04-156I3-A-L-B-190,20.02.2020-03:00:33,7.00000000e+00,6.48494303e-01,8.99007988e+00,1.86185981e-03,1.49510223e+02,8.04296799e+01,1.90860577e+01,1.87155053e-01,4.28600758e-01
5345803-S04-156I3-A-L-B-190,20.02.2020-03:00:35,8.00000000e+00,6.46243453e-01,8.97631264e+00,1.93694246e-03,4.01206329e+02,8.03468628e+01,1.89711304e+01,8.81822407e-02,3.63331616e-01
5345803-S04-156I3-A-L-B-190,20.02.2020-03:00:37,7.00000000e+00,6.49138570e-01,9.00348377e+00,1.84465828e-03,8.62960434e+01,8.02863617e+01,1.90994091e+01,2.14191645e-01,4.09633428e-01
5345803-S04-156I3-A-L-B-190,20.02.2020-03:00:39,9.00000000e+00,6.45612061e-01,8.95779800e+00,1.87362940e-03,6.34383972e+02,8.02010040e+01,1.88791714e+01,8.84064212e-02,4.09726739e-01
5345803-S04-156I3-A-L-B-190,20.02.2020-03:00:41,7.00000000e+00,6.48845315e-01,8.99285889e+00,1.79361203e-03,3.78184631e+02,8.04493561e+01,1.91069660e+01,6.00205734e-02,2.73339361e-01
5345803-S04-156I3-A-L-B-190,20.02.2020-03:00:43,7.00000000e+00,6.45840645e-01,9.00404453e+00,1.87630893e-03,2.35333740e+02,8.03885422e+01,1.90277443e+01,1.32403180e-01,2.47613952e-01
5345803-S04-156I3-A-L-B-190,20.02.2020-03:00:46,8.00000000e+00,6.45833552e-01,8.99786568e+00,1.94206112e-03,2.32436523e+02,8.02097397e+01,1.89721889e+01,1.08441904e-01,1.34368107e-01
5345803-S04-156I3-A-L-B-190,20.02.2020-03:00:48,1.90000000e+01,6.44669771e-01,8.92876244e+00,1.54122675e-03,1.74817291e+02,8.01706238e+01,1.87833920e+01,1.34593502e-01,1.69062018e-01
5345803-S04-156I3-A-L-B-190,20.02.2020-03:00:50,7.00000000e+00,6.48316264e-01,9.00006104e+00,1.90731813e-03,2.20987000e+02,8.02638016e+01,1.90626068e+01,1.30982861e-01,5.29328287e-01
5345803-S04-156I3-A-L-B-190,20.02.2020-03:00:52,8.00000000e+00,6.45026445e-01,9.01721668e+00,1.83232967e-03,1.12045975e+02,8.01107407e+01,1.89657917e+01,2.07509667e-01,3.89344782e-01
5345803-S04-156I3-A-L-B-190,20.02.2020-03:01:16,7.00000000e+00,6.46924376e-01,8.99031544e+00,1.83447660e-03,2.03823196e+02,8.04755020e+01,1.90512009e+01,1.09155789e-01,3.56915772e-01
5345803-S04-156I3-A-L-B-190,20.02.2020-03:01:18,7.00000000e+00,6.49219453e-01,9.01581573e+00,2.10474571e-03,2.37316910e+02,8.02850418e+01,1.91276398e+01,1.37291983e-01,4.16494459e-01
5345803-S04-156I3-A-L-B-190,20.02.2020-03:01:20,7.00000000e+00,6.49049044e-01,9.03196335e+00,1.59223669e-03,2.15336197e+02,8.01659622e+01,1.91284542e+01,1.12041004e-01,1.75865188e-01
5345803-S04-156I3-A-L-B-190,20.02.2020-03:01:22,7.00000000e+00,6.48169756e-01,8.99978256e+00,1.98379788e-03,2.19829056e+02,8.03264008e+01,1.90725727e+01,1.78134650e-01,5.89697123e-01
5345803-S04-156I3-A-L-B-190,20.02.2020-03:01:25,8.00000000e+00,6.47818804e-01,8.98849010e+00,1.81867555e-03,1.26875328e+02,8.01885071e+01,1.90056419e+01,1.91295773e-01,2.72723913e-01
5345803-S04-156I3-A-L-B-190,20.02.2020-03:01:27,9.00000000e+00,6.43985033e-01,8.96753311e+00,1.86722970e-03,3.82706390e+02,8.01096573e+01,1.88305855e+01,1.58185124e-01,4.44746912e-01
5345803-S04-156I3-A-L-B-190,20.02.2020-03:01:29,7.00000000e+00,6.47431552e-01,9.01899433e+00,1.81881525e-03,5.46538147e+02,8.02646332e+01,1.90768375e+01,6.11679107e-02,8.61518010e-02
5345803-S04-156I3-A-L-B-190,20.02.2020-03:01:31,7.00000000e+00,6.46828353e-01,9.03098488e+00,1.64399180e-03,4.45510468e+02,8.03860321e+01,1.91132698e+01,6.31884933e-02,1.10639878e-01
5345803-S04-156I3-A-L-B-190,20.02.2020-03:01:33,7.00000000e+00,6.48471773e-01,9.00801086e+00,1.97140779e-03,1.42924393e+02,8.00613098e+01,1.90358753e+01,1.31753385e-01,1.72456980e-01
5345803-S04-156I3-A-L-B-190,20.02.2020-03:01:35,7.00000000e+00,6.48242354e-01,8.98811626e+00,1.77844567e-03,2.58998199e+02,8.02018204e+01,1.90204372e+01,1.07779145e-01,1.42823815e-01
5345803-S04-156I3-A-L-B-190,20.02.2020-03:01:58,9.00000000e+00,6.44550323e-01,8.99532700e+00,2.00789305e-03,1.13750374e+02,7.99262619e+01,1.88622494e+01,2.42860183e-01,4.12701428e-01
5345803-S04-156I3-A-L-B-190,20.02.2020-03:02:00,9.00000000e+00,6.44963443e-01,8.97178841e+00,1.84541533e-03,2.10746567e+02,8.01703873e+01,1.88824463e+01,1.68019548e-01,4.46902066e-01
5345803-S04-156I3-A-L-B-190,20.02.2020-03:02:02,8.00000000e+00,6.47472262e-01,8.97306919e+00,2.00487860e-03,2.65825592e+02,8.00954437e+01,1.89408817e+01,1.16656497e-01,1.51579157e-01
5345803-S04-156I3-A-L-B-190,20.02.2020-03:02:04,7.00000000e+00,6.48343742e-01,9.01717377e+00,1.80743192e-03,2.28054840e+02,8.03402100e+01,1.91178455e+01,1.06036916e-01,1.69016704e-01
5345803-S04-156I3-A-L-B-190,20.02.2020-03:02:06,7.00000000e+00,6.46971703e-01,9.01625156e+00,1.92233420e-03,1.01685501e+02,8.03535004e+01,1.90785904e+01,2.15976462e-01,2.92027742e-01
5345803-S04-156I3-A-L-B-190,20.02.2020-03:02:08,7.00000000e+00,6.49480104e-01,9.08066368e+00,2.45650834e-03,9.42179871e+01,7.95398483e+01,1.90940666e+01,3.45168442e-01,4.01604712e-01
5345803-S04-156I3-A-L-B-190,20.02.2020-03:02:11,7.00000000e+00,6.48946404e-01,8.99027634e+00,1.83252292e-03,2.02194809e+02,8.02496796e+01,1.90570354e+01,7.06187412e-02,1.05938978e-01
5345803-S04-156I3-A-L-B-190,20.02.2020-03:02:13,7.00000000e+00,6.49561524e-01,9.00488949e+00,1.92591036e-03,3.52724365e+02,8.01644516e+01,1.90858154e+01,8.08511153e-02,1.14793524e-01
5345803-S04-156I3-A-L-B-190,20.02.2020-03:02:16,7.00000000e+00,6.47265315e-01,9.02871037e+00,1.82920857e-03,1.19521172e+02,8.02534790e+01,1.90898323e+01,2.03366965e-01,2.86395401e-01
5345803-S04-156I3-A-L-B-190,20.02.2020-03:02:18,8.00000000e+00,6.47473335e-01,8.98585987e+00,1.85655162e-03,3.03287354e+02,8.02144623e+01,1.89960976e+01,8.75289813e-02,1.27532914e-01
5345803-S04-156I3-A-L-B-190,20.02.2020-03:02:41,9.00000000e+00,6.44596875e-01,8.95130920e+00,1.84730033e-03,2.11211594e+02,8.03041306e+01,1.88600483e+01,1.20343700e-01,1.82616189e-01
5345803-S04-156I3-A-L-B-190,20.02.2020-03:02:43,1.90000000e+01,6.43392324e-01,8.90353966e+00,1.72175746e-03,3.70105408e+02,8.05604324e+01,1.87841072e+01,1.02259979e-01,2.61249661e-01
5345803-S04-156I3-A-L-B-190,20.02.2020-03:02:45,1.90000000e+01,6.40684903e-01,8.94494057e+00,1.66560535e-03,2.85405396e+02,8.02717438e+01,1.87246990e+01,1.33551344e-01,2.46245354e-01
5345803-S04-156I3-A-L-B-190,20.02.2020-03:02:47,1.90000000e+01,6.45625293e-01,8.92053890e+00,1.86811469e-03,7.57376862e+01,7.99849625e+01,1.87503815e+01,3.63162279e-01,4.72504824e-01
5345803-S04-156I3-A-L-B-190,20.02.2020-03:02:49,9.00000000e+00,6.44802570e-01,8.95268345e+00,1.79421832e-03,9.33321533e+02,8.03652573e+01,1.88833256e+01,4.70351577e-02,7.29907677e-02
5345803-S04-156I3-A-L-B-190,20.02.2020-03:02:51,9.00000000e+00,6.46770954e-01,8.93205833e+00,1.79760531e-03,3.79305450e+02,8.02477951e+01,1.88697166e+01,1.20068081e-01,1.82062134e-01
5345803-S04-156I3-A-L-B-190,20.02.2020-03:02:53,2.00000000e+01,6.40516162e-01,8.91002464e+00,1.94147148e-03,3.13695526e+02,8.03401031e+01,1.86625748e+01,7.82649070e-02,1.01915225e-01
5345803-S04-156I3-A-L-B-190,20.02.2020-03:02:55,7.00000000e+00,6.47264659e-01,9.01383018e+00,1.94428791e-03,3.41504425e+02,8.02887344e+01,1.90667229e+01,7.80873671e-02,9.45770815e-02
5345803-S04-156I3-A-L-B-190,20.02.2020-03:02:57,7.00000000e+00,6.47337615e-01,8.97319508e+00,1.96405919e-03,4.38458557e+02,8.06369095e+01,1.90652294e+01,7.43654892e-02,2.02318206e-01
5345803-S04-156I3-A-L-B-190,20.02.2020-03:02:59,1.90000000e+01,6.44194245e-01,8.89196014e+00,1.93528144e-03,3.61275452e+02,8.04290848e+01,1.87524357e+01,1.32858366e-01,1.13470340e+00
5345803-S04-156I3-A-L-B-190,20.02.2020-03:03:22,2.10000000e+01,6.39671564e-01,8.85122585e+00,1.88973092e-03,5.31559875e+02,8.03336792e+01,1.85134907e+01,9.50627923e-02,4.45721298e-01
5345803-S04-156I3-A-L-B-190,20.02.2020-03:03:24,1.00000000e+00,6.40214384e-01,8.85780525e+00,2.01057526e-03,9.65630493e+02,8.00707703e+01,1.84822884e+01,6.94033951e-02,3.20882648e-01
5345803-S04-156I3-A-L-B-190,20.02.2020-03:03:26,1.00000000e+00,6.40507817e-01,8.86255550e+00,2.15952564e-03,2.48515762e+02,7.97057037e+01,1.84163265e+01,1.64620295e-01,5.41805625e-01
5345803-S04-156I3-A-L-B-190,20.02.2020-03:03:28,1.00000000e+00,6.41927004e-01,8.88450623e+00,2.41981028e-03,6.52320923e+02,7.96595840e+01,1.84921398e+01,8.06426927e-02,3.68466377e-01
5345803-S04-156I3-A-L-B-190,20.02.2020-03:03:30,1.00000000e+00,6.41309738e-01,8.86522484e+00,2.22303299e-03,3.20027649e+02,7.96484451e+01,1.84316864e+01,8.98577720e-02,3.19702566e-01
5345803-S04-156I3-A-L-B-190,20.02.2020-03:03:33,1.00000000e+00,6.39694989e-01,8.86002827e+00,2.19953596e-03,2.60327484e+02,7.98154449e+01,1.84130268e+01,1.27569571e-01,4.60029453e-01
5345803-S04-156I3-A-L-B-190,20.02.2020-03:03:35,1.00000000e+00,6.43074274e-01,8.83247852e+00,1.94724591e-03,2.52900772e+02,7.98554230e+01,1.84619827e+01,1.72368467e-01,6.03249133e-01
5345803-S04-156I3-A-L-B-190,20.02.2020-03:03:37,2.10000000e+01,6.41690493e-01,8.89734268e+00,2.16111843e-03,2.74021576e+02,7.96954498e+01,1.85203686e+01,1.59991711e-01,4.19885695e-01
5345803-S04-156I3-A-L-B-190,20.02.2020-03:03:39,2.10000000e+01,6.41470373e-01,8.89401340e+00,2.19740067e-03,1.79668274e+02,7.97975311e+01,1.85307941e+01,1.53090939e-01,3.83735687e-01
5345803-S04-156I3-A-L-B-190,20.02.2020-03:03:41,2.10000000e+01,6.41906798e-01,8.88146591e+00,2.32147076e-03,2.31217606e+02,7.97742386e+01,1.85118351e+01,1.26042143e-01,1.50244609e-01
5345803-S04-156I3-A-L-B-190,20.02.2020-03:04:04,2.10000000e+01,6.41904593e-01,8.87426090e+00,1.91224844e-03,3.13148743e+02,8.01615143e+01,1.85865517e+01,9.17454287e-02,3.18685770e-01
5345803-S04-156I3-A-L-B-190,20.02.2020-03:04:06,2.10000000e+01,6.41410768e-01,8.88863373e+00,1.99004030e-03,1.86822021e+02,8.00356522e+01,1.85731239e+01,1.70016497e-01,3.53964955e-01
5345803-S04-156I3-A-L-B-190,20.02.2020-03:04:08,2.10000000e+01,6.42019629e-01,8.89324379e+00,2.15247646e-03,2.13912674e+02,7.97723999e+01,1.85392151e+01,1.47273049e-01,2.56450564e-01
5345803-S04-156I3-A-L-B-190,20.02.2020-03:04:10,2.00000000e+01,6.43330932e-01,8.90374184e+00,2.10099970e-03,1.08624100e+02,7.98682251e+01,1.86213512e+01,2.43144184e-01,4.09213901e-01
5345803-S04-156I3-A-L-B-190,20.02.2020-03:04:13,2.10000000e+01,6.44351065e-01,8.88818264e+00,2.52604834e-03,3.20588470e+02,7.97387238e+01,1.85881004e+01,6.54623806e-02,1.06571041e-01
5345803-S04-156I3-A-L-B-190,20.02.2020-03:04:16,2.00000000e+01,6.40816927e-01,8.92995262e+00,1.99572067e-03,3.90429810e+02,8.02222443e+01,1.86856461e+01,1.37075961e-01,8.79057109e-01
5345803-S04-156I3-A-L-B-190,20.02.2020-03:04:19,7.00000000e+00,6.45951807e-01,9.00881100e+00,2.02425476e-03,4.19331787e+02,8.03815384e+01,1.90394363e+01,7.05929250e-02,1.05351768e-01
5345803-S04-156I3-A-L-B-190,20.02.2020-03:04:21,7.00000000e+00,6.46343112e-01,9.00230217e+00,1.97977386e-03,2.52213226e+02,8.03529739e+01,1.90304413e+01,1.67528346e-01,2.24330872e-01
5345803-S04-156I3-A-L-B-190,20.02.2020-03:04:23,2.00000000e+01,6.40921414e-01,8.93416309e+00,1.74509827e-03,1.11166840e+02,8.02324677e+01,1.86998882e+01,1.62386090e-01,1.98452830e-01
5345803-S04-156I3-A-L-B-190,20.02.2020-03:04:25,7.00000000e+00,6.45923674e-01,9.01809406e+00,1.79362064e-03,3.06439026e+02,8.03363647e+01,1.90475140e+01,1.19367078e-01,1.63779467e-01
5345803-S04-156I3-A-L-B-190,20.02.2020-03:04:48,2.00000000e+00,6.33329451e-01,8.90227413e+00,1.87110843e-03,1.45033432e+02,7.98408890e+01,1.83225613e+01,4.62993383e-01,1.73354936e+00
5345803-S04-156I3-A-L-B-190,20.02.2020-03:04:50,9.00000000e+00,6.44565105e-01,8.96915340e+00,1.94943114e-03,2.42918396e+02,8.03268509e+01,1.89020634e+01,1.02665626e-01,1.43764630e-01
5345803-S04-156I3-A-L-B-190,20.02.2020-03:04:52,1.90000000e+01,6.43896461e-01,8.94038486e+00,1.76355697e-03,1.42004425e+02,8.01970749e+01,1.87914791e+01,1.24615684e-01,1.66772261e-01
5345803-S04-156I3-A-L-B-190,20.02.2020-03:04:54,8.00000000e+00,6.46230936e-01,8.97649384e+00,1.88487279e-03,2.22500153e+02,8.05028687e+01,1.90079803e+01,1.27995446e-01,1.75033748e-01
5345803-S04-156I3-A-L-B-190,20.02.2020-03:04:56,2.00000000e+01,6.40838444e-01,8.91629887e+00,1.94077007e-03,1.24658150e+02,8.02445908e+01,1.86628990e+01,2.04649642e-01,2.54114091e-01
5345803-S04-156I3-A-L-B-190,20.02.2020-03:04:58,7.00000000e+00,6.46519125e-01,9.02759838e+00,1.97875337e-03,5.19718628e+02,8.02844162e+01,1.90728264e+01,3.85281481e-02,7.52117559e-02
5345803-S04-156I3-A-L-B-190,20.02.2020-03:05:00,8.00000000e+00,6.45259857e-01,9.01560974e+00,1.81188586e-03,2.36900284e+02,8.03203812e+01,1.90189152e+01,1.07650325e-01,1.94071338e-01
5345803-S04-156I3-A-L-B-190,20.02.2020-03:05:02,1.90000000e+01,6.42509520e-01,8.96790600e+00,2.05159932e-03,3.62955933e+02,8.01502838e+01,1.87977505e+01,1.44801959e-01,6.91545069e-01
5345803-S04-156I3-A-L-B-190,20.02.2020-03:05:04,9.00000000e+00,6.42339706e-01,8.99345589e+00,1.97373331e-03,1.90248230e+02,8.04110870e+01,1.89076481e+01,1.03664540e-01,2.25703195e-01
5345803-S04-156I3-A-L-B-190,20.02.2020-03:05:06,9.00000000e+00,6.43010080e-01,8.99001694e+00,2.03336542e-03,2.57689301e+02,8.02527313e+01,1.88828831e+01,9.84506905e-02,2.65380442e-01
5345803-S04-156I3-A-L-B-190,20.02.2020-03:05:29,3.00000000e+00,6.36545360e-01,8.79793835e+00,1.81289646e-03,1.79333130e+02,7.95133209e+01,1.81250973e+01,1.20078623e-01,1.97545886e-01
5345803-S04-156I3-A-L-B-190,20.02.2020-03:05:32,1.90000000e+01,6.41644716e-01,8.93952751e+00,1.79614674e-03,7.50120163e+01,8.02379303e+01,1.87335072e+01,4.01772529e-01,1.06035769e+00
5345803-S04-156I3-A-L-B-190,20.02.2020-03:05:34,1.90000000e+01,6.42182350e-01,8.98232937e+00,1.91512262e-03,2.75680786e+02,7.98940353e+01,1.87582321e+01,1.44882590e-01,4.89591122e-01
5345803-S04-156I3-A-L-B-190,20.02.2020-03:05:36,7.00000000e+00,6.47511303e-01,9.00246811e+00,1.93491322e-03,1.62562714e+02,8.03865356e+01,1.90731506e+01,1.67778298e-01,4.66594100e-01
5345803-S04-156I3-A-L-B-190,20.02.2020-03:05:38,9.00000000e+00,6.44678891e-01,8.98528767e+00,1.92408112e-03,1.97835922e+02,8.01231995e+01,1.88913918e+01,1.69128090e-01,4.84765708e-01
5345803-S04-156I3-A-L-B-190,20.02.2020-03:05:40,1.90000000e+01,6.42601609e-01,8.94212055e+00,1.77570281e-03,1.61955460e+02,7.99997864e+01,1.87111874e+01,1.43312216e-01,3.34941447e-01
5345803-S04-156I3-A-L-B-190,20.02.2020-03:05:42,7.00000000e+00,6.47943974e-01,8.99556160e+00,1.90316699e-03,2.94686249e+02,8.03501205e+01,1.90626144e+01,1.40393764e-01,4.45272624e-01
5345803-S04-156I3-A-L-B-190,20.02.2020-03:05:44,1.90000000e+01,6.43650353e-01,8.94417858e+00,1.97380409e-03,3.75255859e+02,7.99902802e+01,1.87438107e+01,1.33711547e-01,4.81835395e-01
5345803-S04-156I3-A-L-B-190,20.02.2020-03:05:46,7.00000000e+00,6.46164119e-01,9.01712418e+00,1.78589975e-03,1.42779129e+02,8.02174301e+01,1.90243492e+01,1.54242337e-01,2.43970469e-01
5345803-S04-156I3-A-L-B-190,20.02.2020-03:05:48,1.90000000e+01,6.43387556e-01,8.95949364e+00,2.06140615e-03,1.63339523e+02,8.00694962e+01,1.87868252e+01,1.73243225e-01,5.56554556e-01
5345803-S04-156I3-A-L-B-190,20.02.2020-03:02:20,2.10000000e+01,6.38929605e-01,8.91008759e+00,1.81935984e-03,3.12820068e+02,7.99374695e+01,1.85231800e+01,1.75291821e-01,4.04867321e-01
5345803-S04-156I3-A-L-B-190,20.02.2020-03:02:22,7.00000000e+00,6.49044454e-01,8.98784351e+00,1.64737436e-03,3.85125610e+02,8.03063660e+01,1.90682201e+01,8.67894888e-02,1.29856110e-01
5345803-S04-156I3-A-L-B-190,20.02.2020-03:02:24,9.00000000e+00,6.44316912e-01,8.96906185e+00,1.90615747e-03,1.06903801e+02,8.00545731e+01,1.88305435e+01,1.87245250e-01,3.20687711e-01
5345803-S04-156I3-A-L-B-190,20.02.2020-03:02:26,9.00000000e+00,6.45083606e-01,8.93869686e+00,1.69692759e-03,3.58657776e+02,8.01706848e+01,1.88163757e+01,9.72145945e-02,1.44113973e-01
5345803-S04-156I3-A-L-B-190,20.02.2020-03:02:28,8.00000000e+00,6.46445811e-01,8.95985508e+00,1.83205632e-03,1.79253098e+02,8.04396286e+01,1.89641495e+01,1.54972702e-01,4.03181076e-01
5345803-S04-156I3-A-L-B-190,20.02.2020-03:02:30,8.00000000e+00,6.46691263e-01,8.95920753e+00,1.72146608e-03,1.54957947e+02,8.04661865e+01,1.89762421e+01,2.00077057e-01,3.09587359e-01
5345803-S04-156I3-A-L-B-190,20.02.2020-03:02:32,8.00000000e+00,6.46411359e-01,8.96004105e+00,1.96645735e-03,4.28054932e+02,8.03816681e+01,1.89498672e+01,6.06100149e-02,1.92380056e-01
5345803-S04-156I3-A-L-B-190,20.02.2020-03:02:34,1.90000000e+01,6.41029954e-01,8.94665051e+00,1.79010036e-03,7.18880371e+02,8.02742386e+01,1.87389488e+01,8.60617608e-02,1.92835748e-01
5345803-S04-156I3-A-L-B-190,20.02.2020-03:02:36,2.00000000e+01,6.40421569e-01,8.92784500e+00,1.95034815e-03,2.08466629e+02,8.01531219e+01,1.86536255e+01,1.36428162e-01,2.25150585e-01
5345803-S04-156I3-A-L-B-190,20.02.2020-03:02:38,9.00000000e+00,6.44307673e-01,8.94754410e+00,1.89179881e-03,4.13419830e+02,8.03806534e+01,1.88616161e+01,5.86571470e-02,1.15246437e-01
5345803-S04-156I3-A-L-B-190,20.02.2020-03:03:01,7.00000000e+00,6.47326529e-01,8.95838070e+00,1.92606146e-03,5.99160217e+02,8.05843735e+01,1.90210266e+01,8.52337927e-02,2.31918469e-01
5345803-S04-156I3-A-L-B-190,20.02.2020-03:03:03,1.00000000e+00,6.38528109e-01,8.85210896e+00,1.64626341e-03,3.03283203e+02,8.02123032e+01,1.84543152e+01,2.26239264e-01,1.66631436e+00
5345803-S04-156I3-A-L-B-190,20.02.2020-03:03:06,2.10000000e+01,6.41105711e-01,8.86246586e+00,2.06968980e-03,2.68110168e+02,8.00054092e+01,1.85026436e+01,9.80982780e-02,2.29839250e-01
5345803-S04-156I3-A-L-B-190,20.02.2020-03:03:08,2.10000000e+01,6.43138945e-01,8.86984539e+00,1.90421334e-03,2.48653015e+02,7.98001328e+01,1.85291157e+01,1.40364558e-01,3.95201951e-01
5345803-S04-156I3-A-L-B-190,20.02.2020-03:03:10,2.10000000e+01,6.42981946e-01,8.84473324e+00,2.10563000e-03,2.68397644e+02,7.99309006e+01,1.85024147e+01,1.46305680e-01,4.76500571e-01
5345803-S04-156I3-A-L-B-190,20.02.2020-03:03:12,2.00000000e+00,6.38639808e-01,8.85064316e+00,2.26451200e-03,3.42992401e+02,7.98641891e+01,1.83743973e+01,1.16438404e-01,5.76828539e-01
5345803-S04-156I3-A-L-B-190,20.02.2020-03:03:14,1.00000000e+00,6.39530063e-01,8.85359478e+00,1.76901114e-03,3.97535187e+02,8.01698837e+01,1.84765987e+01,1.21655703e-01,6.46090865e-01
5345803-S04-156I3-A-L-B-190,20.02.2020-03:03:16,1.00000000e+00,6.42464221e-01,8.82407284e+00,1.85114041e-03,1.42796799e+02,7.99456024e+01,1.84477253e+01,1.93374813e-01,6.10787630e-01
5345803-S04-156I3-A-L-B-190,20.02.2020-03:03:18,1.00000000e+00,6.41433299e-01,8.88587284e+00,2.18216353e-03,7.12397217e+02,7.97152863e+01,1.84936829e+01,7.79174790e-02,3.44555855e-01
5345803-S04-156I3-A-L-B-190,20.02.2020-03:03:20,1.00000000e+00,6.39378428e-01,8.84679508e+00,1.77387008e-03,4.56989960e+02,8.02244186e+01,1.84705887e+01,1.15524083e-01,6.70143008e-01
5345803-S04-156I3-A-L-B-190,20.02.2020-03:04:27,8.00000000e+00,6.45615399e-01,9.00125504e+00,1.85528887e-03,2.07811661e+02,8.03384552e+01,1.90033684e+01,1.28887400e-01,1.76138178e-01
5345803-S04-156I3-A-L-B-190,20.02.2020-03:04:29,8.00000000e+00,6.44960642e-01,8.97361851e+00,1.59268326e-03,1.66039429e+02,8.05090942e+01,1.89660091e+01,1.35029167e-01,1.67969108e-01
5345803-S04-156I3-A-L-B-190,20.02.2020-03:04:31,3.00000000e+00,6.36504173e-01,8.79714203e+00,1.55114918e-03,1.81486099e+02,7.97559128e+01,1.81775742e+01,1.20559007e-01,2.00932667e-01
5345803-S04-156I3-A-L-B-190,20.02.2020-03:04:33,3.00000000e+00,6.36507094e-01,8.80178070e+00,1.42442214e-03,1.66181519e+02,7.96965332e+01,1.81737022e+01,1.83976769e-01,2.74922639e-01
5345803-S04-156I3-A-L-B-190,20.02.2020-03:04:35,2.00000000e+00,6.37126505e-01,8.80798721e+00,1.44473114e-03,3.75463806e+02,7.99524536e+01,1.82626705e+01,7.87569657e-02,2.30215490e-01
5345803-S04-156I3-A-L-B-190,20.02.2020-03:04:37,3.00000000e+00,6.34284854e-01,8.76766491e+00,1.64159352e-03,2.19459457e+02,7.98896179e+01,1.80837631e+01,1.31315708e-01,3.54369015e-01
5345803-S04-156I3-A-L-B-190,20.02.2020-03:04:39,9.00000000e+00,6.44068599e-01,8.94812107e+00,1.80883508e-03,2.22968323e+02,8.04631729e+01,1.88751888e+01,1.11312658e-01,1.94038391e-01
5345803-S04-156I3-A-L-B-190,20.02.2020-03:04:42,3.00000000e+00,6.35951400e-01,8.79480934e+00,1.58973469e-03,2.53571106e+02,7.97581406e+01,1.81574802e+01,9.26630050e-02,1.72516823e-01
5345803-S04-156I3-A-L-B-190,20.02.2020-03:04:44,9.00000000e+00,6.44449592e-01,8.94953537e+00,1.68811122e-03,7.38365356e+02,8.04241028e+01,1.88801670e+01,3.04692760e-02,9.53594595e-02
5345803-S04-156I3-A-L-B-190,20.02.2020-03:04:46,2.00000000e+00,6.37410522e-01,8.81742954e+00,1.36140676e-03,3.47587585e+02,8.00000229e+01,1.83012829e+01,9.04112458e-02,2.58604169e-01
5345803-S04-156I3-A-L-B-190,20.02.2020-03:05:09,2.10000000e+01,6.38910055e-01,8.88100815e+00,1.79591309e-03,2.46623001e+02,8.01164246e+01,1.85034943e+01,1.15095437e-01,3.34098071e-01
5345803-S04-156I3-A-L-B-190,20.02.2020-03:05:11,8.00000000e+00,6.47264898e-01,8.99145985e+00,1.91479467e-03,3.16960220e+01,8.01224060e+01,1.89800091e+01,5.76874077e-01,7.77247846e-01
5345803-S04-156I3-A-L-B-190,20.02.2020-03:05:13,9.00000000e+00,6.42624795e-01,8.95199108e+00,1.65096577e-03,1.48492981e+02,8.03363571e+01,1.88113270e+01,1.84477910e-01,8.21468949e-01
5345803-S04-156I3-A-L-B-190,20.02.2020-03:05:15,1.90000000e+01,6.43603683e-01,8.98536587e+00,2.01764004e-03,6.41672134e+01,7.97943954e+01,1.87826500e+01,3.04122359e-01,4.81182784e-01
5345803-S04-156I3-A-L-B-190,20.02.2020-03:05:17,2.00000000e+01,6.42393172e-01,8.94250774e+00,1.88560900e-03,3.33398781e+01,7.99242172e+01,1.86882572e+01,5.88001192e-01,8.87807965e-01
5345803-S04-156I3-A-L-B-190,20.02.2020-03:05:19,8.00000000e+00,6.43670499e-01,8.99872684e+00,1.93632639e-03,4.26973511e+02,8.02761536e+01,1.89261112e+01,6.19054884e-02,1.60121471e-01
5345803-S04-156I3-A-L-B-190,20.02.2020-03:05:21,8.00000000e+00,6.46680653e-01,8.99363518e+00,1.90935179e-03,2.78540649e+01,8.01129227e+01,1.89652214e+01,8.00164044e-01,1.16244280e+00
5345803-S04-156I3-A-L-B-190,20.02.2020-03:05:23,1.90000000e+01,6.41198575e-01,8.94791317e+00,1.91945827e-03,2.76006042e+02,8.01729813e+01,1.87228756e+01,1.47578388e-01,1.93404049e-01
5345803-S04-156I3-A-L-B-190,20.02.2020-03:05:25,8.00000000e+00,6.44911528e-01,8.96529102e+00,1.71568955e-03,2.25645798e+02,8.03815079e+01,1.89169407e+01,8.74936730e-02,1.96649969e-01
5345803-S04-156I3-A-L-B-190,20.02.2020-03:05:27,9.00000000e+00,6.44555271e-01,8.95988941e+00,1.87547307e-03,3.03460083e+02,8.04074402e+01,1.89011955e+01,1.01330578e-01,2.06507161e-01
5345803-S04-156I3-A-L-B-190,20.02.2020-03:05:50,7.00000000e+00,6.47698998e-01,8.99424839e+00,1.91085262e-03,1.82462799e+02,8.03853912e+01,1.90609875e+01,1.32625282e-01,4.04857576e-01
5345803-S04-156I3-A-L-B-190,20.02.2020-03:05:52,8.00000000e+00,6.45699203e-01,8.99822521e+00,1.92246330e-03,1.88468582e+02,8.02389908e+01,1.89759159e+01,1.56942844e-01,2.68996835e-01
5345803-S04-156I3-A-L-B-190,20.02.2020-03:05:55,2.00000000e+01,6.42675519e-01,8.93197250e+00,1.84158003e-03,1.90872818e+02,8.00141602e+01,1.86954594e+01,1.81757540e-01,6.19058311e-01
5345803-S04-156I3-A-L-B-190,20.02.2020-03:05:57,7.00000000e+00,6.47365153e-01,8.99841022e+00,2.07252009e-03,2.42592606e+02,8.02557526e+01,1.90292435e+01,1.17998131e-01,3.87736708e-01
5345803-S04-156I3-A-L-B-190,20.02.2020-03:05:59,9.00000000e+00,6.44032300e-01,8.96643257e+00,2.06497032e-03,1.85498352e+02,8.01977692e+01,1.88503666e+01,1.33005321e-01,4.52130437e-01
5345803-S04-156I3-A-L-B-190,20.02.2020-03:06:01,8.00000000e+00,6.45104170e-01,8.98305893e+00,1.85493752e-03,1.28716934e+02,8.03191223e+01,1.89453773e+01,1.97609901e-01,4.83897060e-01
5345803-S04-156I3-A-L-B-190,20.02.2020-03:06:03,8.00000000e+00,6.45164788e-01,8.98827362e+00,1.96628203e-03,1.44238449e+02,8.02416992e+01,1.89398804e+01,1.76318139e-01,4.48894113e-01
5345803-S04-156I3-A-L-B-190,20.02.2020-03:06:05,7.00000000e+00,6.46698475e-01,9.02785206e+00,1.93118327e-03,3.72183899e+02,8.01844177e+01,1.90548916e+01,7.62875229e-02,1.28757864e-01
5345803-S04-156I3-A-L-B-190,20.02.2020-03:06:07,8.00000000e+00,6.45563424e-01,8.99424458e+00,2.05595489e-03,3.34888184e+02,8.01642914e+01,1.89458790e+01,9.64543149e-02,3.58408183e-01
5345803-S04-156I3-A-L-B-190,20.02.2020-03:06:09,9.00000000e+00,6.42654061e-01,8.97110939e+00,1.91509770e-03,3.55281525e+02,8.02094421e+01,1.88225765e+01,9.37132090e-02,2.98691034e-01
5345803-S04-156I3-A-L-B-190,20.02.2020-03:06:32,8.00000000e+00,6.45647526e-01,8.99398422e+00,1.83622504e-03,1.22522827e+02,8.02667084e+01,1.89720078e+01,2.85211623e-01,4.31196183e-01
5345803-S04-156I3-A-L-B-190,20.02.2020-03:06:34,9.00000000e+00,6.43680513e-01,8.97263527e+00,1.94946013e-03,2.48828506e+02,8.02767181e+01,1.88716621e+01,1.87379867e-01,4.83430922e-01
5345803-S04-156I3-A-L-B-190,20.02.2020-03:06:37,2.40000000e+01,6.44330442e-01,8.98838997e+00,1.83431571e-03,2.55433512e+00,7.84606018e+01,1.84957695e+01,4.85796833e+00,5.47256947e+00
5345803-S04-156I3-A-L-B-190,20.02.2020-03:06:39,8.00000000e+00,6.45603538e-01,8.99377918e+00,1.91882136e-03,3.93265167e+02,8.02384415e+01,1.89636002e+01,9.45953950e-02,2.96951324e-01
5345803-S04-156I3-A-L-B-190,20.02.2020-03:06:41,1.90000000e+01,6.41607463e-01,8.96227646e+00,1.93351181e-03,2.37715714e+02,8.00624695e+01,1.87390213e+01,2.52933860e-01,6.12753987e-01
5345803-S04-156I3-A-L-B-190,20.02.2020-03:06:43,8.00000000e+00,6.45237148e-01,8.99164867e+00,2.02341052e-03,2.25500534e+02,8.02792206e+01,1.89579792e+01,1.18006654e-01,3.08064699e-01
5345803-S04-156I3-A-L-B-190,20.02.2020-03:06:45,8.00000000e+00,6.45513296e-01,8.98606300e+00,1.92166062e-03,1.63341080e+02,8.02587204e+01,1.89494686e+01,1.68565288e-01,4.56914723e-01
5345803-S04-156I3-A-L-B-190,20.02.2020-03:06:47,8.00000000e+00,6.46055698e-01,9.01393032e+00,2.09798664e-03,2.70119690e+02,8.02249298e+01,1.90161991e+01,8.14223513e-02,1.36216924e-01
5345803-S04-156I3-A-L-B-190,20.02.2020-03:06:49,9.00000000e+00,6.44280493e-01,8.96194935e+00,1.98877044e-03,1.92732971e+02,8.02970352e+01,1.88715324e+01,1.70120746e-01,4.61943626e-01
5345803-S04-156I3-A-L-B-190,20.02.2020-03:06:51,7.00000000e+00,6.46446049e-01,9.01487446e+00,1.98903633e-03,1.55072601e+02,8.03884125e+01,1.90684605e+01,1.21398546e-01,2.64217138e-01
5345803-S04-156I3-A-L-B-190,20.02.2020-03:07:32,7.00000000e+00,6.47209585e-01,8.97770309e+00,1.82017416e-03,8.82503738e+01,8.04704819e+01,1.90316734e+01,2.36653388e-01,5.62705338e-01
5345803-S04-156I3-A-L-B-190,20.02.2020-03:07:34,1.90000000e+01,6.41908526e-01,8.96434689e+00,1.84805086e-03,1.57403687e+02,8.01247253e+01,1.87667274e+01,1.84310764e-01,4.71678406e-01
5345803-S04-156I3-A-L-B-190,20.02.2020-03:07:36,8.00000000e+00,6.45655930e-01,8.97996521e+00,1.97829283e-03,1.70640472e+02,8.01661072e+01,1.89189415e+01,1.53432205e-01,2.63769418e-01
5345803-S04-156I3-A-L-B-190,20.02.2020-03:07:38,1.90000000e+01,6.43390059e-01,8.97191811e+00,1.99344358e-03,2.86347656e+02,7.99698257e+01,1.87895317e+01,1.18404783e-01,3.27062964e-01
5345803-S04-156I3-A-L-B-190,20.02.2020-03:07:40,1.90000000e+01,6.42010212e-01,8.95544243e+00,1.82717375e-03,3.26026398e+02,8.00314713e+01,1.87292328e+01,1.04020298e-01,3.16895187e-01
5345803-S04-156I3-A-L-B-190,20.02.2020-03:07:42,1.90000000e+01,6.41638994e-01,8.95000935e+00,1.91452284e-03,1.18202484e+02,8.00676346e+01,1.87154999e+01,1.86194688e-01,5.14762223e-01
5345803-S04-156I3-A-L-B-190,20.02.2020-03:07:48,7.00000000e+00,6.47295952e-01,9.04773521e+00,1.86474330e-03,2.79031921e+02,8.03635559e+01,1.91572056e+01,8.64632353e-02,1.24167323e-01
5345803-S04-156I3-A-L-B-190,20.02.2020-03:07:50,7.00000000e+00,6.46779418e-01,9.01656818e+00,1.89049100e-03,2.81972473e+02,8.03593063e+01,1.90749702e+01,1.27324983e-01,2.68245369e-01
5345803-S04-156I3-A-L-B-190,20.02.2020-03:07:52,8.00000000e+00,6.43397748e-01,8.99563599e+00,1.88591063e-03,1.48897888e+02,8.03855667e+01,1.89373703e+01,1.75263703e-01,3.38548690e-01
5345803-S04-156I3-A-L-B-190,20.02.2020-03:07:54,7.00000000e+00,6.47485077e-01,9.03388882e+00,1.94202177e-03,1.91735580e+02,8.03477478e+01,1.91297112e+01,1.30398184e-01,2.19246671e-01
5345803-S04-156I3-A-L-B-190,20.02.2020-03:08:17,8.00000000e+00,6.45833850e-01,8.99091053e+00,1.84349134e-03,1.68623505e+02,8.03536835e+01,1.89915524e+01,1.33790568e-01,2.49379352e-01
5345803-S04-156I3-A-L-B-190,20.02.2020-03:08:19,2.00000000e+00,6.36776447e-01,8.85616493e+00,1.81153591e-03,1.70631378e+02,7.96245956e+01,1.82772198e+01,1.63440228e-01,3.26789558e-01
5345803-S04-156I3-A-L-B-190,20.02.2020-03:08:22,7.00000000e+00,6.46622419e-01,9.03077030e+00,2.05849600e-03,1.28899216e+02,8.02601242e+01,1.90768013e+01,1.80941880e-01,2.22450539e-01
5345803-S04-156I3-A-L-B-190,20.02.2020-03:08:24,9.00000000e+00,6.43465996e-01,8.98178196e+00,1.87060994e-03,1.07021629e+02,8.03176117e+01,1.88942261e+01,1.94142774e-01,4.22923326e-01
5345803-S04-156I3-A-L-B-190,20.02.2020-03:08:26,8.00000000e+00,6.46231830e-01,9.01071739e+00,2.01238622e-03,1.47130203e+02,8.01477966e+01,1.89963226e+01,1.41537085e-01,2.25792691e-01
5345803-S04-156I3-A-L-B-190,20.02.2020-03:08:28,2.00000000e+00,6.36365294e-01,8.83489513e+00,1.72942586e-03,1.80901672e+02,7.95557861e+01,1.82058048e+01,1.64768726e-01,3.94004881e-01
5345803-S04-156I3-A-L-B-190,20.02.2020-03:08:30,1.90000000e+01,6.42108977e-01,8.97326374e+00,1.90953328e-03,1.07050682e+02,7.99393539e+01,1.87477856e+01,2.67878503e-01,5.09034395e-01
5345803-S04-156I3-A-L-B-190,20.02.2020-03:08:32,8.00000000e+00,6.45575762e-01,8.99264240e+00,1.92581920e-03,1.64257202e+02,8.01702347e+01,1.89442692e+01,1.53294235e-01,2.61063367e-01
5345803-S04-156I3-A-L-B-190,20.02.2020-03:08:34,9.00000000e+00,6.44131720e-01,8.96221161e+00,1.81436993e-03,5.90102463e+01,8.01941681e+01,1.88435555e+01,3.53505611e-01,4.30463195e-01
5345803-S04-156I3-A-L-B-190,20.02.2020-03:08:36,9.00000000e+00,6.43916130e-01,8.99502182e+00,1.97937968e-03,1.40620087e+02,8.01140900e+01,1.88873329e+01,1.77295983e-01,3.47076148e-01
5345803-S04-156I3-A-L-B-190,20.02.2020-03:03:43,1.00000000e+00,6.40121698e-01,8.86437702e+00,1.97115517e-03,6.94375610e+02,7.99700928e+01,1.84700699e+01,9.16182399e-02,4.76155668e-01
5345803-S04-156I3-A-L-B-190,20.02.2020-03:03:45,2.10000000e+01,6.42662466e-01,8.84695911e+00,1.99721684e-03,5.23110596e+02,8.00002136e+01,1.85139160e+01,7.44029507e-02,4.44379628e-01
5345803-S04-156I3-A-L-B-190,20.02.2020-03:03:47,2.10000000e+01,6.42782509e-01,8.85428429e+00,1.93880976e-03,3.21487396e+02,7.99152832e+01,1.85130329e+01,1.12555616e-01,4.14444804e-01
5345803-S04-156I3-A-L-B-190,20.02.2020-03:03:49,2.00000000e+00,6.39781535e-01,8.85884285e+00,2.26373039e-03,7.49187622e+02,7.96798706e+01,1.83817787e+01,1.20379828e-01,5.05764842e-01
5345803-S04-156I3-A-L-B-190,20.02.2020-03:03:52,1.00000000e+00,6.39793158e-01,8.84863567e+00,2.03945790e-03,1.66231140e+02,7.99972916e+01,1.84340782e+01,1.78165689e-01,8.34051192e-01
5345803-S04-156I3-A-L-B-190,20.02.2020-03:03:54,2.10000000e+01,6.40783250e-01,8.89459991e+00,2.02277722e-03,1.04799622e+03,7.99653244e+01,1.85510921e+01,9.21701491e-02,5.15074074e-01
5345803-S04-156I3-A-L-B-190,20.02.2020-03:03:56,2.10000000e+01,6.40534997e-01,8.87164116e+00,1.88996131e-03,4.83208008e+02,8.02804947e+01,1.85689373e+01,7.59892315e-02,2.55729407e-01
5345803-S04-156I3-A-L-B-190,20.02.2020-03:03:58,2.10000000e+01,6.43513381e-01,8.85075665e+00,2.07447074e-03,1.96903046e+02,7.99980164e+01,1.85458775e+01,1.83337346e-01,3.77470762e-01
5345803-S04-156I3-A-L-B-190,20.02.2020-03:04:00,2.10000000e+01,6.40964985e-01,8.86920547e+00,2.03857920e-03,3.78736420e+02,8.00936813e+01,1.85330753e+01,1.11308403e-01,6.63452387e-01
5345803-S04-156I3-A-L-B-190,20.02.2020-03:04:02,2.00000000e+01,6.42380178e-01,8.87722874e+00,1.87729904e-03,3.23066071e+02,8.02490311e+01,1.86268559e+01,1.00594506e-01,3.94460499e-01
5345803-S04-156I3-A-L-B-190,20.02.2020-03:06:11,1.90000000e+01,6.42784953e-01,8.95523834e+00,1.94855395e-03,1.36083710e+02,8.02157669e+01,1.87945881e+01,2.14676067e-01,6.75274611e-01
5345803-S04-156I3-A-L-B-190,20.02.2020-03:06:13,8.00000000e+00,6.45290017e-01,8.99033165e+00,1.74160255e-03,1.67474533e+02,8.02972183e+01,1.89610062e+01,1.56008899e-01,3.42100829e-01
5345803-S04-156I3-A-L-B-190,20.02.2020-03:06:15,8.00000000e+00,6.46955788e-01,8.98160553e+00,2.07575201e-03,2.25807205e+02,8.03017807e+01,1.89925785e+01,1.09530792e-01,4.96691197e-01
5345803-S04-156I3-A-L-B-190,20.02.2020-03:06:18,8.00000000e+00,6.46211028e-01,8.98801613e+00,1.79346744e-03,2.47588791e+02,8.03186798e+01,1.89882526e+01,8.11355114e-02,1.91306368e-01
5345803-S04-156I3-A-L-B-190,20.02.2020-03:06:20,8.00000000e+00,6.46448731e-01,8.99700928e+00,1.91065285e-03,2.51852539e+02,8.02810745e+01,1.90053387e+01,9.55092832e-02,2.08335713e-01
5345803-S04-156I3-A-L-B-190,20.02.2020-03:06:22,7.00000000e+00,6.46963239e-01,9.01399136e+00,1.86260673e-03,2.74172333e+02,8.04160233e+01,1.90883999e+01,8.97438899e-02,2.61436433e-01
5345803-S04-156I3-A-L-B-190,20.02.2020-03:06:24,7.00000000e+00,6.47020161e-01,9.01007557e+00,1.80581969e-03,2.52509674e+02,8.04416656e+01,1.90878716e+01,9.16042849e-02,2.64867425e-01
5345803-S04-156I3-A-L-B-190,20.02.2020-03:06:26,8.00000000e+00,6.45408094e-01,8.98550606e+00,1.87910860e-03,2.68544434e+02,8.02160645e+01,1.89351387e+01,1.11429997e-01,2.36438826e-01
5345803-S04-156I3-A-L-B-190,20.02.2020-03:06:28,8.00000000e+00,6.45459712e-01,8.99668026e+00,2.00138730e-03,2.14602707e+02,8.01860809e+01,1.89531136e+01,1.39797047e-01,3.11869830e-01
5345803-S04-156I3-A-L-B-190,20.02.2020-03:06:30,8.00000000e+00,6.45634115e-01,8.99132538e+00,1.88838481e-03,2.10467697e+02,8.02602386e+01,1.89644756e+01,1.12625256e-01,2.27000862e-01
5345803-S04-156I3-A-L-B-190,20.02.2020-03:06:53,3.00000000e+00,6.36517406e-01,8.83028316e+00,1.82420877e-03,2.17600830e+02,7.95322723e+01,1.81952686e+01,1.61889210e-01,3.32130402e-01
5345803-S04-156I3-A-L-B-190,20.02.2020-03:06:55,9.00000000e+00,6.44785404e-01,8.98034096e+00,2.05876306e-03,2.68282013e+02,8.02020340e+01,1.89026909e+01,1.37008905e-01,2.95688361e-01
5345803-S04-156I3-A-L-B-190,20.02.2020-03:06:57,1.90000000e+01,6.43008649e-01,8.93792915e+00,2.01221509e-03,3.50861877e+02,8.01370163e+01,1.87463665e+01,1.62494168e-01,5.38127780e-01
5345803-S04-156I3-A-L-B-190,20.02.2020-03:07:00,1.90000000e+01,6.42900348e-01,8.95165253e+00,1.94494682e-03,2.15921921e+02,8.02076416e+01,1.87885323e+01,1.40458986e-01,4.18830842e-01
5345803-S04-156I3-A-L-B-190,20.02.2020-03:07:19,9.00000000e+00,6.44116640e-01,8.96731853e+00,1.91041280e-03,1.71677063e+02,8.02198257e+01,1.88598862e+01,1.63877681e-01,4.91738528e-01
5345803-S04-156I3-A-L-B-190,20.02.2020-03:07:21,1.90000000e+01,6.43137693e-01,8.93857956e+00,1.90805097e-03,1.87146988e+02,8.01424332e+01,1.87527618e+01,1.61289796e-01,5.25851309e-01
5345803-S04-156I3-A-L-B-190,20.02.2020-03:07:23,8.00000000e+00,6.45980239e-01,8.99737930e+00,1.91786722e-03,2.14507065e+02,8.02333298e+01,1.89810524e+01,1.39702454e-01,2.50271052e-01
5345803-S04-156I3-A-L-B-190,20.02.2020-03:07:25,7.00000000e+00,6.47314787e-01,8.98928833e+00,2.02652439e-03,2.16439301e+02,8.04250717e+01,1.90485764e+01,1.57512352e-01,4.64270234e-01
5345803-S04-156I3-A-L-B-190,20.02.2020-03:07:28,7.00000000e+00,6.46996677e-01,8.99175262e+00,1.90626620e-03,1.88012558e+02,8.05023117e+01,1.90627251e+01,1.74514949e-01,4.32853162e-01
5345803-S04-156I3-A-L-B-190,20.02.2020-03:07:30,8.00000000e+00,6.45720243e-01,9.00533676e+00,1.98703702e-03,3.29547089e+02,8.02681808e+01,1.89984417e+01,1.21517897e-01,2.25916192e-01
5345803-S04-156I3-A-L-B-190,20.02.2020-03:07:56,7.00000000e+00,6.46878362e-01,9.05007935e+00,1.97300478e-03,2.13018555e+02,8.03572311e+01,1.91482983e+01,9.87034813e-02,1.28199220e-01
5345803-S04-156I3-A-L-B-190,20.02.2020-03:07:58,7.00000000e+00,6.46681309e-01,9.04319763e+00,1.93680858e-03,2.16446823e+02,8.03240585e+01,1.91200123e+01,9.91524160e-02,1.39217511e-01
5345803-S04-156I3-A-L-B-190,20.02.2020-03:08:01,1.90000000e+01,6.43229723e-01,8.93616676e+00,1.80086470e-03,1.16019485e+02,8.02067566e+01,1.87654305e+01,1.81895688e-01,2.24059790e-01
5345803-S04-156I3-A-L-B-190,20.02.2020-03:08:03,7.00000000e+00,6.46883309e-01,9.04685688e+00,1.97338522e-03,1.42841095e+02,8.02528458e+01,1.91167622e+01,1.55825794e-01,1.93850353e-01
5345803-S04-156I3-A-L-B-190,20.02.2020-03:08:05,1.90000000e+01,6.41653121e-01,8.95010662e+00,1.83635927e-03,1.55644882e+02,8.01577225e+01,1.87371731e+01,1.36437416e-01,1.68840259e-01
5345803-S04-156I3-A-L-B-190,20.02.2020-03:08:07,9.00000000e+00,6.44628644e-01,8.96695805e+00,1.97734823e-03,4.78407806e+02,8.02223663e+01,1.88747158e+01,6.35805503e-02,1.68797269e-01
5345803-S04-156I3-A-L-B-190,20.02.2020-03:08:09,1.90000000e+01,6.41876638e-01,8.95087910e+00,2.05963617e-03,1.18780411e+02,8.01681824e+01,1.87477665e+01,2.74575680e-01,8.00654411e-01
5345803-S04-156I3-A-L-B-190,20.02.2020-03:08:11,1.90000000e+01,6.41049445e-01,8.96067047e+00,2.01968616e-03,1.78311813e+02,8.00243530e+01,1.87104588e+01,1.98912099e-01,4.63985801e-01
5345803-S04-156I3-A-L-B-190,20.02.2020-03:08:13,9.00000000e+00,6.43530607e-01,8.97926807e+00,2.13308027e-03,1.57106354e+02,8.01879120e+01,1.88603268e+01,1.77166820e-01,3.40478837e-01
5345803-S04-156I3-A-L-B-190,20.02.2020-03:08:15,1.90000000e+01,6.42143071e-01,8.96564674e+00,1.91352575e-03,1.10113365e+02,7.98838730e+01,1.87198658e+01,2.26071849e-01,2.78750420e-01
5345803-S04-156I3-A-L-B-190,20.02.2020-03:08:38,8.00000000e+00,6.45616472e-01,8.98783398e+00,1.84818322e-03,7.49816055e+01,8.01698532e+01,1.89352436e+01,2.91665226e-01,4.11850542e-01
5345803-S04-156I3-A-L-B-190,20.02.2020-03:08:41,1.90000000e+01,6.42165720e-01,8.95650101e+00,2.14693393e-03,5.94007149e+01,8.00556030e+01,1.87416344e+01,3.64361286e-01,8.79474282e-01
5345803-S04-156I3-A-L-B-190,20.02.2020-03:08:44,7.00000000e+00,6.46673918e-01,9.00967693e+00,2.08026939e-03,9.37528687e+01,8.03300476e+01,1.90503426e+01,2.35602424e-01,3.97571474e-01
5345803-S04-156I3-A-L-B-190,20.02.2020-03:08:47,2.00000000e+01,6.41112685e-01,8.93972969e+00,2.10369891e-03,7.80764847e+01,7.98471985e+01,1.86272469e+01,3.14528584e-01,7.68794298e-01
5345803-S04-156I3-A-L-B-190,20.02.2020-03:08:49,7.00000000e+00,6.45808041e-01,9.03258991e+00,1.84388726e-03,5.71968384e+01,8.02180710e+01,1.90466290e+01,4.19647753e-01,5.46059430e-01
5345803-S04-156I3-A-L-B-190,20.02.2020-03:08:51,1.90000000e+01,6.43053710e-01,8.95844936e+00,1.74563762e-03,7.57791061e+01,8.01305313e+01,1.87891998e+01,2.72908449e-01,3.26850593e-01
5345803-S04-156I3-A-L-B-190,20.02.2020-03:08:53,7.00000000e+00,6.47077322e-01,9.04176044e+00,1.85434090e-03,5.35984840e+01,8.02309113e+01,1.91064968e+01,4.10199314e-01,4.89111841e-01
5345803-S04-156I3-A-L-B-190,20.02.2020-03:08:55,7.00000000e+00,6.47028744e-01,9.04680634e+00,1.91677187e-03,4.05969048e+01,8.01926041e+01,1.91065998e+01,5.61260462e-01,6.55360281e-01
5345803-S04-156I3-A-L-B-190,20.02.2020-03:08:57,1.90000000e+01,6.42244637e-01,8.96788597e+00,1.80019031e-03,4.21720161e+01,7.99655151e+01,1.87466431e+01,5.20720005e-01,6.12146139e-01
5345803-S04-156I3-A-L-B-190,20.02.2020-03:08:59,7.00000000e+00,6.47785962e-01,9.04184151e+00,1.97617360e-03,3.86551514e+01,8.02416763e+01,1.91301594e+01,6.08512580e-01,7.64747858e-01
5345803-S04-156I3-A-L-B-190,20.02.2020-03:09:22,7.00000000e+00,6.46586955e-01,9.03224373e+00,1.92483130e-03,5.88182373e+02,8.03501434e+01,1.91002655e+01,9.24461931e-02,1.32066578e-01
5345803-S04-156I3-A-L-B-190,20.02.2020-03:09:24,9.00000000e+00,6.44767404e-01,8.96277237e+00,1.84031762e-03,1.04393967e+02,8.03736191e+01,1.89055424e+01,1.69398367e-01,2.15130389e-01
5345803-S04-156I3-A-L-B-190,20.02.2020-03:09:27,8.00000000e+00,6.45345271e-01,9.01628876e+00,1.98001158e-03,6.07787781e+02,8.03054962e+01,1.90193386e+01,4.27684970e-02,7.03295916e-02
5345803-S04-156I3-A-L-B-190,20.02.2020-03:09:29,8.00000000e+00,6.45927668e-01,9.00625992e+00,1.81498344e-03,1.77087585e+02,8.03106613e+01,1.90165520e+01,1.08223103e-01,1.43557265e-01
5345803-S04-156I3-A-L-B-190,20.02.2020-03:09:31,1.90000000e+01,6.43130779e-01,8.93551159e+00,1.82228407e-03,1.79026215e+02,8.02744522e+01,1.87770023e+01,1.66743040e-01,2.10978031e-01
5345803-S04-156I3-A-L-B-190,20.02.2020-03:09:33,8.00000000e+00,6.45258009e-01,9.00022411e+00,1.86822505e-03,3.40807915e+01,8.01636505e+01,1.89493542e+01,8.12331617e-01,1.09949565e+00
5345803-S04-156I3-A-L-B-190,20.02.2020-03:09:35,9.00000000e+00,6.42870426e-01,8.95481586e+00,1.83152966e-03,1.64212646e+02,8.03171463e+01,1.88199558e+01,1.40605539e-01,1.85969517e-01
5345803-S04-156I3-A-L-B-190,20.02.2020-03:09:37,7.00000000e+00,6.47762537e-01,9.03005028e+00,1.87022821e-03,2.93702026e+02,8.05058823e+01,1.91674252e+01,9.99384001e-02,1.53409258e-01
5345803-S04-156I3-A-L-B-190,20.02.2020-03:09:39,9.00000000e+00,6.43683791e-01,8.98633671e+00,1.87291403e-03,2.90467865e+02,8.02942276e+01,1.89046993e+01,9.56666842e-02,2.03632340e-01
5345803-S04-156I3-A-L-B-190,20.02.2020-03:09:41,9.00000000e+00,6.43461347e-01,8.96713734e+00,1.83943810e-03,1.30059662e+02,8.01576385e+01,1.88257103e+01,2.32771695e-01,2.89540201e-01
5345803-S04-156I3-A-L-B-190,20.02.2020-03:10:04,2.00000000e+01,6.39387369e-01,8.91845417e+00,1.86403969e-03,1.14312233e+02,8.01710281e+01,1.86080685e+01,1.85319081e-01,2.46309265e-01
5345803-S04-156I3-A-L-B-190,20.02.2020-03:10:07,9.00000000e+00,6.42173231e-01,8.97570419e+00,1.83753518e-03,1.48301147e+02,8.02417297e+01,1.88257027e+01,1.69038579e-01,2.13509142e-01
5345803-S04-156I3-A-L-B-190,20.02.2020-03:10:09,8.00000000e+00,6.45240247e-01,9.01492882e+00,1.87694223e-03,1.29556747e+02,8.01325073e+01,1.89724178e+01,1.62829280e-01,2.72611916e-01
5345803-S04-156I3-A-L-B-190,20.02.2020-03:10:11,2.10000000e+01,6.40780747e-01,8.88919926e+00,1.82753406e-03,2.36501099e+02,8.01533508e+01,1.85833492e+01,1.20782256e-01,1.59535840e-01
5345803-S04-156I3-A-L-B-190,20.02.2020-03:10:13,8.00000000e+00,6.45563543e-01,8.98156452e+00,1.77500641e-03,1.86253281e+02,8.03103714e+01,1.89536457e+01,1.44152731e-01,2.14200765e-01
5345803-S04-156I3-A-L-B-190,20.02.2020-03:10:15,1.90000000e+01,6.42926693e-01,8.95480251e+00,1.76277710e-03,2.79305481e+02,8.02249908e+01,1.87999783e+01,1.32190719e-01,4.27576423e-01
5345803-S04-156I3-A-L-B-190,20.02.2020-03:10:17,7.00000000e+00,6.45617783e-01,9.00157547e+00,1.75406341e-03,2.57554565e+02,8.04070511e+01,1.90203419e+01,1.10322610e-01,1.54560581e-01
5345803-S04-156I3-A-L-B-190,20.02.2020-03:10:19,8.00000000e+00,6.45125389e-01,8.98441029e+00,1.85084704e-03,2.92273804e+02,8.02974472e+01,1.89437351e+01,6.00505136e-02,1.43208653e-01
5345803-S04-156I3-A-L-B-190,20.02.2020-03:10:21,9.00000000e+00,6.44124091e-01,8.97700310e+00,2.00604997e-03,1.31053070e+02,8.01795197e+01,1.88709850e+01,1.85397148e-01,3.55175614e-01
5345803-S04-156I3-A-L-B-190,20.02.2020-03:10:23,9.00000000e+00,6.43256187e-01,8.97362423e+00,1.95765030e-03,5.14504944e+02,8.01848221e+01,1.88397102e+01,1.13800809e-01,3.60688597e-01
5345803-S04-156I3-A-L-B-190,20.02.2020-03:10:47,9.00000000e+00,6.43949926e-01,8.96413994e+00,1.64617389e-03,2.04895035e+02,8.04577332e+01,1.89042187e+01,1.34749681e-01,1.81831181e-01
5345803-S04-156I3-A-L-B-190,20.02.2020-03:10:49,7.00000000e+00,6.46412551e-01,9.02613926e+00,1.81555224e-03,2.23522064e+02,8.03536606e+01,1.90830460e+01,1.35266662e-01,1.71094373e-01
5345803-S04-156I3-A-L-B-190,20.02.2020-03:10:51,8.00000000e+00,6.45474255e-01,8.99368668e+00,1.79634825e-03,1.77064178e+02,8.02653809e+01,1.89659729e+01,1.79917559e-01,3.65923911e-01
5345803-S04-156I3-A-L-B-190,20.02.2020-03:10:53,8.00000000e+00,6.45468473e-01,8.98466587e+00,1.77422853e-03,2.60918243e+02,8.04136200e+01,1.89817734e+01,1.22676417e-01,2.83348083e-01
5345803-S04-156I3-A-L-B-190,20.02.2020-03:10:55,8.00000000e+00,6.45022154e-01,8.99911785e+00,1.83624763e-03,5.51961304e+02,8.02479706e+01,1.89600220e+01,4.68732491e-02,6.79513589e-02
5345803-S04-156I3-A-L-B-190,20.02.2020-03:10:57,7.00000000e+00,6.45506978e-01,9.02173805e+00,1.90478738e-03,2.94700867e+02,8.02432404e+01,1.90208454e+01,8.28174949e-02,1.14401400e-01
5345803-S04-156I3-A-L-B-190,20.02.2020-03:10:59,9.00000000e+00,6.44604146e-01,8.95529652e+00,1.94054528e-03,1.84109406e+02,8.02614365e+01,1.88586330e+01,1.22918531e-01,1.59574792e-01
5345803-S04-156I3-A-L-B-190,20.02.2020-03:11:01,9.00000000e+00,6.44443035e-01,8.97706509e+00,1.74671225e-03,6.76302307e+02,8.02821045e+01,1.89046154e+01,5.46185784e-02,9.01866481e-02
5345803-S04-156I3-A-L-B-190,20.02.2020-03:11:04,7.00000000e+00,6.46284878e-01,9.00652695e+00,1.82283437e-03,1.28806610e+02,8.03705215e+01,1.90418148e+01,1.91165954e-01,2.93228328e-01
5345803-S04-156I3-A-L-B-190,20.02.2020-03:11:06,1.90000000e+01,6.42322183e-01,8.95275879e+00,1.92225142e-03,1.59838425e+02,8.01616745e+01,1.87631950e+01,1.86848328e-01,7.30460763e-01
5345803-S04-156I3-A-L-B-190,20.02.2020-03:09:01,8.00000000e+00,6.43975258e-01,9.00413036e+00,1.95116003e-03,2.76171684e+01,8.01257629e+01,1.89109478e+01,7.93672740e-01,1.04037833e+00
5345803-S04-156I3-A-L-B-190,20.02.2020-03:09:03,2.40000000e+01,6.46670163e-01,9.02806854e+00,1.96847785e-03,9.15895271e+00,7.96990509e+01,1.89391747e+01,2.57381392e+00,3.03554606e+00
5345803-S04-156I3-A-L-B-190,20.02.2020-03:09:05,2.40000000e+01,6.46745920e-01,9.03978443e+00,2.13199179e-03,1.09096460e+01,7.97279053e+01,1.89728394e+01,2.01103234e+00,2.29920936e+00
5345803-S04-156I3-A-L-B-190,20.02.2020-03:09:07,2.40000000e+01,6.47090018e-01,9.03477287e+00,1.93774130e-03,1.02967510e+01,7.98677597e+01,1.90056896e+01,2.27416515e+00,2.65485859e+00
5345803-S04-156I3-A-L-B-190,20.02.2020-03:09:10,2.40000000e+01,6.42961144e-01,8.97730350e+00,2.01906380e-03,7.99835014e+00,7.94514389e+01,1.86664886e+01,2.75146580e+00,3.24528956e+00
5345803-S04-156I3-A-L-B-190,20.02.2020-03:09:12,1.90000000e+01,6.42123461e-01,8.96953297e+00,1.97105389e-03,2.33107590e+02,7.98797607e+01,1.87264442e+01,1.13543622e-01,4.16505665e-01
5345803-S04-156I3-A-L-B-190,20.02.2020-03:09:14,8.00000000e+00,6.45913422e-01,8.99740505e+00,1.81021716e-03,3.71514374e+02,8.01241302e+01,1.89533100e+01,8.38404819e-02,1.89157814e-01
5345803-S04-156I3-A-L-B-190,20.02.2020-03:09:16,2.00000000e+01,6.40984595e-01,8.92762661e+00,1.98705681e-03,1.46936539e+02,8.00469131e+01,1.86448288e+01,2.02692136e-01,5.91614604e-01
5345803-S04-156I3-A-L-B-190,20.02.2020-03:09:18,1.90000000e+01,6.42623544e-01,8.97176743e+00,2.03678664e-03,1.68672836e+02,8.00859222e+01,1.87940769e+01,1.61689132e-01,5.22795796e-01
5345803-S04-156I3-A-L-B-190,20.02.2020-03:09:20,8.00000000e+00,6.43965781e-01,8.99104881e+00,1.87851128e-03,2.66168091e+02,8.02450256e+01,1.89113026e+01,1.20111540e-01,4.12630856e-01
5345803-S04-156I3-A-L-B-190,20.02.2020-03:09:43,7.00000000e+00,6.46321535e-01,9.03165627e+00,1.96277071e-03,1.26568024e+02,8.00744247e+01,1.90256729e+01,1.51799411e-01,1.99088976e-01
5345803-S04-156I3-A-L-B-190,20.02.2020-03:09:46,8.00000000e+00,6.45055711e-01,9.01055336e+00,2.11136020e-03,2.46200729e+02,8.00671997e+01,1.89423370e+01,8.22973698e-02,1.95465267e-01
5345803-S04-156I3-A-L-B-190,20.02.2020-03:09:48,8.00000000e+00,6.44432843e-01,8.99562931e+00,1.98447937e-03,2.21389709e+02,8.03385086e+01,1.89567204e+01,1.25435531e-01,4.43966985e-01
5345803-S04-156I3-A-L-B-190,20.02.2020-03:09:50,8.00000000e+00,6.45808399e-01,9.01918316e+00,1.94869447e-03,4.02398987e+01,8.01925201e+01,1.90123119e+01,4.64094430e-01,5.97385168e-01
5345803-S04-156I3-A-L-B-190,20.02.2020-03:09:52,7.00000000e+00,6.46275043e-01,9.01565742e+00,1.86056190e-03,3.50226837e+02,8.02274704e+01,1.90269012e+01,6.77151680e-02,1.21447571e-01
5345803-S04-156I3-A-L-B-190,20.02.2020-03:09:54,7.00000000e+00,6.46207869e-01,9.03030300e+00,1.94395112e-03,1.81244675e+02,8.02110825e+01,1.90519371e+01,8.07909295e-02,1.42123729e-01
5345803-S04-156I3-A-L-B-190,20.02.2020-03:09:56,8.00000000e+00,6.45439267e-01,9.00009823e+00,1.97636592e-03,1.51432388e+02,8.02259674e+01,1.89691467e+01,1.07902877e-01,1.97243556e-01
5345803-S04-156I3-A-L-B-190,20.02.2020-03:09:58,1.90000000e+01,6.42501175e-01,8.94564915e+00,1.81797135e-03,1.86407898e+02,8.02537537e+01,1.87750607e+01,1.37408093e-01,6.06882095e-01
5345803-S04-156I3-A-L-B-190,20.02.2020-03:10:00,9.00000000e+00,6.44064069e-01,8.98245525e+00,1.89189357e-03,3.38658844e+02,8.01633759e+01,1.88768845e+01,8.10560212e-02,2.20992744e-01
5345803-S04-156I3-A-L-B-190,20.02.2020-03:10:02,8.00000000e+00,6.44740045e-01,8.99273014e+00,1.92871166e-03,2.40370941e+02,8.02101059e+01,1.89293404e+01,1.09906077e-01,2.30789632e-01
5345803-S04-156I3-A-L-B-190,20.02.2020-03:10:26,1.90000000e+01,6.42710268e-01,8.95413971e+00,1.68901135e-03,2.19475891e+02,8.01719208e+01,1.87798271e+01,1.24215573e-01,4.49896216e-01
5345803-S04-156I3-A-L-B-190,20.02.2020-03:10:28,9.00000000e+00,6.44642174e-01,8.96312809e+00,1.81801966e-03,2.81397430e+02,8.02542725e+01,1.88745537e+01,1.21624246e-01,2.39829615e-01
5345803-S04-156I3-A-L-B-190,20.02.2020-03:10:30,2.00000000e+00,6.35790825e-01,8.83358192e+00,1.70415745e-03,1.46225281e+02,7.96692047e+01,1.82125912e+01,1.67768538e-01,3.65817755e-01
5345803-S04-156I3-A-L-B-190,20.02.2020-03:10:32,8.00000000e+00,6.45509124e-01,9.00554848e+00,2.03018170e-03,2.48732208e+02,8.01697693e+01,1.89693890e+01,1.06955819e-01,1.56180277e-01
5345803-S04-156I3-A-L-B-190,20.02.2020-03:10:34,8.00000000e+00,6.45336270e-01,9.00990963e+00,1.77133759e-03,2.76300629e+02,8.02836151e+01,1.90004368e+01,7.21642002e-02,1.10485680e-01
5345803-S04-156I3-A-L-B-190,20.02.2020-03:10:36,7.00000000e+00,6.46187186e-01,9.01743793e+00,1.94563111e-03,1.96024094e+02,8.02264557e+01,1.90278320e+01,1.06853232e-01,1.51687682e-01
5345803-S04-156I3-A-L-B-190,20.02.2020-03:10:38,1.40000000e+01,6.39944196e-01,8.89687634e+00,1.75818906e-03,1.35854883e+01,7.98139877e+01,1.84964695e+01,1.72881687e+00,2.27524686e+00
5345803-S04-156I3-A-L-B-190,20.02.2020-03:10:40,8.00000000e+00,6.44693375e-01,8.99455166e+00,2.07306002e-03,1.73420242e+02,8.01195068e+01,1.89104214e+01,1.17834710e-01,2.34967858e-01
5345803-S04-156I3-A-L-B-190,20.02.2020-03:10:43,8.00000000e+00,6.46066666e-01,9.00183392e+00,1.85895746e-03,1.55957581e+02,8.02043991e+01,1.89861431e+01,1.39008597e-01,3.12319726e-01
5345803-S04-156I3-A-L-B-190,20.02.2020-03:10:45,8.00000000e+00,6.45628810e-01,9.00034904e+00,2.02187803e-03,1.46627579e+02,8.02178421e+01,1.89733238e+01,1.60875335e-01,3.26207131e-01
5345803-S04-156I3-A-L-B-190,20.02.2020-03:11:08,8.00000000e+00,6.46073341e-01,8.99119568e+00,1.88233121e-03,1.65857224e+02,8.04184265e+01,1.90145054e+01,9.30603221e-02,2.41021097e-01
5345803-S04-156I3-A-L-B-190,20.02.2020-03:11:10,8.00000000e+00,6.44489646e-01,9.00184631e+00,1.91516441e-03,2.09846420e+02,8.01714478e+01,1.89320431e+01,1.72841832e-01,5.40168643e-01
5345803-S04-156I3-A-L-B-190,20.02.2020-03:11:12,8.00000000e+00,6.45471334e-01,8.99603081e+00,1.89288124e-03,7.29629974e+01,8.03244629e+01,1.89847965e+01,2.63542086e-01,3.44345778e-01
5345803-S04-156I3-A-L-B-190,20.02.2020-03:11:14,7.00000000e+00,6.46256089e-01,9.01557636e+00,1.84936658e-03,4.41691284e+01,8.03152466e+01,1.90469894e+01,4.02880281e-01,6.46115303e-01
5345803-S04-156I3-A-L-B-190,20.02.2020-03:11:16,8.00000000e+00,6.45895481e-01,9.00128460e+00,1.80150417e-03,8.61497650e+01,8.03183060e+01,1.90069084e+01,3.00065756e-01,4.04353559e-01
5345803-S04-156I3-A-L-B-190,20.02.2020-03:11:18,7.00000000e+00,6.46626770e-01,9.00422764e+00,1.93582661e-03,5.71113167e+01,8.03323593e+01,1.90379810e+01,3.61842513e-01,4.92193878e-01
5345803-S04-156I3-A-L-B-190,20.02.2020-03:11:20,2.00000000e+01,6.41012967e-01,8.92504120e+00,1.76965119e-03,1.65223892e+02,8.00851593e+01,1.86491604e+01,1.69281423e-01,4.62875694e-01
5345803-S04-156I3-A-L-B-190,20.02.2020-03:11:22,1.90000000e+01,6.41847312e-01,8.94812202e+00,1.77181175e-03,3.29002838e+02,8.01441422e+01,1.87355137e+01,1.09528206e-01,3.68560612e-01
5345803-S04-156I3-A-L-B-190,20.02.2020-03:11:25,7.00000000e+00,6.47409678e-01,8.98795986e+00,1.79542485e-03,2.95841217e+02,8.03805084e+01,1.90379982e+01,1.05833292e-01,2.63987213e-01
5345803-S04-156I3-A-L-B-190,20.02.2020-03:11:27,2.00000000e+01,6.41046464e-01,8.92310047e+00,1.84821722e-03,3.12294037e+02,8.01217041e+01,1.86545887e+01,1.22494631e-01,4.75938380e-01
5345803-S04-156I3-A-L-B-190,20.02.2020-03:11:50,7.00000000e+00,6.46742344e-01,9.02797890e+00,2.04253849e-03,2.39972534e+02,8.02531281e+01,1.90727825e+01,1.35836586e-01,2.27284178e-01
5345803-S04-156I3-A-L-B-190,20.02.2020-03:11:52,9.00000000e+00,6.42803550e-01,8.95330334e+00,1.75192172e-03,1.39619705e+02,8.03206940e+01,1.88156490e+01,2.13785946e-01,7.51807988e-01
5345803-S04-156I3-A-L-B-190,20.02.2020-03:11:54,9.00000000e+00,6.43715918e-01,8.98570728e+00,2.00819364e-03,2.62729065e+02,8.01894760e+01,1.88796558e+01,1.16442449e-01,4.73729998e-01
5345803-S04-156I3-A-L-B-190,20.02.2020-03:11:56,7.00000000e+00,6.46511972e-01,9.01265717e+00,1.96937285e-03,2.63471558e+02,8.02952118e+01,1.90436077e+01,8.01444352e-02,1.86553597e-01
5345803-S04-156I3-A-L-B-190,20.02.2020-03:11:58,1.90000000e+01,6.42370343e-01,8.96651936e+00,1.82207732e-03,2.69436707e+02,8.01783218e+01,1.87973480e+01,1.48664072e-01,7.15679526e-01
5345803-S04-156I3-A-L-B-190,20.02.2020-03:12:00,1.90000000e+01,6.41788304e-01,8.95440578e+00,2.00066436e-03,1.10843857e+02,8.01622162e+01,1.87511730e+01,2.00626224e-01,8.01901639e-01
5345803-S04-156I3-A-L-B-190,20.02.2020-03:12:02,8.00000000e+00,6.44639552e-01,9.00127602e+00,2.21861363e-03,1.57519638e+02,8.01514740e+01,1.89305286e+01,1.46554857e-01,4.09674853e-01
5345803-S04-156I3-A-L-B-190,20.02.2020-03:12:04,9.00000000e+00,6.41959727e-01,8.95866680e+00,1.82354345e-03,2.90556946e+02,8.03458939e+01,1.88081055e+01,1.63298383e-01,7.21342385e-01
5345803-S04-156I3-A-L-B-190,20.02.2020-03:12:07,7.00000000e+00,6.47120237e-01,9.01909542e+00,1.84590428e-03,2.66594696e+02,8.04642944e+01,1.91153107e+01,7.24803880e-02,1.94241777e-01
5345803-S04-156I3-A-L-B-190,20.02.2020-03:12:09,2.10000000e+01,6.41013086e-01,8.91233540e+00,1.67343905e-03,1.01013985e+02,7.95604553e+01,1.85006008e+01,1.68742254e-01,2.82737553e-01
5345803-S04-156I3-A-L-B-190,20.02.2020-03:12:32,7.00000000e+00,6.48153663e-01,9.00132751e+00,1.84600195e-03,2.92143646e+02,8.03472595e+01,1.90803242e+01,1.05074234e-01,1.63086623e-01
5345803-S04-156I3-A-L-B-190,20.02.2020-03:12:34,7.00000000e+00,6.48110390e-01,9.00310707e+00,1.82840647e-03,1.29041809e+02,8.02940903e+01,1.90701962e+01,1.42676473e-01,2.04611257e-01
5345803-S04-156I3-A-L-B-190,20.02.2020-03:12:36,9.00000000e+00,6.45683408e-01,8.95453644e+00,1.99187384e-03,2.74360565e+02,8.00121307e+01,1.88299332e+01,9.07710269e-02,1.23328492e-01
5345803-S04-156I3-A-L-B-190,20.02.2020-03:12:38,2.10000000e+01,6.39095843e-01,8.88332367e+00,1.84160972e-03,1.90680267e+02,8.02399139e+01,1.85422382e+01,2.47960284e-01,9.25119042e-01
5345803-S04-156I3-A-L-B-190,20.02.2020-03:12:40,1.40000000e+01,6.29316092e-01,8.43299770e+00,1.19690655e-03,3.33149750e+02,7.87487869e+01,1.70108051e+01,8.39322060e-02,1.07518062e-01
5345803-S04-156I3-A-L-B-190,20.02.2020-03:12:42,2.00000000e+00,6.39276624e-01,8.85194969e+00,1.78640743e-03,1.99192581e+02,7.96663666e+01,1.83498688e+01,1.72053546e-01,3.95273626e-01
5345803-S04-156I3-A-L-B-190,20.02.2020-03:12:44,7.00000000e+00,6.47812128e-01,9.00639725e+00,2.02703988e-03,2.90033478e+02,8.02408524e+01,1.90557442e+01,8.66572857e-02,1.26881912e-01
5345803-S04-156I3-A-L-B-190,20.02.2020-03:12:46,2.00000000e+00,6.39709711e-01,8.87253380e+00,1.84638600e-03,4.05605103e+02,7.95308609e+01,1.83736954e+01,8.30999836e-02,2.72745132e-01
5345803-S04-156I3-A-L-B-190,20.02.2020-03:12:49,1.00000000e+00,6.40293360e-01,8.87084007e+00,1.75974099e-03,2.06389114e+02,7.95894623e+01,1.84004936e+01,1.89338744e-01,3.73946488e-01
5345803-S04-156I3-A-L-B-190,20.02.2020-03:12:51,2.00000000e+00,6.39907718e-01,8.88311005e+00,1.94392924e-03,1.24071457e+02,7.95099106e+01,1.83964405e+01,2.25005940e-01,4.50103819e-01
5345803-S04-156I3-A-L-B-190,20.02.2020-03:13:14,1.00000000e+00,6.39611363e-01,8.86855793e+00,1.68846210e-03,1.96388046e+02,7.97367783e+01,1.84101810e+01,1.75683573e-01,3.64062399e-01
5345803-S04-156I3-A-L-B-190,20.02.2020-03:13:16,2.00000000e+00,6.39229596e-01,8.85768414e+00,1.81952072e-03,8.50066910e+01,7.95928192e+01,1.83434563e+01,2.46464908e-01,4.52864558e-01
5345803-S04-156I3-A-L-B-190,20.02.2020-03:13:18,2.00000000e+00,6.39577806e-01,8.86610603e+00,1.96776772e-03,2.71987732e+02,7.95479965e+01,1.83605537e+01,1.11893035e-01,2.98469573e-01
5345803-S04-156I3-A-L-B-190,20.02.2020-03:13:20,1.40000000e+01,6.29310548e-01,8.43960762e+00,1.21561310e-03,5.39008301e+02,7.87845612e+01,1.70317230e+01,4.66196314e-02,6.48655295e-02
5345803-S04-156I3-A-L-B-190,20.02.2020-03:13:23,1.40000000e+01,6.24281824e-01,8.24780178e+00,1.06618239e-03,2.41176163e+02,7.85447388e+01,1.64613781e+01,1.17152207e-01,1.49865240e-01
5345803-S04-156I3-A-L-B-190,20.02.2020-03:13:25,7.00000000e+00,6.48383617e-01,9.01069546e+00,2.06510187e-03,1.81287170e+02,8.02477798e+01,1.90833035e+01,1.17045358e-01,1.83385298e-01
5345803-S04-156I3-A-L-B-190,20.02.2020-03:13:27,7.00000000e+00,6.48049057e-01,8.99979687e+00,1.78459147e-03,2.48654663e+02,8.02815094e+01,1.90583954e+01,1.12326108e-01,1.72962427e-01
5345803-S04-156I3-A-L-B-190,20.02.2020-03:13:29,7.00000000e+00,6.48501933e-01,8.99668026e+00,2.03170092e-03,1.76836548e+02,8.02141266e+01,1.90491066e+01,1.27986670e-01,1.93172574e-01
5345803-S04-156I3-A-L-B-190,20.02.2020-03:13:31,7.00000000e+00,6.46176279e-01,9.00958729e+00,1.82491750e-03,1.41875214e+02,8.02983780e+01,1.90279903e+01,1.53054446e-01,1.96542770e-01
5345803-S04-156I3-A-L-B-190,20.02.2020-03:13:58,9.00000000e+00,6.43585384e-01,8.98953724e+00,1.80882204e-03,8.69693146e+01,8.02163925e+01,1.88902111e+01,2.49950945e-01,3.77543002e-01
5345803-S04-156I3-A-L-B-190,20.02.2020-03:14:21,9.00000000e+00,6.43398046e-01,8.96653652e+00,1.70462485e-03,1.98410278e+02,8.01438446e+01,1.88193588e+01,1.57709509e-01,1.91522151e-01
5345803-S04-156I3-A-L-B-190,20.02.2020-03:14:23,9.00000000e+00,6.43900335e-01,9.01307011e+00,2.01097317e-03,2.40877228e+02,7.98053970e+01,1.88518448e+01,1.21157907e-01,2.01242223e-01
5345803-S04-156I3-A-L-B-190,20.02.2020-03:14:25,1.90000000e+01,6.43250644e-01,8.95259762e+00,2.01164209e-03,1.32418701e+02,7.99690094e+01,1.87448158e+01,1.89823657e-01,4.55060124e-01
5345803-S04-156I3-A-L-B-190,20.02.2020-03:14:27,9.00000000e+00,6.44696593e-01,8.96774387e+00,2.04336294e-03,1.77873825e+02,8.01084137e+01,1.88515415e+01,1.73021242e-01,2.87093282e-01
5345803-S04-156I3-A-L-B-190,20.02.2020-03:14:29,8.00000000e+00,6.48832679e-01,8.94946861e+00,1.80190557e-03,2.54169754e+02,8.01709518e+01,1.89486046e+01,9.89438668e-02,1.73395187e-01
5345803-S04-156I3-A-L-B-190,20.02.2020-03:14:31,1.90000000e+01,6.43353462e-01,8.96844292e+00,1.91236904e-03,1.24507492e+02,7.99794083e+01,1.87834377e+01,3.61917824e-01,9.86338496e-01
5345803-S04-156I3-A-L-B-190,20.02.2020-03:14:33,9.00000000e+00,6.44550979e-01,8.96975040e+00,1.92881271e-03,1.75057495e+02,8.01806030e+01,1.88684902e+01,1.73227444e-01,3.01919580e-01
5345803-S04-156I3-A-L-B-190,20.02.2020-03:14:36,1.90000000e+01,6.43255770e-01,8.96049595e+00,1.93973165e-03,4.55385681e+02,7.99937515e+01,1.87673073e+01,1.54561833e-01,4.89735097e-01
5345803-S04-156I3-A-L-B-190,20.02.2020-03:14:38,7.00000000e+00,6.48285985e-01,8.98517036e+00,1.87702896e-03,2.82988678e+02,8.03417740e+01,1.90486660e+01,1.34657100e-01,2.81525910e-01
5345803-S04-156I3-A-L-B-190,20.02.2020-03:14:40,1.90000000e+01,6.42212272e-01,8.93727875e+00,1.79811334e-03,4.05930389e+02,8.01486969e+01,1.87245140e+01,1.24464519e-01,4.67429996e-01
5345803-S04-156I3-A-L-B-190,20.02.2020-03:11:29,7.00000000e+00,6.46433055e-01,8.99792767e+00,1.80714612e-03,2.36626526e+02,8.04078217e+01,1.90368271e+01,9.82721448e-02,1.60244539e-01
5345803-S04-156I3-A-L-B-190,20.02.2020-03:11:31,1.30000000e+01,6.22958839e-01,8.69568825e+00,1.73278095e-03,6.66485168e+02,8.05536041e+01,1.77614517e+01,6.83047920e-02,8.12850237e-01
5345803-S04-156I3-A-L-B-190,20.02.2020-03:11:33,7.00000000e+00,6.46358013e-01,9.00307846e+00,1.79823907e-03,5.86649841e+02,8.04948807e+01,1.90661335e+01,7.48868063e-02,2.04576656e-01
5345803-S04-156I3-A-L-B-190,20.02.2020-03:11:35,9.00000000e+00,6.42606199e-01,8.96171284e+00,1.83497998e-03,4.10084076e+02,8.02147064e+01,1.88026962e+01,1.13952115e-01,6.68945491e-01
5345803-S04-156I3-A-L-B-190,20.02.2020-03:11:37,7.00000000e+00,6.46375179e-01,9.00334835e+00,1.91477616e-03,1.23998444e+02,8.03475571e+01,1.90323124e+01,1.48990899e-01,2.45396286e-01
5345803-S04-156I3-A-L-B-190,20.02.2020-03:11:39,8.00000000e+00,6.45661771e-01,8.99428940e+00,1.87203614e-03,2.36584763e+02,8.03058014e+01,1.89823093e+01,1.10397771e-01,3.59449536e-01
5345803-S04-156I3-A-L-B-190,20.02.2020-03:11:41,8.00000000e+00,6.45552874e-01,8.99415874e+00,1.80320232e-03,2.11621506e+02,8.04572449e+01,1.90146236e+01,1.45513386e-01,3.54365021e-01
5345803-S04-156I3-A-L-B-190,20.02.2020-03:11:43,7.00000000e+00,6.46460116e-01,9.01068115e+00,1.82540109e-03,1.61115662e+02,8.04598923e+01,1.90769539e+01,1.84668854e-01,2.56178349e-01
5345803-S04-156I3-A-L-B-190,20.02.2020-03:11:45,7.00000000e+00,6.46148860e-01,9.00120449e+00,1.86511537e-03,9.68893509e+01,8.04418564e+01,1.90434437e+01,2.13251054e-01,4.61410224e-01
5345803-S04-156I3-A-L-B-190,20.02.2020-03:11:47,9.00000000e+00,6.44192398e-01,8.98156261e+00,1.87948917e-03,1.34095093e+02,8.02301407e+01,1.88944950e+01,1.70003101e-01,6.52951598e-01
5345803-S04-156I3-A-L-B-190,20.02.2020-03:12:11,2.00000000e+00,6.38075590e-01,8.84657001e+00,1.84673816e-03,1.42132965e+02,7.93029861e+01,1.82207737e+01,1.67072862e-01,2.21820295e-01
5345803-S04-156I3-A-L-B-190,20.02.2020-03:12:13,9.00000000e+00,6.44720733e-01,8.98898792e+00,1.93798146e-03,2.27874252e+02,8.01140747e+01,1.88982430e+01,1.14384800e-01,2.11320102e-01
5345803-S04-156I3-A-L-B-190,20.02.2020-03:12:15,1.00000000e+00,6.40373886e-01,8.91222382e+00,1.74696930e-03,1.82535751e+02,7.95568924e+01,1.84810944e+01,1.56551763e-01,2.56569535e-01
5345803-S04-156I3-A-L-B-190,20.02.2020-03:12:17,9.00000000e+00,6.44409895e-01,8.99602699e+00,2.05929810e-03,7.83705521e+01,8.00597534e+01,1.88911057e+01,2.80953765e-01,4.11292583e-01
5345803-S04-156I3-A-L-B-190,20.02.2020-03:12:19,9.00000000e+00,6.44332767e-01,9.00456715e+00,2.06936919e-03,1.47785706e+02,8.00400162e+01,1.89021149e+01,2.01272711e-01,3.22552651e-01
5345803-S04-156I3-A-L-B-190,20.02.2020-03:12:21,1.00000000e+00,6.39901638e-01,8.90044880e+00,1.97587186e-03,2.83470917e+02,7.94608002e+01,1.84207878e+01,1.09988205e-01,2.26502225e-01
5345803-S04-156I3-A-L-B-190,20.02.2020-03:12:23,9.00000000e+00,6.44453526e-01,8.97212505e+00,1.93372939e-03,1.78755905e+02,8.01730118e+01,1.88688450e+01,1.84667051e-01,3.20223868e-01
5345803-S04-156I3-A-L-B-190,20.02.2020-03:12:25,7.00000000e+00,6.46647453e-01,9.02917862e+00,2.02050270e-03,9.26304932e+01,8.02942429e+01,1.90822849e+01,2.39540651e-01,3.25740576e-01
5345803-S04-156I3-A-L-B-190,20.02.2020-03:12:28,7.00000000e+00,6.47368073e-01,9.03295135e+00,1.86126714e-03,2.90345245e+02,8.01945953e+01,1.90878162e+01,1.34033963e-01,2.34970570e-01
5345803-S04-156I3-A-L-B-190,20.02.2020-03:12:30,7.00000000e+00,6.48710132e-01,9.01206303e+00,1.96721009e-03,3.86859497e+02,8.02020798e+01,1.90849361e+01,8.12042654e-02,1.39494270e-01
5345803-S04-156I3-A-L-B-190,20.02.2020-03:12:53,2.00000000e+00,6.39673948e-01,8.88117313e+00,2.00341642e-03,2.95135193e+02,7.94454269e+01,1.83708000e+01,1.11257128e-01,3.12041879e-01
5345803-S04-156I3-A-L-B-190,20.02.2020-03:12:55,7.00000000e+00,6.48091912e-01,9.01132202e+00,1.79751473e-03,3.24172485e+02,8.03151245e+01,1.90920544e+01,9.81366932e-02,1.67335168e-01
5345803-S04-156I3-A-L-B-190,20.02.2020-03:12:57,7.00000000e+00,6.48022592e-01,9.00267506e+00,1.90483208e-03,2.04073151e+02,8.03351440e+01,1.90764484e+01,1.59731016e-01,2.34192461e-01
5345803-S04-156I3-A-L-B-190,20.02.2020-03:12:59,1.40000000e+01,6.29124880e-01,8.41871929e+00,1.28754624e-03,1.45701645e+02,7.86262512e+01,1.69504280e+01,1.46457985e-01,1.82037994e-01
5345803-S04-156I3-A-L-B-190,20.02.2020-03:13:01,9.00000000e+00,6.45737767e-01,8.95288467e+00,1.94981368e-03,4.44235229e+02,8.02215042e+01,1.88773117e+01,1.10056289e-01,3.52799743e-01
5345803-S04-156I3-A-L-B-190,20.02.2020-03:13:04,8.00000000e+00,6.45872951e-01,8.97732258e+00,1.94803171e-03,1.68626419e+02,8.02382126e+01,1.89367466e+01,1.77710935e-01,3.77606392e-01
5345803-S04-156I3-A-L-B-190,20.02.2020-03:13:06,7.00000000e+00,6.47182584e-01,9.03256321e+00,1.82737387e-03,1.97914261e+02,8.03342209e+01,1.91147499e+01,1.62273422e-01,2.66574025e-01
5345803-S04-156I3-A-L-B-190,20.02.2020-03:13:08,7.00000000e+00,6.47212505e-01,9.03694344e+00,1.88636791e-03,1.51612350e+02,8.03278198e+01,1.91233788e+01,1.59820169e-01,2.49433309e-01
5345803-S04-156I3-A-L-B-190,20.02.2020-03:13:10,2.00000000e+00,6.40129566e-01,8.87050343e+00,1.75883842e-03,1.96369827e+02,7.95840530e+01,1.83938389e+01,1.60318106e-01,3.53600264e-01
5345803-S04-156I3-A-L-B-190,20.02.2020-03:13:12,2.00000000e+00,6.40130997e-01,8.87223244e+00,1.93475338e-03,2.77075348e+02,7.95664062e+01,1.83933868e+01,1.06318153e-01,2.96621621e-01
5345803-S04-156I3-A-L-B-190,20.02.2020-03:14:00,1.00000000e+00,6.40186131e-01,8.90190125e+00,1.86206121e-03,2.04131683e+02,7.95715942e+01,1.84576874e+01,1.42353579e-01,2.65454292e-01
5345803-S04-156I3-A-L-B-190,20.02.2020-03:14:02,8.00000000e+00,6.45625293e-01,9.00298595e+00,1.84405583e-03,9.96380615e+01,8.02531433e+01,1.89871292e+01,2.49634236e-01,3.03423375e-01
5345803-S04-156I3-A-L-B-190,20.02.2020-03:14:04,9.00000000e+00,6.45210147e-01,8.97490406e+00,1.77691039e-03,2.25219330e+02,8.02113876e+01,1.89058952e+01,2.23995864e-01,4.29282367e-01
5345803-S04-156I3-A-L-B-190,20.02.2020-03:14:06,9.00000000e+00,6.44299388e-01,8.95410156e+00,1.67577621e-03,1.61290710e+02,8.01990891e+01,1.88325615e+01,2.05775768e-01,4.05885041e-01
5345803-S04-156I3-A-L-B-190,20.02.2020-03:14:08,9.00000000e+00,6.41339719e-01,9.03076553e+00,2.00861925e-03,4.36898560e+02,7.98459549e+01,1.88233032e+01,6.74300715e-02,9.12742615e-02
5345803-S04-156I3-A-L-B-190,20.02.2020-03:14:10,8.00000000e+00,6.45909011e-01,8.99345016e+00,1.89692201e-03,1.34418808e+02,8.01473923e+01,1.89503517e+01,1.69401944e-01,2.21154988e-01
5345803-S04-156I3-A-L-B-190,20.02.2020-03:14:13,2.00000000e+01,6.38422728e-01,9.00264549e+00,1.74894847e-03,3.84425110e+02,7.96228409e+01,1.86271477e+01,1.14016816e-01,1.89576790e-01
5345803-S04-156I3-A-L-B-190,20.02.2020-03:14:15,8.00000000e+00,6.46031559e-01,8.99270248e+00,1.75898685e-03,2.22619827e+02,8.01856842e+01,1.89614277e+01,1.01895131e-01,1.27688304e-01
5345803-S04-156I3-A-L-B-190,20.02.2020-03:14:17,8.00000000e+00,6.45384967e-01,8.99513817e+00,1.63242896e-03,4.65769836e+02,8.02918015e+01,1.89726524e+01,9.01912823e-02,1.84729323e-01
5345803-S04-156I3-A-L-B-190,20.02.2020-03:14:19,8.00000000e+00,6.46413445e-01,8.98803234e+00,1.84112345e-03,2.70992859e+02,8.01927948e+01,1.89644623e+01,1.12572290e-01,1.64712548e-01
5345803-S04-156I3-A-L-B-190,20.02.2020-03:14:42,2.00000000e+01,6.38702452e-01,9.00598240e+00,1.91972801e-03,1.60348907e+02,7.94966278e+01,1.86126652e+01,1.36700958e-01,2.07332864e-01
5345803-S04-156I3-A-L-B-190,20.02.2020-03:14:44,2.10000000e+01,6.38684273e-01,9.00048351e+00,1.93100469e-03,3.62877106e+02,7.94679260e+01,1.85940552e+01,9.10828039e-02,1.56803608e-01
5345803-S04-156I3-A-L-B-190,20.02.2020-03:14:46,9.00000000e+00,6.45050645e-01,8.92058086e+00,1.80373550e-03,2.72383087e+02,8.03434601e+01,1.88177490e+01,1.64446861e-01,7.44839132e-01
5345803-S04-156I3-A-L-B-190,20.02.2020-03:14:48,9.00000000e+00,6.43667698e-01,8.96452045e+00,1.73481135e-03,3.06958862e+02,8.01490936e+01,1.88242474e+01,1.40649602e-01,1.69842407e-01
5345803-S04-156I3-A-L-B-190,20.02.2020-03:14:50,9.00000000e+00,6.46111190e-01,8.96590996e+00,1.85272517e-03,1.16074066e+02,7.99192963e+01,1.88444500e+01,1.81155965e-01,2.21298128e-01
5345803-S04-156I3-A-L-B-190,20.02.2020-03:14:52,1.40000000e+01,6.47514999e-01,9.05045033e+00,1.70686748e-03,1.45510521e+01,8.01082077e+01,1.91085300e+01,1.28413057e+00,1.53043330e+00
5345803-S04-156I3-A-L-B-190,20.02.2020-03:14:54,1.90000000e+01,6.46376193e-01,8.95242023e+00,1.74100266e-03,2.41490692e+02,7.98045731e+01,1.87967930e+01,1.39563620e-01,1.85521871e-01
5345803-S04-156I3-A-L-B-190,20.02.2020-03:14:57,9.00000000e+00,6.44210696e-01,8.97049236e+00,1.79029105e-03,2.60181305e+02,8.00674820e+01,1.88334808e+01,9.15121734e-02,1.12195618e-01
5345803-S04-156I3-A-L-B-190,20.02.2020-03:14:59,8.00000000e+00,6.46924615e-01,9.00419617e+00,1.95796299e-03,1.30433090e+02,8.00630569e+01,1.89828320e+01,1.80081263e-01,2.38151684e-01
5345803-S04-156I3-A-L-B-190,20.02.2020-03:15:01,1.90000000e+01,6.43076241e-01,8.95165062e+00,1.92360464e-03,2.96742096e+02,8.00290146e+01,1.87518139e+01,1.03974007e-01,3.61966103e-01
5345803-S04-156I3-A-L-B-190,20.02.2020-03:15:24,9.00000000e+00,6.45447969e-01,8.95943451e+00,1.77143654e-03,1.06378502e+02,8.03188858e+01,1.89055672e+01,2.35820174e-01,4.00176197e-01
5345803-S04-156I3-A-L-B-190,20.02.2020-03:15:26,8.00000000e+00,6.45078063e-01,8.96427917e+00,1.86060823e-03,2.23618530e+02,8.03509140e+01,1.89124870e+01,1.08936161e-01,2.64048755e-01
5345803-S04-156I3-A-L-B-190,20.02.2020-03:15:28,1.90000000e+01,6.42350733e-01,8.92935371e+00,1.73442054e-03,1.03929008e+02,8.03166275e+01,1.87511501e+01,3.00382137e-01,1.53237867e+00
5345803-S04-156I3-A-L-B-190,20.02.2020-03:15:30,8.00000000e+00,6.46472812e-01,8.99761963e+00,1.80098193e-03,1.88106552e+02,8.03133087e+01,1.90149670e+01,1.62878007e-01,5.03059328e-01
5345803-S04-156I3-A-L-B-190,20.02.2020-03:15:32,8.00000000e+00,6.45644724e-01,8.96599865e+00,1.89713237e-03,9.59941254e+01,8.02825012e+01,1.89166126e+01,2.96389699e-01,1.12734067e+00
5345803-S04-156I3-A-L-B-190,20.02.2020-03:15:34,8.00000000e+00,6.45783663e-01,9.00549889e+00,1.73596374e-03,1.43137573e+02,8.01523132e+01,1.89732208e+01,1.70183092e-01,2.21349716e-01
5345803-S04-156I3-A-L-B-190,20.02.2020-03:15:36,7.00000000e+00,6.46893442e-01,8.98651886e+00,1.89169263e-03,2.23012451e+02,8.03971710e+01,1.90237103e+01,1.54412895e-01,5.90403140e-01
5345803-S04-156I3-A-L-B-190,20.02.2020-03:15:39,7.00000000e+00,6.45426631e-01,9.02956295e+00,1.79935282e-03,4.75004364e+02,8.02722702e+01,1.90418568e+01,7.48537630e-02,1.16980866e-01
5345803-S04-156I3-A-L-B-190,20.02.2020-03:15:41,8.00000000e+00,6.45671070e-01,8.99161816e+00,1.85809424e-03,8.92329636e+01,8.01113739e+01,1.89310017e+01,2.19822317e-01,2.97107905e-01
5345803-S04-156I3-A-L-B-190,20.02.2020-03:15:43,7.00000000e+00,6.47145391e-01,8.98390484e+00,1.78151496e-03,2.20595444e+02,8.03817596e+01,1.90219364e+01,1.67530283e-01,6.21510267e-01
5345803-S04-156I3-A-L-B-190,20.02.2020-03:16:13,8.00000000e+00,6.45533204e-01,8.99365616e+00,2.06772564e-03,7.47644730e+01,8.00565033e+01,1.89182796e+01,2.85556465e-01,3.95704299e-01
5345803-S04-156I3-A-L-B-190,20.02.2020-03:16:15,1.90000000e+01,6.41089678e-01,8.95347691e+00,1.96554395e-03,8.05851288e+01,8.02030106e+01,1.87383499e+01,4.53417301e-01,1.28668153e+00
5345803-S04-156I3-A-L-B-190,20.02.2020-03:16:17,9.00000000e+00,6.42086387e-01,8.97623730e+00,1.69454538e-03,7.96352539e+01,8.02642136e+01,1.88295498e+01,3.37397188e-01,8.93155396e-01
5345803-S04-156I3-A-L-B-190,20.02.2020-03:16:19,1.90000000e+01,6.42421186e-01,8.97244740e+00,2.01965147e-03,6.57315445e+01,8.01217804e+01,1.87979984e+01,3.99578750e-01,8.41011107e-01
5345803-S04-156I3-A-L-B-190,20.02.2020-03:16:21,1.90000000e+01,6.41972959e-01,8.95650387e+00,1.71300024e-03,1.04341812e+02,8.02084274e+01,1.87717800e+01,3.58522981e-01,1.13858831e+00
5345803-S04-156I3-A-L-B-190,20.02.2020-03:16:23,9.00000000e+00,6.42417252e-01,8.98884487e+00,2.07572058e-03,8.10543976e+01,8.01577606e+01,1.88406906e+01,3.26165050e-01,8.42033565e-01
5345803-S04-156I3-A-L-B-190,20.02.2020-03:16:25,8.00000000e+00,6.44042492e-01,9.00445843e+00,1.81737414e-03,1.80378403e+02,8.04621048e+01,1.89930058e+01,1.77570969e-01,5.05293489e-01
5345803-S04-156I3-A-L-B-190,20.02.2020-03:16:27,9.00000000e+00,6.43333673e-01,8.99107075e+00,1.79915782e-03,1.13662788e+02,8.01459274e+01,1.88694553e+01,2.31788486e-01,7.71950483e-01
5345803-S04-156I3-A-L-B-190,20.02.2020-03:16:29,9.00000000e+00,6.43578470e-01,8.98727894e+00,2.16659438e-03,1.31993195e+02,8.01651459e+01,1.88731995e+01,1.63792640e-01,4.01592165e-01
5345803-S04-156I3-A-L-B-190,20.02.2020-03:16:31,9.00000000e+00,6.43012822e-01,8.97481346e+00,1.58004474e-03,1.41089264e+02,8.03312149e+01,1.88694649e+01,2.06024483e-01,6.47803307e-01
5345803-S04-156I3-A-L-B-190,20.02.2020-03:16:54,1.90000000e+01,6.44985318e-01,8.93337154e+00,2.01370218e-03,2.40473969e+02,7.99049988e+01,1.87399902e+01,8.76930654e-02,1.53303951e-01
5345803-S04-156I3-A-L-B-190,20.02.2020-03:16:56,9.00000000e+00,6.43544257e-01,8.99149036e+00,2.05453136e-03,2.42917061e+01,7.99064102e+01,1.88201008e+01,5.91831505e-01,8.46781492e-01
5345803-S04-156I3-A-L-B-190,20.02.2020-03:16:59,8.00000000e+00,6.45753860e-01,9.00331974e+00,1.70576025e-03,6.49646606e+01,8.02365265e+01,1.89876823e+01,2.91691333e-01,3.79952937e-01
5345803-S04-156I3-A-L-B-190,20.02.2020-03:17:01,9.00000000e+00,6.44329607e-01,8.99452305e+00,1.84149924e-03,8.48908844e+01,8.01294327e+01,1.89020309e+01,2.70119905e-01,4.52102184e-01
5345803-S04-156I3-A-L-B-190,20.02.2020-03:17:03,9.00000000e+00,6.44517660e-01,8.97005844e+00,2.00166530e-03,1.75866852e+02,8.01824188e+01,1.88685913e+01,1.35031641e-01,5.06393611e-01
5345803-S04-156I3-A-L-B-190,20.02.2020-03:17:05,9.00000000e+00,6.43946707e-01,8.95033550e+00,1.80067762e-03,8.46229172e+01,8.03280869e+01,1.88445988e+01,2.86242604e-01,7.53546894e-01
5345803-S04-156I3-A-L-B-190,20.02.2020-03:17:07,1.90000000e+01,6.43268466e-01,8.93573093e+00,1.74978736e-03,8.09843521e+01,8.03419800e+01,1.87972832e+01,3.56540382e-01,8.78068447e-01
5345803-S04-156I3-A-L-B-190,20.02.2020-03:17:09,9.00000000e+00,6.43980205e-01,9.00830746e+00,2.11403472e-03,9.01565933e+01,8.00674210e+01,1.89060917e+01,2.68446565e-01,4.26224589e-01
5345803-S04-156I3-A-L-B-190,20.02.2020-03:17:11,1.00000000e+00,6.37120843e-01,8.94719315e+00,1.79694861e-03,1.07694763e+02,7.95792999e+01,1.84645596e+01,3.33776593e-01,9.29412007e-01
5345803-S04-156I3-A-L-B-190,20.02.2020-03:17:13,2.10000000e+01,6.37412727e-01,8.95070362e+00,1.68885500e-03,6.99585114e+01,7.97232819e+01,1.85137005e+01,4.67781276e-01,1.15274704e+00
5345803-S04-156I3-A-L-B-190,20.02.2020-03:15:03,7.00000000e+00,6.46851420e-01,9.03050327e+00,1.87215314e-03,3.66187531e+02,8.01987610e+01,1.90684032e+01,1.06854692e-01,1.54547215e-01
5345803-S04-156I3-A-L-B-190,20.02.2020-03:15:05,1.90000000e+01,6.43657088e-01,8.95664501e+00,1.79753057e-03,3.89193207e+02,8.00757904e+01,1.87901974e+01,1.59150690e-01,4.55923259e-01
5345803-S04-156I3-A-L-B-190,20.02.2020-03:15:07,7.00000000e+00,6.46308482e-01,9.02693653e+00,1.90186675e-03,1.52133682e+02,8.02060547e+01,1.90466042e+01,1.39783889e-01,1.79821074e-01
5345803-S04-156I3-A-L-B-190,20.02.2020-03:15:09,7.00000000e+00,6.48061514e-01,8.98848724e+00,1.82338210e-03,2.37346588e+02,8.03308029e+01,1.90464973e+01,1.05215438e-01,1.78772569e-01
5345803-S04-156I3-A-L-B-190,20.02.2020-03:15:11,8.00000000e+00,6.47996843e-01,8.94538879e+00,1.77558768e-03,2.60645538e+02,8.05938644e+01,1.90153465e+01,1.59846738e-01,1.46933436e+00
5345803-S04-156I3-A-L-B-190,20.02.2020-03:15:13,8.00000000e+00,6.44983649e-01,9.01502419e+00,2.06639362e-03,2.79998993e+02,8.00252304e+01,1.89396820e+01,9.37773660e-02,1.59740984e-01
5345803-S04-156I3-A-L-B-190,20.02.2020-03:15:15,8.00000000e+00,6.45710468e-01,8.98857021e+00,1.69385306e-03,1.82517288e+02,8.01942673e+01,1.89453220e+01,1.86404034e-01,2.89672464e-01
5345803-S04-156I3-A-L-B-190,20.02.2020-03:15:18,8.00000000e+00,6.46136880e-01,9.00821114e+00,1.64175592e-03,1.82733139e+02,8.02328796e+01,1.90084038e+01,1.46363914e-01,2.31952012e-01
5345803-S04-156I3-A-L-B-190,20.02.2020-03:15:20,8.00000000e+00,6.45639002e-01,9.02119732e+00,1.86665135e-03,2.33126740e+02,8.01241379e+01,1.89953594e+01,1.49604619e-01,2.13827938e-01
5345803-S04-156I3-A-L-B-190,20.02.2020-03:15:22,8.00000000e+00,6.46571875e-01,8.98018169e+00,1.91877037e-03,1.75331757e+02,8.04744873e+01,1.90191193e+01,1.37712821e-01,4.96839285e-01
5345803-S04-156I3-A-L-B-190,20.02.2020-03:15:45,8.00000000e+00,6.48791671e-01,8.98102093e+00,1.74599991e-03,2.54331757e+02,8.00884933e+01,1.89946499e+01,1.41317382e-01,2.05210060e-01
5345803-S04-156I3-A-L-B-190,20.02.2020-03:15:47,7.00000000e+00,6.48217857e-01,9.01355553e+00,1.96559820e-03,1.74769806e+02,8.03068008e+01,1.90985184e+01,1.48943990e-01,3.54344338e-01
5345803-S04-156I3-A-L-B-190,20.02.2020-03:15:49,8.00000000e+00,6.45198524e-01,9.01783848e+00,1.94921345e-03,1.66235535e+02,8.00969543e+01,1.89688931e+01,1.50808707e-01,2.59617686e-01
5345803-S04-156I3-A-L-B-190,20.02.2020-03:15:51,7.00000000e+00,6.48623347e-01,9.00088978e+00,1.84261624e-03,1.70405426e+02,8.01280136e+01,1.90411263e+01,1.62815392e-01,2.24912316e-01
5345803-S04-156I3-A-L-B-190,20.02.2020-03:15:53,7.00000000e+00,6.45723581e-01,9.03667831e+00,2.02554092e-03,2.70784882e+02,8.02005386e+01,1.90485935e+01,1.05815835e-01,1.57020345e-01
5345803-S04-156I3-A-L-B-190,20.02.2020-03:15:56,8.00000000e+00,6.46497548e-01,9.02334595e+00,2.05423590e-03,2.28499741e+02,7.99857941e+01,1.89923000e+01,1.15853101e-01,5.36290526e-01
5345803-S04-156I3-A-L-B-190,20.02.2020-03:15:58,1.90000000e+01,6.43734872e-01,8.99588680e+00,2.32495740e-03,9.96578293e+01,7.96298141e+01,1.87696819e+01,2.29777351e-01,5.03917396e-01
5345803-S04-156I3-A-L-B-190,20.02.2020-03:16:06,2.40000000e+01,6.43832028e-01,8.89591980e+00,1.28284302e-02,9.85859146e+01,6.77582779e+01,1.57963228e+01,2.09062070e-01,3.72509569e-01
5345803-S04-156I3-A-L-B-190,20.02.2020-03:16:09,9.00000000e+00,6.41861439e-01,8.97778320e+00,1.90475269e-03,1.11554352e+02,8.02060242e+01,1.88125458e+01,3.33957642e-01,9.10333037e-01
5345803-S04-156I3-A-L-B-190,20.02.2020-03:16:11,8.00000000e+00,6.45925105e-01,9.00599957e+00,2.25474732e-03,1.11153931e+02,8.00845566e+01,1.89623890e+01,2.27442354e-01,3.02306980e-01
5345803-S04-156I3-A-L-B-190,20.02.2020-03:16:34,7.00000000e+00,6.46674037e-01,9.01665878e+00,2.05135997e-03,1.35319229e+02,8.02953873e+01,1.90568829e+01,2.00751096e-01,3.77858907e-01
5345803-S04-156I3-A-L-B-190,20.02.2020-03:16:36,7.00000000e+00,6.46932006e-01,9.01847744e+00,1.88823871e-03,7.72701721e+01,8.03658295e+01,1.90850563e+01,3.06644648e-01,4.91488129e-01
5345803-S04-156I3-A-L-B-190,20.02.2020-03:16:38,7.00000000e+00,6.46980345e-01,9.02366257e+00,2.01800652e-03,1.21834862e+02,8.02814713e+01,1.90774117e+01,2.01408342e-01,3.40372145e-01
5345803-S04-156I3-A-L-B-190,20.02.2020-03:16:40,8.00000000e+00,6.43476784e-01,8.99110889e+00,1.90992793e-03,2.53931076e+02,8.04281845e+01,1.89402027e+01,1.44177273e-01,4.38408315e-01
5345803-S04-156I3-A-L-B-190,20.02.2020-03:16:42,7.00000000e+00,6.45389378e-01,9.00766373e+00,1.90662371e-03,1.02366386e+02,8.06232071e+01,1.90776234e+01,2.23721728e-01,3.84576261e-01
5345803-S04-156I3-A-L-B-190,20.02.2020-03:16:44,8.00000000e+00,6.44060791e-01,8.99480438e+00,1.87051436e-03,8.87856827e+01,8.02858963e+01,1.89316311e+01,2.48365760e-01,5.07466912e-01
5345803-S04-156I3-A-L-B-190,20.02.2020-03:16:46,8.00000000e+00,6.45718038e-01,9.01142693e+00,1.94058754e-03,8.92098465e+01,8.02206345e+01,1.89999657e+01,2.19622836e-01,3.02114010e-01
5345803-S04-156I3-A-L-B-190,20.02.2020-03:16:48,2.00000000e+00,6.35618925e-01,8.92276573e+00,2.00805883e-03,1.02343445e+02,7.97047958e+01,1.83997097e+01,3.31071854e-01,7.87601888e-01
5345803-S04-156I3-A-L-B-190,20.02.2020-03:16:50,8.00000000e+00,6.44273996e-01,9.02193260e+00,1.85522693e-03,8.86496506e+01,8.00562363e+01,1.89406796e+01,2.51470894e-01,4.08951849e-01
5345803-S04-156I3-A-L-B-190,20.02.2020-03:16:52,8.00000000e+00,6.44391894e-01,8.97694206e+00,1.70155265e-03,1.17260223e+02,8.03284836e+01,1.89137764e+01,2.21823692e-01,6.66533828e-01
5345803-S04-156I3-A-L-B-190,20.02.2020-03:17:15,2.00000000e+01,6.42711997e-01,8.90243435e+00,1.99118070e-03,5.39427071e+01,8.01531601e+01,1.86670666e+01,5.69951892e-01,1.13539815e+00
5345803-S04-156I3-A-L-B-190,20.02.2020-03:17:17,8.00000000e+00,6.44446731e-01,9.03155613e+00,1.99255720e-03,6.90510101e+01,8.00848236e+01,1.89727383e+01,2.88765043e-01,4.17184591e-01
5345803-S04-156I3-A-L-B-190,20.02.2020-03:17:21,2.10000000e+01,6.38088465e-01,8.82900906e+00,1.62411283e-03,9.66343155e+01,8.07407837e+01,1.85146713e+01,2.58686066e-01,8.08066726e-01
5345803-S04-156I3-A-L-B-190,20.02.2020-03:17:23,2.00000000e+00,6.35941863e-01,8.92257500e+00,1.87846017e-03,5.74048996e+01,7.95840530e+01,1.83807774e+01,4.78530109e-01,9.71786022e-01
5345803-S04-156I3-A-L-B-190,20.02.2020-03:17:25,9.00000000e+00,6.44534826e-01,8.96164799e+00,1.71880634e-03,5.42770271e+01,8.02370224e+01,1.88642387e+01,4.63013619e-01,8.51342320e-01
5345803-S04-156I3-A-L-B-190,20.02.2020-03:17:27,9.00000000e+00,6.44669533e-01,8.97096920e+00,2.17306614e-03,8.11373062e+01,8.00118408e+01,1.88347988e+01,2.43962735e-01,6.08276010e-01
5345803-S04-156I3-A-L-B-190,20.02.2020-03:17:29,8.00000000e+00,6.45394623e-01,9.00650883e+00,2.06325133e-03,5.52951050e+01,7.99989319e+01,1.89276257e+01,4.00031507e-01,5.06549180e-01
5345803-S04-156I3-A-L-B-190,20.02.2020-03:17:31,9.00000000e+00,6.44305289e-01,8.97593975e+00,2.08345009e-03,6.56449127e+01,8.00912857e+01,1.88532867e+01,3.44029367e-01,6.79245830e-01
5345803-S04-156I3-A-L-B-190,20.02.2020-03:17:33,2.00000000e+01,6.42414927e-01,8.91012192e+00,1.97270862e-03,3.74981613e+01,8.01170807e+01,1.86661434e+01,7.91172802e-01,1.37043035e+00
5345803-S04-156I3-A-L-B-190,20.02.2020-03:17:36,2.10000000e+01,6.41370296e-01,8.86316681e+00,1.73063343e-03,4.57708931e+01,8.01078415e+01,1.85354424e+01,6.19325638e-01,1.15769732e+00
5345803-S04-156I3-A-L-B-190,20.02.2020-03:17:59,2.00000000e+01,6.41487241e-01,8.90405846e+00,1.90791441e-03,2.05763992e+02,8.03040848e+01,1.86699791e+01,1.41746566e-01,7.28067160e-01
5345803-S04-156I3-A-L-B-190,20.02.2020-03:18:01,1.90000000e+01,6.43520236e-01,8.91852283e+00,1.91941485e-03,5.01005554e+02,8.02743912e+01,1.87526379e+01,6.27623424e-02,3.13920885e-01
5345803-S04-156I3-A-L-B-190,20.02.2020-03:18:03,1.00000000e+00,6.36629522e-01,8.93897152e+00,2.00803415e-03,4.59067291e+02,7.98612442e+01,1.84986744e+01,2.02258423e-01,7.74824321e-01
5345803-S04-156I3-A-L-B-190,20.02.2020-03:18:05,8.00000000e+00,6.43932521e-01,8.99353313e+00,1.61317049e-03,1.30579620e+02,8.02610168e+01,1.89193230e+01,2.18000591e-01,4.52420682e-01
5345803-S04-156I3-A-L-B-190,20.02.2020-03:18:07,9.00000000e+00,6.44500136e-01,8.95269012e+00,1.68429909e-03,3.99503235e+02,8.01770401e+01,1.88302803e+01,1.04113892e-01,2.23055974e-01
5345803-S04-156I3-A-L-B-190,20.02.2020-03:18:09,9.00000000e+00,6.44052982e-01,8.97202682e+00,1.83929363e-03,4.27343292e+02,8.03419724e+01,1.88966522e+01,8.79428610e-02,3.36457193e-01
5345803-S04-156I3-A-L-B-190,20.02.2020-03:18:11,9.00000000e+00,6.44488454e-01,8.97361279e+00,1.83809199e-03,2.43800201e+02,8.03134460e+01,1.89060555e+01,1.52724519e-01,5.13263285e-01
5345803-S04-156I3-A-L-B-190,20.02.2020-03:18:13,2.00000000e+01,6.41528547e-01,8.90998363e+00,1.82883104e-03,1.34839325e+02,8.03663635e+01,1.86980953e+01,1.99504450e-01,8.01841199e-01
5345803-S04-156I3-A-L-B-190,20.02.2020-03:18:15,2.00000000e+01,6.41494393e-01,8.89359665e+00,1.71033328e-03,4.28032471e+02,8.02887039e+01,1.86446800e+01,1.13044195e-01,7.28575945e-01
5345803-S04-156I3-A-L-B-190,20.02.2020-03:18:17,8.00000000e+00,6.44709170e-01,9.00146103e+00,1.81787508e-03,2.60939148e+02,8.01315308e+01,1.89282513e+01,1.17832936e-01,2.37630770e-01
5345803-S04-156I3-A-L-B-190,20.02.2020-03:18:40,8.00000000e+00,6.45991385e-01,8.99233723e+00,1.95357506e-03,2.87985931e+02,8.04053802e+01,1.90114250e+01,8.70774314e-02,2.25081265e-01
5345803-S04-156I3-A-L-B-190,20.02.2020-03:18:42,8.00000000e+00,6.45586133e-01,8.98999119e+00,1.98166352e-03,3.44157074e+02,8.03235321e+01,1.89752026e+01,6.66224137e-02,1.65244758e-01
5345803-S04-156I3-A-L-B-190,20.02.2020-03:18:44,7.00000000e+00,6.46298707e-01,9.02051258e+00,2.18031788e-03,2.15804260e+02,8.01713028e+01,1.90245171e+01,9.76252481e-02,1.97614208e-01
5345803-S04-156I3-A-L-B-190,20.02.2020-03:18:46,9.00000000e+00,6.43899322e-01,8.98579311e+00,1.71617558e-03,2.27727280e+02,8.02582779e+01,1.89014187e+01,1.53354868e-01,5.11272132e-01
5345803-S04-156I3-A-L-B-190,20.02.2020-03:18:48,1.90000000e+01,6.42276525e-01,8.96216583e+00,1.80847943e-03,3.37440002e+02,8.01873322e+01,1.87875862e+01,1.33945301e-01,6.97690189e-01
5345803-S04-156I3-A-L-B-190,20.02.2020-03:18:51,9.00000000e+00,6.42949522e-01,8.96512985e+00,1.76906213e-03,3.90336548e+02,8.03256683e+01,1.88459473e+01,8.08457732e-02,5.06189644e-01
5345803-S04-156I3-A-L-B-190,20.02.2020-03:18:53,9.00000000e+00,6.43900037e-01,8.98092651e+00,1.82037510e-03,1.28097107e+02,8.02285156e+01,1.88841972e+01,1.97527990e-01,4.46894675e-01
5345803-S04-156I3-A-L-B-190,20.02.2020-03:18:55,9.00000000e+00,6.43256009e-01,8.96566391e+00,1.74741563e-03,1.90549973e+02,8.02376099e+01,1.88353844e+01,1.40457019e-01,4.72495735e-01
5345803-S04-156I3-A-L-B-190,20.02.2020-03:18:57,1.90000000e+01,6.42855883e-01,8.95146370e+00,1.84474560e-03,2.66084747e+02,8.01873703e+01,1.87820873e+01,1.46493331e-01,5.82545936e-01
5345803-S04-156I3-A-L-B-190,20.02.2020-03:18:59,8.00000000e+00,6.46097124e-01,9.00164986e+00,1.99996983e-03,1.79392471e+02,8.03170624e+01,1.90133209e+01,1.46237761e-01,3.33892107e-01
5345803-S04-156I3-A-L-B-190,20.02.2020-03:19:23,8.00000000e+00,6.46482110e-01,9.01802921e+00,2.18024687e-03,4.42434570e+02,8.00017929e+01,1.89844513e+01,6.39901832e-02,1.25793904e-01
5345803-S04-156I3-A-L-B-190,20.02.2020-03:19:25,7.00000000e+00,6.46873891e-01,8.99404144e+00,1.92923681e-03,2.56779175e+02,8.04653091e+01,1.90551949e+01,9.95299593e-02,3.19071531e-01
5345803-S04-156I3-A-L-B-190,20.02.2020-03:19:27,9.00000000e+00,6.44078016e-01,8.98859692e+00,1.93480647e-03,2.50765976e+02,8.00761566e+01,1.88696480e+01,1.07590772e-01,3.98477077e-01
5345803-S04-156I3-A-L-B-190,20.02.2020-03:19:29,7.00000000e+00,6.47823393e-01,9.00420952e+00,2.16601603e-03,1.48552307e+02,8.02594604e+01,1.90558643e+01,1.26838759e-01,3.14016938e-01
5345803-S04-156I3-A-L-B-190,20.02.2020-03:19:31,8.00000000e+00,6.44362092e-01,9.02272511e+00,1.82589435e-03,2.28659088e+02,8.02038040e+01,1.89798546e+01,1.60715953e-01,3.20096642e-01
5345803-S04-156I3-A-L-B-190,20.02.2020-03:19:33,2.00000000e+00,6.38079762e-01,8.88251209e+00,1.93198724e-03,1.81397858e+02,7.95479431e+01,1.83514328e+01,1.69502556e-01,4.08821464e-01
5345803-S04-156I3-A-L-B-190,20.02.2020-03:19:36,8.00000000e+00,6.43997729e-01,9.02172279e+00,2.08799983e-03,1.57387177e+02,8.00919571e+01,1.89405651e+01,2.00504258e-01,3.48912537e-01
5345803-S04-156I3-A-L-B-190,20.02.2020-03:19:38,1.00000000e+00,6.38304651e-01,8.88405609e+00,1.62478338e-03,1.99991241e+02,7.97714691e+01,1.84126835e+01,1.49477273e-01,3.55136365e-01
5345803-S04-156I3-A-L-B-190,20.02.2020-03:19:40,8.00000000e+00,6.44594967e-01,9.02558231e+00,1.82338979e-03,3.34563751e+02,8.02548599e+01,1.90048180e+01,1.60114288e-01,2.74683416e-01
5345803-S04-156I3-A-L-B-190,20.02.2020-03:19:42,2.00000000e+00,6.36562228e-01,8.85099125e+00,1.70077523e-03,4.05622437e+02,7.97429810e+01,1.82875462e+01,1.07882902e-01,3.32726151e-01
5345803-S04-156I3-A-L-B-190,20.02.2020-03:20:47,8.00000000e+00,6.45612895e-01,8.99521732e+00,2.02700938e-03,2.02320282e+02,8.01454697e+01,1.89449329e+01,8.81502628e-02,1.69316277e-01
5345803-S04-156I3-A-L-B-190,20.02.2020-03:20:49,1.90000000e+01,6.42867267e-01,8.97085190e+00,1.90590904e-03,1.67524811e+02,8.00603561e+01,1.87932854e+01,1.20740488e-01,1.64142683e-01
5345803-S04-156I3-A-L-B-190,20.02.2020-03:20:51,9.00000000e+00,6.41652048e-01,8.94990730e+00,1.71907118e-03,9.30668488e+01,8.04698792e+01,1.88096905e+01,2.19240814e-01,2.76868671e-01
5345803-S04-156I3-A-L-B-190,20.02.2020-03:20:53,7.00000000e+00,6.46378934e-01,9.02188873e+00,1.65685290e-03,1.34431808e+02,8.03350449e+01,1.90686474e+01,1.61808401e-01,1.98231339e-01
5345803-S04-156I3-A-L-B-190,20.02.2020-03:20:55,8.00000000e+00,6.44334793e-01,8.97821808e+00,1.64805702e-03,1.60372620e+02,8.03540955e+01,1.89208183e+01,1.32499397e-01,3.16582590e-01
5345803-S04-156I3-A-L-B-190,20.02.2020-03:20:57,9.00000000e+00,6.44028604e-01,8.97986507e+00,1.96909043e-03,3.31352264e+02,8.01651459e+01,1.88708191e+01,6.22014254e-02,1.75755233e-01
5345803-S04-156I3-A-L-B-190,20.02.2020-03:21:00,9.00000000e+00,6.42984986e-01,8.96638298e+00,1.86393107e-03,1.45694595e+02,8.02733002e+01,1.88373337e+01,1.25890970e-01,2.59221971e-01
5345803-S04-156I3-A-L-B-190,20.02.2020-03:21:02,9.00000000e+00,6.43404126e-01,8.97412014e+00,1.84088689e-03,1.22368355e+02,8.02556381e+01,1.88617268e+01,1.70201376e-01,3.54239583e-01
5345803-S04-156I3-A-L-B-190,20.02.2020-03:21:04,8.00000000e+00,6.45122409e-01,9.00056839e+00,1.80071685e-03,2.50519012e+02,8.02727127e+01,1.89718742e+01,7.38818198e-02,1.12320676e-01
5345803-S04-156I3-A-L-B-190,20.02.2020-03:21:07,1.90000000e+01,6.42533779e-01,8.95779133e+00,1.64009980e-03,4.13476532e+02,8.01905289e+01,1.87866859e+01,7.51632079e-02,2.36631736e-01
5345803-S04-156I3-A-L-B-190,20.02.2020-03:17:38,1.40000000e+01,6.43761635e-01,8.95377159e+00,1.90561381e-03,1.45193110e+01,8.00043411e+01,1.87704582e+01,1.59105814e+00,2.17352080e+00
5345803-S04-156I3-A-L-B-190,20.02.2020-03:17:40,1.40000000e+01,6.43720627e-01,9.00813580e+00,2.00651027e-03,1.17331896e+01,7.97744751e+01,1.88289680e+01,1.93938649e+00,2.31349182e+00
5345803-S04-156I3-A-L-B-190,20.02.2020-03:17:42,2.40000000e+01,6.43603384e-01,8.99274921e+00,2.15723319e-03,5.86920881e+00,7.92265396e+01,1.86643009e+01,3.28036737e+00,3.86878109e+00
5345803-S04-156I3-A-L-B-190,20.02.2020-03:17:44,2.40000000e+01,6.46807253e-01,8.97174644e+00,1.90276804e-03,9.03381634e+00,7.97117996e+01,1.88280201e+01,2.68435693e+00,3.07208443e+00
5345803-S04-156I3-A-L-B-190,20.02.2020-03:17:46,2.40000000e+01,6.43787742e-01,8.94831085e+00,1.66606880e-03,4.21812391e+00,7.90414200e+01,1.85339813e+01,5.64348888e+00,6.49655485e+00
5345803-S04-156I3-A-L-B-190,20.02.2020-03:17:48,8.00000000e+00,6.43323541e-01,9.02662086e+00,2.02054670e-03,2.52745499e+02,8.00542450e+01,1.89220963e+01,1.46808967e-01,2.78716385e-01
5345803-S04-156I3-A-L-B-190,20.02.2020-03:17:50,9.00000000e+00,6.43833637e-01,8.97741127e+00,1.81550090e-03,8.27229691e+01,8.01077499e+01,1.88464489e+01,2.73653179e-01,4.83451307e-01
5345803-S04-156I3-A-L-B-190,20.02.2020-03:17:52,9.00000000e+00,6.43923163e-01,9.00072670e+00,2.07127095e-03,3.12058441e+02,8.00715714e+01,1.88894882e+01,1.55570999e-01,3.19164544e-01
5345803-S04-156I3-A-L-B-190,20.02.2020-03:17:54,8.00000000e+00,6.45113409e-01,8.97367573e+00,1.89835671e-03,4.88881775e+02,8.03529663e+01,1.89338341e+01,1.04177170e-01,1.96026295e-01
5345803-S04-156I3-A-L-B-190,20.02.2020-03:17:56,2.00000000e+01,6.41709268e-01,8.87191296e+00,1.58713048e-03,1.93141022e+02,8.04065475e+01,1.86327610e+01,1.83247671e-01,1.03585553e+00
5345803-S04-156I3-A-L-B-190,20.02.2020-03:18:19,2.00000000e+00,6.36018455e-01,8.92392254e+00,2.17488036e-03,4.95721558e+02,7.96197433e+01,1.83940125e+01,1.71660691e-01,5.83748937e-01
5345803-S04-156I3-A-L-B-190,20.02.2020-03:18:22,9.00000000e+00,6.43491864e-01,8.94374752e+00,1.78040809e-03,2.52268463e+02,8.03017578e+01,1.88112583e+01,8.65852982e-02,1.85362056e-01
5345803-S04-156I3-A-L-B-190,20.02.2020-03:18:24,2.00000000e+01,6.41475320e-01,8.88803864e+00,1.58321625e-03,9.28388824e+01,8.05038223e+01,1.86823959e+01,2.97639340e-01,9.94023561e-01
5345803-S04-156I3-A-L-B-190,20.02.2020-03:18:26,9.00000000e+00,6.45802140e-01,8.96596432e+00,1.69256702e-03,2.34988495e+02,8.01409760e+01,1.88877983e+01,1.10686898e-01,1.96331799e-01
5345803-S04-156I3-A-L-B-190,20.02.2020-03:18:28,8.00000000e+00,6.46462679e-01,8.95518017e+00,2.00963323e-03,1.36857254e+02,8.02848511e+01,1.89182777e+01,1.82503298e-01,2.69880444e-01
5345803-S04-156I3-A-L-B-190,20.02.2020-03:18:30,8.00000000e+00,6.45963907e-01,9.00668049e+00,1.87218783e-03,2.55558655e+02,8.03100433e+01,1.90183601e+01,9.37637910e-02,2.47555718e-01
5345803-S04-156I3-A-L-B-190,20.02.2020-03:18:32,7.00000000e+00,6.46309674e-01,9.00390530e+00,1.91857119e-03,2.91562500e+02,8.03553772e+01,1.90334167e+01,1.35301203e-01,2.97678441e-01
5345803-S04-156I3-A-L-B-190,20.02.2020-03:18:34,7.00000000e+00,6.46274805e-01,9.00107670e+00,1.84968405e-03,7.97932678e+02,8.03678131e+01,1.90293522e+01,4.03343998e-02,1.38603881e-01
5345803-S04-156I3-A-L-B-190,20.02.2020-03:18:36,8.00000000e+00,6.45105243e-01,8.97888756e+00,1.78671011e-03,1.84621567e+02,8.03595963e+01,1.89461517e+01,1.19470231e-01,2.04795718e-01
5345803-S04-156I3-A-L-B-190,20.02.2020-03:18:38,8.00000000e+00,6.45503163e-01,8.98348141e+00,1.95541000e-03,7.98957886e+02,8.02981491e+01,1.89530373e+01,3.66294123e-02,1.31613716e-01
5345803-S04-156I3-A-L-B-190,20.02.2020-03:19:01,2.00000000e+01,6.47034526e-01,8.95584869e+00,2.95417267e-03,1.18242744e+02,7.90850067e+01,1.86534252e+01,2.03271315e-01,4.99284446e-01
5345803-S04-156I3-A-L-B-190,20.02.2020-03:19:03,9.00000000e+00,6.42851949e-01,8.98566914e+00,1.84309203e-03,1.29337463e+02,8.02980194e+01,1.88797588e+01,1.69629142e-01,5.30881941e-01
5345803-S04-156I3-A-L-B-190,20.02.2020-03:19:06,7.00000000e+00,6.45349622e-01,9.03367138e+00,1.64875470e-03,1.91633453e+02,8.02678070e+01,1.90471916e+01,1.21979326e-01,2.22495735e-01
5345803-S04-156I3-A-L-B-190,20.02.2020-03:19:08,9.00000000e+00,6.42201245e-01,8.97279835e+00,1.83944602e-03,4.66960724e+02,8.02326279e+01,1.88182945e+01,1.42619148e-01,4.68499929e-01
5345803-S04-156I3-A-L-B-190,20.02.2020-03:19:10,9.00000000e+00,6.42547786e-01,8.98030376e+00,1.98357226e-03,9.48005676e+01,8.00622711e+01,1.88041878e+01,2.59298742e-01,3.19532841e-01
5345803-S04-156I3-A-L-B-190,20.02.2020-03:19:12,9.00000000e+00,6.43236399e-01,8.98967648e+00,2.11438257e-03,1.65674896e+02,8.00354919e+01,1.88376846e+01,1.38864011e-01,3.89208347e-01
5345803-S04-156I3-A-L-B-190,20.02.2020-03:19:14,7.00000000e+00,6.46549046e-01,9.04588032e+00,2.11795769e-03,2.19021591e+02,8.00662613e+01,1.90604019e+01,1.21488638e-01,1.78061992e-01
5345803-S04-156I3-A-L-B-190,20.02.2020-03:19:17,7.00000000e+00,6.46116674e-01,9.04153538e+00,2.08760868e-03,1.84921417e+02,8.02042694e+01,1.90713215e+01,1.12051129e-01,1.58628866e-01
5345803-S04-156I3-A-L-B-190,20.02.2020-03:19:19,9.00000000e+00,6.44040585e-01,8.99350357e+00,2.01069424e-03,2.39610275e+02,7.98385773e+01,1.88228378e+01,1.10604711e-01,3.98559690e-01
5345803-S04-156I3-A-L-B-190,20.02.2020-03:19:21,8.00000000e+00,6.45141661e-01,9.01378441e+00,2.13039666e-03,1.41682587e+02,7.99698334e+01,1.89286060e+01,1.51555210e-01,1.94050446e-01
5345803-S04-156I3-A-L-B-190,20.02.2020-03:19:44,7.00000000e+00,6.44567907e-01,9.02727127e+00,1.66628091e-03,2.64609619e+02,8.03859863e+01,1.90386333e+01,1.71833500e-01,2.84281969e-01
5345803-S04-156I3-A-L-B-190,20.02.2020-03:19:46,8.00000000e+00,6.44739270e-01,8.99458981e+00,1.86767452e-03,2.05090988e+02,8.02089844e+01,1.89329681e+01,1.23799749e-01,2.94434339e-01
5345803-S04-156I3-A-L-B-190,20.02.2020-03:19:48,9.00000000e+00,6.42810047e-01,8.96495914e+00,1.72917650e-03,4.84828400e+02,8.02835770e+01,1.88316269e+01,7.17790425e-02,4.51521456e-01
5345803-S04-156I3-A-L-B-190,20.02.2020-03:19:50,7.00000000e+00,6.45591259e-01,9.01108265e+00,1.68310863e-03,3.25767517e+02,8.04202881e+01,1.90427837e+01,6.77427202e-02,1.46739677e-01
5345803-S04-156I3-A-L-B-190,20.02.2020-03:19:52,8.00000000e+00,6.43598795e-01,9.00790501e+00,1.88338931e-03,2.44551086e+02,8.03099747e+01,1.89512882e+01,1.37861863e-01,4.27885294e-01
5345803-S04-156I3-A-L-B-190,20.02.2020-03:19:54,7.00000000e+00,6.45824492e-01,9.02544308e+00,1.81735016e-03,1.64166336e+02,8.03127060e+01,1.90544949e+01,1.10742606e-01,1.82081744e-01
5345803-S04-156I3-A-L-B-190,20.02.2020-03:19:56,8.00000000e+00,6.45970643e-01,9.02620029e+00,1.72071182e-03,3.28663757e+02,8.01063766e+01,1.90114403e+01,7.81171545e-02,2.38377482e-01
5345803-S04-156I3-A-L-B-190,20.02.2020-03:19:59,1.90000000e+01,6.42395258e-01,8.96642017e+00,2.25041783e-03,2.80122925e+02,8.00137024e+01,1.87592716e+01,1.04773730e-01,5.34566045e-01
5345803-S04-156I3-A-L-B-190,20.02.2020-03:20:01,8.00000000e+00,6.44581556e-01,9.00901794e+00,1.90499472e-03,2.40921692e+02,8.02650681e+01,1.89719543e+01,1.05867051e-01,2.61290520e-01
5345803-S04-156I3-A-L-B-190,20.02.2020-03:20:03,8.00000000e+00,6.45588219e-01,8.99193573e+00,2.00745580e-03,1.56499603e+02,8.01642990e+01,1.89417458e+01,1.35146588e-01,2.41954759e-01
5345803-S04-156I3-A-L-B-190,20.02.2020-03:21:09,1.90000000e+01,6.42598867e-01,8.94727993e+00,1.66968221e-03,9.91743240e+01,8.01631622e+01,1.87601376e+01,2.73884594e-01,6.37681425e-01
5345803-S04-156I3-A-L-B-190,20.02.2020-03:21:12,1.90000000e+01,6.42648757e-01,8.95309162e+00,1.78252032e-03,1.14973381e+02,8.01746979e+01,1.87764816e+01,2.92239785e-01,6.90071762e-01
5345803-S04-156I3-A-L-B-190,20.02.2020-03:21:14,8.00000000e+00,6.45493209e-01,8.99723721e+00,1.77789887e-03,1.35943466e+02,8.02506943e+01,1.89705486e+01,2.13881984e-01,2.86860019e-01
5345803-S04-156I3-A-L-B-190,20.02.2020-03:21:16,8.00000000e+00,6.44029319e-01,9.00201511e+00,1.80554192e-03,1.44321564e+02,8.03242874e+01,1.89549408e+01,1.71944842e-01,2.90023416e-01
5345803-S04-156I3-A-L-B-190,20.02.2020-03:21:18,2.00000000e+00,6.36929512e-01,8.84412098e+00,1.72713841e-03,6.18435097e+01,7.97318192e+01,1.82813358e+01,3.41510534e-01,5.85055828e-01
5345803-S04-156I3-A-L-B-190,20.02.2020-03:21:20,3.00000000e+00,6.34424984e-01,8.79933548e+00,1.71659759e-03,1.22302673e+02,7.97711716e+01,1.81261787e+01,2.19031572e-01,4.36763763e-01
5345803-S04-156I3-A-L-B-190,20.02.2020-03:21:22,2.10000000e+01,6.39632821e-01,8.90370846e+00,1.98713597e-03,1.26081970e+02,8.00553741e+01,1.85576229e+01,2.21478775e-01,2.71067649e-01
5345803-S04-156I3-A-L-B-190,20.02.2020-03:21:24,3.00000000e+00,6.34178817e-01,8.79101276e+00,1.75795273e-03,1.81803101e+02,7.96893311e+01,1.80834389e+01,1.56135306e-01,4.08602268e-01
5345803-S04-156I3-A-L-B-190,20.02.2020-03:21:26,8.00000000e+00,6.44086361e-01,8.98782730e+00,1.87860930e-03,2.95561005e+02,8.03301849e+01,1.89281330e+01,8.99643376e-02,1.39794484e-01
5345803-S04-156I3-A-L-B-190,20.02.2020-03:21:28,8.00000000e+00,6.44780099e-01,8.99738312e+00,1.85655942e-03,1.23417503e+02,8.02031021e+01,1.89386578e+01,1.70543671e-01,2.28800431e-01
5345803-S04-156I3-A-L-B-190,20.02.2020-03:21:53,8.00000000e+00,6.45143151e-01,9.01832867e+00,2.00572563e-03,2.12170212e+02,8.02610931e+01,1.90071697e+01,1.19630709e-01,1.69986859e-01
5345803-S04-156I3-A-L-B-190,20.02.2020-03:21:55,2.00000000e+01,6.42051816e-01,8.93730259e+00,2.10524560e-03,9.40572891e+01,7.99814835e+01,1.86808338e+01,2.74185002e-01,6.82388127e-01
5345803-S04-156I3-A-L-B-190,20.02.2020-03:21:57,1.90000000e+01,6.41683340e-01,8.95128632e+00,2.09833798e-03,1.33260193e+02,8.00543213e+01,1.87163525e+01,2.70061523e-01,5.28640628e-01
5345803-S04-156I3-A-L-B-190,20.02.2020-03:21:59,2.00000000e+00,6.35697126e-01,8.82275295e+00,1.54895650e-03,1.92388260e+02,7.97525787e+01,1.82066174e+01,1.58721462e-01,3.85982960e-01
5345803-S04-156I3-A-L-B-190,20.02.2020-03:22:01,3.00000000e+00,6.35335028e-01,8.80315971e+00,1.73316745e-03,7.24702606e+01,7.96908646e+01,1.81417885e+01,2.93595254e-01,5.42704284e-01
5345803-S04-156I3-A-L-B-190,20.02.2020-03:22:04,1.90000000e+01,6.42103851e-01,8.95383167e+00,2.06762785e-03,2.29331909e+02,8.00846176e+01,1.87410316e+01,1.63126424e-01,3.60700339e-01
5345803-S04-156I3-A-L-B-190,20.02.2020-03:22:06,1.90000000e+01,6.42570257e-01,8.95405960e+00,1.82208361e-03,1.32266708e+02,8.01584244e+01,1.87724094e+01,2.48114452e-01,4.89199728e-01
5345803-S04-156I3-A-L-B-190,20.02.2020-03:22:08,2.00000000e+00,6.37831271e-01,8.86865711e+00,1.62815547e-03,3.00248051e+01,7.94379120e+01,1.82903366e+01,7.49380887e-01,1.01054537e+00
5345803-S04-156I3-A-L-B-190,20.02.2020-03:22:10,2.00000000e+01,6.40995562e-01,8.93648148e+00,1.85672124e-03,9.61998138e+01,7.99908676e+01,1.86505737e+01,2.21536160e-01,5.60236752e-01
5345803-S04-156I3-A-L-B-190,20.02.2020-03:22:12,1.90000000e+01,6.40598893e-01,8.94848824e+00,1.73318223e-03,1.35868607e+02,8.02935562e+01,1.87347012e+01,1.94906041e-01,5.51930845e-01
5345803-S04-156I3-A-L-B-190,20.02.2020-03:22:35,1.90000000e+01,6.40862107e-01,8.95119762e+00,1.83242455e-03,1.84132416e+02,8.04141922e+01,1.87762413e+01,2.05598563e-01,9.26966548e-01
5345803-S04-156I3-A-L-B-190,20.02.2020-03:22:37,1.00000000e+00,6.34175479e-01,8.92487240e+00,1.78739417e-03,3.21654266e+02,7.99433899e+01,1.84172268e+01,3.10351014e-01,1.05119908e+00
5345803-S04-156I3-A-L-B-190,20.02.2020-03:22:39,1.90000000e+01,6.41100228e-01,8.94913864e+00,1.69269938e-03,1.76897903e+02,8.01916122e+01,1.87269192e+01,2.24530101e-01,1.09313071e+00
5345803-S04-156I3-A-L-B-190,20.02.2020-03:22:41,2.00000000e+00,6.36739016e-01,8.80989456e+00,1.62358570e-03,2.69677765e+02,7.99950180e+01,1.82652378e+01,1.02418639e-01,2.74833262e-01
5345803-S04-156I3-A-L-B-190,20.02.2020-03:22:43,9.00000000e+00,6.43978059e-01,8.96123791e+00,2.03196518e-03,2.87690063e+02,8.01958237e+01,1.88374023e+01,8.01754147e-02,1.05904676e-01
5345803-S04-156I3-A-L-B-190,20.02.2020-03:22:45,9.00000000e+00,6.41764164e-01,8.95798874e+00,1.91376999e-03,2.88622437e+02,8.03496094e+01,1.88018227e+01,7.45181143e-02,1.71320319e-01
5345803-S04-156I3-A-L-B-190,20.02.2020-03:22:48,1.90000000e+01,6.42086148e-01,8.93433475e+00,1.79620704e-03,1.70329865e+02,8.02965240e+01,1.87491875e+01,1.73274845e-01,6.43267274e-01
5345803-S04-156I3-A-L-B-190,20.02.2020-03:22:50,8.00000000e+00,6.44392848e-01,9.00254917e+00,2.01722886e-03,1.84764908e+02,8.03013382e+01,1.89613457e+01,1.10094897e-01,1.73674449e-01
5345803-S04-156I3-A-L-B-190,20.02.2020-03:22:52,3.00000000e+00,6.36532903e-01,8.80280018e+00,1.97305554e-03,3.68394318e+02,7.93380356e+01,1.80947819e+01,5.79403341e-02,1.33398563e-01
5345803-S04-156I3-A-L-B-190,20.02.2020-03:22:54,3.00000000e+00,6.34706736e-01,8.78494930e+00,1.60987745e-03,2.63286224e+02,7.98878708e+01,1.81310673e+01,1.01711191e-01,3.73915464e-01
5345803-S04-156I3-A-L-B-190,20.02.2020-03:33:20,2.00000000e+01,6.44616902e-01,8.92052269e+00,2.38515693e-03,2.44511826e+02,7.94954605e+01,1.86064930e+01,1.38113096e-01,1.76814735e-01
5345803-S04-156I3-A-L-B-190,20.02.2020-03:33:22,2.10000000e+01,6.41406059e-01,8.90688324e+00,2.03052326e-03,3.71291809e+02,7.98514481e+01,1.85682850e+01,1.77225426e-01,4.29540485e-01
5345803-S04-156I3-A-L-B-190,20.02.2020-03:33:24,2.00000000e+01,6.41805708e-01,8.92357922e+00,2.11077649e-03,2.26386597e+02,7.98710251e+01,1.86192474e+01,1.83928385e-01,4.13037688e-01
5345803-S04-156I3-A-L-B-190,20.02.2020-03:33:26,2.10000000e+01,6.42263293e-01,8.91996384e+00,2.16452195e-03,3.52741638e+02,7.97623749e+01,1.85996361e+01,1.51450574e-01,3.20879817e-01
5345803-S04-156I3-A-L-B-190,20.02.2020-03:33:28,9.00000000e+00,6.44441426e-01,8.95261574e+00,2.01876322e-03,3.26218750e+02,8.00674057e+01,1.88026638e+01,1.34571806e-01,1.73572645e-01
5345803-S04-156I3-A-L-B-190,20.02.2020-03:33:30,9.00000000e+00,6.44525230e-01,8.96784592e+00,2.25767191e-03,5.22217468e+02,8.00321503e+01,1.88288059e+01,8.30742791e-02,1.10338561e-01
5345803-S04-156I3-A-L-B-190,20.02.2020-03:33:33,2.00000000e+01,6.41180634e-01,8.93108559e+00,2.33772676e-03,2.58522827e+02,7.98551407e+01,1.86130600e+01,1.76465869e-01,3.67843449e-01
5345803-S04-156I3-A-L-B-190,20.02.2020-03:33:35,1.90000000e+01,6.42777920e-01,9.00527954e+00,2.03493331e-03,2.25774109e+02,7.96525345e+01,1.87667027e+01,1.12833053e-01,1.31329909e-01
5345803-S04-156I3-A-L-B-190,20.02.2020-03:33:37,2.10000000e+01,6.42581820e-01,8.92317963e+00,2.28273938e-03,2.76423309e+02,7.93919067e+01,1.85291080e+01,1.98993966e-01,2.99523979e-01
5345803-S04-156I3-A-L-B-190,20.02.2020-03:33:39,2.00000000e+01,6.42628849e-01,8.99286175e+00,2.51520565e-03,3.83008057e+02,7.92122498e+01,1.86329079e+01,8.97881016e-02,1.05942957e-01
5345803-S04-156I3-A-L-B-190,20.02.2020-03:20:05,2.00000000e+00,6.35926962e-01,8.84342957e+00,1.87120878e-03,1.91241028e+02,7.96556778e+01,1.82337036e+01,1.70815259e-01,4.18862343e-01
5345803-S04-156I3-A-L-B-190,20.02.2020-03:20:07,9.00000000e+00,6.42679155e-01,8.98406982e+00,1.90983119e-03,5.94503540e+02,8.03260880e+01,1.88779202e+01,1.38056636e-01,3.82628113e-01
5345803-S04-156I3-A-L-B-190,20.02.2020-03:20:09,2.00000000e+00,6.36249304e-01,8.85765266e+00,1.63359346e-03,2.07109070e+02,7.98837738e+01,1.83246098e+01,1.59464806e-01,4.24536020e-01
5345803-S04-156I3-A-L-B-190,20.02.2020-03:20:11,8.00000000e+00,6.43981397e-01,9.00777912e+00,1.94428465e-03,9.78363037e+01,8.02394104e+01,1.89456272e+01,2.14899838e-01,3.80241990e-01
5345803-S04-156I3-A-L-B-190,20.02.2020-03:20:13,2.00000000e+00,6.36305273e-01,8.84508133e+00,1.67900347e-03,5.40003845e+02,7.98305359e+01,1.82880154e+01,9.97988880e-02,3.62911373e-01
5345803-S04-156I3-A-L-B-190,20.02.2020-03:20:15,8.00000000e+00,6.43914282e-01,9.01965809e+00,1.96602358e-03,2.03345123e+02,8.03244553e+01,1.89887390e+01,1.57981947e-01,2.83588171e-01
5345803-S04-156I3-A-L-B-190,20.02.2020-03:20:18,8.00000000e+00,6.43771172e-01,9.02342129e+00,1.91545649e-03,2.46131439e+02,8.03683243e+01,1.90028114e+01,1.32910728e-01,2.40470350e-01
5345803-S04-156I3-A-L-B-190,20.02.2020-03:20:20,1.00000000e+00,6.38978243e-01,8.89857483e+00,1.66204921e-03,1.26279121e+02,7.97951202e+01,1.84677124e+01,2.27378651e-01,4.31179732e-01
5345803-S04-156I3-A-L-B-190,20.02.2020-03:20:22,8.00000000e+00,6.45155251e-01,9.00478363e+00,1.97262201e-03,3.26614014e+02,8.02746124e+01,1.89821758e+01,8.57798234e-02,1.92532539e-01
5345803-S04-156I3-A-L-B-190,20.02.2020-03:20:24,9.00000000e+00,6.44194841e-01,8.94319630e+00,1.91754044e-03,1.73109055e+02,8.04459991e+01,1.88644714e+01,1.18158698e-01,5.41379631e-01
5345803-S04-156I3-A-L-B-190,20.02.2020-03:21:30,2.00000000e+01,6.41202331e-01,8.92271423e+00,1.89939979e-03,1.34725952e+02,8.02378159e+01,1.86853561e+01,2.39110038e-01,6.55348122e-01
5345803-S04-156I3-A-L-B-190,20.02.2020-03:21:32,2.00000000e+01,6.41161978e-01,8.94158459e+00,1.98057969e-03,1.36623474e+02,8.00570526e+01,1.86815147e+01,1.26243755e-01,1.72066152e-01
5345803-S04-156I3-A-L-B-190,20.02.2020-03:21:35,8.00000000e+00,6.44819677e-01,9.00286293e+00,1.88702391e-03,2.16916855e+02,8.02377167e+01,1.89595337e+01,1.59989759e-01,3.52052093e-01
5345803-S04-156I3-A-L-B-190,20.02.2020-03:21:38,9.00000000e+00,6.43837631e-01,8.98048973e+00,1.75359938e-03,2.25738129e+02,8.02500229e+01,1.88865108e+01,1.40001908e-01,4.19653058e-01
5345803-S04-156I3-A-L-B-190,20.02.2020-03:21:41,2.00000000e+00,6.36924267e-01,8.84523773e+00,1.65097124e-03,1.36102570e+02,7.95199661e+01,1.82349129e+01,1.27775803e-01,3.54862899e-01
5345803-S04-156I3-A-L-B-190,20.02.2020-03:21:43,8.00000000e+00,6.45682871e-01,8.99456310e+00,2.00053095e-03,2.75561249e+02,8.02597733e+01,1.89726276e+01,7.44605437e-02,1.50601700e-01
5345803-S04-156I3-A-L-B-190,20.02.2020-03:21:45,8.00000000e+00,6.45453215e-01,9.02597523e+00,2.01997394e-03,1.36416611e+02,8.01213684e+01,1.89992962e+01,2.19677940e-01,3.30696613e-01
5345803-S04-156I3-A-L-B-190,20.02.2020-03:21:47,8.00000000e+00,6.45014226e-01,9.01936340e+00,2.03573005e-03,1.60240799e+02,8.01687164e+01,1.89836750e+01,1.56142652e-01,2.47221768e-01
5345803-S04-156I3-A-L-B-190,20.02.2020-03:21:49,1.90000000e+01,6.41526222e-01,8.95336628e+00,1.81378215e-03,2.11835648e+02,8.01903229e+01,1.87479134e+01,1.30649611e-01,1.65806368e-01
5345803-S04-156I3-A-L-B-190,20.02.2020-03:21:51,1.90000000e+01,6.42574668e-01,8.95351601e+00,1.67366653e-03,1.98284546e+02,8.02028046e+01,1.87817898e+01,1.99495316e-01,6.39781296e-01
5345803-S04-156I3-A-L-B-190,20.02.2020-03:22:14,2.10000000e+01,6.39117539e-01,8.90553093e+00,1.62168837e-03,1.46411652e+02,8.00891342e+01,1.85542889e+01,2.13971883e-01,4.04925764e-01
5345803-S04-156I3-A-L-B-190,20.02.2020-03:22:16,2.00000000e+00,6.34228528e-01,8.92605686e+00,1.82529422e-03,4.05332184e+02,7.98147278e+01,1.83915653e+01,4.88115013e-01,1.89425397e+00
5345803-S04-156I3-A-L-B-190,20.02.2020-03:22:18,2.00000000e+01,6.41545892e-01,8.95279598e+00,2.42439937e-03,2.14641510e+02,7.97026443e+01,1.86332817e+01,2.05068201e-01,9.29623008e-01
5345803-S04-156I3-A-L-B-190,20.02.2020-03:22:20,7.00000000e+00,6.45665646e-01,9.01496983e+00,1.72567833e-03,3.47055786e+02,8.03625793e+01,1.90395222e+01,4.91727740e-02,8.95143896e-02
5345803-S04-156I3-A-L-B-190,20.02.2020-03:22:22,7.00000000e+00,6.45752847e-01,9.02454853e+00,2.02017720e-03,2.12672821e+02,8.01899948e+01,1.90213871e+01,1.12870969e-01,1.60678297e-01
5345803-S04-156I3-A-L-B-190,20.02.2020-03:22:25,8.00000000e+00,6.45783484e-01,9.02357197e+00,1.94491411e-03,4.09507843e+02,8.01651154e+01,1.90143318e+01,5.22414148e-02,1.01685166e-01
5345803-S04-156I3-A-L-B-190,20.02.2020-03:22:27,1.90000000e+01,6.42492533e-01,8.95984840e+00,2.05475744e-03,1.95361801e+02,8.01449280e+01,1.87791119e+01,1.72464699e-01,5.04873157e-01
5345803-S04-156I3-A-L-B-190,20.02.2020-03:22:29,9.00000000e+00,6.43306553e-01,8.97815800e+00,1.69285492e-03,3.74164124e+02,8.03747787e+01,1.88953609e+01,9.81888697e-02,2.57590383e-01
5345803-S04-156I3-A-L-B-190,20.02.2020-03:22:31,1.90000000e+01,6.40784144e-01,8.94050312e+00,1.84798380e-03,9.00024872e+01,8.03850708e+01,1.87447357e+01,3.35380733e-01,1.20831347e+00
5345803-S04-156I3-A-L-B-190,20.02.2020-03:22:33,9.00000000e+00,6.42619729e-01,8.96971321e+00,1.98085629e-03,4.41474060e+02,8.02817154e+01,1.88355999e+01,1.13853216e-01,5.18569827e-01
5345803-S04-156I3-A-L-B-190,20.02.2020-03:22:56,7.00000000e+00,6.46440625e-01,9.03243828e+00,1.70952838e-03,2.47015305e+02,8.03867493e+01,1.91050549e+01,8.85759220e-02,1.22797959e-01
5345803-S04-156I3-A-L-B-190,20.02.2020-03:22:58,8.00000000e+00,6.46882236e-01,8.98007870e+00,1.81580067e-03,3.82946472e+01,8.00911942e+01,1.89374008e+01,4.98310179e-01,7.74511933e-01
5345803-S04-156I3-A-L-B-190,20.02.2020-03:23:00,2.10000000e+01,6.38387918e-01,8.89437008e+00,1.68620725e-03,7.83993042e+02,8.01065750e+01,1.85139122e+01,8.85850638e-02,2.71103501e-01
5345803-S04-156I3-A-L-B-190,20.02.2020-03:23:02,2.10000000e+01,6.38647616e-01,8.89281082e+00,1.85688364e-03,3.06357300e+02,8.00747986e+01,1.85108490e+01,1.04862474e-01,2.95200408e-01
5345803-S04-156I3-A-L-B-190,20.02.2020-03:23:04,3.00000000e+00,6.36961937e-01,8.83012295e+00,1.70994352e-03,2.34632835e+01,7.94523315e+01,1.81893444e+01,8.02462161e-01,9.67754126e-01
5345803-S04-156I3-A-L-B-190,20.02.2020-03:23:07,2.10000000e+01,6.39258921e-01,8.90977192e+00,1.48586778e-03,2.88433685e+02,8.00869522e+01,1.85667267e+01,9.88985300e-02,2.86876231e-01
5345803-S04-156I3-A-L-B-190,20.02.2020-03:33:12,2.00000000e+01,6.45508826e-01,8.92392826e+00,2.05580262e-03,3.78905396e+02,7.95870438e+01,1.86608257e+01,7.81885758e-02,1.10700719e-01
5345803-S04-156I3-A-L-B-190,20.02.2020-03:33:14,2.00000000e+01,6.45431995e-01,8.91814232e+00,2.05890392e-03,4.44028442e+02,7.96419983e+01,1.86593819e+01,5.96074834e-02,9.59738195e-02
5345803-S04-156I3-A-L-B-190,20.02.2020-03:33:16,1.90000000e+01,6.44947171e-01,8.93257427e+00,2.32347753e-03,3.39066254e+02,7.98655319e+01,1.87279549e+01,1.42143399e-01,2.34951541e-01
5345803-S04-156I3-A-L-B-190,20.02.2020-03:33:18,1.90000000e+01,6.43555105e-01,8.92189312e+00,1.72998640e-03,1.48992279e+02,8.03646698e+01,1.87818394e+01,2.09346533e-01,3.45282644e-01
5345803-S04-156I3-A-L-B-190,20.02.2020-03:33:41,1.90000000e+01,6.43232107e-01,9.00337029e+00,2.45856121e-03,3.34145538e+02,7.93407440e+01,1.87024822e+01,1.19308032e-01,1.37512863e-01
5345803-S04-156I3-A-L-B-190,20.02.2020-03:33:43,2.00000000e+00,6.36586785e-01,8.83502293e+00,2.00687326e-03,3.99329437e+02,7.97910080e+01,1.82662525e+01,8.21970999e-02,2.10422128e-01
5345803-S04-156I3-A-L-B-190,20.02.2020-03:33:45,1.90000000e+01,6.45124435e-01,8.97048759e+00,2.41319160e-03,2.47877899e+02,7.96268997e+01,1.87564030e+01,1.80488929e-01,2.26777807e-01
5345803-S04-156I3-A-L-B-190,20.02.2020-03:33:47,1.90000000e+01,6.44088507e-01,8.92560959e+00,2.47361464e-03,1.77534912e+02,7.99339600e+01,1.87044506e+01,2.04983592e-01,2.97029644e-01
5345803-S04-156I3-A-L-B-190,20.02.2020-03:33:49,1.90000000e+01,6.43035948e-01,8.92910194e+00,2.36539077e-03,2.52770844e+02,8.01383209e+01,1.87289524e+01,1.70990363e-01,2.61342973e-01
5345803-S04-156I3-A-L-B-190,20.02.2020-03:33:51,2.00000000e+01,6.42670751e-01,8.92025661e+00,1.63587125e-03,3.12711945e+02,8.01089325e+01,1.86929150e+01,1.54949680e-01,3.61356527e-01
5345803-S04-156I3-A-L-B-190,20.02.2020-03:33:53,9.00000000e+00,6.45697236e-01,8.95513248e+00,1.57094037e-03,1.61282181e+02,8.02980118e+01,1.88988743e+01,2.31496155e-01,2.86529064e-01
5345803-S04-156I3-A-L-B-190,20.02.2020-03:33:56,9.00000000e+00,6.44869924e-01,8.93282604e+00,1.93143694e-03,1.42454269e+02,8.02333298e+01,1.88124790e+01,1.90996125e-01,3.14954430e-01
5345803-S04-156I3-A-L-B-190,20.02.2020-03:33:58,9.00000000e+00,6.44322157e-01,8.97139072e+00,2.27572420e-03,1.42908447e+02,8.01572495e+01,1.88597469e+01,2.00474754e-01,2.55738646e-01
5345803-S04-156I3-A-L-B-190,20.02.2020-03:34:00,1.90000000e+01,6.44040704e-01,8.92779350e+00,1.85444136e-03,1.48666733e+02,8.02842560e+01,1.87896214e+01,1.78429931e-01,2.09984004e-01
5345803-S04-156I3-A-L-B-190,20.02.2020-03:34:23,8.00000000e+00,6.46080136e-01,8.97390461e+00,2.36796099e-03,1.49176956e+02,8.01471329e+01,1.89141140e+01,1.70349836e-01,2.18592361e-01
5345803-S04-156I3-A-L-B-190,20.02.2020-03:34:25,9.00000000e+00,6.44492090e-01,8.94417953e+00,1.68869668e-03,3.98787170e+02,8.03020935e+01,1.88414860e+01,1.33267477e-01,2.61380374e-01
5345803-S04-156I3-A-L-B-190,20.02.2020-03:34:27,1.90000000e+01,6.43368483e-01,8.94209957e+00,2.06926744e-03,3.57041748e+02,7.99598007e+01,1.87241096e+01,1.67652026e-01,2.89127111e-01
5345803-S04-156I3-A-L-B-190,20.02.2020-03:34:29,2.00000000e+01,6.42269850e-01,8.96984386e+00,2.19913456e-03,1.20577255e+02,7.95013199e+01,1.86426201e+01,2.06023052e-01,2.55763769e-01
5345803-S04-156I3-A-L-B-190,20.02.2020-03:34:31,8.00000000e+00,6.47464037e-01,9.00712013e+00,1.99026102e-03,3.42199219e+02,7.99258499e+01,1.89722595e+01,9.54518318e-02,1.11936986e-01
5345803-S04-156I3-A-L-B-190,20.02.2020-03:34:33,9.00000000e+00,6.45137429e-01,8.93424606e+00,2.14491412e-03,1.70585510e+02,8.01632919e+01,1.88068428e+01,1.86636329e-01,2.73222804e-01
5345803-S04-156I3-A-L-B-190,20.02.2020-03:34:36,9.00000000e+00,6.47871614e-01,8.93632221e+00,2.05963501e-03,2.45653870e+02,8.01061020e+01,1.88774586e+01,1.38346285e-01,2.23330438e-01
5345803-S04-156I3-A-L-B-190,20.02.2020-03:34:38,9.00000000e+00,6.44796014e-01,8.92960072e+00,1.84220623e-03,1.59828033e+02,8.03161774e+01,1.88229465e+01,1.74363703e-01,3.30965132e-01
5345803-S04-156I3-A-L-B-190,20.02.2020-03:34:40,1.90000000e+01,6.44702435e-01,8.92338562e+00,2.00388790e-03,8.90650940e+01,7.99489059e+01,1.87211170e+01,2.68384814e-01,4.05775666e-01
5345803-S04-156I3-A-L-B-190,20.02.2020-03:34:42,1.90000000e+01,6.44037187e-01,8.95763493e+00,2.37222365e-03,2.58454834e+02,7.98918457e+01,1.87601776e+01,1.24955833e-01,1.73449636e-01
5345803-S04-156I3-A-L-B-190,20.02.2020-03:35:05,2.00000000e+01,6.45396352e-01,8.89414978e+00,1.65708188e-03,5.08737373e+01,7.97052841e+01,1.86229401e+01,6.19726419e-01,7.52857387e-01
5345803-S04-156I3-A-L-B-190,20.02.2020-03:35:07,1.00000000e+00,6.40687168e-01,8.84100819e+00,2.14695092e-03,1.61232178e+02,7.99993591e+01,1.84443989e+01,2.10624397e-01,3.10998887e-01
5345803-S04-156I3-A-L-B-190,20.02.2020-03:35:09,1.00000000e+00,6.41759396e-01,8.85463047e+00,2.31541484e-03,1.14495110e+02,7.97445526e+01,1.84447975e+01,2.68581301e-01,3.68871808e-01
5345803-S04-156I3-A-L-B-190,20.02.2020-03:35:11,2.00000000e+01,6.40331745e-01,8.98743916e+00,2.10922002e-03,2.15911224e+02,7.95181503e+01,1.86267662e+01,1.23655558e-01,1.57351196e-01
5345803-S04-156I3-A-L-B-190,20.02.2020-03:35:13,1.90000000e+01,6.45794928e-01,8.95400810e+00,1.94692961e-03,3.84155212e+02,7.98254852e+01,1.87881451e+01,1.28881589e-01,1.84908837e-01
5345803-S04-156I3-A-L-B-190,20.02.2020-03:35:15,2.00000000e+01,6.45394504e-01,8.88451672e+00,2.45876377e-03,1.99321655e+02,7.99361954e+01,1.86566105e+01,2.47776419e-01,8.15044880e-01
5345803-S04-156I3-A-L-B-190,20.02.2020-03:35:17,9.00000000e+00,6.46665156e-01,8.93421650e+00,1.75617600e-03,2.60367157e+02,8.00127029e+01,1.88159027e+01,1.62715465e-01,2.31481910e-01
5345803-S04-156I3-A-L-B-190,20.02.2020-03:35:19,2.10000000e+01,6.40584052e-01,8.94905090e+00,2.51409155e-03,2.66771973e+02,7.93606491e+01,1.85177612e+01,1.06757417e-01,1.41453996e-01
5345803-S04-156I3-A-L-B-190,20.02.2020-03:35:21,2.00000000e+00,6.37033224e-01,8.86315632e+00,1.83775567e-03,3.55609039e+02,8.00528259e+01,1.83974380e+01,1.39122665e-01,3.31377357e-01
5345803-S04-156I3-A-L-B-190,20.02.2020-03:35:23,8.00000000e+00,6.47092044e-01,8.98601437e+00,1.80404773e-03,2.01247528e+02,8.02488098e+01,1.89933662e+01,1.34594098e-01,1.76545858e-01
5345803-S04-156I3-A-L-B-190,20.02.2020-03:35:46,1.90000000e+01,6.47128344e-01,8.91263199e+00,2.15513702e-03,3.19804016e+02,7.99336853e+01,1.87653389e+01,1.15762293e-01,2.20911011e-01
5345803-S04-156I3-A-L-B-190,20.02.2020-03:35:49,8.00000000e+00,6.45891845e-01,9.00090122e+00,2.60562403e-03,1.76532898e+02,7.99268570e+01,1.89133606e+01,9.41887125e-02,1.25917971e-01
5345803-S04-156I3-A-L-B-190,20.02.2020-03:35:51,1.90000000e+01,6.44091189e-01,8.94340038e+00,1.94422714e-03,3.69755859e+02,8.01470795e+01,1.87917805e+01,8.44024196e-02,1.65216774e-01
5345803-S04-156I3-A-L-B-190,20.02.2020-03:35:53,2.00000000e+01,6.41694367e-01,8.90547562e+00,2.21622200e-03,6.34783813e+02,8.03321686e+01,1.86855125e+01,9.76717994e-02,3.83848608e-01
5345803-S04-156I3-A-L-B-190,20.02.2020-03:35:55,2.00000000e+01,6.46296322e-01,8.88309479e+00,2.44680536e-03,3.55643768e+02,7.96800385e+01,1.86198292e+01,8.49696770e-02,1.87399939e-01
5345803-S04-156I3-A-L-B-190,20.02.2020-03:35:57,1.90000000e+01,6.47154510e-01,8.90848637e+00,2.10350379e-03,5.75126343e+02,7.98621674e+01,1.87405891e+01,7.63155520e-02,1.61419883e-01
5345803-S04-156I3-A-L-B-190,20.02.2020-03:35:59,2.00000000e+01,6.46560788e-01,8.90037251e+00,2.68510124e-03,4.32980103e+02,7.96327972e+01,1.86526165e+01,1.08619072e-01,2.04789549e-01
5345803-S04-156I3-A-L-B-190,20.02.2020-03:36:01,2.00000000e+01,6.45251811e-01,8.89041710e+00,2.20578723e-03,1.51184235e+02,7.97835922e+01,1.86292419e+01,2.02666447e-01,3.19013387e-01
5345803-S04-156I3-A-L-B-190,20.02.2020-03:36:03,1.00000000e+00,6.41574502e-01,8.82869339e+00,2.68155872e-03,3.27407501e+02,7.98436432e+01,1.84083176e+01,2.24912286e-01,2.30676651e+00
5345803-S04-156I3-A-L-B-190,20.02.2020-03:36:05,2.00000000e+01,6.45711243e-01,8.90172863e+00,2.60988600e-03,2.90228973e+02,7.95615997e+01,1.86142864e+01,1.43615901e-01,2.56552786e-01
5345803-S04-156I3-A-L-B-190,20.02.2020-03:20:26,2.00000000e+00,6.36978209e-01,8.83984470e+00,1.68855535e-03,1.55618103e+02,7.95488586e+01,1.82319603e+01,1.45817816e-01,3.52058172e-01
5345803-S04-156I3-A-L-B-190,20.02.2020-03:20:28,7.00000000e+00,6.46696329e-01,9.02542877e+00,2.02407804e-03,1.25428101e+02,8.01318588e+01,1.90372257e+01,1.99073359e-01,3.46649885e-01
5345803-S04-156I3-A-L-B-190,20.02.2020-03:20:30,8.00000000e+00,6.43112183e-01,9.00014591e+00,1.94536336e-03,1.87618454e+02,8.03396912e+01,1.89276466e+01,1.33596957e-01,2.83423990e-01
5345803-S04-156I3-A-L-B-190,20.02.2020-03:20:32,7.00000000e+00,6.46409035e-01,8.99299812e+00,1.80097681e-03,1.86217316e+02,8.05120621e+01,1.90503540e+01,9.84058306e-02,3.46249253e-01
5345803-S04-156I3-A-L-B-190,20.02.2020-03:20:34,9.00000000e+00,6.42230451e-01,9.00821018e+00,2.00852728e-03,1.41212006e+02,8.02051620e+01,1.88869553e+01,2.11793348e-01,4.51711535e-01
5345803-S04-156I3-A-L-B-190,20.02.2020-03:20:37,8.00000000e+00,6.44545615e-01,9.01766014e+00,1.80475449e-03,1.17800705e+02,8.02106934e+01,1.89762325e+01,1.62937567e-01,2.11166590e-01
5345803-S04-156I3-A-L-B-190,20.02.2020-03:20:39,1.90000000e+01,6.42719507e-01,8.93690777e+00,1.73942617e-03,1.62126068e+02,8.01461639e+01,1.87379341e+01,1.24901675e-01,1.65900573e-01
5345803-S04-156I3-A-L-B-190,20.02.2020-03:20:41,1.90000000e+01,6.42243087e-01,8.94785690e+00,1.95813226e-03,1.60854294e+02,8.01368332e+01,1.87448006e+01,1.44514754e-01,1.82819679e-01
5345803-S04-156I3-A-L-B-190,20.02.2020-03:20:43,1.90000000e+01,6.42854631e-01,8.95362282e+00,1.98565819e-03,1.58563141e+02,8.01246262e+01,1.87718830e+01,1.80584922e-01,2.21170411e-01
5345803-S04-156I3-A-L-B-190,20.02.2020-03:20:45,2.00000000e+00,6.36966467e-01,8.85120106e+00,1.80855894e-03,1.28346039e+02,7.95278854e+01,1.82502327e+01,1.65399686e-01,3.55157644e-01
5345803-S04-156I3-A-L-B-190,20.02.2020-03:34:02,1.90000000e+01,6.44594312e-01,8.91867924e+00,1.76927296e-03,1.24945976e+02,8.01248474e+01,1.87492714e+01,2.37936705e-01,2.95127869e-01
5345803-S04-156I3-A-L-B-190,20.02.2020-03:34:04,1.00000000e+00,6.43866897e-01,8.88127995e+00,2.50892178e-03,2.32232162e+02,7.91402740e+01,1.84204140e+01,1.25558540e-01,1.52396366e-01
5345803-S04-156I3-A-L-B-190,20.02.2020-03:34:06,9.00000000e+00,6.46311283e-01,8.93233681e+00,1.89990504e-03,2.43149765e+02,8.00650482e+01,1.88139496e+01,1.65744305e-01,2.51931220e-01
5345803-S04-156I3-A-L-B-190,20.02.2020-03:34:08,2.00000000e+00,6.34571195e-01,8.84339809e+00,1.85264356e-03,1.33469330e+02,8.02657471e+01,1.83341160e+01,3.00597638e-01,5.17126620e-01
5345803-S04-156I3-A-L-B-190,20.02.2020-03:34:10,9.00000000e+00,6.45425737e-01,8.95684719e+00,2.36860244e-03,1.57174393e+02,8.00443802e+01,1.88348656e+01,2.26158515e-01,3.01385939e-01
5345803-S04-156I3-A-L-B-190,20.02.2020-03:34:12,9.00000000e+00,6.46890223e-01,8.95777988e+00,1.80286274e-03,1.31962906e+02,8.01268768e+01,1.88990250e+01,2.23164946e-01,2.82994241e-01
5345803-S04-156I3-A-L-B-190,20.02.2020-03:34:14,9.00000000e+00,6.45306349e-01,8.96166801e+00,2.36468110e-03,2.09306549e+02,8.00927811e+01,1.88529091e+01,1.48241132e-01,1.98541611e-01
5345803-S04-156I3-A-L-B-190,20.02.2020-03:34:16,9.00000000e+00,6.46559000e-01,8.96797466e+00,1.70733989e-03,1.28708466e+02,8.00235825e+01,1.88864689e+01,2.30845839e-01,2.83520758e-01
5345803-S04-156I3-A-L-B-190,20.02.2020-03:34:19,1.90000000e+01,6.40833437e-01,8.99989986e+00,1.68478163e-03,9.24041290e+01,7.98213577e+01,1.87383842e+01,2.54679590e-01,3.00392538e-01
5345803-S04-156I3-A-L-B-190,20.02.2020-03:34:21,1.90000000e+01,6.42956913e-01,8.94090843e+00,1.82027230e-03,1.28933853e+02,7.99509811e+01,1.87075748e+01,2.60487020e-01,3.88867646e-01
5345803-S04-156I3-A-L-B-190,20.02.2020-03:34:44,2.00000000e+01,6.43940389e-01,8.85618210e+00,1.43837335e-03,4.41692162e+01,8.03212357e+01,1.86445866e+01,1.01380956e+00,2.15905738e+00
5345803-S04-156I3-A-L-B-190,20.02.2020-03:34:46,1.90000000e+01,6.45999610e-01,8.93741322e+00,2.34414800e-03,1.09824669e+02,7.97387772e+01,1.87388897e+01,3.10547739e-01,3.94768178e-01
5345803-S04-156I3-A-L-B-190,20.02.2020-03:34:48,1.90000000e+01,6.44088626e-01,8.97008705e+00,2.12806463e-03,1.92237381e+02,7.96809006e+01,1.87381496e+01,1.50782883e-01,1.96927652e-01
5345803-S04-156I3-A-L-B-190,20.02.2020-03:34:50,2.10000000e+01,6.44593596e-01,8.85171318e+00,2.19741091e-03,1.31068375e+02,8.00694580e+01,1.85956097e+01,3.25311750e-01,1.14415741e+00
5345803-S04-156I3-A-L-B-190,20.02.2020-03:34:52,2.00000000e+01,6.43839121e-01,8.87209415e+00,2.12622830e-03,7.25174789e+01,8.01458817e+01,1.86343765e+01,6.23609662e-01,1.49109995e+00
5345803-S04-156I3-A-L-B-190,20.02.2020-03:34:54,9.00000000e+00,6.47210717e-01,8.93144894e+00,1.86069659e-03,4.40284538e+01,8.00603180e+01,1.88371487e+01,7.72277772e-01,9.59145188e-01
5345803-S04-156I3-A-L-B-190,20.02.2020-03:34:56,2.00000000e+01,6.41982317e-01,8.96525669e+00,2.08018278e-03,1.76052704e+02,7.94518356e+01,1.86131516e+01,1.42807692e-01,1.79596052e-01
5345803-S04-156I3-A-L-B-190,20.02.2020-03:34:58,2.40000000e+01,6.44831061e-01,8.91408539e+00,1.72698300e-03,8.85703087e+00,7.95133133e+01,1.86034203e+01,3.95386696e+00,4.62352896e+00
5345803-S04-156I3-A-L-B-190,20.02.2020-03:35:01,9.00000000e+00,6.45795822e-01,8.95235729e+00,1.51702052e-03,2.81925934e+02,7.99352646e+01,1.88105392e+01,1.43873096e-01,1.96047738e-01
5345803-S04-156I3-A-L-B-190,20.02.2020-03:35:03,2.00000000e+01,6.45418525e-01,8.87877178e+00,1.85410818e-03,1.64688919e+02,8.01600952e+01,1.86974659e+01,2.04721019e-01,9.73971784e-01
5345803-S04-156I3-A-L-B-190,20.02.2020-03:35:26,9.00000000e+00,6.47004604e-01,8.94747734e+00,1.90973131e-03,2.66042633e+02,8.01485901e+01,1.88857441e+01,1.56945080e-01,2.24531993e-01
5345803-S04-156I3-A-L-B-190,20.02.2020-03:35:28,9.00000000e+00,6.46547318e-01,8.97123146e+00,2.15195259e-03,1.14879189e+02,7.99479141e+01,1.88751183e+01,3.04259598e-01,3.75472099e-01
5345803-S04-156I3-A-L-B-190,20.02.2020-03:35:30,1.90000000e+01,6.41772509e-01,9.00215816e+00,1.47765293e-03,1.23626930e+02,7.98133087e+01,1.87686596e+01,2.37083271e-01,2.79503703e-01
5345803-S04-156I3-A-L-B-190,20.02.2020-03:35:32,9.00000000e+00,6.46793962e-01,8.95614529e+00,2.24246853e-03,1.15356270e+02,7.98227539e+01,1.88210545e+01,3.77040893e-01,4.64751184e-01
5345803-S04-156I3-A-L-B-190,20.02.2020-03:35:34,9.00000000e+00,6.46458864e-01,8.97863674e+00,1.59268139e-03,6.24516411e+01,8.00393219e+01,1.89097099e+01,4.30179626e-01,5.16602039e-01
5345803-S04-156I3-A-L-B-190,20.02.2020-03:35:36,9.00000000e+00,6.44980729e-01,8.97372723e+00,2.15819548e-03,1.00741386e+02,8.01709976e+01,1.88871784e+01,3.52437735e-01,4.21897590e-01
5345803-S04-156I3-A-L-B-190,20.02.2020-03:35:38,2.00000000e+01,6.42646194e-01,8.94340992e+00,2.32368894e-03,9.71529236e+01,7.97751694e+01,1.86626358e+01,3.76997650e-01,5.46549618e-01
5345803-S04-156I3-A-L-B-190,20.02.2020-03:35:40,2.00000000e+01,6.42117321e-01,8.93616676e+00,2.42431764e-03,7.54341125e+01,7.99586182e+01,1.86750221e+01,3.69022429e-01,5.80834746e-01
5345803-S04-156I3-A-L-B-190,20.02.2020-03:35:42,1.90000000e+01,6.44948184e-01,8.96333790e+00,2.52821762e-03,1.02890160e+02,7.95097809e+01,1.87087746e+01,2.49652669e-01,3.12198430e-01
5345803-S04-156I3-A-L-B-190,20.02.2020-03:35:44,3.00000000e+00,6.34821832e-01,8.74911404e+00,2.41472782e-03,1.25495201e+02,7.96657944e+01,1.80101776e+01,3.82792681e-01,1.39598978e+00
5345803-S04-156I3-A-L-B-190,20.02.2020-03:36:07,2.00000000e+01,6.44914150e-01,8.91982079e+00,1.94472098e-03,1.51931915e+02,7.98457260e+01,1.86956215e+01,1.97215021e-01,3.73948693e-01
5345803-S04-156I3-A-L-B-190,20.02.2020-03:36:09,2.00000000e+01,6.45039141e-01,8.88557911e+00,2.40792264e-03,3.00973724e+02,7.97434158e+01,1.86035938e+01,1.37514412e-01,2.50195920e-01
5345803-S04-156I3-A-L-B-190,20.02.2020-03:36:11,2.00000000e+01,6.44323826e-01,8.92285442e+00,2.73505412e-03,3.45659668e+02,7.95498123e+01,1.86156120e+01,1.20222971e-01,1.86134458e-01
5345803-S04-156I3-A-L-B-190,20.02.2020-03:36:14,2.10000000e+01,6.45696282e-01,8.89939499e+00,2.65385653e-03,3.48741333e+02,7.95096359e+01,1.85968227e+01,9.94039625e-02,1.86565623e-01
5345803-S04-156I3-A-L-B-190,20.02.2020-03:36:16,2.10000000e+01,6.42869890e-01,8.92489815e+00,2.59805867e-03,2.12612640e+02,7.92348480e+01,1.85043049e+01,1.40064850e-01,2.31288344e-01
5345803-S04-156I3-A-L-B-190,20.02.2020-03:36:18,2.10000000e+01,6.43475473e-01,8.93856049e+00,2.76587484e-03,2.62318146e+02,7.93850937e+01,1.85852642e+01,2.21739486e-01,4.06436533e-01
5345803-S04-156I3-A-L-B-190,20.02.2020-03:36:20,2.00000000e+01,6.44277573e-01,8.94194603e+00,2.25029164e-03,3.87220978e+02,7.96979675e+01,1.86888466e+01,1.01605847e-01,1.91362068e-01
5345803-S04-156I3-A-L-B-190,20.02.2020-03:36:22,2.00000000e+01,6.44421518e-01,8.91738510e+00,2.20738375e-03,4.55818390e+02,7.97814407e+01,1.86612034e+01,1.08107202e-01,4.48799521e-01
5345803-S04-156I3-A-L-B-190,20.02.2020-03:36:24,9.00000000e+00,6.45375609e-01,8.96308899e+00,1.98123674e-03,5.94405334e+02,7.98541489e+01,1.88017349e+01,5.46802320e-02,7.75685161e-02
5345803-S04-156I3-A-L-B-190,20.02.2020-03:36:26,9.00000000e+00,6.46147668e-01,8.97253323e+00,1.82766980e-03,2.30021591e+02,7.97961578e+01,1.88303776e+01,1.46782339e-01,2.37800375e-01
5345803-S04-156I3-A-L-B-190,20.02.2020-03:36:50,1.90000000e+01,6.44862592e-01,8.92264271e+00,2.14951928e-03,3.55001038e+02,7.99502487e+01,1.87245216e+01,1.07981034e-01,3.17507058e-01
5345803-S04-156I3-A-L-B-190,20.02.2020-03:36:52,1.00000000e+00,6.43276930e-01,8.85101223e+00,2.23450293e-03,1.98916275e+02,7.97075958e+01,1.84722919e+01,2.92284250e-01,1.49715698e+00
5345803-S04-156I3-A-L-B-190,20.02.2020-03:36:54,2.00000000e+01,6.46310151e-01,8.88614750e+00,2.16787728e-03,2.79228607e+02,7.96955795e+01,1.86302624e+01,1.23259649e-01,2.31914908e-01
5345803-S04-156I3-A-L-B-190,20.02.2020-03:37:03,2.00000000e+01,6.46332979e-01,8.89511395e+00,1.96620007e-03,2.66867676e+02,7.97684784e+01,1.86667747e+01,1.37335971e-01,2.49269024e-01
5345803-S04-156I3-A-L-B-190,20.02.2020-03:37:05,2.00000000e+01,6.44535720e-01,8.88738060e+00,1.87841232e-03,1.82843750e+02,8.00206833e+01,1.86574898e+01,2.68207997e-01,1.48871326e+00
5345803-S04-156I3-A-L-B-190,20.02.2020-03:37:08,2.00000000e+01,6.46086276e-01,8.89966202e+00,2.45395070e-03,4.25261414e+02,7.97729721e+01,1.86702442e+01,9.52678844e-02,1.91494375e-01
5345803-S04-156I3-A-L-B-190,20.02.2020-03:37:10,2.00000000e+01,6.43564105e-01,8.89205074e+00,2.01609591e-03,4.15151215e+01,7.99265671e+01,1.86172295e+01,6.68046653e-01,8.56314301e-01
5345803-S04-156I3-A-L-B-190,20.02.2020-03:37:12,2.00000000e+01,6.40927613e-01,8.86719227e+00,1.44814141e-03,1.98483246e+02,8.04750137e+01,1.86159992e+01,1.61563575e-01,6.56453967e-01
5345803-S04-156I3-A-L-B-190,20.02.2020-03:37:14,2.00000000e+01,6.42569780e-01,8.89871407e+00,2.10324908e-03,3.44318024e+02,8.00573196e+01,1.86328297e+01,1.20621145e-01,2.20775709e-01
5345803-S04-156I3-A-L-B-190,20.02.2020-03:37:16,1.00000000e+00,6.40551150e-01,8.87823486e+00,2.18237448e-03,1.22848984e+02,7.98218384e+01,1.84770374e+01,2.64392734e-01,7.48311460e-01
5345803-S04-156I3-A-L-B-190,20.02.2020-03:37:40,9.00000000e+00,6.44891500e-01,8.93668175e+00,2.09335540e-03,3.25994019e+02,8.02056808e+01,1.88147430e+01,1.09284014e-01,1.97040081e-01
5345803-S04-156I3-A-L-B-190,20.02.2020-03:37:42,1.90000000e+01,6.43532872e-01,8.95339680e+00,1.84622337e-03,2.85821323e+01,7.99772873e+01,1.87566586e+01,8.78980577e-01,1.04075253e+00
5345803-S04-156I3-A-L-B-190,20.02.2020-03:37:44,2.00000000e+01,6.42155051e-01,8.91222477e+00,2.30837939e-03,8.24513931e+01,7.98894043e+01,1.86099586e+01,3.51944447e-01,4.45347518e-01
5345803-S04-156I3-A-L-B-190,20.02.2020-03:37:46,2.00000000e+01,6.41392469e-01,8.90869236e+00,1.84711535e-03,5.87633858e+01,8.01536331e+01,1.86419449e+01,5.12614429e-01,8.84046376e-01
5345803-S04-156I3-A-L-B-190,20.02.2020-03:37:48,9.00000000e+00,6.44747496e-01,8.94542027e+00,2.13604025e-03,3.67537155e+01,8.01575546e+01,1.88176346e+01,6.88069165e-01,8.33469331e-01
5345803-S04-156I3-A-L-B-190,20.02.2020-03:37:50,1.00000000e+00,6.36952341e-01,8.88914967e+00,1.53588899e-03,8.53600845e+01,7.98993530e+01,1.84136810e+01,3.24833214e-01,4.25843447e-01
5345803-S04-156I3-A-L-B-190,20.02.2020-03:37:52,2.00000000e+01,6.41765118e-01,8.90542316e+00,2.00950610e-03,1.07056183e+02,8.00565109e+01,1.86233387e+01,2.36186594e-01,3.48740518e-01
5345803-S04-156I3-A-L-B-190,20.02.2020-03:37:54,1.90000000e+01,6.44080997e-01,8.88599205e+00,1.79065613e-03,1.75711365e+02,8.03787689e+01,1.87248325e+01,1.96564451e-01,4.55095738e-01
5345803-S04-156I3-A-L-B-190,20.02.2020-03:37:57,2.00000000e+01,6.42006218e-01,8.90811634e+00,2.09850236e-03,1.02216965e+02,8.00698242e+01,1.86390667e+01,2.23498136e-01,3.08347315e-01
5345803-S04-156I3-A-L-B-190,20.02.2020-03:37:59,2.00000000e+01,6.41395509e-01,8.90007877e+00,1.75114954e-03,1.08307549e+02,8.02023010e+01,1.86353168e+01,3.26405823e-01,6.96966052e-01
5345803-S04-156I3-A-L-B-190,20.02.2020-03:38:21,1.00000000e+00,6.38712347e-01,8.91648865e+00,2.12967675e-03,4.47205566e+02,7.97241745e+01,1.84807415e+01,9.22040641e-02,2.41130009e-01
5345803-S04-156I3-A-L-B-190,20.02.2020-03:38:24,1.90000000e+01,6.45379603e-01,8.91222954e+00,1.69179100e-03,1.81228546e+02,8.01040649e+01,1.87536755e+01,1.54420957e-01,3.20872307e-01
5345803-S04-156I3-A-L-B-190,20.02.2020-03:38:26,1.00000000e+00,6.39438391e-01,8.87177277e+00,1.32188702e-03,3.92601044e+02,7.98942719e+01,1.84482403e+01,9.97477844e-02,1.34899229e-01
5345803-S04-156I3-A-L-B-190,20.02.2020-03:38:28,1.90000000e+01,6.43187523e-01,8.95099640e+00,2.17162794e-03,1.86013336e+02,8.00572586e+01,1.87603073e+01,1.19726032e-01,1.92494527e-01
5345803-S04-156I3-A-L-B-190,20.02.2020-03:38:30,1.90000000e+01,6.43797815e-01,8.93737125e+00,2.03777035e-03,1.97036758e+02,8.01836548e+01,1.87791233e+01,1.58002943e-01,2.33977720e-01
5345803-S04-156I3-A-L-B-190,20.02.2020-03:38:32,2.10000000e+01,6.43929780e-01,8.89576244e+00,2.13299366e-03,3.45219849e+02,7.97543182e+01,1.85954227e+01,7.54779130e-02,1.67318791e-01
5345803-S04-156I3-A-L-B-190,20.02.2020-03:38:34,2.00000000e+01,6.43991768e-01,8.90425587e+00,2.14071781e-03,5.06492004e+02,7.98478012e+01,1.86367893e+01,8.59835148e-02,1.99079007e-01
5345803-S04-156I3-A-L-B-190,20.02.2020-03:38:36,2.10000000e+01,6.43837392e-01,8.89316559e+00,2.45105824e-03,4.05797119e+02,7.95411072e+01,1.85376396e+01,6.61377385e-02,1.18834436e-01
5345803-S04-156I3-A-L-B-190,20.02.2020-03:38:38,9.00000000e+00,6.45267129e-01,8.94404697e+00,2.40512518e-03,1.55928421e+02,8.00625153e+01,1.88075848e+01,1.97484553e-01,2.48401538e-01
5345803-S04-156I3-A-L-B-190,20.02.2020-03:38:40,2.10000000e+01,6.44081295e-01,8.90159130e+00,2.02001724e-03,2.98918854e+02,7.96879654e+01,1.85965004e+01,1.00895397e-01,1.73617706e-01
5345803-S04-156I3-A-L-B-190,20.02.2020-03:36:29,1.90000000e+01,6.44557297e-01,8.95685482e+00,2.54432065e-03,2.69530609e+02,7.97528992e+01,1.87410412e+01,1.08546428e-01,1.52368367e-01
5345803-S04-156I3-A-L-B-190,20.02.2020-03:36:31,2.10000000e+01,6.41943097e-01,8.90450954e+00,2.53878441e-03,2.57803314e+02,7.97291107e+01,1.85504169e+01,1.99550688e-01,3.69798750e-01
5345803-S04-156I3-A-L-B-190,20.02.2020-03:36:33,1.90000000e+01,6.45136237e-01,8.95182896e+00,1.74478116e-03,6.15675171e+02,7.99339981e+01,1.87899208e+01,7.32518807e-02,9.82191488e-02
5345803-S04-156I3-A-L-B-190,20.02.2020-03:36:35,2.10000000e+01,6.39353693e-01,8.96220016e+00,1.83847686e-03,3.06756195e+02,7.96769485e+01,1.85831242e+01,1.22875541e-01,2.34881595e-01
5345803-S04-156I3-A-L-B-190,20.02.2020-03:36:38,2.00000000e+01,6.46128953e-01,8.90141678e+00,2.24801758e-03,9.15461349e+01,7.98371124e+01,1.86901741e+01,3.23572129e-01,4.99962062e-01
5345803-S04-156I3-A-L-B-190,20.02.2020-03:36:40,1.90000000e+01,6.44423723e-01,8.94729233e+00,2.38329824e-03,4.63712234e+01,7.98235550e+01,1.87337360e+01,6.19780004e-01,7.47178078e-01
5345803-S04-156I3-A-L-B-190,20.02.2020-03:36:42,1.90000000e+01,6.45268917e-01,8.90853024e+00,1.95522513e-03,2.66397400e+02,7.99775085e+01,1.87130623e+01,1.48695171e-01,3.65283072e-01
5345803-S04-156I3-A-L-B-190,20.02.2020-03:36:44,2.00000000e+01,6.44268632e-01,8.90086460e+00,2.05910369e-03,1.81628067e+02,7.99146652e+01,1.86533089e+01,2.07347900e-01,5.04739940e-01
5345803-S04-156I3-A-L-B-190,20.02.2020-03:36:46,9.00000000e+00,6.46362662e-01,8.98038197e+00,2.35015154e-03,1.17119690e+02,7.99608231e+01,1.88920250e+01,1.87572405e-01,2.28768170e-01
5345803-S04-156I3-A-L-B-190,20.02.2020-03:36:48,2.00000000e+01,6.43881738e-01,8.89880180e+00,2.44780513e-03,9.04025345e+01,7.99670334e+01,1.86499996e+01,3.00257206e-01,4.31632042e-01
5345803-S04-156I3-A-L-B-190,20.02.2020-03:37:18,1.40000000e+01,6.40352488e-01,8.85693932e+00,2.13507307e-03,1.53755474e+01,7.95920334e+01,1.83739529e+01,1.70203960e+00,2.37046313e+00
5345803-S04-156I3-A-L-B-190,20.02.2020-03:37:20,2.00000000e+00,6.39578044e-01,8.81006145e+00,2.00151629e-03,2.33563595e+01,7.94935837e+01,1.82320175e+01,1.25546575e+00,1.88867772e+00
5345803-S04-156I3-A-L-B-190,20.02.2020-03:37:22,2.00000000e+01,6.42993331e-01,8.90085697e+00,2.06686370e-03,7.14753113e+01,7.99989929e+01,1.86360111e+01,3.63775492e-01,5.14843583e-01
5345803-S04-156I3-A-L-B-190,20.02.2020-03:37:24,2.00000000e+01,6.41716182e-01,8.92306137e+00,1.91073003e-03,2.57311134e+01,8.00948486e+01,1.86677361e+01,1.11909652e+00,1.32383132e+00
5345803-S04-156I3-A-L-B-190,20.02.2020-03:37:26,2.10000000e+01,6.41349256e-01,8.89334297e+00,1.83784764e-03,4.24638062e+01,7.99489136e+01,1.85610428e+01,7.09276199e-01,1.05445063e+00
5345803-S04-156I3-A-L-B-190,20.02.2020-03:37:28,9.00000000e+00,6.45652473e-01,8.94928169e+00,1.91788119e-03,1.20506386e+02,8.02434235e+01,1.88723774e+01,2.17588201e-01,3.09386760e-01
5345803-S04-156I3-A-L-B-190,20.02.2020-03:37:32,9.00000000e+00,6.43044710e-01,8.95829010e+00,1.94773707e-03,7.61753616e+01,8.02018738e+01,1.88053303e+01,3.49757433e-01,4.54763919e-01
5345803-S04-156I3-A-L-B-190,20.02.2020-03:37:34,9.00000000e+00,6.45647645e-01,8.95245838e+00,1.83501665e-03,6.84765930e+01,8.02067871e+01,1.88703175e+01,4.24792796e-01,5.91893971e-01
5345803-S04-156I3-A-L-B-190,20.02.2020-03:37:36,9.00000000e+00,6.44887984e-01,8.96278000e+00,1.94976770e-03,8.00793381e+01,8.02299576e+01,1.88752975e+01,3.44606549e-01,4.21099216e-01
5345803-S04-156I3-A-L-B-190,20.02.2020-03:37:38,9.00000000e+00,6.44767463e-01,8.96331596e+00,1.94267847e-03,1.20919876e+02,8.02111359e+01,1.88684711e+01,2.21401811e-01,2.81844884e-01
5345803-S04-156I3-A-L-B-190,20.02.2020-03:38:01,1.00000000e+00,6.38604760e-01,8.86237335e+00,1.66703307e-03,1.32377014e+02,7.99786224e+01,1.84241009e+01,1.35947526e-01,1.76177397e-01
5345803-S04-156I3-A-L-B-190,20.02.2020-03:38:03,1.90000000e+01,6.43848717e-01,8.90617180e+00,1.77092024e-03,2.41901428e+02,8.01409683e+01,1.87050838e+01,1.12489350e-01,2.04431668e-01
5345803-S04-156I3-A-L-B-190,20.02.2020-03:38:05,2.00000000e+01,6.41523600e-01,8.91456413e+00,2.01553339e-03,2.01276382e+02,8.02835541e+01,1.86882896e+01,9.71501246e-02,1.64370582e-01
5345803-S04-156I3-A-L-B-190,20.02.2020-03:38:07,2.00000000e+01,6.42013073e-01,8.91370296e+00,1.64262147e-03,2.72947540e+02,8.02493134e+01,1.86927643e+01,1.06836967e-01,1.96342483e-01
5345803-S04-156I3-A-L-B-190,20.02.2020-03:38:09,2.00000000e+01,6.41626835e-01,8.89703846e+00,1.97841134e-03,2.26569016e+02,8.01067810e+01,1.86134758e+01,1.05170511e-01,1.56653315e-01
5345803-S04-156I3-A-L-B-190,20.02.2020-03:38:11,1.90000000e+01,6.44188285e-01,8.90819168e+00,1.79186778e-03,1.83071915e+02,8.00614243e+01,1.87006149e+01,1.62088573e-01,2.55959064e-01
5345803-S04-156I3-A-L-B-190,20.02.2020-03:38:13,3.00000000e+00,6.37944639e-01,8.79905415e+00,1.40930235e-03,3.52721344e+02,7.96184464e+01,1.81912632e+01,1.12665042e-01,3.80332589e-01
5345803-S04-156I3-A-L-B-190,20.02.2020-03:38:15,2.00000000e+01,6.44262791e-01,8.91996765e+00,2.19037221e-03,5.96395264e+02,7.97800827e+01,1.86616917e+01,1.10365264e-01,1.85089320e-01
5345803-S04-156I3-A-L-B-190,20.02.2020-03:38:17,2.00000000e+00,6.39651299e-01,8.82030773e+00,1.83436589e-03,2.52770233e+02,7.98639984e+01,1.83403797e+01,1.34306937e-01,5.68844736e-01
5345803-S04-156I3-A-L-B-190,20.02.2020-03:38:19,2.00000000e+00,6.39456451e-01,8.80759048e+00,1.81120250e-03,1.77592255e+02,8.00246506e+01,1.83451824e+01,1.45048633e-01,7.17850447e-01
5345803-S04-156I3-A-L-B-190,20.02.2020-03:38:42,9.00000000e+00,6.46346986e-01,8.95470619e+00,2.24759523e-03,2.31503418e+02,8.01513290e+01,1.88824348e+01,1.22724600e-01,1.61420420e-01
5345803-S04-156I3-A-L-B-190,20.02.2020-03:38:44,1.90000000e+01,6.45159781e-01,8.95474815e+00,2.11666618e-03,2.14828262e+02,7.98814163e+01,1.87843685e+01,1.61576927e-01,2.21937135e-01
5345803-S04-156I3-A-L-B-190,20.02.2020-03:38:47,1.00000000e+00,6.40472710e-01,8.88217926e+00,2.10839696e-03,2.06026688e+02,7.97746658e+01,1.84720612e+01,2.15317205e-01,5.13787031e-01
5345803-S04-156I3-A-L-B-190,20.02.2020-03:38:49,8.00000000e+00,6.46167576e-01,8.99347591e+00,1.32877030e-03,3.41321991e+02,8.00527573e+01,1.89356060e+01,1.29048899e-01,1.70474529e-01
5345803-S04-156I3-A-L-B-190,20.02.2020-03:38:51,8.00000000e+00,6.46848738e-01,8.99260235e+00,2.04237108e-03,2.88257050e+02,8.01073685e+01,1.89666576e+01,7.98953623e-02,1.05801061e-01
5345803-S04-156I3-A-L-B-190,20.02.2020-03:38:53,2.00000000e+01,6.43908501e-01,8.90997696e+00,1.93480169e-03,2.49651199e+02,7.99671478e+01,1.86742229e+01,1.78093031e-01,5.95424652e-01
5345803-S04-156I3-A-L-B-190,20.02.2020-03:38:55,8.00000000e+00,6.46526039e-01,8.99239445e+00,1.74833497e-03,2.39318604e+02,8.00545654e+01,1.89442596e+01,1.54922500e-01,1.96548060e-01
5345803-S04-156I3-A-L-B-190,20.02.2020-03:38:57,8.00000000e+00,6.46347880e-01,8.99971294e+00,2.17036530e-03,4.81592041e+02,8.00053635e+01,1.89428062e+01,6.09732866e-02,9.29992422e-02
5345803-S04-156I3-A-L-B-190,20.02.2020-03:38:59,8.00000000e+00,6.46603048e-01,9.00429726e+00,2.26730667e-03,2.59959686e+02,7.99539185e+01,1.89477444e+01,1.08446516e-01,1.38596311e-01
5345803-S04-156I3-A-L-B-190,20.02.2020-03:39:01,8.00000000e+00,6.48181796e-01,8.94098186e+00,1.76429446e-03,1.42808701e+02,8.02077713e+01,1.89203300e+01,1.62449449e-01,2.91561991e-01
5345803-S04-156I3-A-L-B-190,20.02.2020-03:39:45,9.00000000e+00,6.43799305e-01,8.99516487e+00,1.94527255e-03,1.49824112e+02,8.00039368e+01,1.88582382e+01,1.52611822e-01,1.90061912e-01
5345803-S04-156I3-A-L-B-190,20.02.2020-03:39:47,9.00000000e+00,6.45192325e-01,8.95758057e+00,1.53960567e-03,1.70158676e+02,8.03151321e+01,1.88932877e+01,1.21206813e-01,2.58260548e-01
5345803-S04-156I3-A-L-B-190,20.02.2020-03:39:49,2.10000000e+01,6.41155243e-01,8.89341354e+00,2.44153617e-03,1.98537598e+02,7.98969574e+01,1.85435181e+01,1.79265559e-01,9.42920744e-01
5345803-S04-156I3-A-L-B-190,20.02.2020-03:39:51,9.00000000e+00,6.44510150e-01,8.95455933e+00,1.37023674e-03,3.55980133e+02,8.02884750e+01,1.88606796e+01,7.64030889e-02,2.47883946e-01
5345803-S04-156I3-A-L-B-190,20.02.2020-03:39:54,2.00000000e+01,6.41763747e-01,8.93210030e+00,1.56241213e-03,4.14635071e+02,8.00951614e+01,1.86881027e+01,6.26884848e-02,1.07550256e-01
5345803-S04-156I3-A-L-B-190,20.02.2020-03:39:56,1.90000000e+01,6.41886532e-01,8.94159222e+00,1.86306064e-03,2.17133865e+02,8.02251434e+01,1.87419090e+01,7.20853209e-02,1.21807106e-01
5345803-S04-156I3-A-L-B-190,20.02.2020-03:39:58,9.00000000e+00,6.44600213e-01,8.98349953e+00,2.33167107e-03,3.24440582e+02,7.99218292e+01,1.88378620e+01,8.19419324e-02,1.06556907e-01
5345803-S04-156I3-A-L-B-190,20.02.2020-03:40:00,2.10000000e+01,6.41068161e-01,8.88133049e+00,1.61857321e-03,8.61341095e+01,8.02401123e+01,1.85953350e+01,2.18984276e-01,9.55697477e-01
5345803-S04-156I3-A-L-B-190,20.02.2020-03:40:02,1.90000000e+01,6.43650234e-01,8.93439674e+00,1.60131208e-03,1.71218613e+02,8.02469330e+01,1.87833824e+01,1.86002418e-01,4.67963636e-01
5345803-S04-156I3-A-L-B-190,20.02.2020-03:40:04,2.10000000e+01,6.41586244e-01,8.90770721e+00,2.22883350e-03,2.04049606e+02,7.99285736e+01,1.85931606e+01,1.71326026e-01,7.20470965e-01
5345803-S04-156I3-A-L-B-190,20.02.2020-03:40:27,9.00000000e+00,6.44675970e-01,8.98968601e+00,1.88161177e-03,1.36593826e+02,7.99373627e+01,1.88567142e+01,1.83576256e-01,2.59064615e-01
5345803-S04-156I3-A-L-B-190,20.02.2020-03:40:29,2.00000000e+01,6.39270544e-01,9.04466343e+00,2.25418853e-03,8.61138733e+02,7.92899170e+01,1.86605854e+01,2.53038444e-02,3.31777744e-02
5345803-S04-156I3-A-L-B-190,20.02.2020-03:40:31,9.00000000e+00,6.44246936e-01,8.95533466e+00,1.79976656e-03,3.09937317e+02,8.01375580e+01,1.88191700e+01,1.73287302e-01,3.28907043e-01
5345803-S04-156I3-A-L-B-190,20.02.2020-03:40:33,2.00000000e+01,6.41512454e-01,8.90951729e+00,1.97194354e-03,1.27404243e+02,8.02540131e+01,1.86705112e+01,2.24005669e-01,7.87868857e-01
5345803-S04-156I3-A-L-B-190,20.02.2020-03:40:36,1.90000000e+01,6.42338634e-01,8.92496395e+00,1.81171799e-03,3.29661011e+02,8.03201675e+01,1.87424068e+01,1.00930035e-01,5.00089407e-01
5345803-S04-156I3-A-L-B-190,20.02.2020-03:40:38,2.00000000e+01,6.41476929e-01,8.91662025e+00,2.23085098e-03,3.27791046e+02,8.01298752e+01,1.86554604e+01,8.09104666e-02,4.99963045e-01
5345803-S04-156I3-A-L-B-190,20.02.2020-03:40:40,2.10000000e+01,6.41155362e-01,8.86659908e+00,1.71246473e-03,1.09468468e+02,8.02791290e+01,1.85760422e+01,2.46237144e-01,9.76716220e-01
5345803-S04-156I3-A-L-B-190,20.02.2020-03:40:42,1.90000000e+01,6.44199312e-01,8.95544243e+00,2.44891690e-03,5.01029053e+02,7.99497910e+01,1.87739143e+01,5.56309409e-02,1.04936369e-01
5345803-S04-156I3-A-L-B-190,20.02.2020-03:40:44,2.00000000e+01,6.41644180e-01,8.90957832e+00,1.49585120e-03,1.70915039e+02,8.02822800e+01,1.86810513e+01,1.67590991e-01,7.34347224e-01
5345803-S04-156I3-A-L-B-190,20.02.2020-03:40:46,1.90000000e+01,6.43770039e-01,8.94977951e+00,2.03767675e-03,2.29576996e+02,7.99992981e+01,1.87611504e+01,1.04691036e-01,3.12724859e-01
5345803-S04-156I3-A-L-B-190,20.02.2020-03:41:09,1.90000000e+01,6.42669439e-01,8.91340065e+00,1.64416060e-03,3.66437134e+02,8.05663300e+01,1.87851582e+01,5.76900467e-02,1.28493577e-01
5345803-S04-156I3-A-L-B-190,20.02.2020-03:41:11,2.00000000e+00,6.34948194e-01,8.80378723e+00,1.50783418e-03,4.59354065e+02,8.00538254e+01,1.82146187e+01,7.91125074e-02,2.26549327e-01
5345803-S04-156I3-A-L-B-190,20.02.2020-03:41:13,9.00000000e+00,6.42502367e-01,8.94170189e+00,1.82551472e-03,1.69462341e+02,8.05221100e+01,1.88295650e+01,1.42215997e-01,2.23025426e-01
5345803-S04-156I3-A-L-B-190,20.02.2020-03:41:15,9.00000000e+00,6.44150734e-01,8.94746685e+00,1.50342670e-03,5.44503403e+01,8.03426437e+01,1.88479404e+01,2.66343564e-01,3.75211060e-01
5345803-S04-156I3-A-L-B-190,20.02.2020-03:41:17,2.00000000e+00,6.36765003e-01,8.81411839e+00,1.42926327e-03,3.64667114e+02,7.98721848e+01,1.82466774e+01,9.70178992e-02,2.66346842e-01
5345803-S04-156I3-A-L-B-190,20.02.2020-03:41:19,9.00000000e+00,6.43196762e-01,8.94932747e+00,1.91432948e-03,3.02887543e+02,8.04315643e+01,1.88447742e+01,4.37627956e-02,1.13908261e-01
5345803-S04-156I3-A-L-B-190,20.02.2020-03:41:21,3.00000000e+00,6.34392440e-01,8.75861835e+00,1.63871713e-03,1.45960052e+02,7.97664795e+01,1.80403214e+01,1.40291914e-01,3.45271051e-01
5345803-S04-156I3-A-L-B-190,20.02.2020-03:41:24,3.00000000e+00,6.33898258e-01,8.75623608e+00,1.23983552e-03,3.24594238e+02,7.99037781e+01,1.80523834e+01,8.51286352e-02,2.81119615e-01
5345803-S04-156I3-A-L-B-190,20.02.2020-03:41:26,3.00000000e+00,6.34400547e-01,8.77792358e+00,1.47440867e-03,3.87260986e+02,7.98801498e+01,1.81060772e+01,6.22500964e-02,2.54119366e-01
5345803-S04-156I3-A-L-B-190,20.02.2020-03:41:28,2.00000000e+00,6.35864615e-01,8.81222725e+00,1.68306718e-03,3.83860077e+02,7.99138184e+01,1.82264633e+01,1.15520202e-01,2.61311680e-01
5345803-S04-156I3-A-L-B-190,20.02.2020-03:41:51,1.30000000e+01,6.32532299e-01,8.73423100e+00,1.60674914e-03,2.33576492e+02,8.00149460e+01,1.79932117e+01,1.16758056e-01,3.35433543e-01
5345803-S04-156I3-A-L-B-190,20.02.2020-03:41:55,1.00000000e+00,6.43534839e-01,8.90889072e+00,2.73422524e-03,3.37411308e+01,7.89561691e+01,1.84251881e+01,7.82498837e-01,9.18975294e-01
5345803-S04-156I3-A-L-B-190,20.02.2020-03:41:57,1.00000000e+00,6.43128157e-01,8.93127251e+00,2.67870887e-03,2.57731037e+01,7.91267471e+01,1.84996853e+01,1.02014434e+00,1.17570865e+00
5345803-S04-156I3-A-L-B-190,20.02.2020-03:41:59,2.00000000e+00,6.42031431e-01,8.89042091e+00,2.61805928e-03,2.89991684e+01,7.88548431e+01,1.83204937e+01,8.72561276e-01,9.99281704e-01
5345803-S04-156I3-A-L-B-190,20.02.2020-03:42:03,9.00000000e+00,6.47277951e-01,8.97416401e+00,1.86230917e-03,8.07882004e+01,7.99600220e+01,1.89054890e+01,2.42487043e-01,3.87308538e-01
5345803-S04-156I3-A-L-B-190,20.02.2020-03:42:05,1.90000000e+01,6.47344112e-01,8.96575451e+00,1.93492032e-03,9.52197647e+01,7.94644928e+01,1.87726383e+01,2.37331375e-01,2.82008111e-01
5345803-S04-156I3-A-L-B-190,20.02.2020-03:42:07,2.00000000e+01,6.44896924e-01,8.97793198e+00,3.21723544e-03,3.32295837e+01,7.89383163e+01,1.86030750e+01,7.23867834e-01,8.38436246e-01
5345803-S04-156I3-A-L-B-190,20.02.2020-03:42:09,1.40000000e+01,6.40636683e-01,8.88612080e+00,2.35829363e-03,2.18206253e+01,7.92918015e+01,1.83731022e+01,1.50102365e+00,1.88326025e+00
5345803-S04-156I3-A-L-B-190,20.02.2020-03:42:11,1.40000000e+01,6.47067606e-01,8.99552441e+00,2.61815172e-03,1.99815216e+01,7.92908936e+01,1.87857990e+01,1.24158633e+00,1.41855717e+00
5345803-S04-156I3-A-L-B-190,20.02.2020-03:42:13,1.00000000e+00,6.41447544e-01,8.90569210e+00,2.23023212e-03,2.12680912e+01,7.95122604e+01,1.84881344e+01,1.29890501e+00,1.64989388e+00
5345803-S04-156I3-A-L-B-190,20.02.2020-03:39:03,2.00000000e+01,6.43466949e-01,8.93254948e+00,2.08947947e-03,3.20148346e+02,7.98152924e+01,1.86731682e+01,8.63422081e-02,1.78067744e-01
5345803-S04-156I3-A-L-B-190,20.02.2020-03:39:05,2.00000000e+01,6.43959284e-01,8.92427254e+00,2.09364295e-03,4.79296417e+01,7.99045410e+01,1.86910133e+01,5.82399786e-01,8.96612823e-01
5345803-S04-156I3-A-L-B-190,20.02.2020-03:39:08,1.90000000e+01,6.44983292e-01,8.92363071e+00,2.01676437e-03,2.07913635e+02,8.01333313e+01,1.87729893e+01,1.52707770e-01,3.78879100e-01
5345803-S04-156I3-A-L-B-190,20.02.2020-03:39:10,1.90000000e+01,6.45186722e-01,8.94031048e+00,1.96017791e-03,1.54509460e+02,8.00058060e+01,1.87840710e+01,1.75196499e-01,2.94250131e-01
5345803-S04-156I3-A-L-B-190,20.02.2020-03:39:12,2.00000000e+01,6.42587721e-01,8.92469025e+00,2.35375669e-03,1.99377884e+02,7.98338699e+01,1.86355820e+01,1.53636143e-01,2.82162845e-01
5345803-S04-156I3-A-L-B-190,20.02.2020-03:39:14,2.00000000e+01,6.43558085e-01,8.91538906e+00,1.41073740e-03,3.61248810e+02,8.00255432e+01,1.86890354e+01,8.28769282e-02,2.14748666e-01
5345803-S04-156I3-A-L-B-190,20.02.2020-03:39:16,2.10000000e+01,6.42522633e-01,8.90209579e+00,2.29640584e-03,4.70959381e+02,7.97737885e+01,1.85725327e+01,1.00065202e-01,2.28234485e-01
5345803-S04-156I3-A-L-B-190,20.02.2020-03:39:18,2.10000000e+01,6.40141308e-01,8.97842026e+00,2.21877825e-03,2.07274017e+02,7.93581772e+01,1.85651169e+01,1.12102002e-01,1.32653147e-01
5345803-S04-156I3-A-L-B-190,20.02.2020-03:39:20,1.90000000e+01,6.44055247e-01,8.92272091e+00,1.77773286e-03,2.05823380e+02,8.02342682e+01,1.87676773e+01,1.97258130e-01,5.11229336e-01
5345803-S04-156I3-A-L-B-190,20.02.2020-03:39:22,1.90000000e+01,6.43514216e-01,8.92569160e+00,2.44257692e-03,5.36114258e+02,7.99904175e+01,1.87011452e+01,9.91093740e-02,3.16453338e-01
5345803-S04-156I3-A-L-B-190,20.02.2020-03:40:06,2.10000000e+01,6.38834596e-01,9.03501511e+00,1.78136257e-03,3.50645599e+02,7.90704651e+01,1.85764103e+01,4.55551371e-02,5.60862981e-02
5345803-S04-156I3-A-L-B-190,20.02.2020-03:40:08,1.90000000e+01,6.41502142e-01,8.92144108e+00,1.62487500e-03,1.42425812e+02,8.04809189e+01,1.87480564e+01,1.69959337e-01,5.76248825e-01
5345803-S04-156I3-A-L-B-190,20.02.2020-03:40:10,9.00000000e+00,6.43496275e-01,8.94671249e+00,1.46207551e-03,3.01653687e+02,8.03637695e+01,1.88321552e+01,1.01560228e-01,3.83459657e-01
5345803-S04-156I3-A-L-B-190,20.02.2020-03:40:12,2.00000000e+01,6.43362403e-01,8.94515324e+00,2.57378747e-03,2.60385895e+02,7.97240829e+01,1.86751099e+01,1.24935344e-01,3.77674878e-01
5345803-S04-156I3-A-L-B-190,20.02.2020-03:40:14,2.00000000e+01,6.41544223e-01,8.89634323e+00,1.11913064e-03,2.53768372e+02,8.02890701e+01,1.86519718e+01,1.41086191e-01,7.41266727e-01
5345803-S04-156I3-A-L-B-190,20.02.2020-03:40:16,9.00000000e+00,6.43311620e-01,8.97515488e+00,1.88759272e-03,1.50427795e+02,8.04549408e+01,1.89080296e+01,1.24887101e-01,3.13022792e-01
5345803-S04-156I3-A-L-B-190,20.02.2020-03:40:19,1.90000000e+01,6.42667174e-01,8.94383049e+00,1.34782691e-03,3.38887909e+02,8.00020905e+01,1.87172146e+01,1.84818596e-01,9.46381986e-01
5345803-S04-156I3-A-L-B-190,20.02.2020-03:40:21,2.00000000e+01,6.41677737e-01,8.90665722e+00,1.82119536e-03,3.64258301e+02,8.02121353e+01,1.86595840e+01,1.22660451e-01,8.65056992e-01
5345803-S04-156I3-A-L-B-190,20.02.2020-03:40:23,9.00000000e+00,6.45496070e-01,8.96495533e+00,1.55428529e-03,5.01407562e+02,8.02625809e+01,1.89053650e+01,5.24928607e-02,1.92706630e-01
5345803-S04-156I3-A-L-B-190,20.02.2020-03:40:25,9.00000000e+00,6.44983351e-01,8.95870876e+00,1.57367345e-03,1.56566299e+02,8.01737518e+01,1.88562946e+01,1.35511652e-01,3.03027570e-01
5345803-S04-156I3-A-L-B-190,20.02.2020-03:40:48,9.00000000e+00,6.44876480e-01,8.95914459e+00,1.93133217e-03,7.66505966e+01,8.00832443e+01,1.88328018e+01,3.42557818e-01,5.14941037e-01
5345803-S04-156I3-A-L-B-190,20.02.2020-03:40:50,9.00000000e+00,6.44952476e-01,8.96648216e+00,1.64011295e-03,3.76485565e+02,8.02076111e+01,1.88797207e+01,8.80935192e-02,2.41319552e-01
5345803-S04-156I3-A-L-B-190,20.02.2020-03:40:52,1.90000000e+01,6.44279480e-01,8.96660519e+00,2.28756666e-03,4.77488312e+02,7.97397385e+01,1.87502632e+01,3.35942209e-02,6.09196201e-02
5345803-S04-156I3-A-L-B-190,20.02.2020-03:40:54,1.90000000e+01,6.43014669e-01,8.92903709e+00,1.31389138e-03,2.18215698e+02,8.02440033e+01,1.87528934e+01,8.71785656e-02,1.27685994e-01
5345803-S04-156I3-A-L-B-190,20.02.2020-03:40:56,9.00000000e+00,6.44518554e-01,8.95828533e+00,1.82702963e-03,1.36238113e+02,8.01877975e+01,1.88451157e+01,1.04849398e-01,1.67693228e-01
5345803-S04-156I3-A-L-B-190,20.02.2020-03:40:58,9.00000000e+00,6.44583523e-01,8.95405674e+00,1.49160228e-03,3.41092499e+02,8.03850937e+01,1.88844681e+01,8.03378150e-02,3.53237659e-01
5345803-S04-156I3-A-L-B-190,20.02.2020-03:41:01,9.00000000e+00,6.45012081e-01,8.95619202e+00,1.97302527e-03,5.73606323e+02,8.02000122e+01,1.88580093e+01,4.52657156e-02,9.05609801e-02
5345803-S04-156I3-A-L-B-190,20.02.2020-03:41:03,9.00000000e+00,6.44540071e-01,8.96189022e+00,1.92002335e-03,2.20673157e+02,8.03003769e+01,1.88797970e+01,1.21449023e-01,1.73308536e-01
5345803-S04-156I3-A-L-B-190,20.02.2020-03:41:05,9.00000000e+00,6.44620180e-01,8.96108341e+00,1.65458315e-03,1.61489868e+02,8.00754471e+01,1.88275566e+01,1.27056092e-01,1.76653534e-01
5345803-S04-156I3-A-L-B-190,20.02.2020-03:41:07,9.00000000e+00,6.43815935e-01,8.95337772e+00,1.95505028e-03,8.55924530e+01,8.01458511e+01,1.88044167e+01,2.43728593e-01,3.90817165e-01
5345803-S04-156I3-A-L-B-190,20.02.2020-03:41:30,3.00000000e+00,6.33946180e-01,8.76023579e+00,1.70898065e-03,2.21057816e+02,7.97510376e+01,1.80274696e+01,1.20755695e-01,3.19785595e-01
5345803-S04-156I3-A-L-B-190,20.02.2020-03:41:32,1.90000000e+01,6.42856717e-01,8.94272614e+00,1.50748203e-03,3.94431854e+02,8.02708588e+01,1.87833157e+01,6.70282394e-02,1.14620820e-01
5345803-S04-156I3-A-L-B-190,20.02.2020-03:41:34,1.90000000e+01,6.42204642e-01,8.92556381e+00,1.58312544e-03,1.07696777e+02,8.03626862e+01,1.87496758e+01,2.05196500e-01,2.77849257e-01
5345803-S04-156I3-A-L-B-190,20.02.2020-03:41:36,1.90000000e+01,6.41955435e-01,8.91433716e+00,1.51918049e-03,2.16240662e+02,8.03273010e+01,1.87105827e+01,8.19899887e-02,1.37705624e-01
5345803-S04-156I3-A-L-B-190,20.02.2020-03:41:38,8.00000000e+00,6.43156409e-01,9.01515865e+00,1.98787102e-03,1.53612976e+02,8.03005905e+01,1.89512959e+01,1.92878991e-01,3.21084172e-01
5345803-S04-156I3-A-L-B-190,20.02.2020-03:41:40,2.00000000e+00,6.38293266e-01,8.88231850e+00,1.76057511e-03,7.56806885e+02,7.97290649e+01,1.83989697e+01,8.76210183e-02,3.27944726e-01
5345803-S04-156I3-A-L-B-190,20.02.2020-03:41:42,2.00000000e+00,6.36499941e-01,8.84775448e+00,1.35402160e-03,2.89721161e+02,7.98718033e+01,1.83085995e+01,1.14755183e-01,3.37038398e-01
5345803-S04-156I3-A-L-B-190,20.02.2020-03:41:44,2.00000000e+00,6.34021580e-01,8.89284515e+00,1.55568193e-03,8.32272095e+02,7.98566284e+01,1.83267689e+01,2.83176839e-01,1.31661928e+00
5345803-S04-156I3-A-L-B-190,20.02.2020-03:41:46,1.90000000e+01,6.42036080e-01,8.94619370e+00,2.02702195e-03,1.29642136e+02,8.01256027e+01,1.87326488e+01,1.99256584e-01,7.68132567e-01
5345803-S04-156I3-A-L-B-190,20.02.2020-03:41:49,2.00000000e+00,6.33667886e-01,8.88935566e+00,1.51228113e-03,2.87168335e+02,7.98887024e+01,1.83167133e+01,2.67070204e-01,8.83946657e-01
5345803-S04-156I3-A-L-B-190,20.02.2020-03:42:15,1.40000000e+01,6.41467214e-01,8.90824986e+00,2.64604902e-03,1.86764145e+01,7.90597687e+01,1.83887672e+01,1.62068009e+00,2.05887365e+00
5345803-S04-156I3-A-L-B-190,20.02.2020-03:42:17,2.10000000e+01,6.41201615e-01,8.92150116e+00,2.45260843e-03,4.10022621e+01,7.94636993e+01,1.85025463e+01,6.73066616e-01,9.60843325e-01
5345803-S04-156I3-A-L-B-190,20.02.2020-03:42:19,8.00000000e+00,6.48243487e-01,9.01174831e+00,2.29925546e-03,6.04529228e+01,7.96327896e+01,1.89351768e+01,4.24759030e-01,5.00026822e-01
5345803-S04-156I3-A-L-B-190,20.02.2020-03:42:21,9.00000000e+00,6.47598743e-01,8.94946289e+00,1.93608901e-03,1.12455475e+02,7.99512177e+01,1.88607197e+01,2.03810707e-01,3.61794889e-01
5345803-S04-156I3-A-L-B-190,20.02.2020-03:42:24,1.00000000e+00,6.41293824e-01,8.90877056e+00,2.46061804e-03,4.09432297e+01,7.93881760e+01,1.84612408e+01,7.60659575e-01,1.03496671e+00
5345803-S04-156I3-A-L-B-190,20.02.2020-03:42:26,2.00000000e+01,6.46648228e-01,8.93841839e+00,2.10022950e-03,1.39659286e+02,7.93670502e+01,1.86723595e+01,1.93728626e-01,2.27030143e-01
5345803-S04-156I3-A-L-B-190,20.02.2020-03:42:28,9.00000000e+00,6.44583166e-01,9.01756573e+00,2.06658989e-03,1.95982300e+02,7.97904816e+01,1.88777199e+01,1.14078112e-01,1.38252690e-01
5345803-S04-156I3-A-L-B-190,20.02.2020-03:42:30,1.00000000e+00,6.42984152e-01,8.93593407e+00,2.77991127e-03,4.32454300e+01,7.90753250e+01,1.84931717e+01,5.74117959e-01,6.62175357e-01
5345803-S04-156I3-A-L-B-190,20.02.2020-03:42:32,1.00000000e+00,6.40875936e-01,8.92436028e+00,2.73196050e-03,6.42985840e+01,7.91010666e+01,1.84146576e+01,4.64447886e-01,5.61931729e-01
5345803-S04-156I3-A-L-B-190,20.02.2020-03:42:34,1.00000000e+00,6.42216206e-01,8.91557026e+00,2.60414509e-03,6.31419029e+01,7.91351929e+01,1.84429436e+01,3.73947442e-01,4.33878869e-01
5345803-S04-156I3-A-L-B-190,20.02.2020-03:42:57,1.00000000e+00,6.40917480e-01,8.86372185e+00,2.24996614e-03,9.77976532e+01,7.95956955e+01,1.84050922e+01,2.46413186e-01,3.66791755e-01
5345803-S04-156I3-A-L-B-190,20.02.2020-03:42:59,3.00000000e+00,6.35992110e-01,8.82263088e+00,2.13860720e-03,1.18709152e+02,7.96741104e+01,1.81968956e+01,2.24082559e-01,3.66866320e-01
5345803-S04-156I3-A-L-B-190,20.02.2020-03:43:01,9.00000000e+00,6.44912839e-01,9.03952789e+00,2.33326131e-03,1.24962555e+02,7.92896347e+01,1.88145313e+01,1.94912031e-01,2.23911166e-01
5345803-S04-156I3-A-L-B-190,20.02.2020-03:43:03,8.00000000e+00,6.47340119e-01,8.99216175e+00,1.91729621e-03,1.11394249e+02,8.01057358e+01,1.89797497e+01,2.64472157e-01,3.42830867e-01
5345803-S04-156I3-A-L-B-190,20.02.2020-03:43:05,1.90000000e+01,6.46994829e-01,8.98452091e+00,1.91208941e-03,7.84657669e+01,7.94376144e+01,1.87954235e+01,3.41131985e-01,4.05459881e-01
5345803-S04-156I3-A-L-B-190,20.02.2020-03:43:07,1.00000000e+00,6.39416337e-01,8.86968136e+00,1.98996370e-03,6.93222656e+01,7.97472153e+01,1.84093094e+01,3.07969719e-01,5.06495059e-01
5345803-S04-156I3-A-L-B-190,20.02.2020-03:43:10,1.00000000e+00,6.41296148e-01,8.87697411e+00,2.18799454e-03,1.67969070e+02,7.96648483e+01,1.84595242e+01,2.12878659e-01,3.35010439e-01
5345803-S04-156I3-A-L-B-190,20.02.2020-03:43:12,2.10000000e+01,6.43850863e-01,8.89957333e+00,2.15950888e-03,1.63217712e+02,7.94369583e+01,1.85270920e+01,1.89154297e-01,2.25502431e-01
5345803-S04-156I3-A-L-B-190,20.02.2020-03:43:14,2.10000000e+01,6.41911685e-01,8.89050961e+00,2.09138915e-03,6.84458160e+01,7.96428070e+01,1.85002975e+01,3.40633988e-01,4.71483350e-01
5345803-S04-156I3-A-L-B-190,20.02.2020-03:43:16,1.00000000e+00,6.42083228e-01,8.91958332e+00,2.60856538e-03,1.20879341e+02,7.92212601e+01,1.84674873e+01,2.51619041e-01,2.97638267e-01
5345803-S04-156I3-A-L-B-190,20.02.2020-03:43:39,2.00000000e+00,6.38832808e-01,8.85555363e+00,1.97023829e-03,2.13599030e+02,7.98350449e+01,1.83834362e+01,1.49461716e-01,2.52527297e-01
5345803-S04-156I3-A-L-B-190,20.02.2020-03:43:41,2.10000000e+01,6.42294824e-01,8.87887001e+00,1.99073786e-03,8.10171127e+01,8.00936508e+01,1.85917568e+01,3.53540868e-01,4.45016712e-01
5345803-S04-156I3-A-L-B-190,20.02.2020-03:43:43,2.10000000e+01,6.43044472e-01,8.89020824e+00,1.88986852e-03,1.47316711e+02,7.97016068e+01,1.85459995e+01,1.70023739e-01,2.06896320e-01
5345803-S04-156I3-A-L-B-190,20.02.2020-03:43:45,2.10000000e+01,6.41399622e-01,8.89023590e+00,2.18945765e-03,1.87906860e+02,7.98447037e+01,1.85318298e+01,1.44507587e-01,1.74020365e-01
5345803-S04-156I3-A-L-B-190,20.02.2020-03:43:47,2.10000000e+01,6.42881274e-01,8.89528465e+00,2.08185241e-03,1.49736191e+02,7.96595078e+01,1.85420780e+01,1.41089842e-01,1.71772629e-01
5345803-S04-156I3-A-L-B-190,20.02.2020-03:43:49,2.00000000e+01,6.41683996e-01,8.90310955e+00,1.76374789e-03,1.15023895e+02,7.99883499e+01,1.86002960e+01,2.19915688e-01,3.14900279e-01
5345803-S04-156I3-A-L-B-190,20.02.2020-03:43:51,2.00000000e+01,6.42587841e-01,8.90334225e+00,1.85872160e-03,1.36659515e+02,8.02454987e+01,1.86868668e+01,2.33178392e-01,3.11632693e-01
5345803-S04-156I3-A-L-B-190,20.02.2020-03:43:53,2.00000000e+01,6.44164860e-01,8.91006851e+00,2.07744027e-03,1.45207336e+02,7.99138336e+01,1.86693954e+01,2.21925005e-01,2.71955490e-01
5345803-S04-156I3-A-L-B-190,20.02.2020-03:43:55,1.90000000e+01,6.46879971e-01,8.97247314e+00,2.04286189e-03,7.08665390e+01,7.95382004e+01,1.87906513e+01,3.64615917e-01,4.34642792e-01
5345803-S04-156I3-A-L-B-190,20.02.2020-03:43:58,8.00000000e+00,6.48144960e-01,8.99847317e+00,2.21709185e-03,6.17099953e+01,7.97484894e+01,1.89318752e+01,3.23947370e-01,3.82907629e-01
5345803-S04-156I3-A-L-B-190,20.02.2020-03:44:21,2.10000000e+01,6.42019272e-01,8.87368965e+00,2.01843819e-03,3.83309204e+02,8.00189133e+01,1.85556049e+01,7.28060678e-02,4.08065528e-01
5345803-S04-156I3-A-L-B-190,20.02.2020-03:44:23,2.10000000e+01,6.41299129e-01,8.87273502e+00,1.59126276e-03,3.25851715e+02,8.01999359e+01,1.85747242e+01,9.31444764e-02,4.44844544e-01
5345803-S04-156I3-A-L-B-190,20.02.2020-03:44:25,2.00000000e+00,6.39139712e-01,8.82957745e+00,2.14024284e-03,2.79676117e+02,7.95590820e+01,1.82749290e+01,7.43154883e-02,9.63084325e-02
5345803-S04-156I3-A-L-B-190,20.02.2020-03:44:27,2.00000000e+00,6.38938785e-01,8.82634926e+00,1.86995429e-03,1.93935226e+02,7.99385147e+01,1.83496017e+01,1.98304027e-01,1.10542369e+00
5345803-S04-156I3-A-L-B-190,20.02.2020-03:44:29,3.00000000e+00,6.37136579e-01,8.78610134e+00,1.92730641e-03,5.25320679e+02,7.97991028e+01,1.81826420e+01,1.71805054e-01,1.20446396e+00
5345803-S04-156I3-A-L-B-190,20.02.2020-03:44:31,2.10000000e+01,6.42357409e-01,8.90824890e+00,2.04816111e-03,4.33713165e+02,7.98569336e+01,1.85999584e+01,6.97665885e-02,1.26666859e-01
5345803-S04-156I3-A-L-B-190,20.02.2020-03:44:33,2.00000000e+00,6.37625992e-01,8.83976460e+00,1.94711611e-03,8.00532532e+02,7.97778244e+01,1.83028679e+01,7.01127648e-02,1.64587557e-01
5345803-S04-156I3-A-L-B-190,20.02.2020-03:44:35,1.90000000e+01,6.43675804e-01,8.92006207e+00,1.96967623e-03,1.39956802e+02,8.00457687e+01,1.87069778e+01,1.98906273e-01,2.63783783e-01
5345803-S04-156I3-A-L-B-190,20.02.2020-03:44:37,1.90000000e+01,6.43099070e-01,8.90475273e+00,1.80549023e-03,3.54938110e+02,8.03171234e+01,1.87213898e+01,8.03643540e-02,1.44389674e-01
5345803-S04-156I3-A-L-B-190,20.02.2020-03:44:39,2.10000000e+01,6.41834974e-01,8.89146423e+00,2.03937851e-03,2.27014786e+02,7.98372421e+01,1.85452366e+01,1.14299893e-01,1.91485956e-01
5345803-S04-156I3-A-L-B-190,20.02.2020-03:39:24,1.90000000e+01,6.43925071e-01,8.91017532e+00,2.09226529e-03,3.73005127e+02,8.01779404e+01,1.87243462e+01,1.58093467e-01,5.29734492e-01
5345803-S04-156I3-A-L-B-190,20.02.2020-03:39:26,1.90000000e+01,6.44121170e-01,8.93326283e+00,2.22388818e-03,2.79188202e+02,8.00644836e+01,1.87520084e+01,1.08158134e-01,2.96797127e-01
5345803-S04-156I3-A-L-B-190,20.02.2020-03:39:29,1.90000000e+01,6.44211471e-01,8.93755531e+00,1.62283878e-03,2.22117874e+02,8.01796112e+01,1.87906303e+01,1.29990369e-01,2.58436173e-01
5345803-S04-156I3-A-L-B-190,20.02.2020-03:39:31,1.90000000e+01,6.44145966e-01,8.92805672e+00,2.31152959e-03,4.63461884e+02,8.02479477e+01,1.87847481e+01,1.20546006e-01,2.74630725e-01
5345803-S04-156I3-A-L-B-190,20.02.2020-03:39:33,1.90000000e+01,6.44224167e-01,8.92125416e+00,1.77745323e-03,2.57906433e+02,8.02008209e+01,1.87616901e+01,1.19500011e-01,3.90593201e-01
5345803-S04-156I3-A-L-B-190,20.02.2020-03:39:35,1.90000000e+01,6.43323958e-01,8.91897202e+00,2.01211288e-03,4.97093445e+02,8.02841644e+01,1.87501431e+01,1.32596731e-01,3.65638524e-01
5345803-S04-156I3-A-L-B-190,20.02.2020-03:39:37,2.00000000e+01,6.42243803e-01,8.89489174e+00,2.06006668e-03,2.31238220e+02,8.02227097e+01,1.86538334e+01,2.22691432e-01,1.04414582e+00
5345803-S04-156I3-A-L-B-190,20.02.2020-03:39:39,9.00000000e+00,6.44269764e-01,8.98465347e+00,1.98423443e-03,1.22449646e+02,8.01490631e+01,1.88841629e+01,1.63265124e-01,2.01825932e-01
5345803-S04-156I3-A-L-B-190,20.02.2020-03:39:41,1.00000000e+00,6.39731109e-01,8.84054375e+00,1.47341273e-03,1.88816742e+02,8.01497345e+01,1.84505234e+01,1.75314978e-01,7.21154034e-01
5345803-S04-156I3-A-L-B-190,20.02.2020-03:39:43,9.00000000e+00,6.44140303e-01,8.98858738e+00,2.06065946e-03,3.38641205e+02,8.01413193e+01,1.88868084e+01,7.35234544e-02,9.62539613e-02
5345803-S04-156I3-A-L-B-190,20.02.2020-03:42:36,2.00000000e+00,6.39915526e-01,8.88187504e+00,2.60906317e-03,5.94890442e+01,7.91150894e+01,1.83027687e+01,5.39994419e-01,7.58226216e-01
5345803-S04-156I3-A-L-B-190,20.02.2020-03:42:38,2.00000000e+01,6.46503747e-01,8.98467922e+00,2.88886158e-03,4.95663910e+01,7.90325470e+01,1.86857185e+01,5.03223300e-01,5.86860299e-01
5345803-S04-156I3-A-L-B-190,20.02.2020-03:42:40,3.00000000e+00,6.34252846e-01,8.71995163e+00,1.56432507e-03,9.97179642e+01,8.05599670e+01,1.81353512e+01,3.14614087e-01,3.98813128e-01
5345803-S04-156I3-A-L-B-190,20.02.2020-03:42:42,2.10000000e+01,6.43353879e-01,8.89583302e+00,2.30079284e-03,7.76684036e+01,7.94986801e+01,1.85193901e+01,2.96682417e-01,3.42889935e-01
5345803-S04-156I3-A-L-B-190,20.02.2020-03:42:44,9.00000000e+00,6.44446790e-01,8.96369267e+00,1.73407397e-03,9.32489777e+01,8.00102081e+01,1.88126354e+01,3.25645924e-01,5.90842605e-01
5345803-S04-156I3-A-L-B-190,20.02.2020-03:42:47,1.90000000e+01,6.44218862e-01,8.92727947e+00,1.92153861e-03,8.01125793e+01,8.00729675e+01,1.87442760e+01,3.56783360e-01,8.00770283e-01
5345803-S04-156I3-A-L-B-190,20.02.2020-03:42:49,7.00000000e+00,6.48429930e-01,9.02390003e+00,2.12006760e-03,1.54098785e+02,8.00415192e+01,1.90635109e+01,2.18006551e-01,2.69527733e-01
5345803-S04-156I3-A-L-B-190,20.02.2020-03:42:51,1.00000000e+00,6.42898381e-01,8.89251232e+00,2.35558301e-03,7.76327438e+01,7.92954407e+01,1.84520741e+01,3.17251146e-01,3.70214760e-01
5345803-S04-156I3-A-L-B-190,20.02.2020-03:42:53,7.00000000e+00,6.48571491e-01,9.03368568e+00,2.11859751e-03,7.45438995e+01,7.99441299e+01,1.90651226e+01,2.76466906e-01,3.25863242e-01
5345803-S04-156I3-A-L-B-190,20.02.2020-03:42:55,1.00000000e+00,6.40366673e-01,8.87762451e+00,2.15661619e-03,1.31240311e+02,7.98085556e+01,1.84673729e+01,1.88139692e-01,3.62349510e-01
5345803-S04-156I3-A-L-B-190,20.02.2020-03:43:18,1.00000000e+00,6.43839121e-01,8.88691139e+00,2.33911397e-03,8.20766373e+01,7.93826675e+01,1.84877529e+01,4.58817661e-01,7.53943682e-01
5345803-S04-156I3-A-L-B-190,20.02.2020-03:43:20,1.90000000e+01,6.46229982e-01,8.96657085e+00,2.06031720e-03,1.08532066e+02,7.96219940e+01,1.87791843e+01,2.30516240e-01,2.66975343e-01
5345803-S04-156I3-A-L-B-190,20.02.2020-03:43:22,8.00000000e+00,6.47884071e-01,9.01341248e+00,2.23763450e-03,1.14302513e+02,7.98842468e+01,1.89879417e+01,2.69072145e-01,3.21115524e-01
5345803-S04-156I3-A-L-B-190,20.02.2020-03:43:24,2.00000000e+01,6.44910872e-01,8.94981098e+00,2.51245755e-03,3.42605362e+01,7.93857269e+01,1.86503143e+01,6.84337080e-01,8.09252501e-01
5345803-S04-156I3-A-L-B-190,20.02.2020-03:43:26,2.00000000e+01,6.45628393e-01,8.95425606e+00,2.39720638e-03,6.17432938e+01,7.93783112e+01,1.86785946e+01,4.43995237e-01,5.24551392e-01
5345803-S04-156I3-A-L-B-190,20.02.2020-03:43:28,1.40000000e+01,6.41707182e-01,8.90142632e+00,1.87040237e-03,1.88219070e+01,7.97670059e+01,1.85459881e+01,1.12966442e+00,1.34068704e+00
5345803-S04-156I3-A-L-B-190,20.02.2020-03:43:30,2.00000000e+01,6.43165350e-01,8.87693405e+00,2.05453415e-03,4.83138962e+01,8.00997925e+01,1.86143227e+01,6.27708852e-01,7.92095840e-01
5345803-S04-156I3-A-L-B-190,20.02.2020-03:43:32,1.00000000e+00,6.39228880e-01,8.87793827e+00,2.07584165e-03,1.18041901e+02,7.98439026e+01,1.84433784e+01,1.75109312e-01,3.33490044e-01
5345803-S04-156I3-A-L-B-190,20.02.2020-03:43:35,8.00000000e+00,6.48420453e-01,9.02437401e+00,2.14593788e-03,1.18856781e+02,7.98411865e+01,1.90165176e+01,2.06839249e-01,2.48795271e-01
5345803-S04-156I3-A-L-B-190,20.02.2020-03:43:37,8.00000000e+00,6.48616552e-01,9.02296352e+00,2.03045807e-03,6.36702652e+01,7.98250427e+01,1.90154495e+01,3.06628734e-01,3.73165905e-01
5345803-S04-156I3-A-L-B-190,20.02.2020-03:44:00,1.00000000e+00,6.40339613e-01,8.86664200e+00,2.15255446e-03,2.68650940e+02,7.98691788e+01,1.84577599e+01,1.40208006e-01,5.12855291e-01
5345803-S04-156I3-A-L-B-190,20.02.2020-03:44:02,1.90000000e+01,6.43469214e-01,8.92088127e+00,1.93387468e-03,2.51530670e+02,8.02127075e+01,1.87416973e+01,7.89177716e-02,1.34996548e-01
5345803-S04-156I3-A-L-B-190,20.02.2020-03:44:04,2.00000000e+00,6.37844920e-01,8.87152958e+00,1.97695382e-03,3.12178223e+02,7.97904510e+01,1.83778496e+01,1.13219939e-01,2.05959275e-01
5345803-S04-156I3-A-L-B-190,20.02.2020-03:44:06,2.10000000e+01,6.39594018e-01,8.87165070e+00,1.60936953e-03,2.44068008e+02,8.03025742e+01,1.85467777e+01,1.95869684e-01,4.19318259e-01
5345803-S04-156I3-A-L-B-190,20.02.2020-03:44:08,1.00000000e+00,6.40314162e-01,8.86022663e+00,2.00233469e-03,4.77325165e+02,8.00647888e+01,1.84888401e+01,8.46035257e-02,4.06719565e-01
5345803-S04-156I3-A-L-B-190,20.02.2020-03:44:10,1.00000000e+00,6.40212893e-01,8.84816360e+00,1.84703362e-03,1.69069214e+02,8.01318359e+01,1.84762077e+01,1.16013877e-01,4.45518464e-01
5345803-S04-156I3-A-L-B-190,20.02.2020-03:44:12,2.00000000e+00,6.36951685e-01,8.87367535e+00,2.03721598e-03,2.39267090e+02,7.95926743e+01,1.83110542e+01,1.74305663e-01,5.48025310e-01
5345803-S04-156I3-A-L-B-190,20.02.2020-03:44:14,1.00000000e+00,6.40108347e-01,8.84804916e+00,1.89943146e-03,3.00489563e+02,8.00611115e+01,1.84566479e+01,1.07936822e-01,4.30323839e-01
5345803-S04-156I3-A-L-B-190,20.02.2020-03:44:16,2.10000000e+01,6.41143084e-01,8.86213017e+00,1.92335516e-03,3.27512482e+02,8.00476913e+01,1.85127983e+01,1.01753786e-01,5.95283508e-01
5345803-S04-156I3-A-L-B-190,20.02.2020-03:44:18,2.10000000e+01,6.41906917e-01,8.88611221e+00,2.10037129e-03,2.85932495e+02,8.00270081e+01,1.85802097e+01,8.75298455e-02,3.63468319e-01
5345803-S04-156I3-A-L-B-190,20.02.2020-03:44:42,2.00000000e+00,6.38726175e-01,8.87779331e+00,2.23158998e-03,2.34002670e+02,7.97097931e+01,1.83976192e+01,1.21139430e-01,2.22806454e-01
5345803-S04-156I3-A-L-B-190,20.02.2020-03:44:44,2.10000000e+01,6.39628470e-01,8.87511539e+00,1.93716283e-03,2.79299408e+02,8.01160431e+01,1.85119190e+01,9.74493101e-02,2.56681472e-01
5345803-S04-156I3-A-L-B-190,20.02.2020-03:44:48,2.10000000e+01,6.42623901e-01,8.89040565e+00,2.05331901e-03,5.55461609e+02,7.96476364e+01,1.85217285e+01,7.28321224e-02,9.07976925e-02
5345803-S04-156I3-A-L-B-190,20.02.2020-03:44:50,1.00000000e+00,6.40750468e-01,8.85997200e+00,1.91020395e-03,3.30891327e+02,7.98232498e+01,1.84450932e+01,7.64629692e-02,1.50996283e-01
5345803-S04-156I3-A-L-B-190,20.02.2020-03:44:52,2.10000000e+01,6.40529692e-01,8.86901474e+00,2.08429550e-03,2.16974045e+02,8.00220108e+01,1.85035172e+01,8.73392969e-02,1.04969293e-01
5345803-S04-156I3-A-L-B-190,20.02.2020-03:44:54,2.00000000e+01,6.43382370e-01,8.92552853e+00,2.18011625e-03,1.30200302e+02,7.99677277e+01,1.86916676e+01,1.59114346e-01,1.98179916e-01
5345803-S04-156I3-A-L-B-190,20.02.2020-03:44:56,1.00000000e+00,6.40945613e-01,8.88648701e+00,2.13293382e-03,4.54334747e+02,7.97972031e+01,1.84998913e+01,6.80769235e-02,8.20281655e-02
5345803-S04-156I3-A-L-B-190,20.02.2020-03:44:58,1.00000000e+00,6.39281392e-01,8.86441994e+00,1.85213750e-03,6.27800110e+02,7.99886398e+01,1.84501915e+01,7.43791610e-02,1.72319084e-01
5345803-S04-156I3-A-L-B-190,20.02.2020-03:45:01,2.00000000e+00,6.38149440e-01,8.84616470e+00,1.96362077e-03,4.99792633e+02,8.00584106e+01,1.83956280e+01,1.01777539e-01,2.70965517e-01
5345803-S04-156I3-A-L-B-190,20.02.2020-03:45:03,2.00000000e+00,6.38848424e-01,8.84604073e+00,1.87330169e-03,1.41880051e+02,7.99264145e+01,1.83851547e+01,2.16550201e-01,3.59771758e-01
5345803-S04-156I3-A-L-B-190,20.02.2020-03:45:55,9.00000000e+00,6.45489931e-01,8.91365147e+00,1.94527989e-03,3.36858429e+02,8.04726791e+01,1.88461990e+01,6.96351752e-02,1.65010303e-01
5345803-S04-156I3-A-L-B-190,20.02.2020-03:45:58,8.00000000e+00,6.47834063e-01,8.95837593e+00,1.72047794e-03,2.21225769e+02,8.03300934e+01,1.89758644e+01,1.02546275e-01,1.22998148e-01
5345803-S04-156I3-A-L-B-190,20.02.2020-03:46:00,1.90000000e+01,6.44167066e-01,8.91988564e+00,1.87635783e-03,5.94300842e+02,8.00549698e+01,1.87230377e+01,8.63164365e-02,2.46473908e-01
5345803-S04-156I3-A-L-B-190,20.02.2020-03:46:02,2.00000000e+01,6.43986940e-01,8.88056564e+00,2.10558157e-03,2.21865082e+02,8.00217514e+01,1.86275578e+01,9.70852152e-02,1.29781082e-01
5345803-S04-156I3-A-L-B-190,20.02.2020-03:46:04,9.00000000e+00,6.45147145e-01,8.94767666e+00,1.74629455e-03,1.80541183e+02,8.02844620e+01,1.88638687e+01,1.68363765e-01,2.10079566e-01
5345803-S04-156I3-A-L-B-190,20.02.2020-03:46:06,1.00000000e+00,6.38671160e-01,8.82789516e+00,1.75434048e-03,3.38098999e+02,8.02249985e+01,1.84108734e+01,1.03029720e-01,4.00969565e-01
5345803-S04-156I3-A-L-B-190,20.02.2020-03:46:29,1.90000000e+01,6.42518640e-01,8.93258858e+00,2.02282052e-03,3.80058319e+02,8.03709717e+01,1.87755432e+01,1.22874379e-01,1.83640659e-01
5345803-S04-156I3-A-L-B-190,20.02.2020-03:46:31,1.90000000e+01,6.44665003e-01,8.86485291e+00,1.71163934e-03,2.85340729e+02,8.04673157e+01,1.87178230e+01,1.20699912e-01,1.74313977e-01
5345803-S04-156I3-A-L-B-190,20.02.2020-03:46:33,2.00000000e+01,6.43080950e-01,8.86769390e+00,1.77556986e-03,3.62345978e+02,8.03111801e+01,1.86415710e+01,6.55720457e-02,9.51676220e-02
5345803-S04-156I3-A-L-B-190,20.02.2020-03:46:35,1.90000000e+01,6.44818246e-01,8.86447048e+00,1.69599510e-03,3.69634094e+02,8.04637909e+01,1.87206459e+01,5.86579964e-02,9.67921242e-02
5345803-S04-156I3-A-L-B-190,20.02.2020-03:47:22,1.90000000e+01,6.43659770e-01,8.94577122e+00,2.18087854e-03,4.12069855e+02,8.00537338e+01,1.87622948e+01,6.61337674e-02,7.88069218e-02
5345803-S04-156I3-A-L-B-190,20.02.2020-03:47:24,8.00000000e+00,6.47827864e-01,8.97495651e+00,1.64418621e-03,2.79354370e+02,8.01224670e+01,1.89616661e+01,7.94425756e-02,9.56252962e-02
5345803-S04-156I3-A-L-B-190,20.02.2020-03:47:26,9.00000000e+00,6.46427691e-01,8.93048286e+00,1.74903218e-03,4.86966797e+02,8.02776031e+01,1.88633766e+01,8.55666697e-02,1.89533278e-01
5345803-S04-156I3-A-L-B-190,20.02.2020-03:47:28,9.00000000e+00,6.45365238e-01,8.97159290e+00,1.99706713e-03,4.18792969e+02,8.00227890e+01,1.88590145e+01,5.14883250e-02,7.29688853e-02
5345803-S04-156I3-A-L-B-190,20.02.2020-03:47:30,9.00000000e+00,6.47234678e-01,8.94414902e+00,1.86781143e-03,4.12667877e+02,8.01952515e+01,1.88964252e+01,8.46583024e-02,1.45444989e-01
5345803-S04-156I3-A-L-B-190,20.02.2020-03:47:32,2.00000000e+01,6.44893587e-01,8.85709095e+00,1.68944837e-03,3.48843872e+02,8.00943146e+01,1.86213455e+01,1.39099285e-01,8.49786103e-01
5345803-S04-156I3-A-L-B-190,20.02.2020-03:47:34,1.90000000e+01,6.45566940e-01,8.92161465e+00,2.25966144e-03,3.60051910e+02,8.00973358e+01,1.87772942e+01,1.34539440e-01,2.34059095e-01
5345803-S04-156I3-A-L-B-190,20.02.2020-03:47:36,9.00000000e+00,6.44590020e-01,8.94933510e+00,1.98672805e-03,4.88998108e+02,8.01152115e+01,1.88113308e+01,7.46869966e-02,1.09580964e-01
5345803-S04-156I3-A-L-B-190,20.02.2020-03:47:38,2.00000000e+01,6.41627133e-01,8.90358162e+00,1.72692828e-03,2.77588959e+02,8.01930618e+01,1.86472359e+01,1.20262079e-01,2.30556399e-01
5345803-S04-156I3-A-L-B-190,20.02.2020-03:47:40,9.00000000e+00,6.43879950e-01,8.94788933e+00,1.78989139e-03,1.11195679e+02,8.02160416e+01,1.88112202e+01,1.90093502e-01,2.47965202e-01
5345803-S04-156I3-A-L-B-190,20.02.2020-03:48:03,2.00000000e+00,6.37132227e-01,8.83619308e+00,2.02576024e-03,1.34554352e+02,7.99724350e+01,1.83258991e+01,2.73330212e-01,9.17975068e-01
5345803-S04-156I3-A-L-B-190,20.02.2020-03:48:05,1.90000000e+01,6.44300461e-01,8.93143845e+00,2.12388090e-03,2.48629395e+02,8.02088470e+01,1.87872124e+01,1.41236931e-01,2.33176872e-01
5345803-S04-156I3-A-L-B-190,20.02.2020-03:48:08,2.10000000e+01,6.41865671e-01,8.87219906e+00,1.87213824e-03,3.02675995e+02,8.01089706e+01,1.85689259e+01,1.38831750e-01,2.70802975e-01
5345803-S04-156I3-A-L-B-190,20.02.2020-03:48:10,2.00000000e+01,6.42750800e-01,8.92862797e+00,1.99558330e-03,2.27829681e+02,8.00382385e+01,1.86962738e+01,1.63096324e-01,2.07048535e-01
5345803-S04-156I3-A-L-B-190,20.02.2020-03:48:12,2.00000000e+01,6.43037319e-01,8.89224339e+00,1.73523067e-03,1.45155823e+02,8.01430130e+01,1.86527710e+01,2.57188231e-01,4.18311179e-01
5345803-S04-156I3-A-L-B-190,20.02.2020-03:48:14,2.10000000e+01,6.41493261e-01,8.88337421e+00,2.07178760e-03,4.30739960e+02,7.98704529e+01,1.85262012e+01,8.10249448e-02,1.71657294e-01
5345803-S04-156I3-A-L-B-190,20.02.2020-03:48:16,2.10000000e+01,6.41444206e-01,8.88823414e+00,1.90242112e-03,1.28648239e+02,8.00137939e+01,1.85681839e+01,2.98955202e-01,6.53130949e-01
5345803-S04-156I3-A-L-B-190,20.02.2020-03:48:18,1.00000000e+00,6.40335083e-01,8.81633949e+00,1.37440627e-03,2.16103745e+02,8.02759628e+01,1.84463863e+01,2.52543867e-01,9.30457115e-01
5345803-S04-156I3-A-L-B-190,20.02.2020-03:48:20,1.90000000e+01,6.43255711e-01,8.95569992e+00,1.92482898e-03,1.04194046e+02,7.98406067e+01,1.87213516e+01,2.39425227e-01,3.59095454e-01
5345803-S04-156I3-A-L-B-190,20.02.2020-03:48:22,2.00000000e+01,6.42425001e-01,8.90187550e+00,2.16723722e-03,2.55692566e+02,7.99700165e+01,1.86149254e+01,2.49763533e-01,5.70929348e-01
5345803-S04-156I3-A-L-B-190,20.02.2020-03:45:05,2.00000000e+00,6.37872815e-01,8.83639050e+00,2.01765401e-03,4.38003296e+02,7.97016144e+01,1.82854767e+01,1.37749806e-01,3.60666841e-01
5345803-S04-156I3-A-L-B-190,20.02.2020-03:45:07,2.00000000e+01,6.43346786e-01,8.87927437e+00,2.22786283e-03,3.25480957e+02,8.00881042e+01,1.86217632e+01,8.39844272e-02,1.45509735e-01
5345803-S04-156I3-A-L-B-190,20.02.2020-03:45:09,1.90000000e+01,6.42841995e-01,8.94809246e+00,2.01090076e-03,2.55150833e+02,8.01763382e+01,1.87720242e+01,1.71366662e-01,2.86911726e-01
5345803-S04-156I3-A-L-B-190,20.02.2020-03:45:11,1.90000000e+01,6.44771278e-01,8.91114807e+00,1.74283760e-03,1.44289795e+02,8.03191071e+01,1.87840137e+01,2.25742623e-01,3.16777021e-01
5345803-S04-156I3-A-L-B-190,20.02.2020-03:45:43,9.00000000e+00,6.44199252e-01,8.94606400e+00,1.91380351e-03,2.87906097e+02,8.03421021e+01,1.88462791e+01,7.92696550e-02,1.12643614e-01
5345803-S04-156I3-A-L-B-190,20.02.2020-03:45:45,8.00000000e+00,6.47439361e-01,8.94816875e+00,1.67587365e-03,4.27218475e+02,8.02752686e+01,1.89297657e+01,6.69176728e-02,8.27503428e-02
5345803-S04-156I3-A-L-B-190,20.02.2020-03:45:47,9.00000000e+00,6.46911800e-01,8.93044186e+00,2.09786370e-03,3.95139526e+02,8.03389206e+01,1.88918400e+01,1.33068651e-01,2.05809072e-01
5345803-S04-156I3-A-L-B-190,20.02.2020-03:45:49,1.90000000e+01,6.47696078e-01,8.88153744e+00,1.70335814e-03,3.92934235e+02,8.02449341e+01,1.87891560e+01,6.22142889e-02,1.17922023e-01
5345803-S04-156I3-A-L-B-190,20.02.2020-03:45:51,9.00000000e+00,6.46122634e-01,8.92613983e+00,2.09717872e-03,2.94919342e+02,8.02882690e+01,1.88478107e+01,1.18969172e-01,2.14461401e-01
5345803-S04-156I3-A-L-B-190,20.02.2020-03:45:53,1.00000000e+00,6.39846265e-01,8.93489075e+00,2.07139598e-03,2.68281067e+02,7.94810562e+01,1.84951859e+01,1.06790699e-01,1.73217610e-01
5345803-S04-156I3-A-L-B-190,20.02.2020-03:46:37,8.00000000e+00,6.47213042e-01,8.95002937e+00,1.74036832e-03,3.96041168e+02,8.05048752e+01,1.89812183e+01,7.91376606e-02,1.10253587e-01
5345803-S04-156I3-A-L-B-190,20.02.2020-03:46:39,2.00000000e+01,6.41056359e-01,8.90656376e+00,2.09568767e-03,2.93420532e+02,8.02049484e+01,1.86396503e+01,1.16167903e-01,2.76523501e-01
5345803-S04-156I3-A-L-B-190,20.02.2020-03:46:41,9.00000000e+00,6.44397616e-01,8.93961334e+00,1.55867497e-03,2.97912201e+02,8.03649673e+01,1.88438492e+01,1.34457916e-01,2.15844035e-01
5345803-S04-156I3-A-L-B-190,20.02.2020-03:46:44,9.00000000e+00,6.44860744e-01,8.93884659e+00,1.81385037e-03,4.80217499e+02,8.02450409e+01,1.88276386e+01,4.88852859e-02,8.55988190e-02
5345803-S04-156I3-A-L-B-190,20.02.2020-03:46:46,9.00000000e+00,6.45063519e-01,8.94397354e+00,2.02678470e-03,3.32703247e+02,8.02607651e+01,1.88480511e+01,9.69870538e-02,1.29249632e-01
5345803-S04-156I3-A-L-B-190,20.02.2020-03:46:48,9.00000000e+00,6.44742429e-01,8.94140339e+00,1.96080259e-03,5.20247620e+02,8.02025909e+01,1.88196049e+01,1.15185998e-01,1.74615651e-01
5345803-S04-156I3-A-L-B-190,20.02.2020-03:46:50,1.90000000e+01,6.43652141e-01,8.93044758e+00,1.69031625e-03,4.00778961e+02,8.02607727e+01,1.87783737e+01,1.09677225e-01,1.89359128e-01
5345803-S04-156I3-A-L-B-190,20.02.2020-03:46:52,1.90000000e+01,6.43975616e-01,8.94090366e+00,2.02561519e-03,3.15325409e+02,8.00785980e+01,1.87671146e+01,1.29039600e-01,2.49381155e-01
5345803-S04-156I3-A-L-B-190,20.02.2020-03:46:54,9.00000000e+00,6.44802928e-01,8.94780636e+00,1.82402541e-03,2.39967239e+02,8.02657394e+01,1.88496799e+01,1.23127766e-01,1.88311309e-01
5345803-S04-156I3-A-L-B-190,20.02.2020-03:46:56,2.40000000e+01,6.43301487e-01,8.93911076e+00,1.92765088e-03,1.23895340e+01,8.00165634e+01,1.87291889e+01,5.02700138e+00,1.90050459e+00
5345803-S04-156I3-A-L-B-190,20.02.2020-03:47:42,1.90000000e+01,6.43406451e-01,8.93673706e+00,1.85256405e-03,2.65796844e+02,8.01332779e+01,1.87545872e+01,2.27769822e-01,3.59072119e-01
5345803-S04-156I3-A-L-B-190,20.02.2020-03:47:45,1.90000000e+01,6.44372940e-01,8.94483089e+00,2.01163278e-03,2.36596466e+02,8.00929260e+01,1.87903023e+01,1.74138844e-01,2.31544569e-01
5345803-S04-156I3-A-L-B-190,20.02.2020-03:47:47,1.90000000e+01,6.44500971e-01,8.90049171e+00,1.82018266e-03,2.32466629e+02,8.03037033e+01,1.87500896e+01,1.77551091e-01,5.43531418e-01
5345803-S04-156I3-A-L-B-190,20.02.2020-03:47:49,1.90000000e+01,6.45020425e-01,8.93554306e+00,1.98459602e-03,3.22992706e+02,8.01358795e+01,1.87997303e+01,1.84109554e-01,3.61110479e-01
5345803-S04-156I3-A-L-B-190,20.02.2020-03:47:51,2.10000000e+01,6.39261425e-01,8.89866066e+00,1.49182172e-03,1.84623642e+02,7.99251633e+01,1.85061836e+01,1.18688978e-01,1.40818402e-01
5345803-S04-156I3-A-L-B-190,20.02.2020-03:47:53,2.10000000e+01,6.43356085e-01,8.88529205e+00,2.48507899e-03,5.36927917e+02,7.97666473e+01,1.85598564e+01,1.36582822e-01,3.43090504e-01
5345803-S04-156I3-A-L-B-190,20.02.2020-03:47:55,1.90000000e+01,6.44668281e-01,8.90870857e+00,2.02827202e-03,4.08387695e+02,8.00915909e+01,1.87226868e+01,1.36638433e-01,2.52470493e-01
5345803-S04-156I3-A-L-B-190,20.02.2020-03:47:57,9.00000000e+00,6.44757152e-01,8.94855404e+00,1.61569181e-03,1.81257889e+02,8.02072372e+01,1.88361778e+01,1.76458254e-01,2.67318547e-01
5345803-S04-156I3-A-L-B-190,20.02.2020-03:47:59,2.10000000e+01,6.42129838e-01,8.86568737e+00,2.27182056e-03,4.17392975e+02,7.99901505e+01,1.85354023e+01,1.31661370e-01,9.28660035e-01
5345803-S04-156I3-A-L-B-190,20.02.2020-03:48:01,2.00000000e+01,6.43567920e-01,8.91008282e+00,1.92068296e-03,1.97366501e+02,8.00224075e+01,1.86774654e+01,2.27195263e-01,3.30839515e-01
5345803-S04-156I3-A-L-B-190,20.02.2020-03:48:24,1.90000000e+01,6.42357230e-01,8.91725254e+00,1.84393197e-03,1.36837250e+02,8.02217407e+01,1.87038040e+01,2.48536155e-01,3.85065943e-01
5345803-S04-156I3-A-L-B-190,20.02.2020-03:48:26,1.30000000e+01,6.33991599e-01,8.76557255e+00,1.95065117e-03,2.59992401e+02,7.95026703e+01,1.79835606e+01,1.10239245e-01,2.30234444e-01
5345803-S04-156I3-A-L-B-190,20.02.2020-03:48:28,2.00000000e+01,6.43504143e-01,8.86329746e+00,1.81213452e-03,2.11072052e+02,8.02638397e+01,1.86336021e+01,1.98832586e-01,6.32914960e-01
5345803-S04-156I3-A-L-B-190,20.02.2020-03:48:31,2.00000000e+00,6.38069749e-01,8.79215813e+00,2.00890191e-03,4.26725952e+02,7.98802795e+01,1.82403603e+01,1.73913255e-01,9.55330372e-01
5345803-S04-156I3-A-L-B-190,20.02.2020-03:48:33,2.00000000e+00,6.40094340e-01,8.83820915e+00,2.03601760e-03,2.49907547e+02,7.98509979e+01,1.83873348e+01,9.18564647e-02,1.25003561e-01
5345803-S04-156I3-A-L-B-190,20.02.2020-03:48:35,2.00000000e+00,6.34133995e-01,8.71981430e+00,1.51239301e-03,3.06245331e+02,8.09516449e+01,1.82198219e+01,1.69015482e-01,1.32969952e+00
5345803-S04-156I3-A-L-B-190,20.02.2020-03:48:37,1.00000000e+00,6.41243219e-01,8.82508755e+00,1.84720126e-03,1.25134995e+02,7.99176254e+01,1.84083366e+01,2.51252651e-01,6.95141971e-01
5345803-S04-156I3-A-L-B-190,20.02.2020-03:48:39,2.10000000e+01,6.40964091e-01,8.87133121e+00,1.98514457e-03,1.90174698e+02,7.99684906e+01,1.85085163e+01,1.52028650e-01,2.69056290e-01
5345803-S04-156I3-A-L-B-190,20.02.2020-03:48:41,1.90000000e+01,6.44758940e-01,8.92744446e+00,1.98022835e-03,2.88415833e+02,7.99043274e+01,1.87208271e+01,1.29518926e-01,2.12120846e-01
5345803-S04-156I3-A-L-B-190,20.02.2020-03:48:43,1.90000000e+01,6.45378947e-01,8.89794350e+00,1.66493561e-03,1.86323181e+02,8.01890564e+01,1.87434597e+01,1.89291522e-01,3.72546107e-01
5345803-S04-156I3-A-L-B-190,20.02.2020-03:49:27,9.00000000e+00,6.42235577e-01,8.96697712e+00,1.83006725e-03,4.90175110e+02,8.03738861e+01,1.88402023e+01,6.78947195e-02,1.88085049e-01
5345803-S04-156I3-A-L-B-190,20.02.2020-03:49:29,2.00000000e+01,6.40298069e-01,8.93312359e+00,1.82871614e-03,2.18145294e+02,8.03100662e+01,1.86975937e+01,1.88530073e-01,6.81657672e-01
5345803-S04-156I3-A-L-B-190,20.02.2020-03:49:31,9.00000000e+00,6.42562211e-01,8.97532463e+00,1.82644650e-03,1.25953346e+02,8.03070984e+01,1.88516541e+01,1.64913371e-01,3.01568627e-01
5345803-S04-156I3-A-L-B-190,20.02.2020-03:49:33,1.90000000e+01,6.42233193e-01,8.93601036e+00,1.55330799e-03,1.83300262e+02,8.03116074e+01,1.87605228e+01,1.62849367e-01,7.07848370e-01
5345803-S04-156I3-A-L-B-190,20.02.2020-03:49:35,1.90000000e+01,6.41398966e-01,8.92690754e+00,1.71293959e-03,3.16573212e+02,8.02578735e+01,1.87045441e+01,1.30391389e-01,5.98248243e-01
5345803-S04-156I3-A-L-B-190,20.02.2020-03:49:38,8.00000000e+00,6.44128740e-01,9.01338196e+00,1.99507526e-03,9.45498734e+01,8.00476837e+01,1.89164391e+01,2.16849267e-01,4.09920394e-01
5345803-S04-156I3-A-L-B-190,20.02.2020-03:49:40,9.00000000e+00,6.44254804e-01,8.96081257e+00,1.60546752e-03,1.18095833e+02,8.03277969e+01,1.88756142e+01,1.85993314e-01,2.33657986e-01
5345803-S04-156I3-A-L-B-190,20.02.2020-03:49:42,9.00000000e+00,6.44767344e-01,8.96155834e+00,1.61265314e-03,4.17468506e+02,8.02399597e+01,1.88715458e+01,6.09544404e-02,9.01631489e-02
5345803-S04-156I3-A-L-B-190,20.02.2020-03:49:44,9.00000000e+00,6.43384635e-01,8.92922401e+00,1.56600110e-03,3.96739441e+02,8.04744568e+01,1.88179646e+01,7.22582340e-02,1.58353373e-01
5345803-S04-156I3-A-L-B-190,20.02.2020-03:49:46,1.90000000e+01,6.42513871e-01,8.93091583e+00,1.63713167e-03,1.73846451e+02,8.01265488e+01,1.87147999e+01,1.19478442e-01,1.77357092e-01
5345803-S04-156I3-A-L-B-190,20.02.2020-03:50:09,3.00000000e+00,6.33401215e-01,8.74720764e+00,1.39540934e-03,1.25639488e+02,7.98804016e+01,1.80143566e+01,1.98926434e-01,4.14171100e-01
5345803-S04-156I3-A-L-B-190,20.02.2020-03:50:11,2.00000000e+01,6.40990973e-01,8.88741398e+00,1.58765225e-03,1.03521561e+02,8.02682953e+01,1.86123657e+01,2.18702212e-01,5.42302966e-01
5345803-S04-156I3-A-L-B-190,20.02.2020-03:50:13,2.00000000e+01,6.40181363e-01,8.96415997e+00,1.81245629e-03,3.83681976e+02,7.99078293e+01,1.86651783e+01,9.74430665e-02,1.62255391e-01
5345803-S04-156I3-A-L-B-190,20.02.2020-03:50:15,9.00000000e+00,6.44239187e-01,8.95351887e+00,1.67639670e-03,7.64224182e+02,8.03664246e+01,1.88688622e+01,5.78059293e-02,2.13200092e-01
5345803-S04-156I3-A-L-B-190,20.02.2020-03:50:17,9.00000000e+00,6.44444883e-01,8.94107533e+00,1.62567524e-03,2.02192429e+02,8.03022690e+01,1.88336086e+01,1.36381030e-01,4.11908001e-01
5345803-S04-156I3-A-L-B-190,20.02.2020-03:50:19,2.00000000e+01,6.40461266e-01,8.91265965e+00,1.73113076e-03,1.68420319e+02,8.01630936e+01,1.86253681e+01,1.85992002e-01,5.22876143e-01
5345803-S04-156I3-A-L-B-190,20.02.2020-03:50:21,1.90000000e+01,6.42644167e-01,8.93509674e+00,2.05610134e-03,1.28546741e+03,8.01859818e+01,1.87412453e+01,1.08454533e-01,7.81090260e-01
5345803-S04-156I3-A-L-B-190,20.02.2020-03:50:23,9.00000000e+00,6.43225670e-01,8.96888447e+00,1.89204200e-03,3.56811646e+02,8.02023010e+01,1.88329716e+01,9.50198919e-02,3.19886982e-01
5345803-S04-156I3-A-L-B-190,20.02.2020-03:50:25,9.00000000e+00,6.44130349e-01,8.96528435e+00,1.80197472e-03,3.48907928e+02,8.02776184e+01,1.88695927e+01,6.12235665e-02,1.55414581e-01
5345803-S04-156I3-A-L-B-190,20.02.2020-03:50:27,9.00000000e+00,6.44257009e-01,8.95213127e+00,1.61457458e-03,1.95713821e+02,8.03902740e+01,1.88720589e+01,1.06017239e-01,2.85931766e-01
5345803-S04-156I3-A-L-B-190,20.02.2020-03:50:50,8.00000000e+00,6.45315945e-01,8.97931480e+00,1.88419200e-03,4.17582977e+02,8.02829819e+01,1.89351730e+01,5.99761419e-02,1.89453229e-01
5345803-S04-156I3-A-L-B-190,20.02.2020-03:50:52,8.00000000e+00,6.45187199e-01,8.97380638e+00,1.85496616e-03,1.50726273e+02,8.03249741e+01,1.89296780e+01,1.51601896e-01,2.75899529e-01
5345803-S04-156I3-A-L-B-190,20.02.2020-03:50:55,9.00000000e+00,6.45035148e-01,8.95256615e+00,1.73699670e-03,3.09953583e+02,8.02901535e+01,1.88722382e+01,7.19085559e-02,2.59698898e-01
5345803-S04-156I3-A-L-B-190,20.02.2020-03:50:57,2.00000000e+01,6.40805781e-01,8.93962383e+00,1.90176361e-03,3.62908020e+02,8.01200409e+01,1.86817284e+01,9.57487598e-02,5.35405993e-01
5345803-S04-156I3-A-L-B-190,20.02.2020-03:50:59,8.00000000e+00,6.45427704e-01,8.98258686e+00,1.72506226e-03,3.00597290e+02,8.04201431e+01,1.89777222e+01,7.52338171e-02,3.15893084e-01
5345803-S04-156I3-A-L-B-190,20.02.2020-03:51:01,8.00000000e+00,6.44869268e-01,8.98853874e+00,2.16492917e-03,2.06666031e+02,8.02154846e+01,1.89255772e+01,1.01779282e-01,2.51786023e-01
5345803-S04-156I3-A-L-B-190,20.02.2020-03:51:03,2.00000000e+01,6.40562177e-01,8.93429279e+00,1.83578872e-03,2.79135590e+02,8.01541443e+01,1.86714325e+01,1.03630833e-01,4.04915154e-01
5345803-S04-156I3-A-L-B-190,20.02.2020-03:51:05,8.00000000e+00,6.44630313e-01,8.99526310e+00,1.51040265e-03,4.09580879e+01,8.02276230e+01,1.89355850e+01,3.21732879e-01,4.87372279e-01
5345803-S04-156I3-A-L-B-190,20.02.2020-03:51:07,8.00000000e+00,6.44755661e-01,8.97074413e+00,1.79064984e-03,2.33288132e+02,8.03256989e+01,1.89107323e+01,9.71789062e-02,2.43502378e-01
5345803-S04-156I3-A-L-B-190,20.02.2020-03:51:09,9.00000000e+00,6.43474221e-01,8.94296551e+00,1.68923032e-03,1.40815369e+02,8.04545517e+01,1.88448868e+01,2.04296708e-01,4.59283173e-01
5345803-S04-156I3-A-L-B-190,20.02.2020-03:51:34,1.90000000e+01,6.43239319e-01,8.94924736e+00,1.75528589e-03,1.67385895e+02,8.00050659e+01,1.87459202e+01,1.46813393e-01,2.90562630e-01
5345803-S04-156I3-A-L-B-190,20.02.2020-03:51:36,7.00000000e+00,6.47728443e-01,9.01041031e+00,1.88240630e-03,1.39480835e+02,8.04078522e+01,1.91014442e+01,1.80313647e-01,2.39149153e-01
5345803-S04-156I3-A-L-B-190,20.02.2020-03:51:38,8.00000000e+00,6.46603882e-01,8.98500252e+00,2.01655063e-03,1.13349510e+02,8.02544861e+01,1.89782448e+01,2.05939651e-01,4.15371001e-01
5345803-S04-156I3-A-L-B-190,20.02.2020-03:51:40,1.90000000e+01,6.45310998e-01,8.92904091e+00,1.55235606e-03,2.26973724e+02,7.98050690e+01,1.87169266e+01,1.28355548e-01,1.57528624e-01
5345803-S04-156I3-A-L-B-190,20.02.2020-03:51:42,1.90000000e+01,6.43577814e-01,8.94964600e+00,1.82067393e-03,2.59689484e+02,8.01407242e+01,1.87884254e+01,1.42626569e-01,3.58202428e-01
5345803-S04-156I3-A-L-B-190,20.02.2020-03:51:44,1.30000000e+01,6.26865089e-01,8.77519703e+00,1.88102468e-03,1.95639252e+02,8.00383072e+01,1.79208698e+01,2.11838484e-01,6.66996658e-01
5345803-S04-156I3-A-L-B-190,20.02.2020-03:51:46,1.90000000e+01,6.43831432e-01,8.94577885e+00,2.02307641e-03,1.17881454e+02,7.99406891e+01,1.87408104e+01,1.97555140e-01,4.82803971e-01
5345803-S04-156I3-A-L-B-190,20.02.2020-03:51:49,7.00000000e+00,6.47297442e-01,9.01139545e+00,1.91733753e-03,1.54151047e+02,8.01206894e+01,1.90226421e+01,1.38053715e-01,1.73350602e-01
5345803-S04-156I3-A-L-B-190,20.02.2020-03:51:51,8.00000000e+00,6.47054493e-01,8.99604416e+00,2.04483978e-03,1.52354675e+02,8.01145630e+01,1.89816570e+01,2.06161946e-01,2.49791354e-01
5345803-S04-156I3-A-L-B-190,20.02.2020-03:51:53,7.00000000e+00,6.47577584e-01,9.01653767e+00,1.80711446e-03,2.06994904e+02,8.01538239e+01,1.90496101e+01,1.54379025e-01,1.92294002e-01
5345803-S04-156I3-A-L-B-190,20.02.2020-03:47:00,9.00000000e+00,6.44640267e-01,8.93675137e+00,1.97078078e-03,3.89529510e+02,8.02997818e+01,1.88296261e+01,8.49788636e-02,1.33161455e-01
5345803-S04-156I3-A-L-B-190,20.02.2020-03:47:03,1.90000000e+01,6.44668341e-01,8.93625069e+00,1.69365120e-03,3.76393890e+02,8.01439743e+01,1.87928562e+01,1.11695334e-01,1.46594256e-01
5345803-S04-156I3-A-L-B-190,20.02.2020-03:47:05,2.00000000e+00,6.38974309e-01,8.84109592e+00,2.12600385e-03,5.76878967e+02,7.99174194e+01,1.83764305e+01,8.71029496e-02,2.76592553e-01
5345803-S04-156I3-A-L-B-190,20.02.2020-03:47:07,1.90000000e+01,6.42953992e-01,8.92425728e+00,1.60213688e-03,2.50921143e+02,8.03276749e+01,1.87606277e+01,1.12423182e-01,2.16838583e-01
5345803-S04-156I3-A-L-B-190,20.02.2020-03:47:09,2.10000000e+01,6.39932573e-01,8.86646557e+00,2.14844639e-03,7.41485474e+02,8.02211990e+01,1.85269585e+01,8.52855444e-02,2.84150690e-01
5345803-S04-156I3-A-L-B-190,20.02.2020-03:47:11,1.90000000e+01,6.42454863e-01,8.94064236e+00,2.12633051e-03,5.48691040e+02,8.02969818e+01,1.87733078e+01,6.77390024e-02,1.16751693e-01
5345803-S04-156I3-A-L-B-190,20.02.2020-03:47:13,2.00000000e+01,6.41174734e-01,8.91819954e+00,2.08232156e-03,8.19577209e+02,8.01653366e+01,1.86582298e+01,4.74834777e-02,9.87825543e-02
5345803-S04-156I3-A-L-B-190,20.02.2020-03:47:15,2.00000000e+01,6.43381417e-01,8.86431026e+00,1.76416326e-03,3.41700714e+02,8.01368790e+01,1.86027031e+01,6.09954074e-02,8.66726190e-02
5345803-S04-156I3-A-L-B-190,20.02.2020-03:47:17,2.00000000e+01,6.42209709e-01,8.91585636e+00,2.20151222e-03,1.55234589e+02,8.01454773e+01,1.86788082e+01,2.05359772e-01,3.77405226e-01
5345803-S04-156I3-A-L-B-190,20.02.2020-03:47:19,1.90000000e+01,6.44160330e-01,8.90147591e+00,2.15627998e-03,3.59682648e+02,8.04148560e+01,1.87681961e+01,7.03754425e-02,1.40170187e-01
5345803-S04-156I3-A-L-B-190,20.02.2020-03:48:45,2.00000000e+00,6.38561785e-01,8.84844494e+00,1.92413817e-03,1.14922379e+02,7.99973602e+01,1.83982162e+01,3.89349222e-01,6.95297837e-01
5345803-S04-156I3-A-L-B-190,20.02.2020-03:48:47,1.90000000e+01,6.44161999e-01,8.96862221e+00,1.86571537e-03,1.18930283e+02,7.97634964e+01,1.87566471e+01,1.84241936e-01,2.62345970e-01
5345803-S04-156I3-A-L-B-190,20.02.2020-03:48:49,2.00000000e+01,6.41992986e-01,8.89477921e+00,1.79913698e-03,2.55509613e+02,8.00960693e+01,1.86168785e+01,1.94245130e-01,4.76840138e-01
5345803-S04-156I3-A-L-B-190,20.02.2020-03:48:51,9.00000000e+00,6.45906150e-01,8.94069004e+00,1.60791585e-03,1.33062149e+02,8.04279785e+01,1.89050484e+01,1.85964495e-01,2.48379439e-01
5345803-S04-156I3-A-L-B-190,20.02.2020-03:48:54,2.00000000e+01,6.43341720e-01,8.90874481e+00,1.91004854e-03,3.18078827e+02,7.98063812e+01,1.86177006e+01,9.62800011e-02,1.53346136e-01
5345803-S04-156I3-A-L-B-190,20.02.2020-03:48:56,1.90000000e+01,6.42868519e-01,8.92435169e+00,1.70949509e-03,1.66879959e+02,8.01758347e+01,1.87228737e+01,2.27222443e-01,3.53830844e-01
5345803-S04-156I3-A-L-B-190,20.02.2020-03:48:58,9.00000000e+00,6.45338178e-01,8.94877052e+00,1.92664994e-03,2.54873444e+02,8.03426056e+01,1.88854275e+01,1.31591827e-01,1.73639059e-01
5345803-S04-156I3-A-L-B-190,20.02.2020-03:49:00,2.00000000e+00,6.37693763e-01,8.81588650e+00,1.68319792e-03,1.85660324e+02,8.00196915e+01,1.83107109e+01,1.76618665e-01,5.34782171e-01
5345803-S04-156I3-A-L-B-190,20.02.2020-03:49:02,2.00000000e+01,6.43091679e-01,8.89349651e+00,1.62469584e-03,1.33976685e+02,8.01406097e+01,1.86564178e+01,3.59263927e-01,9.17469084e-01
5345803-S04-156I3-A-L-B-190,20.02.2020-03:49:04,2.00000000e+00,6.39054477e-01,8.84697342e+00,2.00621225e-03,1.87909744e+02,7.99280930e+01,1.83934097e+01,3.07773232e-01,9.64308560e-01
5345803-S04-156I3-A-L-B-190,20.02.2020-03:49:48,2.00000000e+01,6.41902626e-01,8.89486408e+00,1.53896143e-03,5.69125000e+02,8.04547958e+01,1.86978035e+01,6.95118532e-02,2.45986313e-01
5345803-S04-156I3-A-L-B-190,20.02.2020-03:49:50,1.90000000e+01,6.42037094e-01,8.91181564e+00,1.63915032e-03,2.57564423e+02,8.03948669e+01,1.87234039e+01,9.52769071e-02,2.81122476e-01
5345803-S04-156I3-A-L-B-190,20.02.2020-03:49:52,1.90000000e+01,6.43562317e-01,8.92853642e+00,1.31520024e-03,2.96673012e+01,8.02952118e+01,1.87797890e+01,4.28744525e-01,5.62531888e-01
5345803-S04-156I3-A-L-B-190,20.02.2020-03:49:54,3.00000000e+00,6.36029363e-01,8.80031681e+00,1.54977816e-03,1.21187424e+02,7.97904358e+01,1.81784363e+01,1.70823589e-01,3.32181692e-01
5345803-S04-156I3-A-L-B-190,20.02.2020-03:49:56,3.00000000e+00,6.32894397e-01,8.76043892e+00,1.75880152e-03,2.12307266e+02,7.98246613e+01,1.80145912e+01,1.36706486e-01,3.48981827e-01
5345803-S04-156I3-A-L-B-190,20.02.2020-03:49:58,1.30000000e+01,6.33367181e-01,8.75501728e+00,1.80877966e-03,2.42272049e+02,7.97464523e+01,1.79992390e+01,1.03504352e-01,3.18348467e-01
5345803-S04-156I3-A-L-B-190,20.02.2020-03:50:00,3.00000000e+00,6.35705829e-01,8.78778362e+00,1.31578837e-03,3.13450317e+02,7.96853485e+01,1.81194172e+01,8.89832303e-02,1.67597517e-01
5345803-S04-156I3-A-L-B-190,20.02.2020-03:50:02,2.00000000e+01,6.41460896e-01,8.88506794e+00,1.33512681e-03,1.23316963e+02,8.04010544e+01,1.86518898e+01,1.49920955e-01,3.67816061e-01
5345803-S04-156I3-A-L-B-190,20.02.2020-03:50:05,2.00000000e+00,6.36233568e-01,8.80849648e+00,1.51012291e-03,6.10024719e+02,7.98394547e+01,1.82123566e+01,5.87376319e-02,2.08522484e-01
5345803-S04-156I3-A-L-B-190,20.02.2020-03:50:07,1.90000000e+01,6.42998815e-01,8.91540813e+00,1.24974805e-03,2.57321564e+02,8.05195160e+01,1.87880936e+01,7.68660679e-02,1.56336308e-01
5345803-S04-156I3-A-L-B-190,20.02.2020-03:50:29,9.00000000e+00,6.42013371e-01,8.99986935e+00,1.90262392e-03,2.34193832e+02,8.01515121e+01,1.88504696e+01,1.17413767e-01,1.95456281e-01
5345803-S04-156I3-A-L-B-190,20.02.2020-03:50:32,1.90000000e+01,6.41750574e-01,8.97685623e+00,1.78242568e-03,1.46258926e+02,8.01729431e+01,1.87996006e+01,1.90074205e-01,3.60725343e-01
5345803-S04-156I3-A-L-B-190,20.02.2020-03:50:34,9.00000000e+00,6.43240750e-01,8.97935104e+00,2.01370055e-03,3.51643066e+02,7.99719162e+01,1.88012276e+01,7.46711865e-02,1.10717669e-01
5345803-S04-156I3-A-L-B-190,20.02.2020-03:50:36,9.00000000e+00,6.43558204e-01,8.97877598e+00,1.92915986e-03,1.71391006e+02,7.99976273e+01,1.88153477e+01,1.24916442e-01,1.82209909e-01
5345803-S04-156I3-A-L-B-190,20.02.2020-03:50:38,2.00000000e+00,6.35828733e-01,8.81913757e+00,1.67506083e-03,9.37720642e+01,8.02252655e+01,1.83108139e+01,2.49269292e-01,7.24182844e-01
5345803-S04-156I3-A-L-B-190,20.02.2020-03:50:40,9.00000000e+00,6.43372715e-01,8.97003937e+00,1.88683392e-03,3.16416656e+02,8.03953094e+01,1.88850403e+01,8.38967562e-02,1.58191860e-01
5345803-S04-156I3-A-L-B-190,20.02.2020-03:50:42,1.90000000e+01,6.42170012e-01,8.93629456e+00,2.12365831e-03,3.34324432e+02,8.00745087e+01,1.87038918e+01,6.78339228e-02,1.09569579e-01
5345803-S04-156I3-A-L-B-190,20.02.2020-03:50:44,9.00000000e+00,6.44132674e-01,8.96518421e+00,1.55662501e-03,1.31780624e+02,8.01149368e+01,1.88312111e+01,1.39325932e-01,2.53996104e-01
5345803-S04-156I3-A-L-B-190,20.02.2020-03:50:46,8.00000000e+00,6.44544959e-01,8.97393513e+00,1.77307765e-03,1.96943298e+02,8.04616852e+01,1.89432926e+01,1.09482072e-01,3.76316160e-01
5345803-S04-156I3-A-L-B-190,20.02.2020-03:50:48,8.00000000e+00,6.44899368e-01,8.98523045e+00,2.03223992e-03,3.20747009e+02,8.02549667e+01,1.89288082e+01,8.09465051e-02,2.18197197e-01
5345803-S04-156I3-A-L-B-190,20.02.2020-03:51:11,2.00000000e+01,6.39261842e-01,8.91560555e+00,1.74115156e-03,3.32904938e+02,8.02678375e+01,1.86209297e+01,1.53059795e-01,5.52070379e-01
5345803-S04-156I3-A-L-B-190,20.02.2020-03:51:13,9.00000000e+00,6.44203961e-01,8.96876717e+00,1.94863870e-03,2.75714752e+02,8.02122345e+01,1.88637028e+01,1.14590853e-01,3.03312421e-01
5345803-S04-156I3-A-L-B-190,20.02.2020-03:51:15,9.00000000e+00,6.43762887e-01,8.95439434e+00,1.86965603e-03,2.65076904e+02,8.03215637e+01,1.88462296e+01,1.31562129e-01,2.98968703e-01
5345803-S04-156I3-A-L-B-190,20.02.2020-03:51:17,9.00000000e+00,6.43747747e-01,8.95581436e+00,1.96630694e-03,8.36798553e+01,8.02361755e+01,1.88287411e+01,3.13989818e-01,5.74489295e-01
5345803-S04-156I3-A-L-B-190,20.02.2020-03:51:20,9.00000000e+00,6.44019127e-01,8.95107555e+00,1.63533224e-03,2.39019302e+02,8.04554596e+01,1.88781643e+01,1.27190009e-01,2.94457018e-01
5345803-S04-156I3-A-L-B-190,20.02.2020-03:51:22,1.90000000e+01,6.43141389e-01,8.93119717e+00,1.83815940e-03,3.07621674e+02,8.01272125e+01,1.87338200e+01,7.47877955e-02,1.59517899e-01
5345803-S04-156I3-A-L-B-190,20.02.2020-03:51:24,9.00000000e+00,6.44087851e-01,8.97760105e+00,1.87394710e-03,1.82144592e+02,8.03000793e+01,1.88995533e+01,1.26627371e-01,2.32259497e-01
5345803-S04-156I3-A-L-B-190,20.02.2020-03:51:28,8.00000000e+00,6.44849896e-01,9.00536823e+00,1.88164169e-03,1.29159332e+02,8.01257172e+01,1.89392242e+01,1.28812551e-01,1.61979735e-01
5345803-S04-156I3-A-L-B-190,20.02.2020-03:51:30,2.10000000e+01,6.40801251e-01,8.89871788e+00,1.76467001e-03,2.02544067e+02,8.01032791e+01,1.85922222e+01,1.79154664e-01,5.33559084e-01
5345803-S04-156I3-A-L-B-190,20.02.2020-03:51:32,1.90000000e+01,6.45058095e-01,8.93014336e+00,1.59755489e-03,1.83075317e+02,7.98757095e+01,1.87284641e+01,1.49849430e-01,2.03577653e-01
5345803-S04-156I3-A-L-B-190,20.02.2020-03:52:16,8.00000000e+00,6.46886408e-01,8.97577763e+00,1.93039980e-03,3.47186646e+02,8.00778351e+01,1.89252930e+01,8.31523091e-02,1.53783157e-01
5345803-S04-156I3-A-L-B-190,20.02.2020-03:52:18,8.00000000e+00,6.47236168e-01,8.98926258e+00,1.86138297e-03,7.42183289e+02,8.01185837e+01,1.89736252e+01,5.44821210e-02,1.25809997e-01
5345803-S04-156I3-A-L-B-190,20.02.2020-03:52:20,1.90000000e+01,6.43437564e-01,8.94034195e+00,2.08258070e-03,2.60247986e+02,8.00067978e+01,1.87334423e+01,1.32428244e-01,4.47215587e-01
5345803-S04-156I3-A-L-B-190,20.02.2020-03:52:22,1.90000000e+01,6.43774629e-01,8.95178509e+00,2.10263953e-03,2.02122650e+02,7.98825226e+01,1.87380981e+01,1.49002939e-01,3.64077389e-01
5345803-S04-156I3-A-L-B-190,20.02.2020-03:52:24,1.30000000e+01,6.28190935e-01,8.77620411e+00,2.03638989e-03,1.43849747e+02,8.00342560e+01,1.79599247e+01,2.08151892e-01,6.26487315e-01
5345803-S04-156I3-A-L-B-190,20.02.2020-03:52:26,1.90000000e+01,6.44321322e-01,8.93186283e+00,1.69656961e-03,2.69564026e+02,7.99838562e+01,1.87360077e+01,9.80423763e-02,1.27916634e-01
5345803-S04-156I3-A-L-B-190,20.02.2020-03:52:28,7.00000000e+00,6.48119509e-01,9.00957298e+00,1.97640271e-03,2.07301178e+02,8.02506943e+01,1.90738468e+01,1.07696570e-01,1.75065234e-01
5345803-S04-156I3-A-L-B-190,20.02.2020-03:52:30,1.90000000e+01,6.44860089e-01,8.94939518e+00,1.57922809e-03,2.11485046e+02,7.99934616e+01,1.87907391e+01,1.15299650e-01,2.08053216e-01
5345803-S04-156I3-A-L-B-190,20.02.2020-03:52:32,7.00000000e+00,6.47753716e-01,8.97711658e+00,1.81299925e-03,2.14262939e+02,8.04061966e+01,1.90312138e+01,1.70624763e-01,4.17115301e-01
5345803-S04-156I3-A-L-B-190,20.02.2020-03:52:35,2.00000000e+01,6.40121222e-01,8.99128914e+00,1.98774342e-03,4.97491486e+02,7.94623642e+01,1.86155491e+01,9.41851437e-02,1.83445707e-01
5345803-S04-156I3-A-L-B-190,20.02.2020-03:52:58,7.00000000e+00,6.49838924e-01,9.04487801e+00,1.54042104e-03,3.12131805e+02,8.03249359e+01,1.92171516e+01,1.44144282e-01,1.70338258e-01
5345803-S04-156I3-A-L-B-190,20.02.2020-03:53:00,9.00000000e+00,6.44476056e-01,9.01819801e+00,1.86806510e-03,2.39218857e+02,7.97470169e+01,1.88656254e+01,8.60165954e-02,1.02208257e-01
5345803-S04-156I3-A-L-B-190,20.02.2020-03:53:02,2.10000000e+01,6.43392026e-01,8.89845943e+00,1.56357780e-03,2.68656616e+02,7.96729279e+01,1.85665607e+01,1.12052783e-01,1.40101627e-01
5345803-S04-156I3-A-L-B-190,20.02.2020-03:53:04,2.10000000e+01,6.43393099e-01,8.89109135e+00,1.51635520e-03,3.23364014e+02,7.97882462e+01,1.85780697e+01,7.62441903e-02,9.35359001e-02
5345803-S04-156I3-A-L-B-190,20.02.2020-03:53:06,9.00000000e+00,6.41922474e-01,9.03010559e+00,1.99453929e-03,3.52564972e+02,7.97296524e+01,1.88115883e+01,7.89689794e-02,1.22635096e-01
5345803-S04-156I3-A-L-B-190,20.02.2020-03:53:08,7.00000000e+00,6.48875415e-01,9.05298233e+00,1.87333301e-03,5.97773010e+02,8.02786484e+01,1.91947861e+01,4.71131764e-02,5.58563471e-02
5345803-S04-156I3-A-L-B-190,20.02.2020-03:53:10,1.90000000e+01,6.45582318e-01,8.90489292e+00,1.72002229e-03,2.45174667e+02,8.02529984e+01,1.87789707e+01,1.74763694e-01,4.61019546e-01
5345803-S04-156I3-A-L-B-190,20.02.2020-03:53:12,1.90000000e+01,6.42719090e-01,8.99339581e+00,1.82986888e-03,4.32361725e+02,7.97235107e+01,1.87569180e+01,4.36086915e-02,5.27799465e-02
5345803-S04-156I3-A-L-B-190,20.02.2020-03:53:14,8.00000000e+00,6.45791829e-01,8.94054604e+00,1.75522023e-03,1.11444176e+02,8.05200653e+01,1.89230385e+01,1.74807712e-01,2.53094524e-01
5345803-S04-156I3-A-L-B-190,20.02.2020-03:53:16,8.00000000e+00,6.46700680e-01,8.96745110e+00,1.88392180e-03,2.64115234e+02,8.01853027e+01,1.89276752e+01,9.81965959e-02,1.25880763e-01
5345803-S04-156I3-A-L-B-190,20.02.2020-03:53:39,9.00000000e+00,6.43491089e-01,8.92975521e+00,2.11209687e-03,3.13942902e+02,8.04627838e+01,1.88194675e+01,1.06655970e-01,1.61952674e-01
5345803-S04-156I3-A-L-B-190,20.02.2020-03:53:41,7.00000000e+00,6.49781764e-01,8.97448349e+00,1.96969835e-03,1.89656030e+03,8.03752975e+01,1.90778656e+01,6.09277561e-02,3.27537119e-01
5345803-S04-156I3-A-L-B-190,20.02.2020-03:53:43,8.00000000e+00,6.46713555e-01,8.99261761e+00,1.93351170e-03,2.42335220e+02,8.00807266e+01,1.89564190e+01,1.28562316e-01,1.94619507e-01
5345803-S04-156I3-A-L-B-190,20.02.2020-03:53:46,8.00000000e+00,6.46157205e-01,8.97822666e+00,2.03444483e-03,3.21082336e+02,8.01273193e+01,1.89208012e+01,1.12087406e-01,2.54183203e-01
5345803-S04-156I3-A-L-B-190,20.02.2020-03:53:48,7.00000000e+00,6.51579618e-01,9.01748943e+00,2.07855343e-03,4.85439667e+02,8.04000549e+01,1.92282467e+01,6.36810809e-02,1.75355166e-01
5345803-S04-156I3-A-L-B-190,20.02.2020-03:54:02,9.00000000e+00,6.46002352e-01,8.96631432e+00,1.91202667e-03,5.36668274e+02,8.00154648e+01,1.88647995e+01,4.32739928e-02,8.87271538e-02
5345803-S04-156I3-A-L-B-190,20.02.2020-03:54:04,7.00000000e+00,6.48365319e-01,8.98566246e+00,1.93408085e-03,1.79821564e+02,8.02627106e+01,1.90332928e+01,1.26098156e-01,2.57350534e-01
5345803-S04-156I3-A-L-B-190,20.02.2020-03:54:06,7.00000000e+00,6.47273421e-01,9.00273991e+00,1.98337436e-03,3.94773376e+02,8.01915131e+01,1.90204639e+01,7.90791884e-02,1.07364453e-01
5345803-S04-156I3-A-L-B-190,20.02.2020-03:54:08,8.00000000e+00,6.47155285e-01,8.99854755e+00,1.99793885e-03,3.15480927e+02,8.01910934e+01,1.90080357e+01,1.18574299e-01,1.49522871e-01
5345803-S04-156I3-A-L-B-190,20.02.2020-03:54:10,9.00000000e+00,6.45299554e-01,8.97638988e+00,1.94639689e-03,3.87545715e+02,8.00603256e+01,1.88760262e+01,1.04207009e-01,2.83502012e-01
5345803-S04-156I3-A-L-B-190,20.02.2020-03:49:06,2.00000000e+01,6.43054426e-01,8.90640259e+00,2.21180473e-03,2.52711792e+02,7.99346466e+01,1.86343937e+01,1.15050793e-01,1.80017665e-01
5345803-S04-156I3-A-L-B-190,20.02.2020-03:49:08,2.10000000e+01,6.40176058e-01,8.86881542e+00,1.79122365e-03,1.29734268e+02,8.01306915e+01,1.85180035e+01,2.24364147e-01,4.59187537e-01
5345803-S04-156I3-A-L-B-190,20.02.2020-03:49:10,1.90000000e+01,6.42789423e-01,8.92511272e+00,1.91609981e-03,2.78184906e+02,8.01225204e+01,1.87097168e+01,8.67600143e-02,1.34093791e-01
5345803-S04-156I3-A-L-B-190,20.02.2020-03:49:13,2.00000000e+01,6.41472757e-01,8.94711113e+00,1.87395525e-03,6.37883224e+01,7.99165573e+01,1.86692982e+01,3.91657323e-01,6.83970988e-01
5345803-S04-156I3-A-L-B-190,20.02.2020-03:49:15,9.00000000e+00,6.44811332e-01,8.98102760e+00,1.75299484e-03,4.08816833e+01,8.00258636e+01,1.88633690e+01,6.09929562e-01,8.26194227e-01
5345803-S04-156I3-A-L-B-190,20.02.2020-03:49:17,9.00000000e+00,6.44791424e-01,8.95909119e+00,1.97840342e-03,5.95979500e+01,8.01679153e+01,1.88501148e+01,3.96579742e-01,7.03004360e-01
5345803-S04-156I3-A-L-B-190,20.02.2020-03:49:19,8.00000000e+00,6.46042943e-01,8.98425293e+00,1.95776415e-03,4.21273041e+01,8.00766754e+01,1.89181900e+01,6.49137020e-01,8.90925884e-01
5345803-S04-156I3-A-L-B-190,20.02.2020-03:49:21,1.90000000e+01,6.41215384e-01,8.92544079e+00,1.60053070e-03,3.08953613e+02,8.03901215e+01,1.87269268e+01,1.27933294e-01,7.17299402e-01
5345803-S04-156I3-A-L-B-190,20.02.2020-03:49:23,1.90000000e+01,6.41950727e-01,8.94141388e+00,1.92759524e-03,1.53433899e+02,8.02025909e+01,1.87381401e+01,1.92523479e-01,7.36024141e-01
5345803-S04-156I3-A-L-B-190,20.02.2020-03:49:25,2.40000000e+01,6.42658770e-01,8.95498562e+00,1.74647826e-03,6.64287519e+00,7.92318726e+01,1.85598907e+01,3.91191626e+00,4.65738916e+00
5345803-S04-156I3-A-L-B-190,20.02.2020-03:51:55,9.00000000e+00,6.46631777e-01,8.97643089e+00,1.80184981e-03,8.07330017e+01,7.98462372e+01,1.88645039e+01,3.62819403e-01,4.36354011e-01
5345803-S04-156I3-A-L-B-190,20.02.2020-03:51:57,7.00000000e+00,6.46965444e-01,9.00121212e+00,1.90087699e-03,1.27531288e+02,8.04065399e+01,1.90591564e+01,2.57302523e-01,3.61829162e-01
5345803-S04-156I3-A-L-B-190,20.02.2020-03:51:59,9.00000000e+00,6.44455969e-01,8.97230911e+00,1.81887893e-03,1.03121971e+02,8.00939178e+01,1.88506889e+01,2.64743835e-01,3.13688070e-01
5345803-S04-156I3-A-L-B-190,20.02.2020-03:52:01,8.00000000e+00,6.44771636e-01,9.02484608e+00,1.81004184e-03,1.95040573e+02,7.98805008e+01,1.89198055e+01,1.44292727e-01,2.01533809e-01
5345803-S04-156I3-A-L-B-190,20.02.2020-03:52:03,2.10000000e+01,6.43983185e-01,8.84795761e+00,1.61126174e-03,1.40199173e+02,7.98955307e+01,1.85297794e+01,1.73987091e-01,3.21490109e-01
5345803-S04-156I3-A-L-B-190,20.02.2020-03:52:05,2.00000000e+01,6.40572965e-01,8.97127056e+00,1.81095884e-03,3.57100983e+02,7.96509705e+01,1.86313286e+01,8.77867416e-02,1.70439050e-01
5345803-S04-156I3-A-L-B-190,20.02.2020-03:52:07,9.00000000e+00,6.43128216e-01,9.03969860e+00,2.06008740e-03,3.86628723e+02,7.97671127e+01,1.88758087e+01,8.52414370e-02,1.23570181e-01
5345803-S04-156I3-A-L-B-190,20.02.2020-03:52:10,9.00000000e+00,6.43407822e-01,8.99016380e+00,1.94777362e-03,2.95648193e+02,8.02369919e+01,1.88911686e+01,1.52519390e-01,2.93179989e-01
5345803-S04-156I3-A-L-B-190,20.02.2020-03:52:12,7.00000000e+00,6.47233009e-01,9.01708889e+00,1.93349039e-03,1.50301910e+02,8.01597900e+01,1.90420532e+01,1.73768565e-01,2.32313827e-01
5345803-S04-156I3-A-L-B-190,20.02.2020-03:52:14,8.00000000e+00,6.45468652e-01,9.03970718e+00,2.10659159e-03,2.97430847e+02,7.99420166e+01,1.89860573e+01,1.10812642e-01,1.57630935e-01
5345803-S04-156I3-A-L-B-190,20.02.2020-03:52:37,7.00000000e+00,6.48623049e-01,9.03492355e+00,2.08951230e-03,2.14200607e+02,8.01327972e+01,1.91142559e+01,1.10251389e-01,1.37416869e-01
5345803-S04-156I3-A-L-B-190,20.02.2020-03:52:39,2.00000000e+01,6.43360138e-01,8.88340855e+00,1.80000707e-03,1.50504913e+02,8.03775101e+01,1.86981449e+01,2.55417556e-01,2.18919253e+00
5345803-S04-156I3-A-L-B-190,20.02.2020-03:52:41,9.00000000e+00,6.44208312e-01,9.00365925e+00,2.06707581e-03,3.33328766e+02,7.98272858e+01,1.88463345e+01,1.12884305e-01,1.82099506e-01
5345803-S04-156I3-A-L-B-190,20.02.2020-03:52:43,1.90000000e+01,6.43794417e-01,8.94628143e+00,1.80370919e-03,1.44048828e+02,8.01553268e+01,1.87911072e+01,1.48448780e-01,4.28144664e-01
5345803-S04-156I3-A-L-B-190,20.02.2020-03:52:45,1.90000000e+01,6.43348396e-01,8.93779850e+00,1.79991045e-03,9.87935257e+01,8.01160126e+01,1.87510796e+01,2.27180839e-01,4.39015746e-01
5345803-S04-156I3-A-L-B-190,20.02.2020-03:52:47,1.90000000e+01,6.43887639e-01,8.93798161e+00,1.71569781e-03,2.99302307e+02,8.00163651e+01,1.87438393e+01,6.61906600e-02,8.94638896e-02
5345803-S04-156I3-A-L-B-190,20.02.2020-03:52:49,7.00000000e+00,6.49062753e-01,9.03378296e+00,1.84904342e-03,1.35249466e+02,8.02896957e+01,1.91622448e+01,1.71036124e-01,2.04626873e-01
5345803-S04-156I3-A-L-B-190,20.02.2020-03:52:51,1.90000000e+01,6.43210113e-01,8.93680477e+00,1.90132728e-03,7.39421387e+01,8.01221390e+01,1.87464008e+01,2.65174419e-01,5.74106574e-01
5345803-S04-156I3-A-L-B-190,20.02.2020-03:52:53,9.00000000e+00,6.44699097e-01,9.01492405e+00,1.91132328e-03,1.88264465e+02,7.97836227e+01,1.88739643e+01,1.33636758e-01,1.95441946e-01
5345803-S04-156I3-A-L-B-190,20.02.2020-03:52:55,8.00000000e+00,6.45979345e-01,8.99683857e+00,1.90143136e-03,2.48967789e+02,8.01967545e+01,1.89712334e+01,8.89184400e-02,1.15291923e-01
5345803-S04-156I3-A-L-B-190,20.02.2020-03:53:18,8.00000000e+00,6.48560405e-01,8.96457100e+00,1.83986442e-03,1.03323990e+02,8.03337021e+01,1.90111294e+01,2.72893816e-01,4.95081484e-01
5345803-S04-156I3-A-L-B-190,20.02.2020-03:53:20,9.00000000e+00,6.44960582e-01,8.97291183e+00,1.69015781e-03,2.94906281e+02,8.02516174e+01,1.89038620e+01,9.99274030e-02,1.80147111e-01
5345803-S04-156I3-A-L-B-190,20.02.2020-03:53:23,9.00000000e+00,6.45235717e-01,8.95468998e+00,1.52916415e-03,3.63213715e+02,8.01314621e+01,1.88452625e+01,1.04299605e-01,1.77863598e-01
5345803-S04-156I3-A-L-B-190,20.02.2020-03:53:25,1.90000000e+01,6.40832305e-01,8.92898941e+00,1.78754760e-03,3.85801544e+02,8.03574905e+01,1.87155800e+01,9.26961601e-02,2.10061476e-01
5345803-S04-156I3-A-L-B-190,20.02.2020-03:53:27,1.90000000e+01,6.43851578e-01,8.94491005e+00,2.00991635e-03,1.72788132e+02,7.98085785e+01,1.87086105e+01,1.39628947e-01,2.73464382e-01
5345803-S04-156I3-A-L-B-190,20.02.2020-03:53:29,9.00000000e+00,6.45081878e-01,8.96078968e+00,1.74752541e-03,3.51658142e+02,8.01222839e+01,1.88514442e+01,1.08685985e-01,1.68033212e-01
5345803-S04-156I3-A-L-B-190,20.02.2020-03:53:31,1.90000000e+01,6.44422174e-01,8.94407654e+00,1.59754034e-03,3.76390991e+02,7.99146347e+01,1.87483273e+01,5.82931601e-02,7.57385641e-02
5345803-S04-156I3-A-L-B-190,20.02.2020-03:53:33,7.00000000e+00,6.47318423e-01,9.04604340e+00,1.88153295e-03,1.38821930e+02,8.00734863e+01,1.90851498e+01,1.76215217e-01,2.17890695e-01
5345803-S04-156I3-A-L-B-190,20.02.2020-03:53:35,1.90000000e+01,6.43226385e-01,9.00102329e+00,2.01756274e-03,1.75774155e+02,7.95216827e+01,1.87400818e+01,1.01636328e-01,1.19454876e-01
5345803-S04-156I3-A-L-B-190,20.02.2020-03:53:37,9.00000000e+00,6.46159112e-01,8.93362808e+00,1.87549181e-03,4.01895630e+02,8.03368912e+01,1.88761120e+01,1.02469444e-01,3.33679736e-01
5345803-S04-156I3-A-L-B-190,20.02.2020-03:54:12,8.00000000e+00,6.45587921e-01,9.02748680e+00,1.91458967e-03,1.19350380e+02,7.98363190e+01,1.89388237e+01,1.30836397e-01,1.55610189e-01
5345803-S04-156I3-A-L-B-190,20.02.2020-03:54:14,9.00000000e+00,6.42860234e-01,9.01377010e+00,1.89904170e-03,4.81296814e+02,7.97330856e+01,1.88057995e+01,3.73132005e-02,4.27818596e-02
5345803-S04-156I3-A-L-B-190,20.02.2020-03:54:17,2.00000000e+01,6.44066215e-01,8.92840099e+00,1.71530643e-03,4.14709625e+02,7.98168411e+01,1.86822376e+01,6.22793622e-02,8.41326043e-02
5345803-S04-156I3-A-L-B-190,20.02.2020-03:54:19,2.00000000e+01,6.44217789e-01,8.91178608e+00,1.60635309e-03,6.80771729e+02,7.97355042e+01,1.86328564e+01,3.92206535e-02,5.08578867e-02
5345803-S04-156I3-A-L-B-190,20.02.2020-03:54:21,2.10000000e+01,6.42816961e-01,8.89581871e+00,1.81397935e-03,1.42452026e+02,7.96243744e+01,1.85331593e+01,1.62828311e-01,1.92714468e-01
5345803-S04-156I3-A-L-B-190,20.02.2020-03:54:23,1.90000000e+01,6.43031120e-01,8.93963909e+00,1.74912077e-03,2.26875000e+02,8.02925491e+01,1.87869987e+01,1.21552370e-01,2.67484933e-01
5345803-S04-156I3-A-L-B-190,20.02.2020-03:54:25,9.00000000e+00,6.45016253e-01,8.96335602e+00,1.94765616e-03,2.59170807e+02,8.00359955e+01,1.88346195e+01,7.14590475e-02,1.22374393e-01
5345803-S04-156I3-A-L-B-190,20.02.2020-03:54:27,1.90000000e+01,6.42421424e-01,8.94227409e+00,1.90233311e-03,4.11933472e+02,8.03001328e+01,1.87764931e+01,9.61701572e-02,2.29608700e-01
5345803-S04-156I3-A-L-B-190,20.02.2020-03:54:29,1.90000000e+01,6.43991232e-01,8.95908642e+00,2.00154004e-03,1.41753571e+02,7.99335251e+01,1.87716675e+01,1.71358019e-01,2.71675766e-01
5345803-S04-156I3-A-L-B-190,20.02.2020-03:54:31,8.00000000e+00,6.44840658e-01,8.99044895e+00,1.80335727e-03,2.70445271e+01,8.02538300e+01,1.89378090e+01,5.50029874e-01,7.74085343e-01
5345803-S04-156I3-A-L-B-190,20.02.2020-03:55:15,9.00000000e+00,6.45249665e-01,8.96486568e+00,1.94813323e-03,3.59331726e+02,8.01504135e+01,1.88715496e+01,1.24224871e-01,2.22150385e-01
5345803-S04-156I3-A-L-B-190,20.02.2020-03:55:17,8.00000000e+00,6.45790815e-01,8.99239349e+00,1.95948011e-03,2.95663177e+02,8.02629852e+01,1.89719791e+01,6.95871785e-02,1.17823407e-01
5345803-S04-156I3-A-L-B-190,20.02.2020-03:55:19,1.90000000e+01,6.42150581e-01,8.93398857e+00,1.82033703e-03,3.19922516e+02,8.02771912e+01,1.87458305e+01,1.18825100e-01,6.35832191e-01
5345803-S04-156I3-A-L-B-190,20.02.2020-03:55:21,8.00000000e+00,6.45179331e-01,8.98863316e+00,2.01548357e-03,1.50464783e+02,8.02321548e+01,1.89388161e+01,1.16284773e-01,1.67633772e-01
5345803-S04-156I3-A-L-B-190,20.02.2020-03:55:23,1.90000000e+01,6.42078459e-01,8.93840027e+00,1.88366533e-03,1.98981949e+02,8.02761154e+01,1.87527275e+01,1.74326405e-01,5.49233139e-01
5345803-S04-156I3-A-L-B-190,20.02.2020-03:55:26,1.90000000e+01,6.41945124e-01,8.93269253e+00,2.00660573e-03,1.53193344e+02,8.02290878e+01,1.87258835e+01,2.47943074e-01,7.14828014e-01
5345803-S04-156I3-A-L-B-190,20.02.2020-03:55:28,9.00000000e+00,6.43889427e-01,8.96729088e+00,1.88312307e-03,6.72026367e+02,8.03870773e+01,1.88924789e+01,6.15519062e-02,1.98285505e-01
5345803-S04-156I3-A-L-B-190,20.02.2020-03:55:30,2.00000000e+01,6.42044187e-01,8.92719555e+00,2.02293042e-03,1.88024170e+02,8.01170197e+01,1.86911049e+01,1.81616038e-01,6.47867203e-01
5345803-S04-156I3-A-L-B-190,20.02.2020-03:55:32,9.00000000e+00,6.44515038e-01,8.94880009e+00,1.97388255e-03,4.36007355e+02,8.01183624e+01,1.88087597e+01,5.83258159e-02,1.85859144e-01
5345803-S04-156I3-A-L-B-190,20.02.2020-03:55:34,8.00000000e+00,6.46045506e-01,9.00560760e+00,2.01768149e-03,1.75645233e+02,8.02598190e+01,1.90066013e+01,1.34816110e-01,1.76131800e-01
5345803-S04-156I3-A-L-B-190,20.02.2020-03:55:57,2.10000000e+01,6.41342878e-01,8.92823029e+00,1.65454031e-03,1.67005005e+02,7.97869644e+01,1.85959263e+01,1.61569506e-01,5.07851481e-01
5345803-S04-156I3-A-L-B-190,20.02.2020-03:55:59,8.00000000e+00,6.47748768e-01,8.98188305e+00,2.02913280e-03,4.13122253e+02,8.02986298e+01,1.90156994e+01,8.20318013e-02,2.84075737e-01
5345803-S04-156I3-A-L-B-190,20.02.2020-03:56:01,9.00000000e+00,6.44332647e-01,8.98575783e+00,2.18787161e-03,3.84757355e+02,7.99262466e+01,1.88358173e+01,4.81511354e-02,6.74163625e-02
5345803-S04-156I3-A-L-B-190,20.02.2020-03:56:03,9.00000000e+00,6.43324494e-01,8.97782326e+00,2.00126134e-03,6.18860474e+02,7.99806442e+01,1.88025284e+01,4.82522473e-02,6.78509101e-02
5345803-S04-156I3-A-L-B-190,20.02.2020-03:56:05,9.00000000e+00,6.44415140e-01,8.99525547e+00,1.97415077e-03,2.24067139e+02,8.00231476e+01,1.88810024e+01,9.46456343e-02,1.29790172e-01
5345803-S04-156I3-A-L-B-190,20.02.2020-03:56:07,8.00000000e+00,6.47795558e-01,9.01035118e+00,2.24487763e-03,2.88960144e+02,8.00336456e+01,1.90143929e+01,8.41545761e-02,2.92695552e-01
5345803-S04-156I3-A-L-B-190,20.02.2020-03:56:10,9.00000000e+00,6.43736243e-01,8.99912930e+00,2.11470085e-03,3.88596771e+02,7.98859406e+01,1.88368816e+01,3.88154015e-02,5.31493016e-02
5345803-S04-156I3-A-L-B-190,20.02.2020-03:56:12,8.00000000e+00,6.45793438e-01,9.00917721e+00,2.13787239e-03,2.64522888e+02,8.01784058e+01,1.89874382e+01,9.22123864e-02,1.36757880e-01
5345803-S04-156I3-A-L-B-190,20.02.2020-03:56:14,8.00000000e+00,6.45739615e-01,9.00294781e+00,2.02350062e-03,1.81736755e+02,8.01356888e+01,1.89626179e+01,1.10613503e-01,1.56015679e-01
5345803-S04-156I3-A-L-B-190,20.02.2020-03:56:16,8.00000000e+00,6.45447910e-01,9.00503159e+00,2.12136470e-03,4.70974792e+02,8.01229324e+01,1.89554234e+01,4.05226722e-02,7.29060024e-02
5345803-S04-156I3-A-L-B-190,20.02.2020-03:56:39,9.00000000e+00,6.44215941e-01,8.97223949e+00,2.02393718e-03,1.21245712e+02,7.99183273e+01,1.88022099e+01,2.39259437e-01,2.81582862e-01
5345803-S04-156I3-A-L-B-190,20.02.2020-03:56:41,9.00000000e+00,6.43245220e-01,8.96580410e+00,1.71450898e-03,2.08924255e+02,8.02275543e+01,1.88330021e+01,1.17255718e-01,1.42824620e-01
5345803-S04-156I3-A-L-B-190,20.02.2020-03:56:43,9.00000000e+00,6.43778682e-01,8.96026421e+00,1.55933038e-03,1.67534470e+02,8.01605988e+01,1.88212547e+01,1.69719756e-01,2.02995628e-01
5345803-S04-156I3-A-L-B-190,20.02.2020-03:56:45,1.90000000e+01,6.42933965e-01,8.94441319e+00,1.75280706e-03,2.22138290e+02,8.00971680e+01,1.87484589e+01,1.57203138e-01,1.89787179e-01
5345803-S04-156I3-A-L-B-190,20.02.2020-03:56:48,8.00000000e+00,6.45402670e-01,8.99135971e+00,1.75164721e-03,1.65325226e+02,8.02842102e+01,1.89634113e+01,3.36555392e-01,4.17776227e-01
5345803-S04-156I3-A-L-B-190,20.02.2020-03:56:50,9.00000000e+00,6.44656420e-01,8.93213749e+00,1.65532867e-03,1.24620964e+02,8.04720688e+01,1.88607559e+01,2.74655461e-01,4.51489270e-01
5345803-S04-156I3-A-L-B-190,20.02.2020-03:56:52,2.00000000e+01,6.43098950e-01,8.88477039e+00,1.58086279e-03,2.03348831e+02,8.03537979e+01,1.86879025e+01,3.49270523e-01,2.14877868e+00
5345803-S04-156I3-A-L-B-190,20.02.2020-03:56:54,9.00000000e+00,6.45439327e-01,8.94236279e+00,2.00173678e-03,3.23398438e+02,8.03094711e+01,1.88670807e+01,1.49501890e-01,5.09586513e-01
5345803-S04-156I3-A-L-B-190,20.02.2020-03:56:56,9.00000000e+00,6.42973304e-01,8.94431591e+00,1.58460566e-03,1.54270340e+02,8.03200760e+01,1.88015823e+01,1.98276237e-01,3.59307200e-01
5345803-S04-156I3-A-L-B-190,20.02.2020-03:56:58,8.00000000e+00,6.45974100e-01,8.99399853e+00,1.96155533e-03,9.11059265e+01,8.01947861e+01,1.89646244e+01,2.63262212e-01,3.38564783e-01
5345803-S04-156I3-A-L-B-190,20.02.2020-03:54:33,7.00000000e+00,6.49356961e-01,8.99085140e+00,1.77576183e-03,7.52321854e+01,8.03522720e+01,1.90946922e+01,3.07617754e-01,4.84564334e-01
5345803-S04-156I3-A-L-B-190,20.02.2020-03:54:35,7.00000000e+00,6.49289191e-01,9.01410961e+00,1.61057233e-03,1.91091125e+02,8.02849808e+01,1.91260605e+01,9.90168676e-02,1.58735037e-01
5345803-S04-156I3-A-L-B-190,20.02.2020-03:54:37,9.00000000e+00,6.46429360e-01,8.94684982e+00,2.09236518e-03,1.23405045e+02,7.99875641e+01,1.88297215e+01,2.13878259e-01,5.94069660e-01
5345803-S04-156I3-A-L-B-190,20.02.2020-03:54:40,9.00000000e+00,6.45893812e-01,8.92144203e+00,1.81963411e-03,9.73092117e+01,8.02390060e+01,1.88196678e+01,3.05978924e-01,6.36394680e-01
5345803-S04-156I3-A-L-B-190,20.02.2020-03:54:42,1.90000000e+01,6.45543158e-01,8.91263866e+00,2.18461966e-03,2.30318665e+02,8.00534210e+01,1.87474270e+01,1.96191385e-01,5.88761866e-01
5345803-S04-156I3-A-L-B-190,20.02.2020-03:54:44,2.00000000e+01,6.44057274e-01,8.92264175e+00,1.75807287e-03,2.01139053e+02,7.95557251e+01,1.86088524e+01,1.09503679e-01,1.37182057e-01
5345803-S04-156I3-A-L-B-190,20.02.2020-03:54:46,7.00000000e+00,6.49162710e-01,9.06259632e+00,1.74419302e-03,2.00110458e+02,8.02284775e+01,1.92116642e+01,7.88851604e-02,9.12768841e-02
5345803-S04-156I3-A-L-B-190,20.02.2020-03:54:48,9.00000000e+00,6.41794562e-01,9.04159260e+00,2.07704585e-03,3.19951172e+02,7.97498245e+01,1.88365288e+01,7.33448491e-02,1.24090813e-01
5345803-S04-156I3-A-L-B-190,20.02.2020-03:54:50,2.00000000e+01,6.43853068e-01,8.91394806e+00,1.68949133e-03,4.03721832e+02,7.96691437e+01,1.86113205e+01,5.03851734e-02,6.34673312e-02
5345803-S04-156I3-A-L-B-190,20.02.2020-03:54:52,9.00000000e+00,6.44061267e-01,8.98546791e+00,2.06751213e-03,8.02358643e+02,7.99019699e+01,1.88215599e+01,8.10545683e-02,2.05583662e-01
5345803-S04-156I3-A-L-B-190,20.02.2020-03:55:36,1.90000000e+01,6.43383622e-01,8.95009804e+00,1.97418872e-03,3.91373260e+02,8.01404877e+01,1.87836494e+01,1.43446550e-01,3.99051964e-01
5345803-S04-156I3-A-L-B-190,20.02.2020-03:55:38,8.00000000e+00,6.46138906e-01,8.98983097e+00,1.86033093e-03,2.24384781e+02,8.02733917e+01,1.89792595e+01,9.49241072e-02,1.43036038e-01
5345803-S04-156I3-A-L-B-190,20.02.2020-03:55:40,9.00000000e+00,6.44891798e-01,8.96821976e+00,1.91908330e-03,2.81333496e+02,8.02141800e+01,1.88831501e+01,1.09979495e-01,2.53406644e-01
5345803-S04-156I3-A-L-B-190,20.02.2020-03:55:42,8.00000000e+00,6.45750582e-01,8.99362564e+00,1.93672441e-03,2.11173019e+02,8.01408539e+01,1.89445267e+01,1.00297689e-01,1.46615297e-01
5345803-S04-156I3-A-L-B-190,20.02.2020-03:55:44,2.00000000e+01,6.44818723e-01,8.99069595e+00,2.91923038e-03,2.90362793e+02,7.92450104e+01,1.86996326e+01,6.76894188e-02,1.06604889e-01
5345803-S04-156I3-A-L-B-190,20.02.2020-03:55:46,8.00000000e+00,6.45743847e-01,8.96796131e+00,1.79645745e-03,2.93127991e+02,8.02573853e+01,1.89177361e+01,7.93396980e-02,1.59380436e-01
5345803-S04-156I3-A-L-B-190,20.02.2020-03:55:49,1.90000000e+01,6.42264605e-01,8.93807888e+00,1.88623893e-03,1.77051819e+02,8.01793747e+01,1.87348862e+01,1.54541329e-01,6.20265067e-01
5345803-S04-156I3-A-L-B-190,20.02.2020-03:55:51,1.90000000e+01,6.42287433e-01,8.93276119e+00,1.90152973e-03,2.17948975e+02,8.02195358e+01,1.87337818e+01,1.51924565e-01,6.10222101e-01
5345803-S04-156I3-A-L-B-190,20.02.2020-03:55:53,2.00000000e+01,6.41416788e-01,8.94968700e+00,2.05176696e-03,3.22154205e+02,7.99111633e+01,1.86717834e+01,1.12562217e-01,3.55283231e-01
5345803-S04-156I3-A-L-B-190,20.02.2020-03:55:55,2.00000000e+01,6.41314030e-01,8.93584156e+00,1.89059344e-03,4.17624634e+02,7.99334641e+01,1.86451130e+01,1.19995259e-01,4.32865769e-01
5345803-S04-156I3-A-L-B-190,20.02.2020-03:57:00,8.00000000e+00,6.46017432e-01,8.99239445e+00,1.97543297e-03,2.21381668e+02,8.00452576e+01,1.89271584e+01,1.10928476e-01,1.66279331e-01
5345803-S04-156I3-A-L-B-190,20.02.2020-03:57:02,8.00000000e+00,6.46262348e-01,8.98986721e+00,1.90785120e-03,2.33795731e+02,8.01341705e+01,1.89500370e+01,1.38941184e-01,2.02343211e-01
5345803-S04-156I3-A-L-B-190,20.02.2020-03:57:04,9.00000000e+00,6.43665075e-01,8.95537853e+00,1.92668347e-03,1.39401031e+02,8.03013306e+01,1.88406906e+01,2.30833113e-01,4.61973637e-01
5345803-S04-156I3-A-L-B-190,20.02.2020-03:57:06,8.00000000e+00,6.46181464e-01,8.97484112e+00,1.59427000e-03,1.02453278e+02,8.04962997e+01,1.90014782e+01,2.57331848e-01,3.73322070e-01
5345803-S04-156I3-A-L-B-190,20.02.2020-03:57:08,8.00000000e+00,6.47356749e-01,8.96542072e+00,1.87676295e-03,2.45696609e+02,8.04306793e+01,1.90005569e+01,1.31220117e-01,2.83729255e-01
5345803-S04-156I3-A-L-B-190,20.02.2020-03:57:10,2.00000000e+01,6.42318785e-01,8.90747643e+00,1.78747706e-03,1.57231064e+02,8.01708298e+01,1.86703243e+01,1.72794476e-01,5.96356869e-01
5345803-S04-156I3-A-L-B-190,20.02.2020-03:57:13,8.00000000e+00,6.46577239e-01,8.96847057e+00,1.47223205e-03,1.56288086e+02,8.03687744e+01,1.89695187e+01,1.51077941e-01,2.70843774e-01
5345803-S04-156I3-A-L-B-190,20.02.2020-03:57:15,7.00000000e+00,6.48380220e-01,8.97867298e+00,1.62956724e-03,8.90858765e+01,8.02937088e+01,1.90262680e+01,2.83794612e-01,3.93596530e-01
5345803-S04-156I3-A-L-B-190,20.02.2020-03:57:17,7.00000000e+00,6.47678077e-01,8.96805763e+00,1.90668402e-03,1.75643738e+02,8.04665451e+01,1.90240574e+01,1.68777332e-01,2.80337900e-01
5345803-S04-156I3-A-L-B-190,20.02.2020-03:57:19,1.00000000e+00,6.37544811e-01,8.97517681e+00,2.16120016e-03,2.24614975e+02,7.92178955e+01,1.84504604e+01,1.79289237e-01,3.64215791e-01
5345803-S04-156I3-A-L-B-190,20.02.2020-03:57:42,7.00000000e+00,6.47787929e-01,8.98413277e+00,1.85690855e-03,1.09980240e+02,8.03821869e+01,1.90414066e+01,2.59651214e-01,5.22230983e-01
5345803-S04-156I3-A-L-B-190,20.02.2020-03:57:44,8.00000000e+00,6.47909880e-01,8.98390579e+00,1.86406216e-03,2.62142975e+02,8.02554779e+01,1.90144901e+01,7.96683505e-02,1.55628875e-01
5345803-S04-156I3-A-L-B-190,20.02.2020-03:57:46,9.00000000e+00,6.44661427e-01,8.94304085e+00,1.88145007e-03,1.70157837e+02,8.01515427e+01,1.88087082e+01,3.07370454e-01,1.00129211e+00
5345803-S04-156I3-A-L-B-190,20.02.2020-03:57:48,8.00000000e+00,6.45931721e-01,9.00797844e+00,1.75268820e-03,1.08023766e+02,8.00824814e+01,1.89662590e+01,2.50222921e-01,3.18678081e-01
5345803-S04-156I3-A-L-B-190,20.02.2020-03:57:50,8.00000000e+00,6.46150887e-01,9.01232338e+00,1.98006025e-03,1.51282089e+02,8.00320129e+01,1.89698830e+01,1.94897056e-01,2.58778214e-01
5345803-S04-156I3-A-L-B-190,20.02.2020-03:57:52,8.00000000e+00,6.46267056e-01,9.00634861e+00,1.94868317e-03,1.35217560e+02,7.99864883e+01,1.89499283e+01,1.99238732e-01,2.60807395e-01
5345803-S04-156I3-A-L-B-190,20.02.2020-03:57:54,9.00000000e+00,6.44502342e-01,8.97401810e+00,1.79653498e-03,2.01456345e+02,8.01919632e+01,1.88787174e+01,1.64142221e-01,3.03131074e-01
5345803-S04-156I3-A-L-B-190,20.02.2020-03:57:56,9.00000000e+00,6.44172728e-01,8.99301434e+00,2.15010112e-03,1.05690384e+02,7.98217773e+01,1.88217163e+01,2.34621316e-01,3.72717768e-01
5345803-S04-156I3-A-L-B-190,20.02.2020-03:57:59,9.00000000e+00,6.44000769e-01,8.95372009e+00,1.74455438e-03,2.47336655e+02,8.04625092e+01,1.88848553e+01,1.45563230e-01,2.06812546e-01
5345803-S04-156I3-A-L-B-190,20.02.2020-03:58:01,8.00000000e+00,6.47219479e-01,8.97219563e+00,1.74965034e-03,3.19984772e+02,8.04405518e+01,1.90132141e+01,1.27432004e-01,4.36228573e-01
5345803-S04-156I3-A-L-B-190,20.02.2020-03:58:24,1.90000000e+01,6.44021392e-01,8.92969990e+00,2.19064811e-03,2.16739334e+02,8.00111923e+01,1.87291508e+01,1.00717820e-01,1.35476470e-01
5345803-S04-156I3-A-L-B-190,20.02.2020-03:58:26,1.90000000e+01,6.45025671e-01,8.94353867e+00,2.22946797e-03,5.41904053e+02,7.99110718e+01,1.87639160e+01,9.58667696e-02,1.30937546e-01
5345803-S04-156I3-A-L-B-190,20.02.2020-03:58:28,2.10000000e+01,6.42359912e-01,8.91136551e+00,2.31461762e-03,7.42878845e+02,7.98052139e+01,1.85944862e+01,7.58535415e-02,1.03821695e-01
5345803-S04-156I3-A-L-B-190,20.02.2020-03:58:30,2.00000000e+01,6.43786371e-01,8.90471554e+00,1.96826900e-03,5.31595215e+02,8.01381454e+01,1.86995564e+01,1.42513409e-01,5.05954266e-01
5345803-S04-156I3-A-L-B-190,20.02.2020-03:58:32,1.90000000e+01,6.44635439e-01,8.93704605e+00,2.02102098e-03,3.38403412e+02,7.98728790e+01,1.87299976e+01,1.21168979e-01,1.65587127e-01
5345803-S04-156I3-A-L-B-190,20.02.2020-03:58:34,1.90000000e+01,6.44562304e-01,8.93817425e+00,2.09055678e-03,4.89753937e+02,7.99895401e+01,1.87575932e+01,1.13687448e-01,1.54696375e-01
5345803-S04-156I3-A-L-B-190,20.02.2020-03:58:36,9.00000000e+00,6.45046651e-01,8.95261955e+00,1.95714715e-03,1.89528931e+02,7.99947662e+01,1.88032551e+01,1.63549200e-01,1.91055283e-01
5345803-S04-156I3-A-L-B-190,20.02.2020-03:58:38,2.00000000e+01,6.44153833e-01,8.90636730e+00,2.04502977e-03,3.93584412e+02,7.99138870e+01,1.86613331e+01,9.14732963e-02,2.01203898e-01
5345803-S04-156I3-A-L-B-190,20.02.2020-03:58:40,9.00000000e+00,6.46736443e-01,8.96336365e+00,2.35503679e-03,5.82458130e+02,7.98453140e+01,1.88398743e+01,5.91588654e-02,1.08598165e-01
5345803-S04-156I3-A-L-B-190,20.02.2020-03:58:43,1.90000000e+01,6.43758774e-01,8.92200565e+00,2.06624065e-03,2.46178268e+02,8.00149460e+01,1.87062588e+01,1.30928069e-01,2.02803299e-01
5345803-S04-156I3-A-L-B-190,20.02.2020-04:19:39,2.00000000e+01,6.42005503e-01,8.91650581e+00,1.73493230e-03,4.20171127e+01,8.00043793e+01,1.86413517e+01,5.03019691e-01,7.40109026e-01
5345803-S04-156I3-A-L-B-190,20.02.2020-04:19:41,8.00000000e+00,6.47228777e-01,8.92802811e+00,1.79682730e-03,6.76934357e+01,8.05021057e+01,1.89343662e+01,3.86462331e-01,5.81787169e-01
5345803-S04-156I3-A-L-B-190,20.02.2020-04:19:43,1.90000000e+01,6.43379033e-01,8.93452454e+00,1.73007417e-03,2.77788544e+01,8.01056137e+01,1.87426720e+01,7.88619339e-01,9.52318907e-01
5345803-S04-156I3-A-L-B-190,20.02.2020-04:19:45,1.90000000e+01,6.45606339e-01,8.92843056e+00,1.83794100e-03,1.14957298e+02,8.00349426e+01,1.87781487e+01,2.17864484e-01,3.04366827e-01
5345803-S04-156I3-A-L-B-190,20.02.2020-04:19:47,1.90000000e+01,6.45154715e-01,8.93900967e+00,2.29526428e-03,8.61291428e+01,7.99679794e+01,1.87715263e+01,2.91192949e-01,5.05306482e-01
5345803-S04-156I3-A-L-B-190,20.02.2020-04:19:50,2.10000000e+01,6.41149163e-01,8.91137409e+00,2.20465939e-03,5.66679726e+01,7.99036560e+01,1.85823498e+01,4.61276591e-01,7.18767107e-01
5345803-S04-156I3-A-L-B-190,20.02.2020-04:19:52,1.90000000e+01,6.42628133e-01,8.90807915e+00,1.95994810e-03,8.71840057e+01,8.02594070e+01,1.87012196e+01,3.79741877e-01,6.92590654e-01
5345803-S04-156I3-A-L-B-190,20.02.2020-04:19:54,9.00000000e+00,6.44018710e-01,8.95995522e+00,2.16735969e-03,9.12776642e+01,8.00503845e+01,1.88017368e+01,2.34987453e-01,2.77772248e-01
5345803-S04-156I3-A-L-B-190,20.02.2020-04:19:56,9.00000000e+00,6.45914555e-01,8.97349358e+00,2.12945277e-03,7.55519943e+01,7.98506317e+01,1.88384514e+01,2.36216247e-01,2.88114876e-01
5345803-S04-156I3-A-L-B-190,20.02.2020-04:19:58,2.00000000e+01,6.44253314e-01,8.89433384e+00,2.07873341e-03,4.08927727e+01,7.97594757e+01,1.86029835e+01,4.21586633e-01,5.93988121e-01
5345803-S04-156I3-A-L-B-190,20.02.2020-04:20:23,2.00000000e+01,6.43859863e-01,8.88644314e+00,2.13154685e-03,7.27993011e+01,7.98698959e+01,1.86008415e+01,3.46204638e-01,5.17265201e-01
5345803-S04-156I3-A-L-B-190,20.02.2020-04:20:25,1.40000000e+01,6.43276572e-01,8.92911243e+00,1.93664129e-03,1.20532122e+01,8.00767593e+01,1.87215881e+01,1.86526990e+00,2.19080019e+00
5345803-S04-156I3-A-L-B-190,20.02.2020-04:20:27,2.00000000e+01,6.41952157e-01,8.95007420e+00,2.26862170e-03,4.83535233e+01,7.97490768e+01,1.86502724e+01,4.82575625e-01,6.57119930e-01
5345803-S04-156I3-A-L-B-190,20.02.2020-04:20:29,1.40000000e+01,6.42451525e-01,8.93518448e+00,2.00788234e-03,1.24981489e+01,7.99334717e+01,1.86768112e+01,1.56306648e+00,1.83617461e+00
5345803-S04-156I3-A-L-B-190,20.02.2020-04:20:32,1.40000000e+01,6.44244373e-01,8.94958210e+00,1.71279954e-03,1.26327763e+01,8.01569138e+01,1.88115520e+01,1.63006198e+00,1.94697547e+00
5345803-S04-156I3-A-L-B-190,20.02.2020-04:20:34,1.90000000e+01,6.44722283e-01,8.92583370e+00,2.18961085e-03,2.09922791e+01,7.99854431e+01,1.87353840e+01,1.19765341e+00,1.49607217e+00
5345803-S04-156I3-A-L-B-190,20.02.2020-04:20:36,9.00000000e+00,6.44871712e-01,8.95189571e+00,1.65906525e-03,4.31618118e+01,8.01101761e+01,1.88237534e+01,5.32664716e-01,7.01973796e-01
5345803-S04-156I3-A-L-B-190,20.02.2020-04:20:38,1.40000000e+01,6.42470360e-01,8.92251205e+00,1.93293486e-03,1.71117973e+01,7.98676758e+01,1.86355190e+01,1.18032551e+00,1.40177822e+00
5345803-S04-156I3-A-L-B-190,20.02.2020-04:20:40,9.00000000e+00,6.45262957e-01,8.97622776e+00,1.82701659e-03,2.96146660e+01,8.01107101e+01,1.88864956e+01,6.48846626e-01,7.90238976e-01
5345803-S04-156I3-A-L-B-190,20.02.2020-04:20:42,1.90000000e+01,6.44742072e-01,8.92584229e+00,1.93597423e-03,3.22664108e+01,8.00945053e+01,1.87615242e+01,5.89470863e-01,7.01789081e-01
5345803-S04-156I3-A-L-B-190,20.02.2020-04:21:05,2.00000000e+01,6.42655671e-01,8.94133568e+00,2.11925176e-03,5.63713379e+01,7.96621323e+01,1.86321449e+01,6.71315372e-01,8.40501428e-01
5345803-S04-156I3-A-L-B-190,20.02.2020-04:21:07,1.90000000e+01,6.44977450e-01,8.94142437e+00,1.88176648e-03,4.84675026e+01,7.99196854e+01,1.87601013e+01,6.34413958e-01,8.95693243e-01
5345803-S04-156I3-A-L-B-190,20.02.2020-04:21:09,1.00000000e+00,6.42894089e-01,8.82769108e+00,1.80972484e-03,7.19936218e+01,8.00141220e+01,1.84834633e+01,3.55528027e-01,8.06585848e-01
5345803-S04-156I3-A-L-B-190,20.02.2020-04:21:11,1.90000000e+01,6.44517004e-01,8.90779877e+00,1.67641358e-03,1.64850510e+02,8.04273224e+01,1.87948380e+01,1.40353411e-01,1.98559716e-01
5345803-S04-156I3-A-L-B-190,20.02.2020-04:21:14,1.90000000e+01,6.44914210e-01,8.93696117e+00,2.01714644e-03,4.41527443e+01,7.98197327e+01,1.87254524e+01,8.95259738e-01,1.25676501e+00
5345803-S04-156I3-A-L-B-190,20.02.2020-04:21:16,9.00000000e+00,6.45319402e-01,8.99261761e+00,1.94580480e-03,4.42335472e+01,7.97998123e+01,1.88491974e+01,7.23880351e-01,8.91276598e-01
5345803-S04-156I3-A-L-B-190,20.02.2020-04:21:18,2.40000000e+01,6.43464148e-01,8.90722752e+00,1.90695573e-03,9.23240280e+00,7.98486328e+01,1.86279278e+01,1.89183414e+00,2.34857225e+00
5345803-S04-156I3-A-L-B-190,20.02.2020-04:21:20,9.00000000e+00,6.44955039e-01,8.92976952e+00,1.71529863e-03,5.39341621e+01,8.02955170e+01,1.88231030e+01,3.23608726e-01,4.00717854e-01
5345803-S04-156I3-A-L-B-190,20.02.2020-04:21:22,8.00000000e+00,6.47628605e-01,8.99877739e+00,1.83573843e-03,1.22343773e+02,7.99747162e+01,1.89710979e+01,3.04694712e-01,3.62854391e-01
5345803-S04-156I3-A-L-B-190,20.02.2020-04:21:24,8.00000000e+00,6.47722185e-01,9.00434589e+00,1.89404306e-03,1.02296593e+02,7.99561615e+01,1.89811745e+01,3.25071305e-01,3.86867732e-01
5345803-S04-156I3-A-L-B-190,20.02.2020-03:54:54,8.00000000e+00,6.47174418e-01,8.99185562e+00,1.97423808e-03,9.68656693e+01,8.01541672e+01,1.89857159e+01,2.39138499e-01,3.99639159e-01
5345803-S04-156I3-A-L-B-190,20.02.2020-03:54:56,9.00000000e+00,6.44023955e-01,8.94659328e+00,2.00082012e-03,3.26532990e+02,8.01885605e+01,1.88062534e+01,9.51577574e-02,1.36366874e-01
5345803-S04-156I3-A-L-B-190,20.02.2020-03:54:58,9.00000000e+00,6.43305540e-01,8.97323036e+00,1.65632833e-03,2.55065536e+02,8.00538177e+01,1.88095474e+01,1.49827689e-01,4.96900827e-01
5345803-S04-156I3-A-L-B-190,20.02.2020-03:55:00,8.00000000e+00,6.45276189e-01,8.98568344e+00,2.04903074e-03,5.09443268e+02,8.01597061e+01,1.89183426e+01,8.51099789e-02,1.73139438e-01
5345803-S04-156I3-A-L-B-190,20.02.2020-03:55:02,7.00000000e+00,6.46390915e-01,9.02988625e+00,1.75239844e-03,1.00677246e+02,8.02159958e+01,1.90576210e+01,2.07230464e-01,2.67281562e-01
5345803-S04-156I3-A-L-B-190,20.02.2020-03:55:05,8.00000000e+00,6.48647726e-01,8.96615982e+00,1.52816810e-03,9.18503571e+01,8.01095200e+01,1.89639893e+01,1.99023232e-01,2.91329682e-01
5345803-S04-156I3-A-L-B-190,20.02.2020-03:55:07,1.90000000e+01,6.43238664e-01,8.95733833e+00,1.71313656e-03,3.22028717e+02,8.00518951e+01,1.87738304e+01,1.66899130e-01,4.44060326e-01
5345803-S04-156I3-A-L-B-190,20.02.2020-03:55:09,7.00000000e+00,6.46751165e-01,9.04471302e+00,1.99400121e-03,2.13383545e+02,8.00560837e+01,1.90614796e+01,1.07162252e-01,1.49610996e-01
5345803-S04-156I3-A-L-B-190,20.02.2020-03:55:11,9.00000000e+00,6.44084632e-01,8.96099567e+00,1.83151511e-03,1.02555588e+02,8.01007233e+01,1.88176689e+01,3.01201910e-01,6.28808558e-01
5345803-S04-156I3-A-L-B-190,20.02.2020-03:55:13,9.00000000e+00,6.43913746e-01,8.95345688e+00,1.92791317e-03,1.77612137e+02,8.01708298e+01,1.88133011e+01,2.62672991e-01,5.63087821e-01
5345803-S04-156I3-A-L-B-190,20.02.2020-03:56:18,8.00000000e+00,6.45421803e-01,8.97837353e+00,1.85248372e-03,2.59858307e+02,8.02672119e+01,1.89325733e+01,1.07280031e-01,3.23125720e-01
5345803-S04-156I3-A-L-B-190,20.02.2020-03:56:20,8.00000000e+00,6.45810068e-01,8.98812103e+00,1.82333891e-03,3.78498352e+02,8.01803360e+01,1.89440041e+01,9.71520916e-02,1.96001187e-01
5345803-S04-156I3-A-L-B-190,20.02.2020-03:56:22,2.00000000e+01,6.42279148e-01,8.92563820e+00,2.20308849e-03,1.71282135e+02,7.98553162e+01,1.86336174e+01,1.67568237e-01,4.87102419e-01
5345803-S04-156I3-A-L-B-190,20.02.2020-03:56:24,9.00000000e+00,6.46345913e-01,8.98522472e+00,1.97199709e-03,1.27830734e+02,7.98593826e+01,1.88777447e+01,1.51799113e-01,2.21326843e-01
5345803-S04-156I3-A-L-B-190,20.02.2020-03:56:27,1.90000000e+01,6.45061791e-01,8.93310833e+00,1.95700489e-03,1.34107376e+02,8.00596771e+01,1.87779388e+01,3.15293550e-01,7.15636671e-01
5345803-S04-156I3-A-L-B-190,20.02.2020-03:56:29,2.10000000e+01,6.37732267e-01,9.01832962e+00,1.89885614e-03,2.08760574e+02,7.92357712e+01,1.85488052e+01,1.09050274e-01,1.84238300e-01
5345803-S04-156I3-A-L-B-190,20.02.2020-03:56:31,9.00000000e+00,6.45876884e-01,8.97399139e+00,1.87981536e-03,2.36165524e+01,8.00008545e+01,1.88738384e+01,5.96459925e-01,8.16940546e-01
5345803-S04-156I3-A-L-B-190,20.02.2020-03:56:33,7.00000000e+00,6.47154033e-01,9.03318977e+00,1.84201694e-03,1.95100906e+02,8.01070786e+01,1.90611839e+01,1.37959003e-01,1.71196163e-01
5345803-S04-156I3-A-L-B-190,20.02.2020-03:56:35,8.00000000e+00,6.45177722e-01,8.98200798e+00,1.84168981e-03,2.62817169e+02,8.03000946e+01,1.89408321e+01,1.52827308e-01,3.43498796e-01
5345803-S04-156I3-A-L-B-190,20.02.2020-03:56:37,8.00000000e+00,6.45189643e-01,8.98300934e+00,1.92681211e-03,2.60935059e+02,8.02815628e+01,1.89389210e+01,1.30719841e-01,2.85963476e-01
5345803-S04-156I3-A-L-B-190,20.02.2020-03:57:21,9.00000000e+00,6.43699348e-01,8.98316288e+00,1.85793184e-03,8.66103363e+01,8.02646027e+01,1.88915062e+01,2.75093943e-01,5.07905185e-01
5345803-S04-156I3-A-L-B-190,20.02.2020-03:57:23,9.00000000e+00,6.44926786e-01,8.96629524e+00,1.90557446e-03,9.13508606e+01,8.02134476e+01,1.88799496e+01,2.14433134e-01,3.36247265e-01
5345803-S04-156I3-A-L-B-190,20.02.2020-03:57:25,7.00000000e+00,6.47166431e-01,8.98515892e+00,1.91717979e-03,1.90499695e+02,8.04576797e+01,1.90431805e+01,1.22336052e-01,2.35048875e-01
5345803-S04-156I3-A-L-B-190,20.02.2020-03:57:27,7.00000000e+00,6.47852361e-01,8.98689842e+00,1.88447593e-03,2.31771698e+02,8.03514175e+01,1.90418720e+01,1.60172403e-01,2.50335634e-01
5345803-S04-156I3-A-L-B-190,20.02.2020-03:57:29,9.00000000e+00,6.44566894e-01,8.93673420e+00,1.83806871e-03,1.41385666e+02,8.03189926e+01,1.88319492e+01,2.92424619e-01,1.07379663e+00
5345803-S04-156I3-A-L-B-190,20.02.2020-03:57:31,8.00000000e+00,6.48069859e-01,8.97691154e+00,1.92778581e-03,6.43843155e+01,8.02140656e+01,1.89945717e+01,2.97771662e-01,4.09659714e-01
5345803-S04-156I3-A-L-B-190,20.02.2020-03:57:33,9.00000000e+00,6.45676374e-01,8.95650482e+00,1.73724431e-03,1.24452339e+02,8.02538376e+01,1.88907623e+01,1.93773910e-01,3.10834318e-01
5345803-S04-156I3-A-L-B-190,20.02.2020-03:57:36,2.00000000e+01,6.40932739e-01,8.90406227e+00,1.77010952e-03,1.25849586e+02,8.01926498e+01,1.86279659e+01,2.57841289e-01,7.95274079e-01
5345803-S04-156I3-A-L-B-190,20.02.2020-03:57:38,8.00000000e+00,6.45143926e-01,8.99353409e+00,1.72528520e-03,8.68935471e+01,8.01400757e+01,1.89263535e+01,2.81488478e-01,4.69452709e-01
5345803-S04-156I3-A-L-B-190,20.02.2020-03:57:40,7.00000000e+00,6.47815943e-01,8.96537399e+00,1.78036722e-03,1.90173950e+02,8.05104980e+01,1.90328007e+01,1.96894541e-01,3.22929800e-01
5345803-S04-156I3-A-L-B-190,20.02.2020-03:58:03,9.00000000e+00,6.43952787e-01,8.99394989e+00,1.81900489e-03,1.70515320e+02,8.01153717e+01,1.88864594e+01,1.38577089e-01,2.11233601e-01
5345803-S04-156I3-A-L-B-190,20.02.2020-03:58:05,9.00000000e+00,6.45692647e-01,8.92171383e+00,1.75935542e-03,1.42203781e+02,8.04900284e+01,1.88732357e+01,2.82298267e-01,8.92010033e-01
5345803-S04-156I3-A-L-B-190,20.02.2020-03:58:07,8.00000000e+00,6.46485150e-01,8.96823883e+00,2.05922406e-03,3.93886292e+02,8.03336945e+01,1.89580498e+01,9.51230228e-02,3.99084479e-01
5345803-S04-156I3-A-L-B-190,20.02.2020-03:58:09,2.00000000e+01,6.41887903e-01,8.91147614e+00,1.81494362e-03,2.11921112e+02,8.01654739e+01,1.86649303e+01,1.60571918e-01,5.95296502e-01
5345803-S04-156I3-A-L-B-190,20.02.2020-03:58:11,9.00000000e+00,6.43414199e-01,8.93761349e+00,1.64008944e-03,4.52359985e+02,8.04418793e+01,1.88288860e+01,9.38069895e-02,1.44145742e-01
5345803-S04-156I3-A-L-B-190,20.02.2020-03:58:13,9.00000000e+00,6.45747960e-01,8.93649387e+00,1.84585375e-03,1.78202286e+02,8.00652924e+01,1.88063602e+01,1.58575639e-01,2.64376879e-01
5345803-S04-156I3-A-L-B-190,20.02.2020-03:58:15,1.90000000e+01,6.44940376e-01,8.93608093e+00,2.18094303e-03,4.12593323e+02,7.98262634e+01,1.87258987e+01,1.14138685e-01,1.76837638e-01
5345803-S04-156I3-A-L-B-190,20.02.2020-03:58:17,9.00000000e+00,6.46371663e-01,8.95817184e+00,2.24701874e-03,3.92058167e+02,7.99839478e+01,1.88510132e+01,1.14348248e-01,2.02212006e-01
5345803-S04-156I3-A-L-B-190,20.02.2020-03:58:20,2.10000000e+01,6.39473379e-01,8.91482258e+00,2.01910129e-03,4.97817459e+01,7.98283615e+01,1.85234814e+01,8.60942125e-01,1.07419014e+00
5345803-S04-156I3-A-L-B-190,20.02.2020-03:58:22,1.90000000e+01,6.45183921e-01,8.92902756e+00,2.05249432e-03,2.64723785e+02,8.00849304e+01,1.87788391e+01,1.18604258e-01,1.70938432e-01
5345803-S04-156I3-A-L-B-190,20.02.2020-03:58:45,2.00000000e+01,6.44088149e-01,8.92868328e+00,2.31399294e-03,5.89187378e+02,7.98650818e+01,1.86947594e+01,9.12790000e-02,1.90751672e-01
5345803-S04-156I3-A-L-B-190,20.02.2020-03:58:47,1.90000000e+01,6.45579576e-01,8.93056297e+00,1.95643492e-03,2.23853714e+02,8.00957184e+01,1.87961159e+01,7.95111880e-02,1.40904397e-01
5345803-S04-156I3-A-L-B-190,20.02.2020-03:58:49,1.90000000e+01,6.44478500e-01,8.92756653e+00,2.02092947e-03,4.19256012e+02,8.02305374e+01,1.87893353e+01,8.88478160e-02,1.25798076e-01
5345803-S04-156I3-A-L-B-190,20.02.2020-03:58:51,9.00000000e+00,6.47064209e-01,8.95425606e+00,1.92675320e-03,4.89376160e+02,8.01445694e+01,1.89008427e+01,6.28458485e-02,1.38576895e-01
5345803-S04-156I3-A-L-B-190,20.02.2020-03:58:53,9.00000000e+00,6.45472527e-01,8.94179344e+00,2.23896932e-03,3.10460785e+02,8.01018677e+01,1.88180790e+01,1.24455750e-01,2.63011247e-01
5345803-S04-156I3-A-L-B-190,20.02.2020-03:58:55,9.00000000e+00,6.45930111e-01,8.94389057e+00,1.80894439e-03,2.61701630e+02,8.00330734e+01,1.88196583e+01,1.15293361e-01,2.38780856e-01
5345803-S04-156I3-A-L-B-190,20.02.2020-03:58:57,9.00000000e+00,6.46174788e-01,8.95064545e+00,1.91463635e-03,2.91659302e+02,8.01579590e+01,1.88704052e+01,1.59934327e-01,3.07011127e-01
5345803-S04-156I3-A-L-B-190,20.02.2020-03:58:59,2.10000000e+01,6.41200244e-01,8.95785713e+00,2.22669658e-03,2.52700836e+02,7.95023804e+01,1.85869503e+01,1.70940936e-01,2.27090985e-01
5345803-S04-156I3-A-L-B-190,20.02.2020-03:59:01,2.00000000e+00,6.40440643e-01,8.82623005e+00,1.84504851e-03,2.42479111e+02,7.98017731e+01,1.83610210e+01,1.57273233e-01,6.29733145e-01
5345803-S04-156I3-A-L-B-190,20.02.2020-03:59:04,7.00000000e+00,6.45677567e-01,9.00845623e+00,1.90574396e-03,3.04373352e+02,8.04755936e+01,1.90528736e+01,1.00108333e-01,1.75041527e-01
5345803-S04-156I3-A-L-B-190,20.02.2020-04:20:00,2.10000000e+01,6.41483903e-01,8.91809177e+00,2.11514579e-03,7.45545959e+01,7.98481979e+01,1.85931511e+01,2.99813986e-01,4.13234621e-01
5345803-S04-156I3-A-L-B-190,20.02.2020-04:20:02,1.40000000e+01,6.44717991e-01,8.95773602e+00,1.92743319e-03,1.32039967e+01,8.01486435e+01,1.88405857e+01,1.65622997e+00,1.95120180e+00
5345803-S04-156I3-A-L-B-190,20.02.2020-04:20:04,1.40000000e+01,6.43786967e-01,8.96087837e+00,1.77130813e-03,1.53610439e+01,8.00661926e+01,1.88006191e+01,1.42903006e+00,1.74127400e+00
5345803-S04-156I3-A-L-B-190,20.02.2020-04:20:06,1.40000000e+01,6.42311454e-01,8.94814110e+00,1.99510576e-03,1.67355385e+01,8.01046753e+01,1.87398682e+01,1.36915433e+00,1.59868538e+00
5345803-S04-156I3-A-L-B-190,20.02.2020-04:20:09,1.40000000e+01,6.44060850e-01,8.94237900e+00,1.76526362e-03,1.62385044e+01,7.98972855e+01,1.87301903e+01,1.11756003e+00,1.31290197e+00
5345803-S04-156I3-A-L-B-190,20.02.2020-04:20:11,1.40000000e+01,6.42997146e-01,8.93791294e+00,2.06187437e-03,1.15997772e+01,7.99192810e+01,1.86950626e+01,1.88802361e+00,2.31080461e+00
5345803-S04-156I3-A-L-B-190,20.02.2020-04:20:13,1.40000000e+01,6.45651102e-01,8.99803448e+00,1.81280682e-03,1.08978004e+01,8.00100861e+01,1.89199696e+01,1.80207181e+00,2.15098596e+00
5345803-S04-156I3-A-L-B-190,20.02.2020-04:20:17,1.40000000e+01,6.42600000e-01,8.93482113e+00,2.10906193e-03,1.22861691e+01,7.99621429e+01,1.86870689e+01,1.77699947e+00,2.19341755e+00
5345803-S04-156I3-A-L-B-190,20.02.2020-04:20:19,1.40000000e+01,6.45320177e-01,8.97363186e+00,1.97710493e-03,1.51464586e+01,8.01519165e+01,1.88924217e+01,1.30165851e+00,1.50437176e+00
5345803-S04-156I3-A-L-B-190,20.02.2020-04:20:21,1.90000000e+01,6.43569350e-01,8.93013763e+00,1.50414149e-03,4.36310616e+01,8.01747131e+01,1.87551746e+01,5.09228587e-01,6.02946699e-01
5345803-S04-156I3-A-L-B-190,20.02.2020-04:21:26,1.90000000e+01,6.44574344e-01,8.91742706e+00,1.85963011e-03,8.21484985e+01,8.02170792e+01,1.87676373e+01,2.62757540e-01,4.39472497e-01
5345803-S04-156I3-A-L-B-190,20.02.2020-04:21:28,2.10000000e+01,6.39322042e-01,8.89168835e+00,1.76541135e-03,8.56629257e+01,7.99585419e+01,1.85011616e+01,3.14804673e-01,5.18138289e-01
5345803-S04-156I3-A-L-B-190,20.02.2020-04:21:30,1.90000000e+01,6.44578755e-01,8.91914463e+00,1.85263879e-03,1.03787140e+02,8.00826950e+01,1.87399330e+01,2.28756800e-01,4.21957552e-01
5345803-S04-156I3-A-L-B-190,20.02.2020-04:21:32,1.90000000e+01,6.43175721e-01,8.95372772e+00,2.13961722e-03,4.41291771e+01,8.00783310e+01,1.87706261e+01,4.70272243e-01,8.08576047e-01
5345803-S04-156I3-A-L-B-190,20.02.2020-04:21:35,2.00000000e+01,6.44609272e-01,8.92107964e+00,1.97331258e-03,6.77286758e+01,7.97361450e+01,1.86637688e+01,3.53066504e-01,4.12226558e-01
5345803-S04-156I3-A-L-B-190,20.02.2020-04:21:37,1.00000000e+00,6.41439617e-01,8.88068581e+00,1.33751007e-03,6.00289345e+01,7.96783905e+01,1.84745140e+01,5.62784076e-01,7.50063777e-01
5345803-S04-156I3-A-L-B-190,20.02.2020-04:21:39,9.00000000e+00,6.43542409e-01,8.95018959e+00,1.58762769e-03,8.13320312e+01,8.04070663e+01,1.88509750e+01,3.54983270e-01,7.29174554e-01
5345803-S04-156I3-A-L-B-190,20.02.2020-04:21:41,9.00000000e+00,6.45376205e-01,8.94598579e+00,1.86953845e-03,1.67677811e+02,8.00399399e+01,1.88095360e+01,2.76117295e-01,5.25451243e-01
5345803-S04-156I3-A-L-B-190,20.02.2020-04:21:43,1.90000000e+01,6.44365549e-01,8.94611168e+00,2.21125688e-03,1.39649750e+02,8.00748062e+01,1.87885265e+01,2.50605196e-01,4.66132045e-01
5345803-S04-156I3-A-L-B-190,20.02.2020-04:21:45,1.90000000e+01,6.44644022e-01,8.95442390e+00,2.38796393e-03,1.06788422e+02,7.95938873e+01,1.87011166e+01,3.19611758e-01,6.48094058e-01
5345803-S04-156I3-A-L-B-190,20.02.2020-04:22:08,9.00000000e+00,6.44799352e-01,8.96306610e+00,1.81091158e-03,8.37894211e+01,8.01965027e+01,1.88654327e+01,3.12617034e-01,5.94312608e-01
5345803-S04-156I3-A-L-B-190,20.02.2020-04:22:10,1.90000000e+01,6.43356323e-01,8.90714836e+00,2.10907194e-03,5.32700119e+01,8.02082825e+01,1.87085304e+01,3.90685767e-01,6.56476855e-01
5345803-S04-156I3-A-L-B-190,20.02.2020-04:22:12,9.00000000e+00,6.45124316e-01,8.93131351e+00,1.74049987e-03,1.39332230e+02,8.02657471e+01,1.88243141e+01,1.80809408e-01,2.60990888e-01
5345803-S04-156I3-A-L-B-190,20.02.2020-04:22:15,2.00000000e+00,6.43038392e-01,8.82519531e+00,1.86985277e-03,7.02647858e+01,7.96176529e+01,1.83908081e+01,5.90535998e-01,8.69205058e-01
5345803-S04-156I3-A-L-B-190,20.02.2020-04:22:17,1.90000000e+01,6.45068467e-01,8.94693184e+00,2.03004642e-03,3.87287254e+01,7.98834991e+01,1.87658062e+01,1.01513016e+00,1.33562601e+00
5345803-S04-156I3-A-L-B-190,20.02.2020-04:22:19,2.00000000e+01,6.43309474e-01,8.92364216e+00,1.85246603e-03,2.02532673e+01,8.00219345e+01,1.86982651e+01,1.09628856e+00,1.49975884e+00
5345803-S04-156I3-A-L-B-190,20.02.2020-04:22:21,1.90000000e+01,6.42303944e-01,8.92488670e+00,2.04319158e-03,3.76613426e+01,8.02871780e+01,1.87335358e+01,6.13772452e-01,9.77735341e-01
5345803-S04-156I3-A-L-B-190,20.02.2020-04:22:23,1.90000000e+01,6.43380702e-01,8.91902065e+00,1.72732654e-03,2.33634377e+01,8.00902863e+01,1.87066174e+01,1.03236556e+00,1.43145204e+00
5345803-S04-156I3-A-L-B-190,20.02.2020-04:22:25,1.40000000e+01,6.44427717e-01,8.94739914e+00,1.95983774e-03,2.85447369e+01,7.98501434e+01,1.87403164e+01,1.32216847e+00,1.71646953e+00
5345803-S04-156I3-A-L-B-190,20.02.2020-04:22:27,1.40000000e+01,6.44679427e-01,8.95967293e+00,1.90396467e-03,1.13066730e+01,7.98700943e+01,1.87780437e+01,1.94193840e+00,2.22755527e+00
5345803-S04-156I3-A-L-B-190,20.02.2020-04:20:44,2.00000000e+01,6.42811596e-01,8.90058708e+00,1.70157733e-03,2.87629700e+01,8.01292953e+01,1.86605263e+01,7.09888458e-01,8.72354269e-01
5345803-S04-156I3-A-L-B-190,20.02.2020-04:20:46,1.40000000e+01,6.43176675e-01,8.90912914e+00,2.18940713e-03,1.38187199e+01,7.96325760e+01,1.85731907e+01,1.48575139e+00,2.01062751e+00
5345803-S04-156I3-A-L-B-190,20.02.2020-04:20:48,2.40000000e+01,6.43732905e-01,8.97651005e+00,2.09438824e-03,7.84696150e+00,7.97389832e+01,1.87548733e+01,2.56176639e+00,2.94623351e+00
5345803-S04-156I3-A-L-B-190,20.02.2020-04:20:50,1.40000000e+01,6.44132316e-01,8.95227623e+00,2.18973216e-03,1.59901218e+01,7.95896301e+01,1.86807899e+01,1.42914140e+00,1.77802646e+00
5345803-S04-156I3-A-L-B-190,20.02.2020-04:20:53,1.40000000e+01,6.44099832e-01,8.92849064e+00,1.97249837e-03,1.50829706e+01,7.98218536e+01,1.86845741e+01,1.66218650e+00,2.05752039e+00
5345803-S04-156I3-A-L-B-190,20.02.2020-04:20:55,2.40000000e+01,6.45139337e-01,8.96887207e+00,1.77946780e-03,5.70667219e+00,7.91907196e+01,1.86507301e+01,3.72153306e+00,4.23771524e+00
5345803-S04-156I3-A-L-B-190,20.02.2020-04:20:57,2.40000000e+01,6.46271646e-01,8.98922539e+00,2.18174001e-03,3.30708170e+00,7.87576828e+01,1.86234665e+01,6.60428333e+00,7.52261543e+00
5345803-S04-156I3-A-L-B-190,20.02.2020-04:20:59,2.40000000e+01,6.42506421e-01,8.95824051e+00,1.55156525e-03,2.10795736e+00,7.79394226e+01,1.82594433e+01,1.00333195e+01,
5345803-S04-156I3-A-L-B-190,20.02.2020-04:21:01,2.40000000e+01,6.42032027e-01,8.95649147e+00,1.50384789e-03,2.35379791e+00,7.81566010e+01,1.82932320e+01,9.63985062e+00,
5345803-S04-156I3-A-L-B-190,20.02.2020-04:21:03,1.90000000e+01,6.44298136e-01,8.90933609e+00,1.98805728e-03,2.07984116e+02,8.02914429e+01,1.87599487e+01,1.16489641e-01,1.66662127e-01
5345803-S04-156I3-A-L-B-190,20.02.2020-04:21:47,1.90000000e+01,6.44217193e-01,8.93734646e+00,2.27669044e-03,6.31790924e+01,7.98767319e+01,1.87193756e+01,6.00537539e-01,8.05742443e-01
5345803-S04-156I3-A-L-B-190,20.02.2020-04:21:49,1.90000000e+01,6.45449996e-01,8.94481754e+00,2.29760865e-03,1.23668297e+02,7.99032822e+01,1.87771168e+01,3.30186814e-01,5.99992454e-01
5345803-S04-156I3-A-L-B-190,20.02.2020-04:21:51,2.00000000e+00,6.42421424e-01,8.84203148e+00,2.63489806e-03,1.21395683e+02,7.90353394e+01,1.82735786e+01,3.37512046e-01,6.49385691e-01
5345803-S04-156I3-A-L-B-190,20.02.2020-04:21:53,1.90000000e+01,6.44863427e-01,8.94472408e+00,1.94764091e-03,1.78567871e+02,7.98665771e+01,1.87512379e+01,2.25398868e-01,4.33021545e-01
5345803-S04-156I3-A-L-B-190,20.02.2020-04:21:56,1.90000000e+01,6.44933820e-01,8.95055580e+00,2.03283317e-03,1.20193466e+02,7.97916870e+01,1.87479172e+01,2.95467198e-01,4.75076050e-01
5345803-S04-156I3-A-L-B-190,20.02.2020-04:21:58,8.00000000e+00,6.44475579e-01,9.00367069e+00,1.97028113e-03,7.69814072e+01,8.00656967e+01,1.89104881e+01,2.27824226e-01,2.76598155e-01
5345803-S04-156I3-A-L-B-190,20.02.2020-04:22:00,2.00000000e+00,6.42922401e-01,8.80941582e+00,1.65467884e-03,4.41405144e+01,7.96161880e+01,1.83542767e+01,7.76796281e-01,1.06667852e+00
5345803-S04-156I3-A-L-B-190,20.02.2020-04:22:02,2.00000000e+01,6.44689322e-01,8.95290089e+00,2.54033715e-03,1.30093552e+02,7.95783157e+01,1.86955910e+01,2.99818397e-01,5.08402228e-01
5345803-S04-156I3-A-L-B-190,20.02.2020-04:22:04,1.90000000e+01,6.42439425e-01,8.91919613e+00,1.81366340e-03,7.74213486e+01,8.01847458e+01,1.87016468e+01,4.26263839e-01,1.19785786e+00
5345803-S04-156I3-A-L-B-190,20.02.2020-04:22:06,9.00000000e+00,6.44008875e-01,8.96829414e+00,2.08100607e-03,8.57832108e+01,8.03399353e+01,1.88870163e+01,2.53962755e-01,4.60926592e-01
5345803-S04-156I3-A-L-B-190,20.02.2020-04:22:29,2.10000000e+01,6.42376721e-01,8.88175964e+00,1.76572276e-03,3.85771141e+01,7.99730759e+01,1.85721760e+01,6.29730940e-01,1.48132515e+00
5345803-S04-156I3-A-L-B-190,20.02.2020-04:22:31,1.90000000e+01,6.43278480e-01,8.91655064e+00,2.13028211e-03,7.80525513e+01,8.02102661e+01,1.87264767e+01,2.83396274e-01,3.86898011e-01
5345803-S04-156I3-A-L-B-190,20.02.2020-04:22:33,2.10000000e+01,6.43690169e-01,8.86763096e+00,1.62859517e-03,6.56382370e+01,8.00369568e+01,1.85953865e+01,3.51788700e-01,6.93284512e-01
5345803-S04-156I3-A-L-B-190,20.02.2020-04:22:35,2.00000000e+01,6.42920971e-01,8.95153427e+00,2.35138997e-03,3.13454189e+01,7.96261139e+01,1.86526604e+01,1.25912607e+00,1.65600872e+00
5345803-S04-156I3-A-L-B-190,20.02.2020-04:22:37,2.10000000e+01,6.40912473e-01,8.95851231e+00,2.46528164e-03,6.34983215e+01,7.94106598e+01,1.85585308e+01,4.99876797e-01,6.50695622e-01
5345803-S04-156I3-A-L-B-190,20.02.2020-04:22:39,1.90000000e+01,6.44784391e-01,8.92206383e+00,2.32249312e-03,3.60606346e+01,7.99392319e+01,1.87184563e+01,6.08518541e-01,7.27866828e-01
5345803-S04-156I3-A-L-B-190,20.02.2020-04:22:42,2.10000000e+01,6.43248618e-01,8.85374355e+00,1.84827694e-03,6.49484940e+01,7.99757156e+01,1.85393333e+01,3.94613951e-01,8.12692165e-01
5345803-S04-156I3-A-L-B-190,20.02.2020-04:22:44,2.10000000e+01,6.43734455e-01,8.86243629e+00,1.75096700e-03,4.68485336e+01,7.98282852e+01,1.85373173e+01,5.73510170e-01,9.16625023e-01
5345803-S04-156I3-A-L-B-190,20.02.2020-04:22:46,1.90000000e+01,6.44050121e-01,8.91460800e+00,1.63694168e-03,5.72895699e+01,8.01442947e+01,1.87294369e+01,3.54934901e-01,4.45397794e-01
5345803-S04-156I3-A-L-B-190,20.02.2020-04:22:48,9.00000000e+00,6.45345688e-01,8.94046497e+00,1.83660979e-03,1.06235573e+02,8.01035080e+01,1.88119678e+01,3.66651475e-01,6.18291259e-01
5345803-S04-156I3-A-L-B-190,20.02.2020-04:23:11,1.00000000e+00,6.38954997e-01,8.86334610e+00,1.91550213e-03,9.15824585e+01,8.02198105e+01,1.84918270e+01,3.27755451e-01,6.06590509e-01
5345803-S04-156I3-A-L-B-190,20.02.2020-04:23:13,2.00000000e+00,6.38323307e-01,8.82610416e+00,1.84574968e-03,4.54946899e+02,8.01285324e+01,1.83749924e+01,1.77807361e-01,1.06904781e+00
5345803-S04-156I3-A-L-B-190,20.02.2020-04:23:15,1.90000000e+01,6.44204617e-01,8.90935612e+00,2.13290844e-03,5.56225281e+02,8.03083115e+01,1.87612095e+01,6.47934452e-02,1.32385701e-01
5345803-S04-156I3-A-L-B-190,20.02.2020-04:23:17,2.00000000e+01,6.43222094e-01,8.90860748e+00,1.95587683e-03,2.53515350e+02,8.00541763e+01,1.86717472e+01,1.43280610e-01,2.94136584e-01
5345803-S04-156I3-A-L-B-190,20.02.2020-04:23:19,2.10000000e+01,6.41824424e-01,8.87654591e+00,2.01400626e-03,2.61468872e+02,8.00170441e+01,1.85555096e+01,1.42397121e-01,4.59645718e-01
5345803-S04-156I3-A-L-B-190,20.02.2020-04:23:21,2.00000000e+00,6.38728857e-01,8.84856224e+00,1.84440997e-03,1.30735245e+02,7.99450073e+01,1.83912315e+01,2.39011228e-01,8.55563581e-01
5345803-S04-156I3-A-L-B-190,20.02.2020-04:23:23,2.00000000e+01,6.43846571e-01,8.87006187e+00,1.84508215e-03,4.35315216e+02,8.02586288e+01,1.86565342e+01,1.04687221e-01,2.83421338e-01
5345803-S04-156I3-A-L-B-190,20.02.2020-04:23:25,2.10000000e+01,6.40109360e-01,8.93026543e+00,2.19600694e-03,1.42752426e+02,7.98910217e+01,1.85886021e+01,1.64687008e-01,2.73705125e-01
5345803-S04-156I3-A-L-B-190,20.02.2020-04:23:27,2.10000000e+01,6.43037021e-01,8.87256050e+00,2.38118600e-03,4.09398865e+02,7.98683472e+01,1.85476894e+01,9.62279588e-02,1.64060220e-01
5345803-S04-156I3-A-L-B-190,20.02.2020-04:23:29,2.00000000e+01,6.44109190e-01,8.89320946e+00,1.71210780e-03,2.35122665e+02,7.98835831e+01,1.86254082e+01,1.56475514e-01,3.62110049e-01
5345803-S04-156I3-A-L-B-190,20.02.2020-04:23:53,2.00000000e+00,6.39532745e-01,8.87780571e+00,2.48771603e-03,4.20555801e+01,7.90012360e+01,1.82571297e+01,6.50402248e-01,9.67890918e-01
5345803-S04-156I3-A-L-B-190,20.02.2020-04:25:15,2.00000000e+01,6.43678606e-01,8.92688084e+00,2.30564852e-03,6.09280968e+01,7.96946106e+01,1.86392307e+01,3.76942545e-01,4.67304468e-01
5345803-S04-156I3-A-L-B-190,20.02.2020-04:25:18,2.40000000e+01,6.38319731e-01,8.84700871e+00,2.27018795e-03,9.49593735e+00,7.90788498e+01,1.81771278e+01,1.60488033e+00,1.85830390e+00
5345803-S04-156I3-A-L-B-190,20.02.2020-04:25:20,1.40000000e+01,6.38573647e-01,8.86166859e+00,1.89702527e-03,1.63796959e+01,7.94797592e+01,1.83068333e+01,9.96226728e-01,1.14987147e+00
5345803-S04-156I3-A-L-B-190,20.02.2020-04:25:22,1.00000000e+00,6.40971780e-01,8.88214970e+00,2.06354400e-03,5.82026482e+01,7.96491394e+01,1.84573040e+01,4.26419020e-01,5.03321528e-01
5345803-S04-156I3-A-L-B-190,20.02.2020-04:25:24,2.40000000e+01,6.44316614e-01,8.92208099e+00,1.86287949e-03,7.65469360e+00,7.96971207e+01,1.86482601e+01,1.72897303e+00,1.98029459e+00
5345803-S04-156I3-A-L-B-190,20.02.2020-04:25:26,2.00000000e+00,6.37691140e-01,8.82974243e+00,2.03262037e-03,5.15532379e+01,7.96216888e+01,1.82481976e+01,5.66556573e-01,7.96980679e-01
5345803-S04-156I3-A-L-B-190,20.02.2020-04:25:28,1.90000000e+01,6.44279540e-01,8.94127274e+00,2.35552969e-03,1.73681747e+02,8.00479736e+01,1.87695656e+01,1.70086384e-01,2.95869619e-01
5345803-S04-156I3-A-L-B-190,20.02.2020-04:25:30,2.10000000e+01,6.42281651e-01,8.85704708e+00,1.78362068e-03,1.21058685e+02,8.00468216e+01,1.85348339e+01,2.44387701e-01,5.88601053e-01
5345803-S04-156I3-A-L-B-190,20.02.2020-04:25:32,2.00000000e+00,6.38762712e-01,8.84404278e+00,2.18228111e-03,2.47998962e+01,7.94052582e+01,1.82586994e+01,1.06064069e+00,1.43352902e+00
5345803-S04-156I3-A-L-B-190,20.02.2020-04:25:55,2.00000000e+01,6.40193701e-01,8.91151142e+00,2.20142817e-03,7.16223373e+01,8.03010330e+01,1.86472206e+01,3.85486037e-01,4.89069253e-01
5345803-S04-156I3-A-L-B-190,20.02.2020-04:25:57,3.00000000e+00,6.36893153e-01,8.81483555e+00,1.97068276e-03,5.21585388e+01,7.94050674e+01,1.81450939e+01,4.93672788e-01,7.88495362e-01
5345803-S04-156I3-A-L-B-190,20.02.2020-04:26:00,2.00000000e+01,6.43922806e-01,8.92625904e+00,2.17332225e-03,4.36543922e+01,7.96942062e+01,1.86449070e+01,6.06150925e-01,7.22792864e-01
5345803-S04-156I3-A-L-B-190,20.02.2020-04:26:02,2.10000000e+01,6.42088294e-01,8.91532707e+00,2.35655764e-03,5.51672478e+01,7.94632263e+01,1.85151997e+01,3.97665203e-01,4.70141590e-01
5345803-S04-156I3-A-L-B-190,20.02.2020-04:26:04,1.00000000e+00,6.39903665e-01,8.84676170e+00,1.70114904e-03,1.19196693e+02,7.99790649e+01,1.84291553e+01,3.08873564e-01,6.01816893e-01
5345803-S04-156I3-A-L-B-190,20.02.2020-04:26:06,8.00000000e+00,6.44973397e-01,8.97041702e+00,2.08490598e-03,1.63245712e+02,8.03719635e+01,1.89273243e+01,1.44612670e-01,1.96406201e-01
5345803-S04-156I3-A-L-B-190,20.02.2020-04:26:08,1.00000000e+00,6.39679432e-01,8.85930347e+00,2.01602490e-03,8.86004791e+01,8.00654221e+01,1.84687366e+01,3.85018319e-01,8.55213284e-01
5345803-S04-156I3-A-L-B-190,20.02.2020-04:26:10,8.00000000e+00,6.46184683e-01,8.94735527e+00,2.08011013e-03,1.89728806e+02,8.04099655e+01,1.89230614e+01,1.47012189e-01,2.32537806e-01
5345803-S04-156I3-A-L-B-190,20.02.2020-04:26:12,9.00000000e+00,6.44958138e-01,8.94351196e+00,2.14055530e-03,1.30569260e+02,8.03667755e+01,1.88688908e+01,2.04326510e-01,3.12791854e-01
5345803-S04-156I3-A-L-B-190,20.02.2020-04:26:14,9.00000000e+00,6.44616306e-01,8.93737602e+00,2.22388492e-03,1.03899765e+02,8.02060242e+01,1.88082542e+01,2.80996650e-01,4.75397110e-01
5345803-S04-156I3-A-L-B-190,20.02.2020-04:28:21,2.00000000e+00,6.38265431e-01,8.80488682e+00,1.71299779e-03,4.94472580e+01,8.00182266e+01,1.83039246e+01,6.45538092e-01,9.75580275e-01
5345803-S04-156I3-A-L-B-190,20.02.2020-04:28:23,1.00000000e+00,6.42346740e-01,8.81717491e+00,1.86704879e-03,9.24003067e+01,8.01559525e+01,1.84784241e+01,2.89399624e-01,7.35544443e-01
5345803-S04-156I3-A-L-B-190,20.02.2020-04:28:25,1.00000000e+00,6.42454207e-01,8.82040215e+00,1.92545424e-03,9.18759384e+01,7.99204865e+01,1.84339695e+01,3.35803777e-01,6.74761415e-01
5345803-S04-156I3-A-L-B-190,20.02.2020-04:28:27,2.00000000e+00,6.38180077e-01,8.80349827e+00,1.94082665e-03,6.39729919e+01,8.00208817e+01,1.82991982e+01,4.75653589e-01,7.70581245e-01
5345803-S04-156I3-A-L-B-190,20.02.2020-04:28:29,2.00000000e+01,6.44484937e-01,8.89848423e+00,1.89829036e-03,4.91206360e+01,7.99996109e+01,1.86744118e+01,5.55233479e-01,7.79038906e-01
5345803-S04-156I3-A-L-B-190,20.02.2020-04:28:32,2.00000000e+01,6.42104864e-01,8.91777992e+00,1.95355294e-03,3.32736511e+01,7.99029541e+01,1.86232643e+01,7.79677153e-01,9.31609333e-01
5345803-S04-156I3-A-L-B-190,20.02.2020-04:28:34,2.00000000e+00,6.36891723e-01,8.83044720e+00,2.20581261e-03,3.14630032e+01,7.95969315e+01,1.82211113e+01,9.25768018e-01,1.25278306e+00
5345803-S04-156I3-A-L-B-190,20.02.2020-04:28:36,1.40000000e+01,6.45502150e-01,8.94688988e+00,2.33993889e-03,1.47841759e+01,7.98279343e+01,1.87652721e+01,1.82556951e+00,2.20067286e+00
5345803-S04-156I3-A-L-B-190,20.02.2020-04:28:38,2.40000000e+01,6.44730687e-01,8.96678829e+00,2.02063168e-03,6.55107069e+00,7.96272430e+01,1.87373066e+01,3.82644486e+00,4.36900377e+00
5345803-S04-156I3-A-L-B-190,20.02.2020-04:28:40,2.40000000e+01,6.33610785e-01,8.73844147e+00,1.28818653e-03,1.34257183e+01,8.04671326e+01,1.81344872e+01,2.88658118e+00,3.45963073e+00
5345803-S04-156I3-A-L-B-190,20.02.2020-04:29:03,2.00000000e+00,6.37976408e-01,8.84686756e+00,1.97678432e-03,4.85749016e+01,7.94570084e+01,1.82539387e+01,5.31606495e-01,6.20895743e-01
5345803-S04-156I3-A-L-B-190,20.02.2020-04:29:05,1.90000000e+01,6.44855201e-01,8.92146587e+00,1.87750009e-03,1.04999466e+02,7.99296341e+01,1.87170086e+01,2.20039248e-01,3.64852697e-01
5345803-S04-156I3-A-L-B-190,20.02.2020-04:29:07,2.00000000e+00,6.39958024e-01,8.79833889e+00,2.34792172e-03,7.59269485e+01,7.96457291e+01,1.82534466e+01,3.21935415e-01,8.43746006e-01
5345803-S04-156I3-A-L-B-190,20.02.2020-04:29:09,1.90000000e+01,6.43927395e-01,8.93283558e+00,1.85262249e-03,1.72442062e+02,8.01450043e+01,1.87643223e+01,2.62044162e-01,3.24748397e-01
5345803-S04-156I3-A-L-B-190,20.02.2020-04:29:12,1.90000000e+01,6.44124329e-01,8.90485477e+00,1.94859842e-03,1.54097488e+02,8.02528458e+01,1.87364445e+01,2.66958773e-01,3.74294221e-01
5345803-S04-156I3-A-L-B-190,20.02.2020-04:29:14,1.90000000e+01,6.46493375e-01,8.91892052e+00,1.92298531e-03,3.20705566e+02,8.00846558e+01,1.87955856e+01,1.53052166e-01,2.50472903e-01
5345803-S04-156I3-A-L-B-190,20.02.2020-04:29:16,2.10000000e+01,6.41457558e-01,8.90226364e+00,1.85063202e-03,1.77455109e+02,7.98744431e+01,1.85654907e+01,1.98417798e-01,2.98256934e-01
5345803-S04-156I3-A-L-B-190,20.02.2020-04:29:18,1.00000000e+00,6.39783680e-01,8.82247448e+00,2.03915616e-03,1.71816986e+02,8.03096085e+01,1.84510593e+01,2.73880482e-01,9.64773059e-01
5345803-S04-156I3-A-L-B-190,20.02.2020-04:29:20,1.00000000e+00,6.40344739e-01,8.83628845e+00,2.07066070e-03,1.06382118e+02,8.00957336e+01,1.84468937e+01,4.57798749e-01,1.10152805e+00
5345803-S04-156I3-A-L-B-190,20.02.2020-04:29:22,2.00000000e+01,6.43769920e-01,8.88732815e+00,2.03352724e-03,1.62865189e+02,8.01836395e+01,1.86731625e+01,2.71359265e-01,6.54230714e-01
5345803-S04-156I3-A-L-B-190,20.02.2020-04:22:50,9.00000000e+00,6.44783378e-01,8.93726349e+00,1.90633733e-03,1.40321564e+02,8.01663361e+01,1.88035831e+01,2.36062616e-01,4.65925038e-01
5345803-S04-156I3-A-L-B-190,20.02.2020-04:22:52,1.90000000e+01,6.44213200e-01,8.92169666e+00,2.07270496e-03,4.00456657e+01,8.01138611e+01,1.87419548e+01,4.51095223e-01,5.44629276e-01
5345803-S04-156I3-A-L-B-190,20.02.2020-04:22:54,8.00000000e+00,6.46215796e-01,8.97243404e+00,1.90092891e-03,3.54193230e+01,8.01403885e+01,1.89133930e+01,6.34251714e-01,8.76652777e-01
5345803-S04-156I3-A-L-B-190,20.02.2020-04:22:56,2.10000000e+01,6.42519712e-01,8.89700413e+00,2.19961046e-03,5.67326927e+01,7.98242798e+01,1.85735741e+01,1.97717264e-01,2.79369503e-01
5345803-S04-156I3-A-L-B-190,20.02.2020-04:22:58,9.00000000e+00,6.45453513e-01,8.92781162e+00,1.53588201e-03,2.02340210e+02,8.02333679e+01,1.88189411e+01,1.50951177e-01,2.69639641e-01
5345803-S04-156I3-A-L-B-190,20.02.2020-04:23:00,9.00000000e+00,6.45228565e-01,8.92631435e+00,1.94691541e-03,1.74051529e+02,8.02473297e+01,1.88125019e+01,1.47468060e-01,2.94610351e-01
5345803-S04-156I3-A-L-B-190,20.02.2020-04:23:02,1.90000000e+01,6.45164788e-01,8.92998505e+00,2.07674410e-03,2.17449692e+02,8.00473938e+01,1.87714920e+01,1.48658082e-01,3.31599593e-01
5345803-S04-156I3-A-L-B-190,20.02.2020-04:23:04,1.90000000e+01,6.44110978e-01,8.92150688e+00,1.95139088e-03,7.56475891e+02,8.02331924e+01,1.87664948e+01,6.17149137e-02,1.34144709e-01
5345803-S04-156I3-A-L-B-190,20.02.2020-04:23:07,1.90000000e+01,6.42497420e-01,8.99335289e+00,2.04601581e-03,2.31620255e+02,7.95162735e+01,1.87016201e+01,8.94189626e-02,1.07874066e-01
5345803-S04-156I3-A-L-B-190,20.02.2020-04:23:09,1.30000000e+01,6.34912491e-01,8.67928886e+00,1.70993712e-03,3.10636139e+02,7.93421097e+01,1.77963924e+01,9.62178856e-02,1.50114775e-01
5345803-S04-156I3-A-L-B-190,20.02.2020-04:23:32,2.40000000e+01,6.39891267e-01,8.84693718e+00,1.99434231e-03,6.98931789e+00,7.88416443e+01,1.81670742e+01,2.09768677e+00,2.41795850e+00
5345803-S04-156I3-A-L-B-190,20.02.2020-04:23:34,2.00000000e+00,6.38637722e-01,8.86489010e+00,2.26538582e-03,2.65003395e+01,7.93699875e+01,1.82900314e+01,8.48393679e-01,9.99681592e-01
5345803-S04-156I3-A-L-B-190,20.02.2020-04:23:36,2.40000000e+01,6.41366065e-01,8.91651058e+00,1.96356489e-03,8.47272682e+00,7.95852585e+01,1.85252361e+01,2.02020550e+00,2.45120978e+00
5345803-S04-156I3-A-L-B-190,20.02.2020-04:23:38,2.00000000e+01,6.42051458e-01,8.90946102e+00,1.79463695e-03,1.65064911e+02,8.01750717e+01,1.86676998e+01,1.56462863e-01,3.32676679e-01
5345803-S04-156I3-A-L-B-190,20.02.2020-04:23:40,3.00000000e+00,6.36841059e-01,8.78608131e+00,2.03535729e-03,2.37294449e+02,7.95728836e+01,1.81226444e+01,1.30720779e-01,2.66128331e-01
5345803-S04-156I3-A-L-B-190,20.02.2020-04:23:42,1.90000000e+01,6.44502461e-01,8.91030693e+00,2.08811578e-03,1.85068710e+02,8.01308823e+01,1.87304115e+01,1.45970494e-01,2.17437342e-01
5345803-S04-156I3-A-L-B-190,20.02.2020-04:23:44,2.10000000e+01,6.41995668e-01,8.89924431e+00,1.84258900e-03,1.32603928e+02,7.98851700e+01,1.85772552e+01,2.04639003e-01,3.67597580e-01
5345803-S04-156I3-A-L-B-190,20.02.2020-04:23:46,3.00000000e+00,6.36135817e-01,8.79048920e+00,1.79254275e-03,1.43359695e+02,7.96888275e+01,1.81380463e+01,1.73983976e-01,3.41636568e-01
5345803-S04-156I3-A-L-B-190,20.02.2020-04:23:48,2.00000000e+01,6.41974032e-01,8.91038895e+00,1.86965649e-03,2.67107086e+02,8.01841354e+01,1.86695023e+01,1.47252545e-01,3.15397352e-01
5345803-S04-156I3-A-L-B-190,20.02.2020-04:23:50,2.00000000e+00,6.37635350e-01,8.86147976e+00,2.22506979e-03,6.18544617e+01,7.95283356e+01,1.82907162e+01,4.22408879e-01,4.95991558e-01
5345803-S04-156I3-A-L-B-190,20.02.2020-04:25:34,2.00000000e+00,6.37108862e-01,8.81527996e+00,2.11676932e-03,5.10569382e+01,7.96281967e+01,1.82031631e+01,5.14403284e-01,8.51118326e-01
5345803-S04-156I3-A-L-B-190,20.02.2020-04:25:37,2.00000000e+00,6.37838006e-01,8.85394096e+00,1.84077455e-03,7.40367966e+01,7.95178146e+01,1.82785454e+01,3.46952766e-01,4.56752270e-01
5345803-S04-156I3-A-L-B-190,20.02.2020-04:25:39,2.00000000e+01,6.43555284e-01,8.89810562e+00,2.26258952e-03,7.73183899e+01,7.99258499e+01,1.86294861e+01,4.14042115e-01,5.91154218e-01
5345803-S04-156I3-A-L-B-190,20.02.2020-04:25:41,2.00000000e+00,6.35718644e-01,8.75435734e+00,1.75559672e-03,6.55863037e+01,8.05846100e+01,1.82545662e+01,3.70938510e-01,6.92149460e-01
5345803-S04-156I3-A-L-B-190,20.02.2020-04:25:43,2.00000000e+01,6.42191291e-01,8.90576649e+00,2.19504349e-03,6.90087204e+01,8.00885773e+01,1.86438885e+01,3.69507045e-01,4.72943097e-01
5345803-S04-156I3-A-L-B-190,20.02.2020-04:25:45,2.10000000e+01,6.41219914e-01,8.91117573e+00,2.32596276e-03,5.25241623e+01,7.96674652e+01,1.85290527e+01,4.39855725e-01,5.48767924e-01
5345803-S04-156I3-A-L-B-190,20.02.2020-04:25:47,2.10000000e+01,6.41894877e-01,8.89142418e+00,2.22975435e-03,8.36694946e+01,7.98742447e+01,1.85554790e+01,3.47675651e-01,4.63974595e-01
5345803-S04-156I3-A-L-B-190,20.02.2020-04:25:49,1.00000000e+00,6.39506161e-01,8.83363628e+00,1.98655343e-03,4.12385063e+01,8.00314941e+01,1.84024372e+01,8.18393528e-01,1.77227879e+00
5345803-S04-156I3-A-L-B-190,20.02.2020-04:25:51,1.40000000e+01,6.39074445e-01,8.87214470e+00,2.55947211e-03,1.33009644e+01,7.93639526e+01,1.83161240e+01,1.67490149e+00,2.03352404e+00
5345803-S04-156I3-A-L-B-190,20.02.2020-04:25:53,1.00000000e+00,6.42730653e-01,8.89668465e+00,3.15794232e-03,4.87463150e+01,7.93330383e+01,1.84646683e+01,4.24940109e-01,5.07621348e-01
5345803-S04-156I3-A-L-B-190,20.02.2020-04:26:16,9.00000000e+00,6.44705415e-01,8.96196938e+00,2.30172835e-03,1.11044052e+02,8.00934219e+01,1.88361359e+01,2.15372503e-01,2.69356787e-01
5345803-S04-156I3-A-L-B-190,20.02.2020-04:26:18,2.00000000e+01,6.41671658e-01,8.91041851e+00,1.09578064e-03,1.57236465e+02,8.01677094e+01,1.86569500e+01,1.89108178e-01,2.39514098e-01
5345803-S04-156I3-A-L-B-190,20.02.2020-04:26:20,9.00000000e+00,6.44693613e-01,8.96859837e+00,2.36489414e-03,7.61283264e+01,8.01901016e+01,1.88724785e+01,2.89900094e-01,3.51457149e-01
5345803-S04-156I3-A-L-B-190,20.02.2020-04:26:23,8.00000000e+00,6.45394802e-01,8.98100662e+00,2.25222623e-03,1.34767303e+02,8.02680054e+01,1.89375210e+01,2.33783007e-01,2.97730476e-01
5345803-S04-156I3-A-L-B-190,20.02.2020-04:26:25,2.00000000e+00,6.37717724e-01,8.84220600e+00,1.86188275e-03,7.54923401e+01,7.95995407e+01,1.82696362e+01,4.82874840e-01,6.71571970e-01
5345803-S04-156I3-A-L-B-190,20.02.2020-04:27:50,1.90000000e+01,6.43729210e-01,8.91566563e+00,2.04796018e-03,8.07222214e+01,8.00890121e+01,1.87094116e+01,3.45920622e-01,4.25470173e-01
5345803-S04-156I3-A-L-B-190,20.02.2020-04:27:52,2.00000000e+00,6.38413548e-01,8.82327461e+00,1.70347840e-03,3.97553520e+01,8.01658630e+01,1.83802547e+01,6.52690709e-01,9.54602122e-01
5345803-S04-156I3-A-L-B-190,20.02.2020-04:27:54,1.00000000e+00,6.42619252e-01,8.81737423e+00,1.83923787e-03,6.08508186e+01,7.99688110e+01,1.84435215e+01,5.03574848e-01,8.80252302e-01
5345803-S04-156I3-A-L-B-190,20.02.2020-04:27:56,1.90000000e+01,6.44204378e-01,8.90234184e+00,2.06891564e-03,5.42564430e+01,8.01425323e+01,1.87077332e+01,5.54486632e-01,7.91310728e-01
5345803-S04-156I3-A-L-B-190,20.02.2020-04:27:58,2.10000000e+01,6.40859187e-01,8.86967278e+00,2.03553913e-03,6.92514877e+01,8.01024399e+01,1.85330181e+01,4.30947304e-01,6.53926253e-01
5345803-S04-156I3-A-L-B-190,20.02.2020-04:28:42,2.40000000e+01,6.42596543e-01,8.94167042e+00,1.87061401e-03,6.23716497e+00,7.93476028e+01,1.85575676e+01,4.20626068e+00,4.79144382e+00
5345803-S04-156I3-A-L-B-190,20.02.2020-04:28:44,9.00000000e+00,6.44322455e-01,8.95110607e+00,2.11597048e-03,1.97594330e+02,8.03130875e+01,1.88536968e+01,1.07321173e-01,1.44944951e-01
5345803-S04-156I3-A-L-B-190,20.02.2020-04:28:46,8.00000000e+00,6.45313621e-01,8.97565842e+00,1.97367603e-03,1.85430679e+02,8.04622040e+01,1.89696484e+01,1.28292918e-01,1.81769595e-01
5345803-S04-156I3-A-L-B-190,20.02.2020-04:28:48,8.00000000e+00,6.45317256e-01,8.94821072e+00,1.94610038e-03,2.23684128e+02,8.04622116e+01,1.89117470e+01,1.00022435e-01,2.17579424e-01
5345803-S04-156I3-A-L-B-190,20.02.2020-04:28:50,1.90000000e+01,6.44294024e-01,8.92541981e+00,2.13824073e-03,2.27311340e+02,8.01572723e+01,1.87622910e+01,1.23184592e-01,3.41701627e-01
5345803-S04-156I3-A-L-B-190,20.02.2020-04:28:53,8.00000000e+00,6.45872295e-01,8.97000599e+00,1.98311126e-03,3.84660583e+02,8.03102112e+01,1.89382725e+01,9.25675854e-02,1.32576317e-01
5345803-S04-156I3-A-L-B-190,20.02.2020-04:28:55,8.00000000e+00,6.45805180e-01,8.97501755e+00,2.17883056e-03,3.05872070e+02,8.02259293e+01,1.89270000e+01,1.06852241e-01,1.52108923e-01
5345803-S04-156I3-A-L-B-190,20.02.2020-04:28:57,2.00000000e+00,6.40032232e-01,8.83485031e+00,1.95527705e-03,3.80108070e+01,7.91698303e+01,1.82217884e+01,5.90816915e-01,6.94693506e-01
5345803-S04-156I3-A-L-B-190,20.02.2020-04:28:59,2.00000000e+00,6.38784170e-01,8.86725903e+00,2.19245884e-03,6.82416306e+01,7.93786316e+01,1.83011055e+01,3.30832154e-01,3.93155038e-01
5345803-S04-156I3-A-L-B-190,20.02.2020-04:29:01,1.40000000e+01,6.40030026e-01,8.88472748e+00,2.26988294e-03,1.22902937e+01,7.91656799e+01,1.83236332e+01,1.15457857e+00,1.34138286e+00
5345803-S04-156I3-A-L-B-190,20.02.2020-04:29:24,8.00000000e+00,6.48607910e-01,8.96153355e+00,2.19648145e-03,4.38993622e+02,8.02980347e+01,1.89976406e+01,7.92382136e-02,1.77244976e-01
5345803-S04-156I3-A-L-B-190,20.02.2020-04:29:26,9.00000000e+00,6.45971060e-01,8.95597458e+00,2.20075785e-03,3.78553864e+02,8.00025101e+01,1.88390827e+01,9.85684097e-02,1.44885719e-01
5345803-S04-156I3-A-L-B-190,20.02.2020-04:29:28,8.00000000e+00,6.48446023e-01,8.94726467e+00,2.25957087e-03,1.53555435e+02,8.02391205e+01,1.89487457e+01,2.17736602e-01,3.42479587e-01
5345803-S04-156I3-A-L-B-190,20.02.2020-04:29:31,2.10000000e+01,6.40282452e-01,8.90006733e+00,2.22182251e-03,3.18011871e+02,7.99211731e+01,1.85377483e+01,1.12956896e-01,1.37395576e-01
5345803-S04-156I3-A-L-B-190,20.02.2020-04:29:33,9.00000000e+00,6.46153510e-01,8.93603992e+00,2.24683317e-03,1.63296494e+02,8.00821762e+01,1.88211784e+01,3.36943388e-01,4.63012934e-01
5345803-S04-156I3-A-L-B-190,20.02.2020-04:29:35,9.00000000e+00,6.46512568e-01,8.90821838e+00,1.95126305e-03,2.38763779e+02,8.02606735e+01,1.88148537e+01,1.43008515e-01,2.23935992e-01
5345803-S04-156I3-A-L-B-190,20.02.2020-04:29:37,9.00000000e+00,6.46311879e-01,8.91604710e+00,1.83138915e-03,1.42164047e+02,8.02104797e+01,1.88137684e+01,2.32335880e-01,3.34192783e-01
5345803-S04-156I3-A-L-B-190,20.02.2020-04:29:39,9.00000000e+00,6.45404220e-01,8.93685436e+00,2.08526291e-03,1.80710281e+02,8.01718292e+01,1.88221169e+01,1.28190145e-01,1.97640032e-01
5345803-S04-156I3-A-L-B-190,20.02.2020-04:29:41,1.00000000e+00,6.40800655e-01,8.90711975e+00,2.03087879e-03,2.10552231e+02,7.95969009e+01,1.84921150e+01,1.97019070e-01,3.51408929e-01
5345803-S04-156I3-A-L-B-190,20.02.2020-04:29:43,8.00000000e+00,6.47210360e-01,8.95058250e+00,2.18885741e-03,1.66885178e+02,8.02085114e+01,1.89124317e+01,1.98031411e-01,2.74766475e-01
5345803-S04-156I3-A-L-B-190,20.02.2020-04:30:06,9.00000000e+00,6.42710090e-01,8.95182419e+00,1.39956537e-03,3.87350250e+02,8.03855515e+01,1.88249931e+01,8.39617029e-02,1.16722219e-01
5345803-S04-156I3-A-L-B-190,20.02.2020-04:30:09,9.00000000e+00,6.43935263e-01,8.98521519e+00,1.97076588e-03,1.43145538e+02,8.01696320e+01,1.88803806e+01,1.38885349e-01,2.29927510e-01
5345803-S04-156I3-A-L-B-190,20.02.2020-04:30:11,8.00000000e+00,6.46027982e-01,8.98389339e+00,1.64188503e-03,6.86252441e+02,8.04148102e+01,1.89968758e+01,8.29690471e-02,1.40311897e-01
5345803-S04-156I3-A-L-B-190,20.02.2020-04:30:13,9.00000000e+00,6.42982185e-01,8.96987438e+00,1.90529402e-03,1.80822296e+02,8.01570587e+01,1.88172970e+01,1.19708620e-01,1.67970806e-01
5345803-S04-156I3-A-L-B-190,20.02.2020-04:30:15,8.00000000e+00,6.45411193e-01,8.99082565e+00,1.73637364e-03,4.02266174e+02,8.03116455e+01,1.89690170e+01,5.86091094e-02,9.37504247e-02
5345803-S04-156I3-A-L-B-190,20.02.2020-04:30:17,8.00000000e+00,6.45139158e-01,8.98750877e+00,1.86325004e-03,1.40419571e+02,8.03070450e+01,1.89529400e+01,1.37575999e-01,1.81438431e-01
5345803-S04-156I3-A-L-B-190,20.02.2020-04:30:19,2.00000000e+01,6.41569197e-01,8.90538311e+00,1.88483659e-03,3.08434265e+02,8.02204742e+01,1.86556988e+01,1.47386476e-01,5.49888074e-01
5345803-S04-156I3-A-L-B-190,20.02.2020-04:30:21,2.00000000e+01,6.41958356e-01,8.90820122e+00,2.05070269e-03,1.84576935e+02,8.00715179e+01,1.86382484e+01,2.38628060e-01,5.77200711e-01
5345803-S04-156I3-A-L-B-190,20.02.2020-04:30:23,9.00000000e+00,6.43151820e-01,8.96364975e+00,1.80253724e-03,3.08158539e+02,8.03150940e+01,1.88462849e+01,8.66840556e-02,1.58583120e-01
5345803-S04-156I3-A-L-B-190,20.02.2020-04:30:25,9.00000000e+00,6.42356694e-01,8.97150612e+00,1.89067738e-03,1.03157845e+02,8.02904663e+01,1.88337059e+01,1.85055375e-01,2.52721220e-01
5345803-S04-156I3-A-L-B-190,20.02.2020-04:30:49,2.00000000e+01,6.41615152e-01,8.89512444e+00,1.77473307e-03,1.99165665e+02,8.01605835e+01,1.86216297e+01,1.33832157e-01,4.83244628e-01
5345803-S04-156I3-A-L-B-190,20.02.2020-04:30:51,1.90000000e+01,6.43104434e-01,8.95883560e+00,1.79325591e-03,1.33708908e+02,8.01140213e+01,1.87876205e+01,1.71556294e-01,2.60845393e-01
5345803-S04-156I3-A-L-B-190,20.02.2020-04:30:53,9.00000000e+00,6.43079817e-01,8.96200562e+00,1.73636666e-03,1.60790009e+02,8.02521133e+01,1.88259430e+01,1.45917431e-01,2.08547205e-01
5345803-S04-156I3-A-L-B-190,20.02.2020-04:30:55,9.00000000e+00,6.43140197e-01,8.95815563e+00,1.81474560e-03,2.78790039e+02,8.01823349e+01,1.88032608e+01,8.17067102e-02,1.51468322e-01
5345803-S04-156I3-A-L-B-190,20.02.2020-04:30:57,1.90000000e+01,6.42850816e-01,8.96153927e+00,2.04145187e-03,4.67923370e+02,8.01016312e+01,1.87829742e+01,6.12919331e-02,1.21579036e-01
5345803-S04-156I3-A-L-B-190,20.02.2020-04:30:59,8.00000000e+00,6.45910144e-01,8.98607159e+00,2.20208219e-03,1.52155365e+02,8.01344223e+01,1.89317741e+01,1.44711450e-01,1.92970544e-01
5345803-S04-156I3-A-L-B-190,20.02.2020-04:31:01,8.00000000e+00,6.45299256e-01,8.98679256e+00,1.71712379e-03,8.35459747e+01,8.04260559e+01,1.89842224e+01,2.33174980e-01,3.10727775e-01
5345803-S04-156I3-A-L-B-190,20.02.2020-04:31:03,9.00000000e+00,6.43401265e-01,8.94449902e+00,1.62793591e-03,2.62685822e+02,8.03106766e+01,1.88122787e+01,1.34413123e-01,2.30057865e-01
5345803-S04-156I3-A-L-B-190,20.02.2020-04:31:05,9.00000000e+00,6.44158185e-01,8.98112297e+00,1.69189158e-03,2.37916077e+02,8.02605591e+01,1.88997269e+01,1.04948394e-01,1.93032697e-01
5345803-S04-156I3-A-L-B-190,20.02.2020-04:31:07,1.90000000e+01,6.41776204e-01,8.93017483e+00,1.82560063e-03,1.61908356e+02,8.02498779e+01,1.87205315e+01,2.06245139e-01,4.21167552e-01
5345803-S04-156I3-A-L-B-190,20.02.2020-04:28:00,2.00000000e+01,6.44095778e-01,8.90280056e+00,2.18756101e-03,5.25497131e+01,8.00170059e+01,1.86762447e+01,5.00297606e-01,7.12279439e-01
5345803-S04-156I3-A-L-B-190,20.02.2020-04:28:02,1.00000000e+00,6.43079340e-01,8.84993744e+00,2.04143743e-03,6.40002060e+01,7.97710037e+01,1.84790649e+01,5.16836464e-01,9.10958230e-01
5345803-S04-156I3-A-L-B-190,20.02.2020-04:28:04,2.10000000e+01,6.43840432e-01,8.87017822e+00,1.94541307e-03,5.31990280e+01,8.00020981e+01,1.85969677e+01,6.08257174e-01,8.20143700e-01
5345803-S04-156I3-A-L-B-190,20.02.2020-04:28:07,2.00000000e+01,6.43090546e-01,8.86098480e+00,1.98820932e-03,1.23419586e+02,8.02079544e+01,1.86038036e+01,3.21370125e-01,5.09516895e-01
5345803-S04-156I3-A-L-B-190,20.02.2020-04:28:09,2.00000000e+01,6.44790351e-01,8.90051270e+00,2.30045430e-03,8.63449860e+01,8.00195389e+01,1.86921730e+01,3.70386809e-01,6.00643456e-01
5345803-S04-156I3-A-L-B-190,20.02.2020-04:28:11,1.00000000e+00,6.39390349e-01,8.84059143e+00,1.63148728e-03,7.12606964e+01,8.00637970e+01,1.84210224e+01,5.73833942e-01,8.34246337e-01
5345803-S04-156I3-A-L-B-190,20.02.2020-04:28:13,2.10000000e+01,6.42913699e-01,8.87395191e+00,1.99961243e-03,5.11038513e+01,7.98187180e+01,1.85355167e+01,6.33257329e-01,9.84082699e-01
5345803-S04-156I3-A-L-B-190,20.02.2020-04:28:15,2.00000000e+01,6.43270433e-01,8.87711811e+00,2.11668829e-03,8.36189270e+01,8.00909882e+01,1.86157036e+01,3.62032533e-01,6.55503690e-01
5345803-S04-156I3-A-L-B-190,20.02.2020-04:28:17,2.10000000e+01,6.40458524e-01,8.86308765e+00,1.66596391e-03,4.69775429e+01,8.01026459e+01,1.85077267e+01,4.63711768e-01,7.55525112e-01
5345803-S04-156I3-A-L-B-190,20.02.2020-04:28:19,2.10000000e+01,6.40856206e-01,8.86268806e+00,1.78154651e-03,7.27307205e+01,8.03052139e+01,1.85652142e+01,4.16867733e-01,6.57080114e-01
5345803-S04-156I3-A-L-B-190,20.02.2020-04:29:45,2.00000000e+01,6.41722202e-01,8.90243912e+00,1.37561990e-03,4.03353638e+02,8.03869171e+01,1.86926823e+01,1.41830191e-01,5.74218988e-01
5345803-S04-156I3-A-L-B-190,20.02.2020-04:29:48,9.00000000e+00,6.42177284e-01,8.96963024e+00,1.92869920e-03,2.40498917e+02,8.02585907e+01,1.88170357e+01,9.67593119e-02,1.70985043e-01
5345803-S04-156I3-A-L-B-190,20.02.2020-04:29:50,9.00000000e+00,6.43082678e-01,8.96851444e+00,2.01019226e-03,2.00158112e+02,8.02320328e+01,1.88349857e+01,1.08844012e-01,1.89058453e-01
5345803-S04-156I3-A-L-B-190,20.02.2020-04:29:52,9.00000000e+00,6.43617392e-01,8.96820164e+00,1.55765330e-03,1.57787689e+02,8.02248764e+01,1.88483086e+01,1.17557026e-01,1.91695079e-01
5345803-S04-156I3-A-L-B-190,20.02.2020-04:29:54,9.00000000e+00,6.42577350e-01,8.96459866e+00,1.75449799e-03,2.96431061e+02,8.02896423e+01,1.88254776e+01,1.06271677e-01,1.75212070e-01
5345803-S04-156I3-A-L-B-190,20.02.2020-04:29:56,9.00000000e+00,6.43335700e-01,8.97280121e+00,1.45522819e-03,3.38819183e+02,8.02472687e+01,1.88549843e+01,1.04723692e-01,1.75138205e-01
5345803-S04-156I3-A-L-B-190,20.02.2020-04:29:58,1.90000000e+01,6.42979026e-01,8.95770359e+00,1.95204699e-03,2.70297363e+02,8.01704330e+01,1.87948093e+01,1.21053472e-01,2.12372705e-01
5345803-S04-156I3-A-L-B-190,20.02.2020-04:30:00,9.00000000e+00,6.44151509e-01,8.96831131e+00,1.57634821e-03,1.32314209e+02,8.03874435e+01,1.89024048e+01,1.30565360e-01,1.67944670e-01
5345803-S04-156I3-A-L-B-190,20.02.2020-04:30:02,9.00000000e+00,6.43266618e-01,8.96314716e+00,1.55404874e-03,2.46879074e+02,8.04350739e+01,1.88767509e+01,1.53169915e-01,2.39170671e-01
5345803-S04-156I3-A-L-B-190,20.02.2020-04:30:04,9.00000000e+00,6.41403735e-01,8.96912384e+00,1.99267059e-03,3.35176086e+02,8.05575027e+01,1.88633022e+01,7.75060058e-02,1.72381282e-01
5345803-S04-156I3-A-L-B-190,20.02.2020-04:30:28,8.00000000e+00,6.45160079e-01,8.99413109e+00,1.70787796e-03,7.72073059e+02,8.03338776e+01,1.89738560e+01,6.21085055e-02,1.06733203e-01
5345803-S04-156I3-A-L-B-190,20.02.2020-04:30:30,9.00000000e+00,6.43396914e-01,8.97049522e+00,1.76991615e-03,1.67689941e+02,8.02751160e+01,1.88584747e+01,1.21384427e-01,2.30057314e-01
5345803-S04-156I3-A-L-B-190,20.02.2020-04:30:32,9.00000000e+00,6.42884910e-01,8.97577763e+00,2.10000132e-03,1.39646683e+02,8.01946869e+01,1.88356724e+01,1.91419795e-01,3.26311290e-01
5345803-S04-156I3-A-L-B-190,20.02.2020-04:30:34,9.00000000e+00,6.44110739e-01,8.98880196e+00,1.72856043e-03,1.71742599e+02,8.02312393e+01,1.89075832e+01,1.44589797e-01,2.39889517e-01
5345803-S04-156I3-A-L-B-190,20.02.2020-04:30:36,8.00000000e+00,6.45150304e-01,9.00740433e+00,1.68184168e-03,1.94328339e+02,8.03912659e+01,1.90151443e+01,8.60681981e-02,1.29957139e-01
5345803-S04-156I3-A-L-B-190,20.02.2020-04:30:38,9.00000000e+00,6.42667353e-01,8.96936607e+00,1.90678379e-03,3.05471313e+02,8.02821350e+01,1.88363647e+01,8.89109895e-02,1.88144654e-01
5345803-S04-156I3-A-L-B-190,20.02.2020-04:30:40,2.00000000e+01,6.42212451e-01,8.91875839e+00,1.74396718e-03,2.50212631e+02,8.01991272e+01,1.86974735e+01,1.32772058e-01,4.19809163e-01
5345803-S04-156I3-A-L-B-190,20.02.2020-04:30:42,9.00000000e+00,6.43120646e-01,8.97428226e+00,2.11308827e-03,1.52785934e+02,8.00439148e+01,1.88040199e+01,1.35720626e-01,1.97469354e-01
5345803-S04-156I3-A-L-B-190,20.02.2020-04:30:44,9.00000000e+00,6.43215954e-01,8.96193886e+00,1.74633949e-03,2.84879028e+02,8.03247147e+01,1.88468227e+01,9.44063291e-02,2.40372434e-01
5345803-S04-156I3-A-L-B-190,20.02.2020-04:30:47,2.00000000e+01,6.41558349e-01,8.90402126e+00,1.62790122e-03,2.37866943e+02,8.02512970e+01,1.86596985e+01,2.11143240e-01,6.72814369e-01
5345803-S04-156I3-A-L-B-190,20.02.2020-04:31:10,8.00000000e+00,6.43678129e-01,8.97541046e+00,1.62363017e-03,1.62123337e+02,8.05588074e+01,1.89437656e+01,1.03161819e-01,1.46136537e-01
5345803-S04-156I3-A-L-B-190,20.02.2020-04:31:12,9.00000000e+00,6.43425465e-01,8.96010017e+00,1.84099271e-03,3.80324738e+02,8.02893829e+01,1.88408051e+01,1.00841939e-01,1.72614217e-01
5345803-S04-156I3-A-L-B-190,20.02.2020-04:31:14,1.90000000e+01,6.42910242e-01,8.96782589e+00,1.98793365e-03,1.98211517e+02,8.00049973e+01,1.87752094e+01,1.31401405e-01,1.79966480e-01
5345803-S04-156I3-A-L-B-190,20.02.2020-04:31:16,9.00000000e+00,6.43169284e-01,8.96007347e+00,1.96215301e-03,1.43912186e+02,8.01602936e+01,1.88029671e+01,1.50114879e-01,2.44649753e-01
5345803-S04-156I3-A-L-B-190,20.02.2020-04:31:18,2.00000000e+01,6.40207767e-01,8.89750862e+00,1.69356959e-03,1.40032883e+02,8.02398224e+01,1.86041374e+01,1.67268828e-01,4.80712622e-01
5345803-S04-156I3-A-L-B-190,20.02.2020-04:31:20,9.00000000e+00,6.42814696e-01,8.97039795e+00,2.02601124e-03,3.74395203e+02,8.01097183e+01,1.88023834e+01,6.83072656e-02,1.14116073e-01
5345803-S04-156I3-A-L-B-190,20.02.2020-04:31:22,1.90000000e+01,6.44452035e-01,8.94633579e+00,2.03270791e-03,6.08681488e+01,7.99130402e+01,1.87535572e+01,3.88305187e-01,5.33858240e-01
5345803-S04-156I3-A-L-B-190,20.02.2020-04:31:24,2.00000000e+00,6.43643081e-01,8.80783653e+00,1.97561621e-03,4.73763657e+01,7.97005157e+01,1.83910141e+01,1.16259003e+00,1.57400024e+00
5345803-S04-156I3-A-L-B-190,20.02.2020-04:31:26,1.40000000e+01,6.32760584e-01,8.76026821e+00,2.14461493e-03,2.23988857e+01,7.87231750e+01,1.77619076e+01,1.67306340e+00,2.02082586e+00
5345803-S04-156I3-A-L-B-190,20.02.2020-04:31:29,1.00000000e+00,6.40831649e-01,8.89862537e+00,2.31512752e-03,1.71572403e+02,7.95333557e+01,1.84606228e+01,2.05772996e-01,3.44411165e-01
5345803-S04-156I3-A-L-B-190,20.02.2020-04:31:53,1.90000000e+01,6.45770371e-01,8.90336037e+00,1.81605923e-03,2.75515076e+02,8.02803726e+01,1.87876148e+01,1.63741112e-01,3.00920725e-01
5345803-S04-156I3-A-L-B-190,20.02.2020-04:31:56,9.00000000e+00,6.44856632e-01,9.01993370e+00,1.95247529e-03,2.40162247e+02,7.96207581e+01,1.88505077e+01,1.05186410e-01,1.23460054e-01
5345803-S04-156I3-A-L-B-190,20.02.2020-04:31:58,1.90000000e+01,6.44042075e-01,8.89989376e+00,1.94279419e-03,3.00621033e+02,8.05150909e+01,1.87847977e+01,9.42279547e-02,2.19686761e-01
5345803-S04-156I3-A-L-B-190,20.02.2020-04:32:00,1.90000000e+01,6.44416213e-01,8.91222382e+00,2.15852633e-03,2.18670502e+02,8.01913300e+01,1.87460670e+01,1.48549736e-01,2.87625045e-01
5345803-S04-156I3-A-L-B-190,20.02.2020-04:32:02,9.00000000e+00,6.47170007e-01,8.92731667e+00,1.93105533e-03,2.31243713e+02,8.03783112e+01,1.89020271e+01,1.13473818e-01,1.91742495e-01
5345803-S04-156I3-A-L-B-190,20.02.2020-04:32:04,9.00000000e+00,6.45446539e-01,8.91307163e+00,2.02320982e-03,5.14235901e+02,8.04253082e+01,1.88326130e+01,5.85264601e-02,1.80604026e-01
5345803-S04-156I3-A-L-B-190,20.02.2020-04:32:06,1.90000000e+01,6.45154715e-01,8.93655586e+00,1.96430925e-03,2.50445755e+02,8.00137405e+01,1.87771130e+01,9.09653455e-02,1.42573297e-01
5345803-S04-156I3-A-L-B-190,20.02.2020-04:32:08,2.10000000e+01,6.41742468e-01,8.92064381e+00,2.61549791e-03,2.35581665e+02,7.97327347e+01,1.85790634e+01,1.58099324e-01,3.04401368e-01
5345803-S04-156I3-A-L-B-190,20.02.2020-04:32:10,2.00000000e+01,6.44646823e-01,8.93422413e+00,2.53165117e-03,3.93246063e+02,7.97220993e+01,1.86890659e+01,9.92272645e-02,1.44391596e-01
5345803-S04-156I3-A-L-B-190,20.02.2020-04:32:12,1.90000000e+01,6.44325018e-01,8.94314289e+00,2.18736031e-03,1.36518417e+02,8.00184860e+01,1.87679005e+01,1.89781934e-01,2.61549145e-01
5345803-S04-156I3-A-L-B-190,20.02.2020-04:32:35,2.00000000e+01,6.43191516e-01,8.92485523e+00,2.26703309e-03,1.15265411e+02,7.97893372e+01,1.86430321e+01,2.11288005e-01,3.59049231e-01
5345803-S04-156I3-A-L-B-190,20.02.2020-04:32:38,2.00000000e+01,6.41827881e-01,8.89443874e+00,2.22796691e-03,1.43140778e+02,8.00739975e+01,1.86062489e+01,2.64321625e-01,4.66241390e-01
5345803-S04-156I3-A-L-B-190,20.02.2020-04:32:40,1.90000000e+01,6.44072771e-01,8.94236469e+00,2.33517936e-03,1.94719452e+02,8.00069351e+01,1.87562141e+01,1.77665353e-01,2.50519007e-01
5345803-S04-156I3-A-L-B-190,20.02.2020-04:32:42,9.00000000e+00,6.46064818e-01,8.94270420e+00,1.87848927e-03,1.00386177e+02,7.99541245e+01,1.88025169e+01,3.12239498e-01,4.48093504e-01
5345803-S04-156I3-A-L-B-190,20.02.2020-04:32:44,1.00000000e+00,6.41715229e-01,8.84968853e+00,2.26399675e-03,3.75120850e+01,7.98413620e+01,1.84556141e+01,4.69058454e-01,1.12685823e+00
5345803-S04-156I3-A-L-B-190,20.02.2020-04:32:46,2.00000000e+01,6.40262783e-01,8.92505169e+00,1.87042810e-03,1.83143692e+02,7.99986343e+01,1.86072292e+01,1.30778819e-01,2.24857375e-01
5345803-S04-156I3-A-L-B-190,20.02.2020-04:32:48,2.10000000e+01,6.41240299e-01,8.86684895e+00,1.67374557e-03,2.22414444e+02,8.03618774e+01,1.85981789e+01,1.62213460e-01,4.21055704e-01
5345803-S04-156I3-A-L-B-190,20.02.2020-04:32:50,1.90000000e+01,6.43450260e-01,8.90688419e+00,2.03389046e-03,3.22787476e+02,8.01854858e+01,1.87053890e+01,8.60705301e-02,1.64407179e-01
5345803-S04-156I3-A-L-B-190,20.02.2020-04:32:52,1.90000000e+01,6.45387828e-01,8.91089535e+00,2.14556465e-03,2.26093811e+02,8.02002106e+01,1.87736092e+01,1.38263628e-01,2.10807949e-01
5345803-S04-156I3-A-L-B-190,20.02.2020-04:32:54,1.90000000e+01,6.45293117e-01,8.90152359e+00,1.88122445e-03,1.66014648e+02,8.03223648e+01,1.87796745e+01,1.75379038e-01,2.60595948e-01
5345803-S04-156I3-A-L-B-190,20.02.2020-04:33:19,2.00000000e+01,6.43592417e-01,8.90180206e+00,1.93777238e-03,3.38234802e+02,7.98715820e+01,1.86256466e+01,1.13068633e-01,1.43942446e-01
5345803-S04-156I3-A-L-B-190,20.02.2020-04:33:21,2.00000000e+00,6.38377249e-01,8.82097340e+00,1.92955800e-03,2.96149292e+02,8.01088562e+01,1.83613510e+01,1.81711838e-01,9.31271374e-01
5345803-S04-156I3-A-L-B-190,20.02.2020-04:33:23,2.00000000e+01,6.43687487e-01,8.91327286e+00,1.90178119e-03,2.81973602e+02,8.00410767e+01,1.86919823e+01,8.05487335e-02,1.07509941e-01
5345803-S04-156I3-A-L-B-190,20.02.2020-04:33:25,9.00000000e+00,6.45635664e-01,8.92343140e+00,2.08063470e-03,1.77805450e+02,8.03339005e+01,1.88385925e+01,1.50721803e-01,2.17387140e-01
5345803-S04-156I3-A-L-B-190,20.02.2020-04:33:27,1.00000000e+00,6.41012192e-01,8.82972813e+00,1.73299026e-03,3.41945831e+02,8.02425308e+01,1.84862328e+01,1.05350986e-01,9.33280110e-01
5345803-S04-156I3-A-L-B-190,20.02.2020-04:33:30,1.90000000e+01,6.42101049e-01,8.93180084e+00,2.26106262e-03,2.67915497e+02,8.01154251e+01,1.87020283e+01,7.98939988e-02,1.09646663e-01
5345803-S04-156I3-A-L-B-190,20.02.2020-04:33:32,2.10000000e+01,6.41410410e-01,8.88005924e+00,1.74323085e-03,1.56198410e+02,8.00290451e+01,1.85536633e+01,1.36528865e-01,1.64438933e-01
5345803-S04-156I3-A-L-B-190,20.02.2020-04:33:34,2.00000000e+00,6.39034092e-01,8.82823181e+00,1.78293884e-03,2.81290497e+02,8.00546722e+01,1.83829250e+01,1.99001953e-01,8.53396654e-01
5345803-S04-156I3-A-L-B-190,20.02.2020-04:33:36,1.00000000e+00,6.40305042e-01,8.82195187e+00,1.85355649e-03,2.64987366e+02,8.02561035e+01,1.84526978e+01,1.44645914e-01,1.00029349e+00
5345803-S04-156I3-A-L-B-190,20.02.2020-04:33:38,2.00000000e+01,6.42233491e-01,8.89054394e+00,1.75535365e-03,2.83110718e+02,8.01838150e+01,1.86353779e+01,1.99439839e-01,4.27233517e-01
5345803-S04-156I3-A-L-B-190,20.02.2020-04:34:01,1.40000000e+01,6.38206899e-01,8.83372402e+00,1.90158666e-03,1.52765512e+01,7.94062271e+01,1.82217503e+01,1.28273892e+00,1.65423155e+00
5345803-S04-156I3-A-L-B-190,20.02.2020-04:34:03,2.00000000e+00,6.38113201e-01,8.86677456e+00,2.42109387e-03,3.04695110e+01,7.92473679e+01,1.82506542e+01,7.41659939e-01,8.62050831e-01
5345803-S04-156I3-A-L-B-190,20.02.2020-04:34:05,2.40000000e+01,6.41975343e-01,8.88727665e+00,2.05620308e-03,5.83659697e+00,7.90417480e+01,1.83558197e+01,3.02403784e+00,3.48684430e+00
5345803-S04-156I3-A-L-B-190,20.02.2020-04:34:07,2.10000000e+01,6.42183840e-01,8.89488029e+00,1.88223505e-03,2.32358494e+01,7.96147003e+01,1.85107040e+01,1.00796151e+00,1.18830168e+00
5345803-S04-156I3-A-L-B-190,20.02.2020-04:34:09,1.00000000e+00,6.39070213e-01,8.92729759e+00,2.38974369e-03,5.37182045e+01,7.93454056e+01,1.84255543e+01,4.25806373e-01,4.92215782e-01
5345803-S04-156I3-A-L-B-190,20.02.2020-04:34:11,3.00000000e+00,6.39049292e-01,8.82439995e+00,2.13987916e-03,2.20828514e+01,7.91691055e+01,1.81721134e+01,1.00936460e+00,1.17590153e+00
5345803-S04-156I3-A-L-B-190,20.02.2020-04:34:13,2.00000000e+00,6.39901996e-01,8.81406498e+00,1.91151886e-03,5.00475006e+01,7.95887375e+01,1.82713890e+01,5.20023823e-01,6.10572815e-01
5345803-S04-156I3-A-L-B-190,20.02.2020-04:34:15,2.00000000e+01,6.42737329e-01,8.90104866e+00,2.02195719e-03,8.84817810e+01,8.01937180e+01,1.86743374e+01,3.34204465e-01,4.14660156e-01
5345803-S04-156I3-A-L-B-190,20.02.2020-04:34:18,3.00000000e+00,6.36868775e-01,8.79218674e+00,1.94828596e-03,6.84921188e+01,7.96099014e+01,1.81444626e+01,3.51203144e-01,5.36462188e-01
5345803-S04-156I3-A-L-B-190,20.02.2020-04:34:20,3.00000000e+00,6.36980176e-01,8.78843689e+00,1.52460975e-03,9.66873245e+01,7.96442184e+01,1.81477203e+01,3.36587757e-01,5.43425620e-01
5345803-S04-156I3-A-L-B-190,20.02.2020-04:31:31,1.90000000e+01,6.44781530e-01,8.94254112e+00,2.02880357e-03,1.42731857e+02,8.00594711e+01,1.87895546e+01,4.33382511e-01,7.02773631e-01
5345803-S04-156I3-A-L-B-190,20.02.2020-04:31:33,9.00000000e+00,6.48548126e-01,8.93730736e+00,2.33171391e-03,1.36139145e+02,8.00237350e+01,1.88798218e+01,3.05543482e-01,4.63048160e-01
5345803-S04-156I3-A-L-B-190,20.02.2020-04:31:35,2.00000000e+01,6.44474745e-01,8.92486000e+00,2.04388495e-03,1.09939186e+02,7.98059769e+01,1.86841335e+01,3.24273616e-01,3.88011992e-01
5345803-S04-156I3-A-L-B-190,20.02.2020-04:31:37,2.10000000e+01,6.41884863e-01,8.90654469e+00,2.16883281e-03,7.48450775e+01,7.97331314e+01,1.85539093e+01,5.02357841e-01,8.20563674e-01
5345803-S04-156I3-A-L-B-190,20.02.2020-04:31:39,2.10000000e+01,6.41992986e-01,8.93908024e+00,2.24105362e-03,5.61761932e+01,7.96075439e+01,1.85954876e+01,6.17023110e-01,7.40538895e-01
5345803-S04-156I3-A-L-B-190,20.02.2020-04:31:41,2.10000000e+01,6.45271957e-01,8.91330242e+00,2.86733732e-03,8.37785187e+01,7.94512711e+01,1.85999813e+01,4.94559497e-01,6.02490246e-01
5345803-S04-156I3-A-L-B-190,20.02.2020-04:31:43,1.90000000e+01,6.45398915e-01,8.96551609e+00,2.52620759e-03,6.45462952e+01,7.98209534e+01,1.87996864e+01,5.35311103e-01,6.49525404e-01
5345803-S04-156I3-A-L-B-190,20.02.2020-04:31:45,1.90000000e+01,6.44452393e-01,8.95106411e+00,2.22288189e-03,5.22502136e+01,7.96644058e+01,1.87050991e+01,4.71644610e-01,6.31838202e-01
5345803-S04-156I3-A-L-B-190,20.02.2020-04:31:49,2.00000000e+01,6.44882798e-01,8.90192509e+00,2.20587826e-03,1.12231834e+02,7.97670441e+01,1.86388187e+01,2.41243318e-01,3.99895579e-01
5345803-S04-156I3-A-L-B-190,20.02.2020-04:31:51,9.00000000e+00,6.45745099e-01,8.91028500e+00,1.86697498e-03,1.94244034e+02,8.03821106e+01,1.88253155e+01,1.34043857e-01,2.66363978e-01
5345803-S04-156I3-A-L-B-190,20.02.2020-04:32:14,2.00000000e+01,6.42722309e-01,8.90919495e+00,2.00659409e-03,1.22690147e+02,7.99362030e+01,1.86309738e+01,2.55576491e-01,4.46201622e-01
5345803-S04-156I3-A-L-B-190,20.02.2020-04:32:16,2.00000000e+01,6.42867744e-01,8.91709232e+00,2.41018366e-03,9.60089264e+01,7.98267365e+01,1.86261673e+01,2.43630767e-01,4.04726386e-01
5345803-S04-156I3-A-L-B-190,20.02.2020-04:32:19,1.90000000e+01,6.44755781e-01,8.95486355e+00,1.97892776e-03,1.52555984e+02,7.97619095e+01,1.87447643e+01,1.53384492e-01,1.89127892e-01
5345803-S04-156I3-A-L-B-190,20.02.2020-04:32:21,1.90000000e+01,6.44939184e-01,8.92287254e+00,2.17920169e-03,9.80247421e+01,7.99448318e+01,1.87259579e+01,2.10406706e-01,2.85223842e-01
5345803-S04-156I3-A-L-B-190,20.02.2020-04:32:23,1.00000000e+00,6.40617132e-01,8.87183952e+00,2.15925626e-03,5.93896065e+01,7.98008118e+01,1.84607677e+01,4.50343698e-01,6.97674274e-01
5345803-S04-156I3-A-L-B-190,20.02.2020-04:32:25,1.90000000e+01,6.44721210e-01,8.92894554e+00,2.41262256e-03,8.40370102e+01,7.98194733e+01,1.87029972e+01,3.14001262e-01,3.97963107e-01
5345803-S04-156I3-A-L-B-190,20.02.2020-04:32:27,2.10000000e+01,6.41417921e-01,8.96412754e+00,2.13633780e-03,1.02676132e+02,7.94676895e+01,1.85981579e+01,1.63234770e-01,1.93152547e-01
5345803-S04-156I3-A-L-B-190,20.02.2020-04:32:29,2.10000000e+01,6.41450822e-01,8.88628578e+00,1.85684266e-03,1.53883057e+02,7.98176346e+01,1.85187931e+01,2.12859035e-01,4.44509536e-01
5345803-S04-156I3-A-L-B-190,20.02.2020-04:32:31,2.10000000e+01,6.41429365e-01,8.89113140e+00,2.23574205e-03,1.57814224e+02,7.98684464e+01,1.85400677e+01,2.36172497e-01,4.46347564e-01
5345803-S04-156I3-A-L-B-190,20.02.2020-04:32:33,2.00000000e+01,6.42664015e-01,8.93905067e+00,2.57506641e-03,1.69289307e+02,7.96986771e+01,1.86361713e+01,1.99731603e-01,3.49625796e-01
5345803-S04-156I3-A-L-B-190,20.02.2020-04:32:57,2.00000000e+01,6.42778099e-01,8.87999249e+00,1.93026487e-03,2.25054199e+02,8.02032776e+01,1.86335659e+01,1.45243213e-01,3.03123415e-01
5345803-S04-156I3-A-L-B-190,20.02.2020-04:32:59,2.00000000e+01,6.42421722e-01,8.87942982e+00,1.82132039e-03,4.63632599e+02,8.01231613e+01,1.86034546e+01,9.19423401e-02,4.21435505e-01
5345803-S04-156I3-A-L-B-190,20.02.2020-04:33:01,9.00000000e+00,6.45559430e-01,8.91363716e+00,1.75105652e-03,3.15164185e+02,8.03681717e+01,1.88237209e+01,8.65243971e-02,1.55997172e-01
5345803-S04-156I3-A-L-B-190,20.02.2020-04:33:04,3.00000000e+00,6.37304306e-01,8.80951405e+00,1.65016204e-03,1.90471268e+02,7.95682526e+01,1.81831379e+01,1.70948178e-01,3.52916002e-01
5345803-S04-156I3-A-L-B-190,20.02.2020-04:33:07,2.00000000e+01,6.42762840e-01,8.88166523e+00,1.80225412e-03,1.95662872e+02,8.02978363e+01,1.86586037e+01,1.55879453e-01,5.58108628e-01
5345803-S04-156I3-A-L-B-190,20.02.2020-04:33:09,1.90000000e+01,6.44295871e-01,8.91495419e+00,2.11066776e-03,1.89321213e+02,8.01183395e+01,1.87312431e+01,1.12447493e-01,1.86303049e-01
5345803-S04-156I3-A-L-B-190,20.02.2020-04:33:11,2.00000000e+01,6.43627346e-01,8.88875771e+00,1.75790663e-03,1.59386536e+02,8.02367554e+01,1.86843967e+01,1.66475147e-01,4.31356430e-01
5345803-S04-156I3-A-L-B-190,20.02.2020-04:33:13,9.00000000e+00,6.46029949e-01,8.92777443e+00,1.73939508e-03,1.93407974e+02,8.01005630e+01,1.88044910e+01,1.23445891e-01,2.47272030e-01
5345803-S04-156I3-A-L-B-190,20.02.2020-04:33:15,2.00000000e+01,6.42940938e-01,8.87292671e+00,2.01885868e-03,1.52787491e+02,8.01296844e+01,1.86063671e+01,1.72557011e-01,4.41930711e-01
5345803-S04-156I3-A-L-B-190,20.02.2020-04:33:17,2.00000000e+01,6.44249082e-01,8.89587307e+00,1.90989533e-03,4.11768646e+02,8.00041046e+01,1.86631451e+01,7.76378736e-02,2.79989213e-01
5345803-S04-156I3-A-L-B-190,20.02.2020-04:33:40,2.10000000e+01,6.40361369e-01,8.87403488e+00,2.02744827e-03,1.10964996e+02,8.00576859e+01,1.85173779e+01,2.28698447e-01,2.74574459e-01
5345803-S04-156I3-A-L-B-190,20.02.2020-04:33:42,2.10000000e+01,6.40924454e-01,8.89624596e+00,1.70327199e-03,1.69108582e+02,8.00666504e+01,1.85821304e+01,1.33557335e-01,1.59029096e-01
5345803-S04-156I3-A-L-B-190,20.02.2020-04:33:44,2.00000000e+01,6.43720686e-01,8.90107441e+00,1.83389324e-03,1.58332474e+02,8.00467758e+01,1.86686935e+01,1.72150105e-01,3.45208108e-01
5345803-S04-156I3-A-L-B-190,20.02.2020-04:33:46,2.00000000e+00,6.38345420e-01,8.80406380e+00,2.14573438e-03,2.10549774e+02,7.99601135e+01,1.82912121e+01,2.37332970e-01,9.18618202e-01
5345803-S04-156I3-A-L-B-190,20.02.2020-04:33:48,2.10000000e+01,6.42324746e-01,8.89885235e+00,2.26460933e-03,2.49466797e+02,7.98991318e+01,1.85892086e+01,1.26221031e-01,1.92687824e-01
5345803-S04-156I3-A-L-B-190,20.02.2020-04:33:50,1.00000000e+00,6.38419867e-01,8.83870125e+00,2.02780333e-03,1.00276733e+02,8.01199188e+01,1.84020214e+01,3.02860916e-01,1.06760716e+00
5345803-S04-156I3-A-L-B-190,20.02.2020-04:33:53,9.00000000e+00,6.45597816e-01,8.91584396e+00,2.05480028e-03,1.34022324e+02,8.03148041e+01,1.88169975e+01,1.65433109e-01,2.42974401e-01
5345803-S04-156I3-A-L-B-190,20.02.2020-04:33:55,2.00000000e+01,6.42393470e-01,8.87490273e+00,1.87823281e-03,6.86538544e+01,8.01673355e+01,1.86034031e+01,4.19857949e-01,7.07057595e-01
5345803-S04-156I3-A-L-B-190,20.02.2020-04:33:57,2.00000000e+00,6.37469590e-01,8.83495712e+00,1.75465795e-03,3.05865955e+01,7.95624847e+01,1.82390594e+01,6.77752137e-01,9.06801105e-01
5345803-S04-156I3-A-L-B-190,20.02.2020-04:33:59,1.40000000e+01,6.43834770e-01,8.93196297e+00,2.05755956e-03,1.73288326e+01,7.98030701e+01,1.86797523e+01,1.08488429e+00,1.27349555e+00
5345803-S04-156I3-A-L-B-190,20.02.2020-04:34:22,2.00000000e+01,6.41888142e-01,8.90060902e+00,2.01165443e-03,6.28621559e+01,8.01030426e+01,1.86276588e+01,4.19520736e-01,6.28147721e-01
5345803-S04-156I3-A-L-B-190,20.02.2020-04:34:24,2.10000000e+01,6.42574191e-01,8.87113094e+00,2.14497070e-03,5.24963684e+01,8.00034103e+01,1.85626926e+01,4.80070770e-01,8.59697461e-01
5345803-S04-156I3-A-L-B-190,20.02.2020-04:34:26,2.00000000e+01,6.42027795e-01,8.91687107e+00,1.77780725e-03,4.75377045e+01,8.01147766e+01,1.86684895e+01,4.97496992e-01,7.17069030e-01
5345803-S04-156I3-A-L-B-190,20.02.2020-04:34:28,1.40000000e+01,6.37227833e-01,8.79606628e+00,1.85081223e-03,1.46257391e+01,7.92547226e+01,1.80816708e+01,1.33286083e+00,1.66436160e+00
5345803-S04-156I3-A-L-B-190,20.02.2020-04:34:30,2.00000000e+00,6.38938963e-01,8.85990334e+00,2.19033798e-03,2.35489616e+01,7.94291077e+01,1.83019867e+01,1.10940886e+00,1.30532372e+00
5345803-S04-156I3-A-L-B-190,20.02.2020-04:34:32,2.40000000e+01,6.40363038e-01,8.84467983e+00,1.96232763e-03,3.90171576e+00,7.84939575e+01,1.80956764e+01,4.24200964e+00,4.86281538e+00
5345803-S04-156I3-A-L-B-190,20.02.2020-04:34:34,2.10000000e+01,6.42054379e-01,8.87324429e+00,2.12491490e-03,2.25121727e+01,7.99072342e+01,1.85297928e+01,1.02827048e+00,1.39188910e+00
5345803-S04-156I3-A-L-B-190,20.02.2020-04:34:36,2.10000000e+01,6.42126679e-01,8.85912323e+00,2.16577598e-03,3.27969246e+01,7.99354630e+01,1.85089245e+01,7.63052225e-01,1.18850446e+00
5345803-S04-156I3-A-L-B-190,20.02.2020-04:34:38,2.00000000e+00,6.39140010e-01,8.84775543e+00,2.15697172e-03,2.59085369e+01,7.98284607e+01,1.83745632e+01,9.49338019e-01,1.34242511e+00
5345803-S04-156I3-A-L-B-190,20.02.2020-04:34:41,1.40000000e+01,6.43123686e-01,8.86664677e+00,2.09181779e-03,1.89835644e+01,7.96869049e+01,1.84957123e+01,1.28372574e+00,1.53689480e+00
5345803-S04-156I3-A-L-B-190,20.02.2020-04:35:04,2.00000000e+01,6.43930554e-01,8.89808369e+00,1.92803319e-03,1.20734825e+02,8.01622467e+01,1.86954346e+01,2.04837918e-01,2.78655410e-01
5345803-S04-156I3-A-L-B-190,20.02.2020-04:35:06,2.00000000e+01,6.43177569e-01,8.90705490e+00,1.93728309e-03,8.31598892e+01,8.00389175e+01,1.86636448e+01,3.24346155e-01,3.83747518e-01
5345803-S04-156I3-A-L-B-190,20.02.2020-04:35:08,2.00000000e+01,6.43058658e-01,8.90704250e+00,2.11931765e-03,6.55613098e+01,7.98839188e+01,1.86240311e+01,3.96484405e-01,4.63931203e-01
5345803-S04-156I3-A-L-B-190,20.02.2020-04:35:10,2.00000000e+01,6.43199563e-01,8.91906643e+00,2.10403348e-03,8.97533493e+01,7.98525238e+01,1.86459274e+01,2.94172645e-01,3.47187102e-01
5345803-S04-156I3-A-L-B-190,20.02.2020-04:35:12,2.10000000e+01,6.44325018e-01,8.86766815e+00,1.97265972e-03,7.89551392e+01,7.97988663e+01,1.85584335e+01,3.00951511e-01,3.81426156e-01
5345803-S04-156I3-A-L-B-190,20.02.2020-04:35:14,1.90000000e+01,6.44488931e-01,8.92119122e+00,1.99555699e-03,6.81059265e+01,7.99636383e+01,1.87137604e+01,3.63739043e-01,4.55365568e-01
5345803-S04-156I3-A-L-B-190,20.02.2020-04:35:16,2.00000000e+00,6.42083108e-01,8.77235985e+00,2.02652556e-03,4.48245659e+01,7.98357315e+01,1.83035431e+01,6.35865688e-01,1.87729573e+00
5345803-S04-156I3-A-L-B-190,20.02.2020-04:35:18,1.90000000e+01,6.43325806e-01,8.93241978e+00,1.95156247e-03,3.99456329e+01,8.00156326e+01,1.87156582e+01,5.70015669e-01,6.92670286e-01
5345803-S04-156I3-A-L-B-190,20.02.2020-04:35:20,2.00000000e+01,6.41956270e-01,8.91609764e+00,2.12032418e-03,6.03806458e+01,7.98988571e+01,1.86144829e+01,4.06085253e-01,5.59395730e-01
5345803-S04-156I3-A-L-B-190,20.02.2020-04:35:22,1.40000000e+01,6.43168747e-01,8.93164825e+00,1.85079046e-03,1.31403999e+01,7.97758484e+01,1.86534061e+01,1.63718414e+00,1.93002987e+00
5345803-S04-156I3-A-L-B-190,20.02.2020-04:35:46,1.90000000e+01,6.44994676e-01,8.91750240e+00,1.93985912e-03,2.75202515e+02,8.01959534e+01,1.87750912e+01,8.83761793e-02,1.27727881e-01
5345803-S04-156I3-A-L-B-190,20.02.2020-04:35:48,2.00000000e+01,6.42122924e-01,8.87158871e+00,1.91430817e-03,1.95798843e+02,8.02541809e+01,1.86087589e+01,1.35992348e-01,2.01004550e-01
5345803-S04-156I3-A-L-B-190,20.02.2020-04:35:50,2.10000000e+01,6.39996588e-01,8.86074543e+00,1.95144292e-03,1.82446243e+02,8.01906586e+01,1.85098076e+01,1.62695378e-01,3.17196071e-01
5345803-S04-156I3-A-L-B-190,20.02.2020-04:35:52,2.00000000e+01,6.43150151e-01,8.90537071e+00,2.07931991e-03,2.30943741e+02,8.01749191e+01,1.86910248e+01,1.00697018e-01,1.36912033e-01
5345803-S04-156I3-A-L-B-190,20.02.2020-04:35:54,2.00000000e+01,6.42751396e-01,8.88763428e+00,2.02735653e-03,1.90309677e+02,8.01601028e+01,1.86387882e+01,1.46172971e-01,3.64014506e-01
5345803-S04-156I3-A-L-B-190,20.02.2020-04:35:56,9.00000000e+00,6.43584013e-01,8.94375801e+00,1.87867915e-03,7.03404358e+02,8.02982330e+01,1.88131485e+01,4.59427536e-02,6.13473095e-02
5345803-S04-156I3-A-L-B-190,20.02.2020-04:35:58,2.00000000e+01,6.42247319e-01,8.89437199e+00,1.94408419e-03,2.91658752e+02,8.00720291e+01,1.86178093e+01,1.07132986e-01,1.36393636e-01
5345803-S04-156I3-A-L-B-190,20.02.2020-04:36:00,2.00000000e+01,6.42789543e-01,8.88424778e+00,1.97803625e-03,1.83354431e+02,8.02556763e+01,1.86550083e+01,1.58216044e-01,2.99349934e-01
5345803-S04-156I3-A-L-B-190,20.02.2020-04:36:02,2.00000000e+01,6.43922687e-01,8.88396549e+00,2.11705267e-03,1.67383209e+02,8.01222458e+01,1.86562309e+01,1.70451462e-01,4.98922944e-01
5345803-S04-156I3-A-L-B-190,20.02.2020-04:36:05,1.90000000e+01,6.43897295e-01,8.90839672e+00,2.08875886e-03,1.73145325e+02,8.03273468e+01,1.87546864e+01,1.40709803e-01,3.08852494e-01
5345803-S04-156I3-A-L-B-190,20.02.2020-04:36:27,9.00000000e+00,6.43736780e-01,8.91462803e+00,1.68523437e-03,1.67060425e+02,8.05925293e+01,1.88250675e+01,1.58925265e-01,2.82114148e-01
5345803-S04-156I3-A-L-B-190,20.02.2020-04:37:12,2.00000000e+01,6.44429862e-01,8.86512756e+00,1.85704941e-03,2.24244720e+02,8.02248459e+01,1.86551914e+01,1.14277184e-01,2.58620113e-01
5345803-S04-156I3-A-L-B-190,20.02.2020-04:37:14,2.10000000e+01,6.43020809e-01,8.85067844e+00,1.99351134e-03,1.38149857e+02,8.01529770e+01,1.85674152e+01,1.85411543e-01,2.94956714e-01
5345803-S04-156I3-A-L-B-190,20.02.2020-04:37:16,2.00000000e+01,6.44822717e-01,8.87126255e+00,1.96962385e-03,1.32056213e+02,8.01573105e+01,1.86637592e+01,2.81133115e-01,4.39643264e-01
5345803-S04-156I3-A-L-B-190,20.02.2020-04:37:18,1.00000000e+00,6.40931129e-01,8.84652710e+00,1.94561458e-03,1.48240143e+02,7.99497833e+01,1.84514999e+01,2.64083743e-01,5.95639050e-01
5345803-S04-156I3-A-L-B-190,20.02.2020-04:37:20,2.00000000e+01,6.45390153e-01,8.86421108e+00,1.78776565e-03,1.65247131e+02,8.02329330e+01,1.86829414e+01,1.48822024e-01,2.97285557e-01
5345803-S04-156I3-A-L-B-190,20.02.2020-04:37:23,9.00000000e+00,6.44836783e-01,8.95479965e+00,1.71028660e-03,1.50906601e+02,8.03662109e+01,1.88890171e+01,1.86943933e-01,2.29145736e-01
5345803-S04-156I3-A-L-B-190,20.02.2020-04:37:25,2.00000000e+00,6.37687922e-01,8.85303402e+00,1.83831807e-03,6.26878395e+01,8.00671539e+01,1.83986053e+01,4.13780361e-01,5.95169604e-01
5345803-S04-156I3-A-L-B-190,20.02.2020-04:37:27,2.00000000e+00,6.36142254e-01,8.82329941e+00,2.09018798e-03,7.93166275e+01,7.99288635e+01,1.82607670e+01,3.37384492e-01,5.54605782e-01
5345803-S04-156I3-A-L-B-190,20.02.2020-04:37:29,2.00000000e+01,6.43052459e-01,8.88848114e+00,1.74593844e-03,1.07918930e+02,8.03168945e+01,1.86857719e+01,2.24095717e-01,2.94798076e-01
5345803-S04-156I3-A-L-B-190,20.02.2020-04:34:43,1.40000000e+01,6.42978311e-01,8.89291000e+00,2.28000339e-03,1.19963856e+01,7.94652023e+01,1.84947052e+01,1.99748909e+00,2.35207915e+00
5345803-S04-156I3-A-L-B-190,20.02.2020-04:34:45,2.40000000e+01,6.44978881e-01,8.89105225e+00,2.01915507e-03,1.20059500e+01,7.97342300e+01,1.86111698e+01,2.16071892e+00,2.51037621e+00
5345803-S04-156I3-A-L-B-190,20.02.2020-04:34:47,2.00000000e+01,6.43763721e-01,8.88693333e+00,1.95297808e-03,3.48888458e+02,8.01736145e+01,1.86698189e+01,1.10309742e-01,4.38959390e-01
5345803-S04-156I3-A-L-B-190,20.02.2020-04:34:49,2.00000000e+01,6.42896295e-01,8.88427258e+00,1.94629433e-03,1.51641739e+02,8.01946716e+01,1.86439743e+01,1.82328984e-01,3.18227679e-01
5345803-S04-156I3-A-L-B-190,20.02.2020-04:34:51,9.00000000e+00,6.44666910e-01,8.96076393e+00,1.90098176e-03,1.69103271e+02,8.00369873e+01,1.88192081e+01,1.36927202e-01,1.59282476e-01
5345803-S04-156I3-A-L-B-190,20.02.2020-04:34:53,2.10000000e+01,6.40260458e-01,8.86808681e+00,1.67412206e-03,2.87458588e+02,8.04075012e+01,1.85828953e+01,1.05647050e-01,3.17831248e-01
5345803-S04-156I3-A-L-B-190,20.02.2020-04:34:55,2.00000000e+01,6.43166184e-01,8.90130043e+00,1.67881115e-03,1.82145096e+02,8.00069580e+01,1.86438084e+01,1.23659946e-01,1.53342724e-01
5345803-S04-156I3-A-L-B-190,20.02.2020-04:34:57,2.00000000e+01,6.42053008e-01,8.89548492e+00,1.81114208e-03,1.31568848e+02,8.01344910e+01,1.86290283e+01,1.58684298e-01,2.58260459e-01
5345803-S04-156I3-A-L-B-190,20.02.2020-04:34:59,1.90000000e+01,6.43301010e-01,8.90805817e+00,2.00824882e-03,2.33064392e+02,8.01707764e+01,1.87000828e+01,1.20052852e-01,1.63062930e-01
5345803-S04-156I3-A-L-B-190,20.02.2020-04:35:01,2.00000000e+01,6.42048478e-01,8.89741707e+00,2.05666549e-03,1.64432724e+02,8.00038834e+01,1.86025753e+01,1.98108539e-01,3.01516205e-01
5345803-S04-156I3-A-L-B-190,20.02.2020-04:35:25,1.40000000e+01,6.42219961e-01,8.88958073e+00,2.08257325e-03,1.27996378e+01,7.97633514e+01,1.85352592e+01,1.89304805e+00,2.56092167e+00
5345803-S04-156I3-A-L-B-190,20.02.2020-04:35:27,1.40000000e+01,6.42396986e-01,8.87889290e+00,2.01496272e-03,1.28616743e+01,7.98182831e+01,1.85308323e+01,1.74340761e+00,2.14973688e+00
5345803-S04-156I3-A-L-B-190,20.02.2020-04:35:29,1.40000000e+01,6.41129494e-01,8.85144424e+00,1.87699439e-03,1.18958445e+01,7.97515640e+01,1.84216843e+01,1.82147408e+00,2.08874393e+00
5345803-S04-156I3-A-L-B-190,20.02.2020-04:35:31,1.40000000e+01,6.42544925e-01,8.87572193e+00,1.81535201e-03,1.65902615e+01,7.99236679e+01,1.85529423e+01,1.40948677e+00,1.81421244e+00
5345803-S04-156I3-A-L-B-190,20.02.2020-04:35:33,1.90000000e+01,6.44319654e-01,8.92487812e+00,2.09623971e-03,2.44994354e+02,7.99980698e+01,1.87246361e+01,1.10762440e-01,1.64846018e-01
5345803-S04-156I3-A-L-B-190,20.02.2020-04:35:35,1.90000000e+01,6.44312143e-01,8.92281437e+00,2.03439198e-03,1.32425842e+02,8.01454315e+01,1.87545719e+01,1.92846909e-01,2.60674030e-01
5345803-S04-156I3-A-L-B-190,20.02.2020-04:35:37,2.10000000e+01,6.44141734e-01,8.87514877e+00,1.98032241e-03,3.31112427e+02,7.99123383e+01,1.85952091e+01,7.61209205e-02,1.26521870e-01
5345803-S04-156I3-A-L-B-190,20.02.2020-04:35:39,1.90000000e+01,6.43683851e-01,8.89482498e+00,1.86580315e-03,1.98878738e+02,8.02513275e+01,1.87021885e+01,1.67930841e-01,3.80094618e-01
5345803-S04-156I3-A-L-B-190,20.02.2020-04:35:41,1.90000000e+01,6.44270539e-01,8.92601776e+00,2.06710096e-03,2.83075714e+02,8.00729599e+01,1.87431297e+01,1.25068158e-01,1.81448072e-01
5345803-S04-156I3-A-L-B-190,20.02.2020-04:35:44,1.90000000e+01,6.44401729e-01,8.90942955e+00,1.89697114e-03,4.43430420e+02,8.01987686e+01,1.87415066e+01,7.62665644e-02,1.29729316e-01
5345803-S04-156I3-A-L-B-190,20.02.2020-04:36:07,1.90000000e+01,6.45723403e-01,8.91697025e+00,2.02122144e-03,2.90766510e+02,8.02058563e+01,1.87975006e+01,8.78539532e-02,1.31873190e-01
5345803-S04-156I3-A-L-B-190,20.02.2020-04:36:09,2.00000000e+01,6.43351078e-01,8.89905357e+00,1.92619395e-03,2.56934174e+02,8.01236038e+01,1.86716442e+01,1.12969473e-01,2.04273030e-01
5345803-S04-156I3-A-L-B-190,20.02.2020-04:36:11,2.00000000e+00,6.42246068e-01,8.81527138e+00,2.05257651e-03,3.13142456e+02,7.97861176e+01,1.83863125e+01,1.59378856e-01,5.49788177e-01
5345803-S04-156I3-A-L-B-190,20.02.2020-04:36:13,2.00000000e+01,6.42996669e-01,8.89278316e+00,1.98065233e-03,3.12842712e+02,8.00786057e+01,1.86377354e+01,1.27543017e-01,2.27034792e-01
5345803-S04-156I3-A-L-B-190,20.02.2020-04:36:15,2.00000000e+01,6.44041836e-01,8.88101768e+00,1.90880720e-03,2.17367752e+02,8.01200714e+01,1.86529846e+01,1.28699303e-01,4.95627433e-01
5345803-S04-156I3-A-L-B-190,20.02.2020-04:36:17,1.90000000e+01,6.43921018e-01,8.90331554e+00,2.00022478e-03,2.57343506e+02,8.03337326e+01,1.87461700e+01,1.29057124e-01,3.75732988e-01
5345803-S04-156I3-A-L-B-190,20.02.2020-04:36:19,1.00000000e+00,6.39552355e-01,8.85122967e+00,1.79390097e-03,1.70373917e+02,7.99436722e+01,1.84201851e+01,2.56438792e-01,1.02422643e+00
5345803-S04-156I3-A-L-B-190,20.02.2020-04:36:21,1.90000000e+01,6.42917275e-01,8.91608906e+00,1.59993267e-03,2.25697037e+02,8.04960785e+01,1.87816792e+01,1.16214052e-01,2.29732022e-01
5345803-S04-156I3-A-L-B-190,20.02.2020-04:36:23,1.90000000e+01,6.43359542e-01,8.92261696e+00,1.94773090e-03,4.72822632e+02,8.02621841e+01,1.87537098e+01,8.18914548e-02,1.18815958e-01
5345803-S04-156I3-A-L-B-190,20.02.2020-04:36:25,2.00000000e+01,6.41757190e-01,8.89077377e+00,1.67463452e-03,1.31090408e+02,8.03823547e+01,1.86681461e+01,2.05558181e-01,2.59148329e-01
5345803-S04-156I3-A-L-B-190,20.02.2020-04:37:31,2.00000000e+00,6.37630463e-01,8.83473778e+00,2.10352987e-03,7.79500732e+01,7.98897095e+01,1.83182411e+01,2.62738138e-01,4.10089523e-01
5345803-S04-156I3-A-L-B-190,20.02.2020-04:37:33,2.10000000e+01,6.40794873e-01,8.87771797e+00,1.85980380e-03,6.66779022e+01,8.01192856e+01,1.85518665e+01,2.81717479e-01,3.35095972e-01
5345803-S04-156I3-A-L-B-190,20.02.2020-04:37:35,2.10000000e+01,6.41713679e-01,8.88106441e+00,2.12768978e-03,3.48039581e+02,7.99001312e+01,1.85346336e+01,7.06153437e-02,1.17215037e-01
5345803-S04-156I3-A-L-B-190,20.02.2020-04:37:37,2.00000000e+00,6.37060165e-01,8.78861427e+00,1.77352910e-03,3.55361176e+02,8.00547638e+01,1.82439213e+01,1.58824801e-01,6.38864517e-01
5345803-S04-156I3-A-L-B-190,20.02.2020-04:37:39,1.00000000e+00,6.39507473e-01,8.85383987e+00,1.97592797e-03,2.34904205e+02,7.99723740e+01,1.84309387e+01,1.88284189e-01,6.21949971e-01
5345803-S04-156I3-A-L-B-190,20.02.2020-04:37:41,2.10000000e+01,6.42512619e-01,8.86768055e+00,2.19396455e-03,1.23270142e+02,8.00145416e+01,1.85562763e+01,2.41602987e-01,5.77228487e-01
5345803-S04-156I3-A-L-B-190,20.02.2020-04:37:44,2.00000000e+01,6.42690003e-01,8.88188362e+00,1.64414931e-03,3.83181458e+02,8.02330933e+01,1.86419067e+01,9.11719501e-02,3.30183059e-01
5345803-S04-156I3-A-L-B-190,20.02.2020-04:37:46,2.00000000e+00,6.37200415e-01,8.81506634e+00,1.95436319e-03,2.52032578e+02,8.00184708e+01,1.82945652e+01,1.80015668e-01,6.18358672e-01
5345803-S04-156I3-A-L-B-190,20.02.2020-04:37:48,2.10000000e+01,6.42098665e-01,8.86821938e+00,1.80484157e-03,1.48016510e+02,8.01743088e+01,1.85824776e+01,1.97711036e-01,5.47976792e-01
5345803-S04-156I3-A-L-B-190,20.02.2020-04:37:50,2.00000000e+00,6.37169242e-01,8.80107689e+00,1.68572715e-03,1.83325775e+02,8.00739365e+01,1.82772961e+01,2.34315440e-01,8.99808884e-01
5345803-S04-156I3-A-L-B-190,20.02.2020-04:38:13,2.00000000e+00,6.36273921e-01,8.82841492e+00,1.94270024e-03,9.63972168e+01,8.00211029e+01,1.82962303e+01,2.10361719e-01,3.63404661e-01
5345803-S04-156I3-A-L-B-190,20.02.2020-04:38:15,1.40000000e+01,6.27738714e-01,8.46880054e+00,1.21165591e-03,1.24938858e+02,7.86951828e+01,1.70286083e+01,1.97840542e-01,2.45238930e-01
5345803-S04-156I3-A-L-B-190,20.02.2020-04:38:17,1.90000000e+01,6.43094301e-01,8.91302872e+00,2.12168973e-03,1.79046371e+02,8.01932449e+01,1.87097492e+01,1.48109511e-01,2.20316023e-01
5345803-S04-156I3-A-L-B-190,20.02.2020-04:38:19,2.00000000e+00,6.37835085e-01,8.84162426e+00,1.90116838e-03,1.34498032e+02,7.97949600e+01,1.83166542e+01,2.34234408e-01,3.94623458e-01
5345803-S04-156I3-A-L-B-190,20.02.2020-04:38:21,2.10000000e+01,6.41566753e-01,8.88173294e+00,1.95049541e-03,1.54612183e+02,8.01319351e+01,1.85855484e+01,1.31403938e-01,2.52279520e-01
5345803-S04-156I3-A-L-B-190,20.02.2020-04:38:24,2.00000000e+01,6.44745767e-01,8.89803028e+00,1.83920434e-03,2.16242462e+02,8.00461426e+01,1.86918774e+01,1.03790641e-01,1.95598498e-01
5345803-S04-156I3-A-L-B-190,20.02.2020-04:38:26,2.10000000e+01,6.39454365e-01,8.89126682e+00,1.77318999e-03,1.87684738e+02,8.00811462e+01,1.85324860e+01,1.62578523e-01,4.42617595e-01
5345803-S04-156I3-A-L-B-190,20.02.2020-04:38:28,1.90000000e+01,6.42712891e-01,8.92143154e+00,1.53120491e-03,5.38443359e+02,8.03717880e+01,1.87579498e+01,8.96496624e-02,2.70302206e-01
5345803-S04-156I3-A-L-B-190,20.02.2020-04:38:30,2.10000000e+01,6.39495611e-01,8.88803387e+00,1.77336496e-03,2.64221283e+02,7.99967575e+01,1.85074196e+01,1.65699884e-01,5.74988008e-01
5345803-S04-156I3-A-L-B-190,20.02.2020-04:38:32,2.40000000e+01,6.41626656e-01,8.82501221e+00,1.52271241e-03,2.64215374e+01,7.97959900e+01,1.83911533e+01,2.71949410e+00,3.58451819e+00
5345803-S04-156I3-A-L-B-190,20.02.2020-04:39:43,9.00000000e+00,6.44549072e-01,8.93892574e+00,1.95063616e-03,1.52593597e+02,8.04343262e+01,1.88630943e+01,1.75043285e-01,3.95671397e-01
5345803-S04-156I3-A-L-B-190,20.02.2020-04:39:45,2.00000000e+01,6.41286612e-01,8.92482376e+00,1.92156516e-03,1.23755814e+02,8.02047195e+01,1.86845188e+01,2.12683916e-01,4.55927461e-01
5345803-S04-156I3-A-L-B-190,20.02.2020-04:39:48,8.00000000e+00,6.46660507e-01,8.97855282e+00,1.93280552e-03,1.65455750e+02,8.04430771e+01,1.90108509e+01,1.32923156e-01,1.97921500e-01
5345803-S04-156I3-A-L-B-190,20.02.2020-04:39:50,9.00000000e+00,6.45025373e-01,8.96654987e+00,1.79954292e-03,3.57033295e+02,8.03188400e+01,1.89081821e+01,6.79852068e-02,1.03759706e-01
5345803-S04-156I3-A-L-B-190,20.02.2020-04:39:52,1.90000000e+01,6.42490327e-01,8.93612480e+00,1.70153647e-03,2.45101364e+02,8.01440048e+01,1.87291069e+01,1.67658880e-01,6.62473321e-01
5345803-S04-156I3-A-L-B-190,20.02.2020-04:39:54,7.00000000e+00,6.47163570e-01,8.97632122e+00,1.61900022e-03,2.45240997e+02,8.05214005e+01,1.90394306e+01,9.35489833e-02,1.58104807e-01
5345803-S04-156I3-A-L-B-190,20.02.2020-04:39:56,7.00000000e+00,6.46402717e-01,8.98205376e+00,1.80352840e-03,1.02397415e+02,8.05186462e+01,1.90285416e+01,1.81141123e-01,4.03172016e-01
5345803-S04-156I3-A-L-B-190,20.02.2020-04:39:58,7.00000000e+00,6.46979213e-01,8.99475479e+00,1.85405312e-03,2.94361908e+02,8.05461273e+01,1.90789528e+01,9.91457030e-02,2.42033139e-01
5345803-S04-156I3-A-L-B-190,20.02.2020-04:40:00,1.00000000e+00,6.36481106e-01,8.85579872e+00,1.66430010e-03,2.28423172e+02,8.02390366e+01,1.84089565e+01,1.61239490e-01,5.30552447e-01
5345803-S04-156I3-A-L-B-190,20.02.2020-04:40:02,7.00000000e+00,6.47169888e-01,8.98940182e+00,2.10421486e-03,2.40114365e+02,8.03413239e+01,1.90247211e+01,1.04030386e-01,2.43299454e-01
5345803-S04-156I3-A-L-B-190,20.02.2020-04:40:25,2.00000000e+00,6.36360645e-01,8.81026077e+00,1.64796948e-03,1.11295189e+02,8.02306442e+01,1.83089142e+01,4.47361588e-01,1.89933240e+00
5345803-S04-156I3-A-L-B-190,20.02.2020-04:40:27,2.00000000e+01,6.41427457e-01,8.91597176e+00,1.88961066e-03,4.65843933e+02,8.01926804e+01,1.86672840e+01,1.02649249e-01,2.54008979e-01
5345803-S04-156I3-A-L-B-190,20.02.2020-04:40:29,8.00000000e+00,6.43561602e-01,8.98328781e+00,1.81085803e-03,1.80894135e+02,8.05227585e+01,1.89484749e+01,8.96025673e-02,1.37017950e-01
5345803-S04-156I3-A-L-B-190,20.02.2020-04:40:31,8.00000000e+00,6.44554853e-01,8.96956730e+00,1.72713445e-03,1.12166687e+02,8.03766708e+01,1.89143581e+01,1.98973492e-01,2.95818448e-01
5345803-S04-156I3-A-L-B-190,20.02.2020-04:40:34,8.00000000e+00,6.44123495e-01,8.98600960e+00,2.01331894e-03,9.95774002e+01,8.02947922e+01,1.89170589e+01,2.06835672e-01,2.67480284e-01
5345803-S04-156I3-A-L-B-190,20.02.2020-04:40:36,8.00000000e+00,6.44261003e-01,8.98899364e+00,1.88100385e-03,1.52910538e+02,8.02261429e+01,1.89111977e+01,1.93302378e-01,2.51456678e-01
5345803-S04-156I3-A-L-B-190,20.02.2020-04:40:38,8.00000000e+00,6.44921005e-01,9.00434208e+00,2.03109835e-03,2.00066895e+02,8.02105560e+01,1.89592094e+01,1.38528705e-01,1.81313425e-01
5345803-S04-156I3-A-L-B-190,20.02.2020-04:40:40,8.00000000e+00,6.44996047e-01,8.97863197e+00,1.93212123e-03,2.47934280e+02,8.02492142e+01,1.89163876e+01,1.30515918e-01,2.22368464e-01
5345803-S04-156I3-A-L-B-190,20.02.2020-04:40:42,9.00000000e+00,6.44692063e-01,8.96072578e+00,1.76527898e-03,1.36458115e+02,8.03055191e+01,1.88830032e+01,1.49760380e-01,2.36406475e-01
5345803-S04-156I3-A-L-B-190,20.02.2020-04:40:44,8.00000000e+00,6.44223750e-01,8.98983860e+00,1.79287756e-03,5.05333862e+01,8.02298813e+01,1.89127617e+01,2.87031233e-01,3.57070535e-01
5345803-S04-156I3-A-L-B-190,20.02.2020-04:41:28,2.00000000e+01,6.39883041e-01,8.92144775e+00,1.74570060e-03,1.13330032e+02,8.03281555e+01,1.86652546e+01,2.11984888e-01,4.55354989e-01
5345803-S04-156I3-A-L-B-190,20.02.2020-04:41:30,2.00000000e+01,6.40664935e-01,8.94545078e+00,1.96233345e-03,1.49243805e+02,8.01361237e+01,1.86935463e+01,1.95642263e-01,3.54051977e-01
5345803-S04-156I3-A-L-B-190,20.02.2020-04:41:32,1.90000000e+01,6.41232073e-01,8.92972088e+00,1.83776987e-03,1.68127304e+02,8.02951431e+01,1.87142582e+01,1.32097349e-01,3.23394984e-01
5345803-S04-156I3-A-L-B-190,20.02.2020-04:41:34,2.00000000e+01,6.40682757e-01,8.92387199e+00,1.72762759e-03,1.25340744e+02,8.03282089e+01,1.86936722e+01,1.64416179e-01,3.91691774e-01
5345803-S04-156I3-A-L-B-190,20.02.2020-04:41:36,9.00000000e+00,6.42299771e-01,8.95770836e+00,1.97095308e-03,1.19502068e+02,8.03499069e+01,1.88169956e+01,1.70755610e-01,2.52431124e-01
5345803-S04-156I3-A-L-B-190,20.02.2020-04:41:38,3.00000000e+00,6.35317087e-01,8.80111885e+00,1.76922453e-03,1.36851761e+02,7.97374039e+01,1.81476631e+01,1.97961703e-01,4.62505162e-01
5345803-S04-156I3-A-L-B-190,20.02.2020-04:41:41,3.00000000e+00,6.35011137e-01,8.81083775e+00,1.59677083e-03,1.14237785e+02,7.97990265e+01,1.81729889e+01,2.17324704e-01,5.33520877e-01
5345803-S04-156I3-A-L-B-190,20.02.2020-04:41:43,3.00000000e+00,6.33676767e-01,8.77667522e+00,1.70873757e-03,8.32080841e+01,7.96998749e+01,1.80420418e+01,4.25109386e-01,7.75553405e-01
5345803-S04-156I3-A-L-B-190,20.02.2020-04:41:45,9.00000000e+00,6.45620346e-01,8.94221210e+00,1.66651118e-03,5.63006592e+02,8.02787933e+01,1.88648434e+01,6.81750849e-02,9.00770575e-02
5345803-S04-156I3-A-L-B-190,20.02.2020-04:41:47,1.90000000e+01,6.41867936e-01,8.97799969e+00,1.72828534e-03,1.85289062e+02,7.97939301e+01,1.87165318e+01,1.07567541e-01,1.26930222e-01
5345803-S04-156I3-A-L-B-190,20.02.2020-04:37:52,9.00000000e+00,6.44815505e-01,8.91648674e+00,1.95758487e-03,6.73528076e+02,8.03596039e+01,1.88060360e+01,6.04617894e-02,1.01989344e-01
5345803-S04-156I3-A-L-B-190,20.02.2020-04:37:54,2.00000000e+00,6.37125134e-01,8.80744934e+00,1.60992274e-03,1.72214584e+02,8.01196365e+01,1.82997036e+01,2.23598555e-01,9.17829454e-01
5345803-S04-156I3-A-L-B-190,20.02.2020-04:37:56,2.00000000e+00,6.36425614e-01,8.79650402e+00,2.08971952e-03,2.22013702e+02,7.99649200e+01,1.82216396e+01,1.30039349e-01,6.08608305e-01
5345803-S04-156I3-A-L-B-190,20.02.2020-04:37:58,2.10000000e+01,6.41502857e-01,8.84943008e+00,1.95143640e-03,2.00826569e+02,8.01646576e+01,1.85236702e+01,1.74041599e-01,5.46843827e-01
5345803-S04-156I3-A-L-B-190,20.02.2020-04:38:00,2.00000000e+01,6.43368006e-01,8.89117622e+00,1.87054707e-03,1.37336060e+02,8.00542984e+01,1.86394672e+01,1.62921950e-01,2.35726371e-01
5345803-S04-156I3-A-L-B-190,20.02.2020-04:38:03,2.00000000e+00,6.39574587e-01,8.84145260e+00,1.87843083e-03,1.21801041e+02,7.98868866e+01,1.83874073e+01,2.22257793e-01,5.87451637e-01
5345803-S04-156I3-A-L-B-190,20.02.2020-04:38:05,2.00000000e+01,6.43233299e-01,8.88055229e+00,1.86161220e-03,2.43476593e+02,8.01027679e+01,1.86245689e+01,1.04444623e-01,1.75093696e-01
5345803-S04-156I3-A-L-B-190,20.02.2020-04:38:07,1.00000000e+00,6.42210245e-01,8.83443165e+00,1.73457176e-03,9.05319443e+01,7.99239807e+01,1.84570866e+01,1.98433265e-01,5.80194473e-01
5345803-S04-156I3-A-L-B-190,20.02.2020-04:38:09,2.00000000e+01,6.42447412e-01,8.87957096e+00,1.87143218e-03,2.38236465e+02,8.01654968e+01,1.86143227e+01,1.33661583e-01,4.24470454e-01
5345803-S04-156I3-A-L-B-190,20.02.2020-04:38:11,2.00000000e+00,6.38468564e-01,8.84148979e+00,1.79666583e-03,1.64889603e+02,7.99750595e+01,1.83759480e+01,1.58185348e-01,3.14503133e-01
5345803-S04-156I3-A-L-B-190,20.02.2020-04:38:34,2.10000000e+01,6.37585580e-01,8.97440624e+00,1.71979808e-03,2.23122833e+02,7.96209717e+01,1.85439320e+01,1.09386280e-01,1.80916071e-01
5345803-S04-156I3-A-L-B-190,20.02.2020-04:38:36,1.90000000e+01,6.43612623e-01,8.88394547e+00,1.71207217e-03,1.28390198e+03,8.03618546e+01,1.87029724e+01,7.62528852e-02,1.14731622e+00
5345803-S04-156I3-A-L-B-190,20.02.2020-04:38:38,2.00000000e+00,6.35761499e-01,8.84702682e+00,1.90000318e-03,2.58388519e+02,8.01129837e+01,1.83410702e+01,1.25467345e-01,4.62431610e-01
5345803-S04-156I3-A-L-B-190,20.02.2020-04:38:40,7.00000000e+00,6.46749139e-01,8.99637794e+00,1.91808329e-03,4.07088806e+02,8.04467316e+01,1.90520706e+01,7.59482607e-02,1.87011853e-01
5345803-S04-156I3-A-L-B-190,20.02.2020-04:38:42,1.90000000e+01,6.42622769e-01,8.95322227e+00,2.03671493e-03,1.27792892e+02,8.00261917e+01,1.87412186e+01,2.00674370e-01,6.16256177e-01
5345803-S04-156I3-A-L-B-190,20.02.2020-04:38:44,2.10000000e+01,6.39530301e-01,8.89367676e+00,1.94689305e-03,3.94859711e+02,8.00874176e+01,1.85411625e+01,1.03562392e-01,4.29742783e-01
5345803-S04-156I3-A-L-B-190,20.02.2020-04:39:35,9.00000000e+00,6.43035412e-01,8.95769882e+00,1.73327059e-03,2.60989594e+02,8.02410660e+01,1.88130074e+01,1.53106824e-01,4.50567156e-01
5345803-S04-156I3-A-L-B-190,20.02.2020-04:39:37,9.00000000e+00,6.44609928e-01,8.93591881e+00,1.85739133e-03,3.36157043e+02,8.03819504e+01,1.88462486e+01,5.99551648e-02,1.64467156e-01
5345803-S04-156I3-A-L-B-190,20.02.2020-04:39:39,7.00000000e+00,6.47072315e-01,8.97992706e+00,1.63462199e-03,1.58918533e+02,8.05672073e+01,1.90552273e+01,1.27915278e-01,2.56012112e-01
5345803-S04-156I3-A-L-B-190,20.02.2020-04:39:41,9.00000000e+00,6.44430399e-01,8.93934155e+00,1.68334669e-03,3.97863190e+02,8.03301086e+01,1.88360615e+01,8.13133046e-02,1.96575180e-01
5345803-S04-156I3-A-L-B-190,20.02.2020-04:40:46,8.00000000e+00,6.44953728e-01,8.97877026e+00,1.88182550e-03,1.35701050e+02,8.03255157e+01,1.89334240e+01,1.72165871e-01,2.59777486e-01
5345803-S04-156I3-A-L-B-190,20.02.2020-04:40:48,9.00000000e+00,6.43626988e-01,8.96056843e+00,1.87912409e-03,2.01083862e+02,8.02613144e+01,1.88411007e+01,1.15543611e-01,2.22392648e-01
5345803-S04-156I3-A-L-B-190,20.02.2020-04:40:51,8.00000000e+00,6.44920886e-01,8.97331524e+00,1.77134527e-03,7.75745468e+01,8.03271103e+01,1.89213314e+01,2.80105799e-01,3.81029487e-01
5345803-S04-156I3-A-L-B-190,20.02.2020-04:40:53,2.10000000e+01,6.40072882e-01,8.90375519e+00,1.64667168e-03,1.58013351e+02,8.01774521e+01,1.85988083e+01,2.10417464e-01,5.62729180e-01
5345803-S04-156I3-A-L-B-190,20.02.2020-04:40:55,2.00000000e+01,6.40385509e-01,8.91367817e+00,1.66050310e-03,1.39206345e+02,8.01898956e+01,1.86315193e+01,1.69275612e-01,4.12674963e-01
5345803-S04-156I3-A-L-B-190,20.02.2020-04:40:57,7.00000000e+00,6.45937920e-01,9.01981926e+00,1.76190375e-03,8.02984772e+01,8.02668839e+01,1.90350990e+01,2.82467097e-01,3.71288300e-01
5345803-S04-156I3-A-L-B-190,20.02.2020-04:40:59,1.90000000e+01,6.42755151e-01,8.93857193e+00,1.93312601e-03,1.55888138e+02,8.01239700e+01,1.87372742e+01,1.51067287e-01,2.32867196e-01
5345803-S04-156I3-A-L-B-190,20.02.2020-04:41:01,1.00000000e+00,6.38961196e-01,8.88507080e+00,2.12625181e-03,2.45965820e+02,7.99218826e+01,1.84684849e+01,1.27825335e-01,1.91255167e-01
5345803-S04-156I3-A-L-B-190,20.02.2020-04:41:03,8.00000000e+00,6.44658089e-01,9.00838661e+00,1.84887240e-03,3.08252777e+02,8.00895233e+01,1.89313850e+01,5.08034751e-02,8.76277760e-02
5345803-S04-156I3-A-L-B-190,20.02.2020-04:41:05,8.00000000e+00,6.44930959e-01,8.99966049e+00,1.93608250e-03,1.11835167e+02,8.03516617e+01,1.89829807e+01,1.92816675e-01,2.69415766e-01
5345803-S04-156I3-A-L-B-190,20.02.2020-04:41:49,1.90000000e+01,6.41891420e-01,8.96942043e+00,1.74586987e-03,3.36925232e+02,7.98046265e+01,1.87018375e+01,8.52015913e-02,1.02280483e-01
5345803-S04-156I3-A-L-B-190,20.02.2020-04:41:51,1.90000000e+01,6.42626405e-01,8.92071915e+00,1.77336216e-03,2.68242157e+02,8.02679749e+01,1.87297039e+01,7.83409551e-02,9.89448801e-02
5345803-S04-156I3-A-L-B-190,20.02.2020-04:41:53,1.90000000e+01,6.42563164e-01,8.98278999e+00,2.05339491e-03,3.89154572e+02,7.97611313e+01,1.87390938e+01,5.20489886e-02,6.53038174e-02
5345803-S04-156I3-A-L-B-190,20.02.2020-04:41:55,1.90000000e+01,6.42621756e-01,8.98654366e+00,1.90224813e-03,1.45187408e+02,7.98907623e+01,1.87791042e+01,1.27868727e-01,1.49458453e-01
5345803-S04-156I3-A-L-B-190,20.02.2020-04:41:57,2.10000000e+01,6.37269855e-01,8.97514725e+00,1.82507979e-03,8.02425293e+02,7.96434326e+01,1.85415096e+01,3.30864526e-02,6.39327019e-02
5345803-S04-156I3-A-L-B-190,20.02.2020-04:41:59,8.00000000e+00,6.45795643e-01,8.99123859e+00,1.69194653e-03,3.87143097e+02,8.04156036e+01,1.90057583e+01,7.06868023e-02,1.06205694e-01
5345803-S04-156I3-A-L-B-190,20.02.2020-04:42:01,1.90000000e+01,6.42902374e-01,8.91187572e+00,1.77965045e-03,1.85493988e+02,8.02356415e+01,1.87116318e+01,1.56063870e-01,3.03838193e-01
5345803-S04-156I3-A-L-B-190,20.02.2020-04:42:03,2.10000000e+01,6.37409389e-01,8.99298096e+00,2.05997261e-03,1.54526260e+02,7.94600449e+01,1.85396328e+01,1.50743574e-01,1.99843556e-01
5345803-S04-156I3-A-L-B-190,20.02.2020-04:42:06,9.00000000e+00,6.43778741e-01,8.95402431e+00,1.74017239e-03,2.35411606e+02,8.01324158e+01,1.88015366e+01,1.03891946e-01,1.29760891e-01
5345803-S04-156I3-A-L-B-190,20.02.2020-04:42:08,2.10000000e+01,6.40830100e-01,8.87809753e+00,1.72405189e-03,1.44772095e+02,8.03018112e+01,1.85959492e+01,1.90193325e-01,7.80608714e-01
5345803-S04-156I3-A-L-B-190,20.02.2020-04:59:47,7.00000000e+00,6.48088992e-01,8.99198341e+00,1.97126879e-03,1.57509689e+02,8.03489838e+01,1.90590267e+01,1.36856094e-01,2.01401621e-01
5345803-S04-156I3-A-L-B-190,20.02.2020-04:59:49,9.00000000e+00,6.44857645e-01,8.94706726e+00,1.66033721e-03,1.61170380e+02,8.02482681e+01,1.88456173e+01,1.90945640e-01,3.38809311e-01
5345803-S04-156I3-A-L-B-190,20.02.2020-04:59:51,8.00000000e+00,6.45728707e-01,8.98707199e+00,1.82604103e-03,2.68679230e+02,8.03040314e+01,1.89686241e+01,1.35474980e-01,2.03030184e-01
5345803-S04-156I3-A-L-B-190,20.02.2020-04:59:53,8.00000000e+00,6.46209598e-01,8.98996925e+00,1.81625679e-03,3.70053314e+02,8.02586746e+01,1.89781456e+01,7.23108277e-02,1.78367093e-01
5345803-S04-156I3-A-L-B-190,20.02.2020-04:59:55,8.00000000e+00,6.46370351e-01,8.97726727e+00,1.79316674e-03,2.67930695e+02,8.02104568e+01,1.89446583e+01,1.22342832e-01,2.17682898e-01
5345803-S04-156I3-A-L-B-190,20.02.2020-04:59:57,1.90000000e+01,6.42376304e-01,8.94070530e+00,2.11762311e-03,2.45828629e+02,8.00223770e+01,1.87069473e+01,1.41792551e-01,3.14246207e-01
5345803-S04-156I3-A-L-B-190,20.02.2020-04:59:59,9.00000000e+00,6.45643175e-01,8.97050381e+00,1.74889469e-03,1.68846588e+02,8.01690140e+01,1.88993168e+01,2.51562417e-01,4.27857220e-01
5345803-S04-156I3-A-L-B-190,20.02.2020-05:00:01,1.90000000e+01,6.42997205e-01,8.94602203e+00,1.94521633e-03,1.70150772e+02,8.01653748e+01,1.87696457e+01,1.58785030e-01,3.71737242e-01
5345803-S04-156I3-A-L-B-190,20.02.2020-05:00:04,8.00000000e+00,6.45758510e-01,8.98242664e+00,1.59889332e-03,1.02808517e+02,8.05227737e+01,1.90113392e+01,2.48840749e-01,4.16897476e-01
5345803-S04-156I3-A-L-B-190,20.02.2020-05:00:06,9.00000000e+00,6.44344628e-01,8.94650173e+00,1.56419503e-03,1.28952011e+02,8.04272919e+01,1.88714428e+01,3.65442544e-01,1.16741061e+00
5345803-S04-156I3-A-L-B-190,20.02.2020-05:00:29,9.00000000e+00,6.42269135e-01,8.95930290e+00,1.74056913e-03,2.71117432e+02,8.05232849e+01,1.88600540e+01,1.65641338e-01,3.91750515e-01
5345803-S04-156I3-A-L-B-190,20.02.2020-05:00:31,1.90000000e+01,6.42818332e-01,8.95383930e+00,2.07050098e-03,5.89814392e+02,8.01487656e+01,1.87769299e+01,1.25989720e-01,4.14292634e-01
5345803-S04-156I3-A-L-B-190,20.02.2020-05:00:33,8.00000000e+00,6.46809816e-01,8.97422409e+00,2.08852673e-03,7.02868423e+01,8.02856216e+01,1.89688702e+01,3.96583855e-01,6.16912544e-01
5345803-S04-156I3-A-L-B-190,20.02.2020-05:00:35,9.00000000e+00,6.42463863e-01,8.95725346e+00,1.86091533e-03,1.28860184e+02,8.02980881e+01,1.88087082e+01,2.78547883e-01,5.85983753e-01
5345803-S04-156I3-A-L-B-190,20.02.2020-05:00:37,8.00000000e+00,6.47226155e-01,8.95923901e+00,1.74042257e-03,1.29401596e+02,8.04068756e+01,1.89780064e+01,2.63753712e-01,5.24445415e-01
5345803-S04-156I3-A-L-B-190,20.02.2020-05:00:39,1.30000000e+01,6.27838969e-01,8.77597713e+00,1.80274656e-03,2.66517883e+02,8.02513962e+01,1.79980965e+01,1.70283273e-01,5.30183613e-01
5345803-S04-156I3-A-L-B-190,20.02.2020-05:00:42,8.00000000e+00,6.45931542e-01,8.96409035e+00,2.14442099e-03,9.84802704e+01,8.02748108e+01,1.89191742e+01,3.36156875e-01,6.32818818e-01
5345803-S04-156I3-A-L-B-190,20.02.2020-05:00:44,9.00000000e+00,6.44619286e-01,8.98220253e+00,1.88754743e-03,1.59275497e+02,8.01419220e+01,1.88875713e+01,1.93240881e-01,2.69526124e-01
5345803-S04-156I3-A-L-B-190,20.02.2020-05:00:46,8.00000000e+00,6.45931959e-01,8.98305988e+00,2.00330187e-03,1.07710350e+02,8.03209534e+01,1.89701214e+01,3.38757485e-01,4.14118379e-01
5345803-S04-156I3-A-L-B-190,20.02.2020-05:00:48,7.00000000e+00,6.46050990e-01,9.00478363e+00,2.08376115e-03,1.89509491e+02,8.07026215e+01,1.91098785e+01,1.66536540e-01,2.78692305e-01
5345803-S04-156I3-A-L-B-190,20.02.2020-05:01:11,9.00000000e+00,6.43862128e-01,8.96308899e+00,1.75868673e-03,8.75645447e+01,8.01129456e+01,1.88184338e+01,3.40589195e-01,6.10604644e-01
5345803-S04-156I3-A-L-B-190,20.02.2020-05:01:13,8.00000000e+00,6.46581531e-01,8.99246216e+00,2.00983835e-03,5.42852745e+01,8.00453796e+01,1.89438534e+01,4.86558855e-01,6.74945712e-01
5345803-S04-156I3-A-L-B-190,20.02.2020-05:01:15,1.90000000e+01,6.43861830e-01,8.94249249e+00,1.52933679e-03,4.20128860e+01,7.99997406e+01,1.87486515e+01,6.89580500e-01,1.08480620e+00
5345803-S04-156I3-A-L-B-190,20.02.2020-05:01:17,7.00000000e+00,6.47384405e-01,9.00121593e+00,1.83917140e-03,3.85589256e+01,8.03438568e+01,1.90566387e+01,8.62815738e-01,1.04753363e+00
5345803-S04-156I3-A-L-B-190,20.02.2020-05:01:19,7.00000000e+00,6.47354007e-01,9.01645851e+00,1.63377495e-03,2.73684479e+02,8.04312134e+01,1.91087646e+01,1.47435352e-01,2.47804835e-01
5345803-S04-156I3-A-L-B-190,20.02.2020-05:01:21,8.00000000e+00,6.47547841e-01,8.96824551e+00,2.04835879e-03,1.79539307e+02,8.03790741e+01,1.89999523e+01,1.25733539e-01,2.98868358e-01
5345803-S04-156I3-A-L-B-190,20.02.2020-05:01:23,7.00000000e+00,6.47700191e-01,8.97864723e+00,1.73117977e-03,1.47326599e+02,8.05198898e+01,1.90597973e+01,2.04906702e-01,3.72681856e-01
5345803-S04-156I3-A-L-B-190,20.02.2020-05:01:26,7.00000000e+00,6.46919191e-01,9.00508404e+00,1.70172495e-03,2.98259735e+02,8.03544388e+01,1.90536366e+01,1.30216911e-01,1.69651493e-01
5345803-S04-156I3-A-L-B-190,20.02.2020-05:01:28,7.00000000e+00,6.46934092e-01,9.03246689e+00,1.81019667e-03,2.16845413e+02,8.03472595e+01,1.91103058e+01,9.91651937e-02,1.19033381e-01
5345803-S04-156I3-A-L-B-190,20.02.2020-05:01:30,9.00000000e+00,6.43776894e-01,8.94650745e+00,1.64558622e-03,2.75543488e+02,8.02887039e+01,1.88223362e+01,3.09049010e-01,1.29565859e+00
5345803-S04-156I3-A-L-B-190,20.02.2020-05:01:53,8.00000000e+00,6.45531654e-01,8.96802235e+00,1.93502114e-03,1.60026535e+02,8.03878403e+01,1.89423904e+01,2.28721917e-01,6.38146758e-01
5345803-S04-156I3-A-L-B-190,20.02.2020-05:01:55,7.00000000e+00,6.46808684e-01,8.99493313e+00,1.97775848e-03,8.09783859e+01,8.03792801e+01,1.90347900e+01,2.14221597e-01,3.45642865e-01
5345803-S04-156I3-A-L-B-190,20.02.2020-05:01:57,9.00000000e+00,6.43909395e-01,8.93061161e+00,1.88797084e-03,9.41014175e+01,8.03274460e+01,1.88018303e+01,2.68991679e-01,1.12355852e+00
5345803-S04-156I3-A-L-B-190,20.02.2020-05:01:59,1.90000000e+01,6.42059982e-01,8.92666817e+00,1.84012239e-03,7.66415939e+01,8.02058716e+01,1.87111893e+01,3.43212903e-01,8.02520335e-01
5345803-S04-156I3-A-L-B-190,20.02.2020-05:02:01,1.90000000e+01,6.44759119e-01,8.93416405e+00,1.99798238e-03,9.22225418e+01,7.99932251e+01,1.87557678e+01,2.72385120e-01,3.88711810e-01
5345803-S04-156I3-A-L-B-190,20.02.2020-05:02:03,1.90000000e+01,6.44162834e-01,8.91520405e+00,1.74654298e-03,7.03395081e+01,8.01655502e+01,1.87389355e+01,3.09648424e-01,8.82122815e-01
5345803-S04-156I3-A-L-B-190,20.02.2020-05:02:05,9.00000000e+00,6.43675506e-01,8.92690468e+00,1.75102311e-03,1.27935448e+02,8.04968109e+01,1.88268108e+01,2.77489156e-01,1.14027405e+00
5345803-S04-156I3-A-L-B-190,20.02.2020-05:02:07,2.00000000e+01,6.40189409e-01,8.94628239e+00,2.06016214e-03,6.14301758e+01,8.01173630e+01,1.86770344e+01,2.87261069e-01,3.41511905e-01
5345803-S04-156I3-A-L-B-190,20.02.2020-05:02:09,9.00000000e+00,6.42382801e-01,8.96875286e+00,1.82926666e-03,1.53031418e+02,8.02653046e+01,1.88227901e+01,1.72219828e-01,2.13357881e-01
5345803-S04-156I3-A-L-B-190,20.02.2020-05:02:11,8.00000000e+00,6.44283772e-01,8.99072838e+00,1.77672575e-03,7.20769577e+01,8.03931503e+01,1.89548931e+01,3.05189729e-01,4.15522397e-01
5345803-S04-156I3-A-L-B-190,20.02.2020-04:40:04,8.00000000e+00,6.45974040e-01,8.95857239e+00,1.75286969e-03,9.03601074e+01,8.05073013e+01,1.89635353e+01,2.29179695e-01,3.15192848e-01
5345803-S04-156I3-A-L-B-190,20.02.2020-04:40:06,7.00000000e+00,6.48049653e-01,8.96861076e+00,1.88274565e-03,1.65586502e+02,8.04201508e+01,1.90251694e+01,1.42739773e-01,2.88742453e-01
5345803-S04-156I3-A-L-B-190,20.02.2020-04:40:08,2.00000000e+01,6.42191947e-01,8.91152096e+00,1.69207214e-03,1.77745071e+02,8.02715683e+01,1.86985817e+01,1.72279269e-01,6.18787885e-01
5345803-S04-156I3-A-L-B-190,20.02.2020-04:40:10,2.10000000e+01,6.38695776e-01,8.89529705e+00,1.81668275e-03,1.97777054e+02,8.03019867e+01,1.85699596e+01,1.29862607e-01,2.85148531e-01
5345803-S04-156I3-A-L-B-190,20.02.2020-04:40:13,2.00000000e+01,6.40473187e-01,8.91196823e+00,1.58368167e-03,2.63133911e+02,8.02563705e+01,1.86459408e+01,9.86435786e-02,2.70664036e-01
5345803-S04-156I3-A-L-B-190,20.02.2020-04:40:15,1.90000000e+01,6.41185045e-01,8.92326260e+00,1.89866580e-03,1.45243118e+02,8.03393021e+01,1.87096348e+01,1.99855685e-01,3.80451053e-01
5345803-S04-156I3-A-L-B-190,20.02.2020-04:40:17,2.00000000e+01,6.40032470e-01,8.92245770e+00,2.07999628e-03,3.61280823e+01,8.01706848e+01,1.86351242e+01,5.43177187e-01,7.94427991e-01
5345803-S04-156I3-A-L-B-190,20.02.2020-04:40:19,1.90000000e+01,6.40841722e-01,8.92845058e+00,1.68012129e-03,1.61655380e+02,8.04610901e+01,1.87388535e+01,1.56974643e-01,2.52077281e-01
5345803-S04-156I3-A-L-B-190,20.02.2020-04:40:21,8.00000000e+00,6.43144608e-01,8.98568726e+00,1.82752160e-03,1.18198914e+02,8.04392014e+01,1.89216022e+01,1.71803355e-01,2.26519763e-01
5345803-S04-156I3-A-L-B-190,20.02.2020-04:40:23,9.00000000e+00,6.43114030e-01,8.95003986e+00,1.60071743e-03,2.28081589e+02,8.03151703e+01,1.88165817e+01,1.17443234e-01,2.20323518e-01
5345803-S04-156I3-A-L-B-190,20.02.2020-04:41:07,8.00000000e+00,6.44519329e-01,9.00494194e+00,2.03134678e-03,1.66440979e+02,8.01652908e+01,1.89379711e+01,1.39907792e-01,1.88296035e-01
5345803-S04-156I3-A-L-B-190,20.02.2020-04:41:09,8.00000000e+00,6.45074844e-01,9.01593113e+00,2.12058704e-03,1.83889267e+02,8.01257324e+01,1.89680595e+01,1.23174228e-01,1.64448664e-01
5345803-S04-156I3-A-L-B-190,20.02.2020-04:41:11,3.00000000e+00,6.35246098e-01,8.81826496e+00,1.85828947e-03,2.76541321e+02,7.96714554e+01,1.81659508e+01,1.46193549e-01,3.51659507e-01
5345803-S04-156I3-A-L-B-190,20.02.2020-04:41:13,9.00000000e+00,6.44498587e-01,8.96957493e+00,1.89308159e-03,6.05171318e+01,8.03469238e+01,1.89057217e+01,3.04565549e-01,4.44743156e-01
5345803-S04-156I3-A-L-B-190,20.02.2020-04:41:16,2.00000000e+01,6.41257584e-01,8.90919304e+00,1.89444295e-03,2.15908188e+02,8.02139511e+01,1.86530972e+01,1.31815001e-01,3.14912498e-01
5345803-S04-156I3-A-L-B-190,20.02.2020-04:41:18,7.00000000e+00,6.46607459e-01,9.01298332e+00,1.85531040e-03,1.41999390e+02,8.05250397e+01,1.91016312e+01,1.10777281e-01,1.51809916e-01
5345803-S04-156I3-A-L-B-190,20.02.2020-04:41:20,7.00000000e+00,6.47006869e-01,9.01985359e+00,1.77816337e-03,4.17640381e+02,8.04410934e+01,1.91080589e+01,7.03062639e-02,1.02513812e-01
5345803-S04-156I3-A-L-B-190,20.02.2020-04:41:22,9.00000000e+00,6.43558621e-01,8.96512508e+00,1.82372984e-03,9.89194565e+01,8.03957825e+01,1.88802605e+01,1.94104403e-01,2.44625419e-01
5345803-S04-156I3-A-L-B-190,20.02.2020-04:41:24,2.00000000e+01,6.40891373e-01,8.91025925e+00,1.59014168e-03,2.23204559e+02,8.02993774e+01,1.86645317e+01,1.44222960e-01,2.68757075e-01
5345803-S04-156I3-A-L-B-190,20.02.2020-04:41:26,2.00000000e+00,6.35392189e-01,8.80377483e+00,1.46424619e-03,1.86576370e+02,8.02966385e+01,1.82826176e+01,3.54743421e-01,1.84238744e+00
5345803-S04-156I3-A-L-B-190,20.02.2020-04:42:10,1.90000000e+01,6.44500613e-01,8.91510391e+00,1.77181454e-03,3.60729126e+02,8.02173233e+01,1.87606602e+01,7.56499022e-02,1.12359971e-01
5345803-S04-156I3-A-L-B-190,20.02.2020-04:42:12,2.10000000e+01,6.38844490e-01,8.91185188e+00,1.91726803e-03,1.18218216e+02,8.00761108e+01,1.85565109e+01,2.00164646e-01,3.34301561e-01
5345803-S04-156I3-A-L-B-190,20.02.2020-04:42:14,2.10000000e+01,6.40955508e-01,8.86755180e+00,1.58490427e-03,1.82633118e+02,8.02773209e+01,1.85718288e+01,1.72444001e-01,5.66880107e-01
5345803-S04-156I3-A-L-B-190,20.02.2020-04:42:16,9.00000000e+00,6.42718494e-01,8.99318218e+00,1.69295608e-03,1.87157578e+02,7.99177628e+01,1.88021584e+01,8.87954086e-02,1.07459418e-01
5345803-S04-156I3-A-L-B-190,20.02.2020-04:42:18,9.00000000e+00,6.43591166e-01,9.02259827e+00,1.81725749e-03,2.18000977e+02,7.99004822e+01,1.88851871e+01,7.72301033e-02,9.28013772e-02
5345803-S04-156I3-A-L-B-190,20.02.2020-04:42:20,8.00000000e+00,6.45201504e-01,8.98625374e+00,1.62911182e-03,2.08553665e+02,8.03607864e+01,1.89648056e+01,1.09266154e-01,1.63071081e-01
5345803-S04-156I3-A-L-B-190,20.02.2020-04:44:53,9.00000000e+00,6.44681633e-01,8.93024826e+00,1.53950264e-03,4.03190155e+02,8.03937988e+01,1.88391628e+01,5.67290150e-02,1.07718073e-01
5345803-S04-156I3-A-L-B-190,20.02.2020-04:44:56,1.90000000e+01,6.44228995e-01,8.91985893e+00,1.85921439e-03,3.08173828e+02,8.01828766e+01,1.87546978e+01,1.06441259e-01,1.55430645e-01
5345803-S04-156I3-A-L-B-190,20.02.2020-04:44:58,9.00000000e+00,6.47018731e-01,8.94243050e+00,1.98487472e-03,3.10061554e+02,8.00945435e+01,1.88627739e+01,6.11542836e-02,8.63300189e-02
5345803-S04-156I3-A-L-B-190,20.02.2020-04:59:45,8.00000000e+00,6.45818293e-01,8.99415398e+00,1.82744651e-03,2.27524750e+02,8.01950760e+01,1.89604473e+01,1.10319324e-01,1.42983124e-01
5345803-S04-156I3-A-L-B-190,20.02.2020-05:00:08,7.00000000e+00,6.46666586e-01,9.01059914e+00,1.73347432e-03,5.53462463e+02,8.03669052e+01,1.90608196e+01,6.36730269e-02,1.03618614e-01
5345803-S04-156I3-A-L-B-190,20.02.2020-05:00:10,8.00000000e+00,6.45520806e-01,9.03168392e+00,2.21022335e-03,7.16025574e+02,8.00093231e+01,1.89867134e+01,6.99670762e-02,1.23699062e-01
5345803-S04-156I3-A-L-B-190,20.02.2020-05:00:12,8.00000000e+00,6.45248830e-01,8.97703457e+00,1.75547693e-03,8.17341156e+01,8.02915649e+01,1.89304199e+01,2.94057548e-01,4.54488456e-01
5345803-S04-156I3-A-L-B-190,20.02.2020-05:00:14,7.00000000e+00,6.46213531e-01,9.00522709e+00,1.90280692e-03,2.19351608e+02,8.03225098e+01,1.90255928e+01,1.73091829e-01,2.29774982e-01
5345803-S04-156I3-A-L-B-190,20.02.2020-05:00:16,7.00000000e+00,6.47715926e-01,8.98904419e+00,1.97835499e-03,2.74244629e+02,8.04365387e+01,1.90625801e+01,1.22921094e-01,2.75758237e-01
5345803-S04-156I3-A-L-B-190,20.02.2020-05:00:18,9.00000000e+00,6.44156098e-01,8.96043205e+00,1.56367931e-03,1.77441864e+02,8.03239517e+01,1.88710175e+01,2.38167614e-01,4.37271297e-01
5345803-S04-156I3-A-L-B-190,20.02.2020-05:00:21,8.00000000e+00,6.46106362e-01,8.97575188e+00,1.95301138e-03,2.96319672e+02,8.01341171e+01,1.89157028e+01,1.14001289e-01,2.53885984e-01
5345803-S04-156I3-A-L-B-190,20.02.2020-05:00:23,8.00000000e+00,6.46411538e-01,8.98919106e+00,1.91327697e-03,2.84666718e+02,8.02178650e+01,1.89727821e+01,1.01731598e-01,2.03549013e-01
5345803-S04-156I3-A-L-B-190,20.02.2020-05:00:25,8.00000000e+00,6.45877123e-01,8.98520851e+00,1.96919800e-03,1.87809860e+02,8.02606049e+01,1.89587936e+01,1.52458131e-01,2.81380564e-01
5345803-S04-156I3-A-L-B-190,20.02.2020-05:00:27,8.00000000e+00,6.45997882e-01,8.98637581e+00,1.92813168e-03,1.80598465e+02,8.02605438e+01,1.89647884e+01,1.89318478e-01,3.31940293e-01
5345803-S04-156I3-A-L-B-190,20.02.2020-05:00:50,7.00000000e+00,6.48223698e-01,8.99633598e+00,1.72089029e-03,9.21095123e+01,8.03850098e+01,1.90807686e+01,2.26921871e-01,3.28088701e-01
5345803-S04-156I3-A-L-B-190,20.02.2020-05:00:52,8.00000000e+00,6.46866798e-01,9.00109386e+00,1.65913731e-03,1.50810394e+02,8.01953506e+01,1.90059471e+01,1.58630118e-01,1.94049269e-01
5345803-S04-156I3-A-L-B-190,20.02.2020-05:00:54,7.00000000e+00,6.49808586e-01,9.04122734e+00,1.77303341e-03,1.23700188e+02,8.03251801e+01,1.92085571e+01,1.87936351e-01,2.16534182e-01
5345803-S04-156I3-A-L-B-190,20.02.2020-05:00:56,8.00000000e+00,6.46072567e-01,9.00216675e+00,1.97118334e-03,1.77426498e+02,8.02049103e+01,1.89871387e+01,1.95621565e-01,2.29305655e-01
5345803-S04-156I3-A-L-B-190,20.02.2020-05:00:58,9.00000000e+00,6.45834446e-01,8.97189236e+00,1.76460831e-03,5.18292313e+01,8.01133804e+01,1.88947220e+01,5.58058858e-01,7.07090318e-01
5345803-S04-156I3-A-L-B-190,20.02.2020-05:01:00,8.00000000e+00,6.46349013e-01,8.98970985e+00,1.89272314e-03,1.39346741e+02,8.01992722e+01,1.89676437e+01,2.31628209e-01,3.44991595e-01
5345803-S04-156I3-A-L-B-190,20.02.2020-05:01:02,1.90000000e+01,6.42973900e-01,8.94902802e+00,1.98720768e-03,7.27102432e+01,8.01336441e+01,1.87678413e+01,4.46396291e-01,8.19466472e-01
5345803-S04-156I3-A-L-B-190,20.02.2020-05:01:05,8.00000000e+00,6.46329284e-01,8.99889183e+00,1.88821205e-03,5.53976440e+01,8.01087723e+01,1.89650154e+01,5.10703564e-01,6.64569378e-01
5345803-S04-156I3-A-L-B-190,20.02.2020-05:01:07,8.00000000e+00,6.45876586e-01,8.98236465e+00,1.71475031e-03,5.75861092e+01,8.01989746e+01,1.89382229e+01,5.53741515e-01,7.52470016e-01
5345803-S04-156I3-A-L-B-190,20.02.2020-05:01:09,1.90000000e+01,6.42773628e-01,8.95436001e+00,1.93410786e-03,7.44275742e+01,8.01926041e+01,1.87869873e+01,5.43213904e-01,8.97509396e-01
5345803-S04-156I3-A-L-B-190,20.02.2020-05:01:32,8.00000000e+00,6.45069063e-01,8.99625778e+00,1.78968033e-03,1.52274521e+02,8.02450790e+01,1.89546909e+01,2.00069010e-01,3.52373034e-01
5345803-S04-156I3-A-L-B-190,20.02.2020-05:01:34,8.00000000e+00,6.46211028e-01,9.00412655e+00,1.76941999e-03,4.05693542e+02,8.02566681e+01,1.90076008e+01,1.13351159e-01,1.69147506e-01
5345803-S04-156I3-A-L-B-190,20.02.2020-05:01:36,8.00000000e+00,6.44881368e-01,8.97966766e+00,1.86948676e-03,1.31556198e+02,8.04104462e+01,1.89532089e+01,2.26752609e-01,3.53175700e-01
5345803-S04-156I3-A-L-B-190,20.02.2020-05:01:38,8.00000000e+00,6.45565450e-01,8.98886585e+00,1.70338969e-03,2.64361328e+02,8.04229355e+01,1.89956989e+01,1.17687412e-01,2.49322906e-01
5345803-S04-156I3-A-L-B-190,20.02.2020-05:01:40,1.90000000e+01,6.40888095e-01,8.93350983e+00,1.64760230e-03,1.79239578e+02,8.02970276e+01,1.87125931e+01,1.05618447e-01,1.33452475e-01
5345803-S04-156I3-A-L-B-190,20.02.2020-05:01:42,8.00000000e+00,6.45101368e-01,8.98804188e+00,1.60138018e-03,1.47494141e+02,8.02489624e+01,1.89392452e+01,1.56069711e-01,2.27480218e-01
5345803-S04-156I3-A-L-B-190,20.02.2020-05:01:44,8.00000000e+00,6.44602656e-01,8.98894882e+00,1.72903540e-03,1.00668846e+02,8.03845062e+01,1.89584827e+01,2.02046886e-01,2.81501442e-01
5345803-S04-156I3-A-L-B-190,20.02.2020-05:01:46,9.00000000e+00,6.45944595e-01,8.91948128e+00,1.51069101e-03,1.25691513e+02,8.02652969e+01,1.88231754e+01,2.56778240e-01,5.99652231e-01
5345803-S04-156I3-A-L-B-190,20.02.2020-05:01:49,9.00000000e+00,6.45888269e-01,8.93679047e+00,1.62291864e-03,1.58427032e+02,8.02850418e+01,1.88626976e+01,1.64617509e-01,4.38316226e-01
5345803-S04-156I3-A-L-B-190,20.02.2020-05:01:51,2.10000000e+01,6.39921129e-01,8.88432312e+00,1.93649146e-03,1.03983551e+02,8.00160065e+01,1.85164547e+01,2.72602439e-01,6.27966881e-01
5345803-S04-156I3-A-L-B-190,20.02.2020-05:02:14,8.00000000e+00,6.44517601e-01,9.01043701e+00,1.94220303e-03,1.08216576e+02,8.03522186e+01,1.89936619e+01,1.74355894e-01,2.29219764e-01
5345803-S04-156I3-A-L-B-190,20.02.2020-05:02:16,8.00000000e+00,6.44393682e-01,9.00836658e+00,1.68593624e-03,1.16516541e+02,8.03484116e+01,1.89847469e+01,2.37129658e-01,3.09590310e-01
5345803-S04-156I3-A-L-B-190,20.02.2020-05:02:18,8.00000000e+00,6.44497991e-01,8.96656990e+00,1.68160815e-03,1.04535789e+02,8.05780487e+01,1.89537373e+01,2.48778120e-01,3.54844511e-01
5345803-S04-156I3-A-L-B-190,20.02.2020-05:02:20,2.00000000e+01,6.39463723e-01,8.90707302e+00,1.91590306e-03,7.55944138e+01,8.02476196e+01,1.86042976e+01,3.01282227e-01,4.85482365e-01
5345803-S04-156I3-A-L-B-190,20.02.2020-05:02:22,7.00000000e+00,6.45809174e-01,9.02729130e+00,1.70901150e-03,1.55268082e+02,8.04952469e+01,1.91012611e+01,1.54632047e-01,2.05705762e-01
5345803-S04-156I3-A-L-B-190,20.02.2020-05:02:24,1.90000000e+01,6.41863763e-01,8.92770004e+00,1.88107230e-03,1.47778290e+02,8.03014603e+01,1.87299252e+01,1.92900330e-01,4.27875370e-01
5345803-S04-156I3-A-L-B-190,20.02.2020-05:02:26,2.00000000e+01,6.40827715e-01,8.91017151e+00,1.51011650e-03,1.04623894e+02,8.02837601e+01,1.86588669e+01,2.44056299e-01,3.76900584e-01
5345803-S04-156I3-A-L-B-190,20.02.2020-05:02:28,7.00000000e+00,6.45260632e-01,9.00288105e+00,1.93185755e-03,1.33526611e+02,8.05032578e+01,1.90353241e+01,2.05587268e-01,2.59886622e-01
5345803-S04-156I3-A-L-B-190,20.02.2020-05:02:31,9.00000000e+00,6.42836511e-01,8.94665623e+00,1.52312301e-03,7.55933762e+01,8.05412827e+01,1.88542843e+01,3.23323041e-01,3.94914925e-01
5345803-S04-156I3-A-L-B-190,20.02.2020-05:02:33,2.00000000e+01,6.40481770e-01,8.91552162e+00,1.42378965e-03,1.32053101e+02,8.03470459e+01,1.86747017e+01,2.23484710e-01,4.02019382e-01
5345803-S04-156I3-A-L-B-190,20.02.2020-05:02:56,9.00000000e+00,6.44111872e-01,8.97599506e+00,1.84555352e-03,1.72449814e+02,8.02678986e+01,1.88893051e+01,1.13012105e-01,1.49198890e-01
5345803-S04-156I3-A-L-B-190,20.02.2020-05:02:58,8.00000000e+00,6.44877613e-01,8.98899364e+00,2.02333997e-03,8.39762115e+01,8.02002106e+01,1.89231796e+01,2.38413021e-01,3.24257523e-01
5345803-S04-156I3-A-L-B-190,20.02.2020-05:03:00,8.00000000e+00,6.44980073e-01,8.98099232e+00,1.91345927e-03,2.57249878e+02,8.02457352e+01,1.89200706e+01,8.20473060e-02,1.27915248e-01
5345803-S04-156I3-A-L-B-190,20.02.2020-05:03:02,8.00000000e+00,6.44001663e-01,8.99277115e+00,1.62831380e-03,4.79711380e+01,8.03952179e+01,1.89513836e+01,4.66725558e-01,6.46759868e-01
5345803-S04-156I3-A-L-B-190,20.02.2020-05:03:04,8.00000000e+00,6.44765913e-01,8.99650002e+00,1.86748756e-03,1.77337097e+02,8.01694260e+01,1.89284306e+01,1.61587805e-01,2.69130915e-01
5345803-S04-156I3-A-L-B-190,20.02.2020-05:03:06,2.40000000e+01,6.45035326e-01,8.94845200e+00,1.62267429e-03,2.07001138e+00,7.78211365e+01,1.82834930e+01,9.46176910e+00,1.12449484e+01
5345803-S04-156I3-A-L-B-190,20.02.2020-05:03:08,9.00000000e+00,6.44076943e-01,8.98813248e+00,1.87681976e-03,2.48581772e+02,8.00180740e+01,1.88549557e+01,1.48811355e-01,2.50072181e-01
5345803-S04-156I3-A-L-B-190,20.02.2020-05:03:10,9.00000000e+00,6.44085765e-01,9.00126839e+00,1.89944415e-03,3.65793335e+02,8.00156326e+01,1.88821926e+01,1.33928433e-01,2.13070542e-01
5345803-S04-156I3-A-L-B-190,20.02.2020-05:03:12,1.90000000e+01,6.43225670e-01,8.97518826e+00,1.77438010e-03,1.76660553e+02,7.99020615e+01,1.87756557e+01,1.66060671e-01,1.97402745e-01
5345803-S04-156I3-A-L-B-190,20.02.2020-05:03:14,9.00000000e+00,6.43550277e-01,8.96294975e+00,1.66522712e-03,2.37954071e+02,8.02665787e+01,1.88450985e+01,1.22582108e-01,2.60780782e-01
5345803-S04-156I3-A-L-B-190,20.02.2020-05:02:35,9.00000000e+00,6.42804682e-01,8.96034622e+00,1.56441377e-03,8.44986725e+01,8.03924179e+01,1.88472977e+01,3.25014204e-01,4.03433561e-01
5345803-S04-156I3-A-L-B-190,20.02.2020-05:02:37,3.00000000e+00,6.32453620e-01,8.74305725e+00,1.44084159e-03,1.14109177e+02,8.07135162e+01,1.81663837e+01,3.37591171e-01,1.18051314e+00
5345803-S04-156I3-A-L-B-190,20.02.2020-05:02:39,2.00000000e+01,6.41901255e-01,8.88592339e+00,1.52162916e-03,7.18919601e+01,8.04458694e+01,1.86768990e+01,3.41258913e-01,7.44065464e-01
5345803-S04-156I3-A-L-B-190,20.02.2020-05:02:41,1.90000000e+01,6.41778290e-01,8.94417191e+00,1.87624374e-03,1.00297226e+02,8.03937454e+01,1.87835464e+01,2.39413634e-01,3.41227412e-01
5345803-S04-156I3-A-L-B-190,20.02.2020-05:02:43,2.10000000e+01,6.38364494e-01,8.88716412e+00,1.89947244e-03,1.04073807e+02,8.02983322e+01,1.85425167e+01,2.41125643e-01,4.46696699e-01
5345803-S04-156I3-A-L-B-190,20.02.2020-05:02:45,3.00000000e+00,6.34130001e-01,8.82036877e+00,1.81128853e-03,5.69067497e+01,7.97325745e+01,1.81522751e+01,4.29796934e-01,6.79216683e-01
5345803-S04-156I3-A-L-B-190,20.02.2020-05:02:47,8.00000000e+00,6.44669414e-01,8.98258209e+00,1.67264196e-03,1.36325821e+02,8.04093170e+01,1.89528637e+01,2.16801733e-01,3.00942093e-01
5345803-S04-156I3-A-L-B-190,20.02.2020-05:02:50,7.00000000e+00,6.46436632e-01,8.98739243e+00,1.96014647e-03,1.10673119e+02,8.05323868e+01,1.90440998e+01,2.67407864e-01,3.43996733e-01
5345803-S04-156I3-A-L-B-190,20.02.2020-05:02:52,1.90000000e+01,6.42286599e-01,8.95541573e+00,1.81336096e-03,1.55876175e+02,8.02138977e+01,1.87799492e+01,1.42513588e-01,1.77974969e-01
5345803-S04-156I3-A-L-B-190,20.02.2020-05:02:54,9.00000000e+00,6.44164741e-01,8.97872257e+00,2.12191185e-03,1.12885384e+02,8.02110672e+01,1.88832188e+01,2.48225540e-01,3.40550482e-01
5345803-S04-156I3-A-L-B-190,20.02.2020-05:03:17,9.00000000e+00,6.44030750e-01,8.98816776e+00,1.98731502e-03,2.38692062e+02,8.00684357e+01,1.88655415e+01,1.62433803e-01,2.73869276e-01
5345803-S04-156I3-A-L-B-190,20.02.2020-05:03:19,9.00000000e+00,6.44214451e-01,8.98330593e+00,2.08618888e-03,2.81761963e+02,8.00230713e+01,1.88500309e+01,1.36866957e-01,2.59163409e-01
5345803-S04-156I3-A-L-B-190,20.02.2020-05:03:21,2.00000000e+01,6.42087102e-01,8.94444466e+00,2.07526190e-03,2.00304855e+02,7.97172318e+01,1.86350155e+01,2.30206832e-01,4.20008808e-01
5345803-S04-156I3-A-L-B-190,20.02.2020-05:03:23,9.00000000e+00,6.44210875e-01,8.99122047e+00,1.90603896e-03,2.17519440e+02,8.02046280e+01,1.89093361e+01,2.11158946e-01,2.85535127e-01
5345803-S04-156I3-A-L-B-190,20.02.2020-05:03:25,8.00000000e+00,6.44383430e-01,8.98532772e+00,1.65416312e-03,3.11658295e+02,8.02559280e+01,1.89140968e+01,1.63258761e-01,2.67391950e-01
5345803-S04-156I3-A-L-B-190,20.02.2020-05:03:27,9.00000000e+00,6.43154025e-01,8.98413467e+00,1.92164944e-03,1.59031433e+02,8.02496719e+01,1.88740330e+01,2.21992061e-01,3.05766344e-01
5345803-S04-156I3-A-L-B-190,20.02.2020-05:03:29,1.90000000e+01,6.43541038e-01,8.93340969e+00,2.05484894e-03,1.01633514e+02,8.01571350e+01,1.87571087e+01,3.32883686e-01,5.62813699e-01
5345803-S04-156I3-A-L-B-190,20.02.2020-05:03:31,9.00000000e+00,6.44550800e-01,8.99038219e+00,1.86436856e-03,4.27844421e+02,8.01516647e+01,1.89050598e+01,8.85209963e-02,1.79692373e-01
5345803-S04-156I3-A-L-B-190,20.02.2020-05:03:33,2.00000000e+01,6.40368402e-01,8.92819595e+00,1.83309382e-03,2.54974258e+02,8.02765884e+01,1.86815414e+01,1.83366537e-01,4.48841929e-01
5345803-S04-156I3-A-L-B-190,20.02.2020-05:03:35,9.00000000e+00,6.43392920e-01,8.98421288e+00,1.73532334e-03,2.52554367e+02,8.02766342e+01,1.88875523e+01,1.49404943e-01,2.96573281e-01
5345803-S04-156I3-A-L-B-190,20.02.2020-05:03:58,8.00000000e+00,6.44984543e-01,9.01224995e+00,1.91957701e-03,1.90894699e+02,8.02405319e+01,1.89848213e+01,1.45735025e-01,2.21513435e-01
5345803-S04-156I3-A-L-B-190,20.02.2020-05:04:00,8.00000000e+00,6.45190120e-01,9.03933430e+00,2.05436116e-03,4.00949341e+02,7.99928055e+01,1.89891396e+01,9.26995575e-02,1.26479581e-01
5345803-S04-156I3-A-L-B-190,20.02.2020-05:04:03,2.10000000e+01,6.38598204e-01,8.91632938e+00,1.71807921e-03,1.42810440e+02,8.01335831e+01,1.85719948e+01,2.09539562e-01,2.45782763e-01
5345803-S04-156I3-A-L-B-190,20.02.2020-05:04:05,9.00000000e+00,6.43035412e-01,8.99026871e+00,1.67471170e-03,1.88500916e+02,8.02671890e+01,1.88875580e+01,1.93078876e-01,2.30412081e-01
5345803-S04-156I3-A-L-B-190,20.02.2020-05:04:07,8.00000000e+00,6.45269990e-01,8.98518562e+00,1.76991709e-03,1.02793472e+02,8.03299332e+01,1.89572830e+01,1.99444801e-01,2.63885319e-01
5345803-S04-156I3-A-L-B-190,20.02.2020-05:04:09,9.00000000e+00,6.44115150e-01,8.93120861e+00,1.51836337e-03,9.97240753e+01,8.04554214e+01,1.88390617e+01,2.82897502e-01,1.09938717e+00
5345803-S04-156I3-A-L-B-190,20.02.2020-05:04:11,9.00000000e+00,6.41858459e-01,8.95650673e+00,1.97117799e-03,1.05696617e+02,8.04629211e+01,1.88279877e+01,2.49004513e-01,5.39490402e-01
5345803-S04-156I3-A-L-B-190,20.02.2020-05:04:13,9.00000000e+00,6.42799258e-01,8.94977093e+00,1.63229660e-03,2.54318066e+01,8.03480988e+01,1.88145180e+01,5.87085128e-01,9.85025465e-01
5345803-S04-156I3-A-L-B-190,20.02.2020-05:04:15,3.00000000e+00,6.34552896e-01,8.79897785e+00,1.20007945e-03,1.22019997e+02,7.99954147e+01,1.81800613e+01,2.44001538e-01,6.57369912e-01
5345803-S04-156I3-A-L-B-190,20.02.2020-05:04:17,9.00000000e+00,6.42524540e-01,8.96342945e+00,1.86831190e-03,1.52533005e+02,8.04491119e+01,1.88588581e+01,2.08383620e-01,5.33897936e-01
5345803-S04-156I3-A-L-B-190,20.02.2020-05:05:01,9.00000000e+00,6.45492077e-01,8.97283077e+00,2.04473222e-03,3.08809723e+02,7.99465179e+01,1.88473415e+01,1.14387728e-01,1.59914687e-01
5345803-S04-156I3-A-L-B-190,20.02.2020-05:05:03,7.00000000e+00,6.46670461e-01,9.03127480e+00,1.88351783e-03,5.26467209e+01,8.01604309e+01,1.90555840e+01,4.25434738e-01,5.02754331e-01
5345803-S04-156I3-A-L-B-190,20.02.2020-05:05:05,1.90000000e+01,6.42194986e-01,8.94532871e+00,2.01996067e-03,2.17373734e+02,8.03335342e+01,1.87840958e+01,2.56184608e-01,7.45069146e-01
5345803-S04-156I3-A-L-B-190,20.02.2020-05:05:07,1.90000000e+01,6.42162085e-01,8.94716644e+00,2.04545376e-03,1.73690598e+02,8.03341675e+01,1.87871399e+01,3.11756223e-01,7.59955525e-01
5345803-S04-156I3-A-L-B-190,20.02.2020-05:05:10,7.00000000e+00,6.47883356e-01,9.01757526e+00,1.50212436e-03,8.32185669e+01,8.05505981e+01,1.91551514e+01,3.85276645e-01,4.88223433e-01
5345803-S04-156I3-A-L-B-190,20.02.2020-05:05:12,8.00000000e+00,6.45389497e-01,9.01537418e+00,1.97115564e-03,9.36574783e+01,8.01428452e+01,1.89801922e+01,2.61586159e-01,4.05134052e-01
5345803-S04-156I3-A-L-B-190,20.02.2020-05:05:14,8.00000000e+00,6.44923329e-01,8.99191856e+00,1.94177742e-03,1.98391190e+02,8.02537079e+01,1.89433060e+01,1.48569405e-01,1.96427867e-01
5345803-S04-156I3-A-L-B-190,20.02.2020-05:05:16,9.00000000e+00,6.45242512e-01,8.99392128e+00,2.24806368e-03,1.95028870e+02,7.99980164e+01,1.88965034e+01,1.58300191e-01,2.06797466e-01
5345803-S04-156I3-A-L-B-190,20.02.2020-05:05:18,7.00000000e+00,6.48247480e-01,9.03687859e+00,1.82515942e-03,1.17471680e+02,8.04093018e+01,1.91732502e+01,1.86173037e-01,2.44754046e-01
5345803-S04-156I3-A-L-B-190,20.02.2020-05:05:20,7.00000000e+00,6.47376597e-01,9.03624153e+00,1.86590164e-03,1.24142883e+02,8.04252014e+01,1.91499290e+01,2.29678333e-01,3.02871644e-01
5345803-S04-156I3-A-L-B-190,20.02.2020-05:05:43,7.00000000e+00,6.46438003e-01,9.00592899e+00,1.44941825e-03,1.60776093e+02,8.04026108e+01,1.90526657e+01,1.64295986e-01,2.72713065e-01
5345803-S04-156I3-A-L-B-190,20.02.2020-05:05:45,2.10000000e+01,6.41005933e-01,8.90832233e+00,2.00708723e-03,1.60013870e+02,7.98871918e+01,1.85680065e+01,2.38191187e-01,5.33427536e-01
5345803-S04-156I3-A-L-B-190,20.02.2020-05:05:47,9.00000000e+00,6.45137548e-01,8.97735023e+00,1.68795139e-03,3.89504150e+02,8.01977158e+01,1.89056969e+01,1.16242573e-01,2.58273363e-01
5345803-S04-156I3-A-L-B-190,20.02.2020-05:05:49,7.00000000e+00,6.47248149e-01,8.98006725e+00,1.44453393e-03,1.72467590e+02,8.04238739e+01,1.90267925e+01,1.63241118e-01,3.56972188e-01
5345803-S04-156I3-A-L-B-190,20.02.2020-05:05:51,8.00000000e+00,6.46075070e-01,8.98840427e+00,1.53911638e-03,1.42453979e+02,8.03325195e+01,1.89883480e+01,1.84570804e-01,2.25189880e-01
5345803-S04-156I3-A-L-B-190,20.02.2020-05:05:53,2.10000000e+01,6.41295373e-01,8.91715336e+00,1.97840482e-03,1.39114655e+02,7.98575897e+01,1.85879154e+01,2.16069296e-01,3.99520159e-01
5345803-S04-156I3-A-L-B-190,20.02.2020-05:05:56,7.00000000e+00,6.46128714e-01,9.01000690e+00,1.92798441e-03,1.17486885e+02,8.03641663e+01,1.90430641e+01,1.98109910e-01,2.53140271e-01
5345803-S04-156I3-A-L-B-190,20.02.2020-05:05:58,8.00000000e+00,6.46461725e-01,8.97404385e+00,2.21764226e-03,5.80891602e+02,8.00854492e+01,1.89110146e+01,6.12051859e-02,1.03493959e-01
5345803-S04-156I3-A-L-B-190,20.02.2020-05:06:00,2.00000000e+01,6.41996324e-01,8.93169594e+00,1.74111279e-03,3.56311523e+02,7.99825668e+01,1.86677513e+01,1.38396516e-01,4.08128887e-01
5345803-S04-156I3-A-L-B-190,20.02.2020-05:06:02,8.00000000e+00,6.47558689e-01,8.97149086e+00,1.59236102e-03,1.53255539e+02,8.03677750e+01,1.90044765e+01,1.64142966e-01,2.41828561e-01
5345803-S04-156I3-A-L-B-190,20.02.2020-05:06:25,7.00000000e+00,6.47194803e-01,9.02729416e+00,2.03116448e-03,8.75115204e+01,8.03679581e+01,1.91119823e+01,2.68146902e-01,3.52712184e-01
5345803-S04-156I3-A-L-B-190,20.02.2020-05:06:27,7.00000000e+00,6.47981763e-01,9.02468777e+00,1.75091601e-03,1.26592834e+02,8.03186951e+01,1.91179733e+01,1.63102448e-01,2.34628007e-01
5345803-S04-156I3-A-L-B-190,20.02.2020-05:06:29,7.00000000e+00,6.47853673e-01,9.01840782e+00,2.54238816e-03,3.10462952e+02,8.02052383e+01,1.90739098e+01,1.29209995e-01,1.66559801e-01
5345803-S04-156I3-A-L-B-190,20.02.2020-05:06:31,7.00000000e+00,6.47749424e-01,9.01711655e+00,1.68495160e-03,1.32956802e+02,8.04699478e+01,1.91310406e+01,2.11013168e-01,2.87566066e-01
5345803-S04-156I3-A-L-B-190,20.02.2020-05:06:33,7.00000000e+00,6.47935092e-01,9.01886749e+00,1.68578990e-03,3.29682526e+02,8.03060684e+01,1.91012630e+01,1.06688596e-01,1.80653960e-01
5345803-S04-156I3-A-L-B-190,20.02.2020-05:06:36,1.90000000e+01,6.42000020e-01,8.96293259e+00,1.84874679e-03,1.83646957e+02,8.00318451e+01,1.87446861e+01,1.18926443e-01,1.41136631e-01
5345803-S04-156I3-A-L-B-190,20.02.2020-05:06:39,9.00000000e+00,6.42621636e-01,8.96720695e+00,2.05444894e-03,1.75251236e+02,8.01565552e+01,1.88010368e+01,1.82935610e-01,2.22187921e-01
5345803-S04-156I3-A-L-B-190,20.02.2020-05:06:41,9.00000000e+00,6.45106077e-01,8.97372627e+00,1.50004448e-03,2.25378998e+02,8.02083740e+01,1.88996525e+01,1.38451859e-01,1.94983944e-01
5345803-S04-156I3-A-L-B-190,20.02.2020-05:06:43,8.00000000e+00,6.44266963e-01,9.01240253e+00,2.08867039e-03,3.20134155e+02,8.02491684e+01,1.89660645e+01,9.84947607e-02,1.97396308e-01
5345803-S04-156I3-A-L-B-190,20.02.2020-05:06:45,1.90000000e+01,6.41782403e-01,8.93869305e+00,2.15104339e-03,1.15652702e+02,8.01383820e+01,1.87125359e+01,2.95210600e-01,6.82093561e-01
5345803-S04-156I3-A-L-B-190,20.02.2020-05:07:31,1.00000000e+00,6.39763117e-01,8.86361027e+00,2.31867307e-03,6.12848434e+01,7.98968430e+01,1.84412193e+01,4.40624267e-01,1.18361437e+00
5345803-S04-156I3-A-L-B-190,20.02.2020-05:07:33,2.10000000e+01,6.44516706e-01,8.89005470e+00,2.19024322e-03,1.07454224e+02,7.97214737e+01,1.85927715e+01,2.75297940e-01,3.95499438e-01
5345803-S04-156I3-A-L-B-190,20.02.2020-05:07:35,9.00000000e+00,6.44399524e-01,8.93708611e+00,1.69490243e-03,1.94091751e+02,8.04720535e+01,1.88636799e+01,2.04959229e-01,2.92039931e-01
5345803-S04-156I3-A-L-B-190,20.02.2020-05:08:02,1.90000000e+01,6.42170846e-01,8.91590118e+00,1.85830484e-03,1.49288300e+02,8.02463303e+01,1.87012749e+01,2.98153728e-01,3.56242299e-01
5345803-S04-156I3-A-L-B-190,20.02.2020-05:08:04,9.00000000e+00,6.46604955e-01,8.91567516e+00,1.76211610e-03,1.52882065e+02,8.02788162e+01,1.88375511e+01,2.29980037e-01,3.04420114e-01
5345803-S04-156I3-A-L-B-190,20.02.2020-05:08:06,1.90000000e+01,6.43304169e-01,8.89224243e+00,1.70710718e-03,1.50400009e+02,8.06039658e+01,1.87678375e+01,2.90599674e-01,4.74048167e-01
5345803-S04-156I3-A-L-B-190,20.02.2020-05:08:09,8.00000000e+00,6.47262931e-01,8.94913387e+00,2.06257007e-03,1.24703773e+02,8.06359787e+01,1.90116959e+01,3.19027483e-01,3.87662292e-01
5345803-S04-156I3-A-L-B-190,20.02.2020-05:08:11,9.00000000e+00,6.46500170e-01,8.93167114e+00,1.72323920e-03,9.68802414e+01,8.03946686e+01,1.88955193e+01,2.42499188e-01,2.96840489e-01
5345803-S04-156I3-A-L-B-190,20.02.2020-05:08:13,8.00000000e+00,6.46793425e-01,8.97197914e+00,1.75069412e-03,1.08721657e+02,8.01828766e+01,1.89393768e+01,2.14295074e-01,3.47851574e-01
5345803-S04-156I3-A-L-B-190,20.02.2020-05:08:15,9.00000000e+00,6.48205280e-01,8.92120171e+00,2.14620656e-03,2.26306000e+02,7.99599838e+01,1.88208332e+01,1.39081284e-01,2.18498901e-01
5345803-S04-156I3-A-L-B-190,20.02.2020-05:08:59,2.00000000e+01,6.42575502e-01,8.89902782e+00,1.96164544e-03,1.52586151e+02,8.00724106e+01,1.86371651e+01,1.90609545e-01,5.57066321e-01
5345803-S04-156I3-A-L-B-190,20.02.2020-05:09:01,2.00000000e+01,6.42951846e-01,8.90110016e+00,2.05886154e-03,1.78393692e+02,8.01247330e+01,1.86646099e+01,1.54023245e-01,2.81345010e-01
5345803-S04-156I3-A-L-B-190,20.02.2020-05:09:03,2.00000000e+00,6.37166739e-01,8.86984539e+00,2.09075073e-03,2.56548157e+02,7.95855484e+01,1.83076897e+01,2.39663318e-01,5.81523120e-01
5345803-S04-156I3-A-L-B-190,20.02.2020-05:09:05,9.00000000e+00,6.47345901e-01,8.93714619e+00,2.09997245e-03,1.64914261e+02,8.02980728e+01,1.89090881e+01,2.11148173e-01,4.00305957e-01
5345803-S04-156I3-A-L-B-190,20.02.2020-05:09:08,2.00000000e+00,6.38850152e-01,8.82352734e+00,1.93213846e-03,1.37492538e+02,8.01875610e+01,1.83983326e+01,2.88270175e-01,8.30602229e-01
5345803-S04-156I3-A-L-B-190,20.02.2020-05:09:10,1.00000000e+00,6.38742149e-01,8.83105469e+00,1.95119809e-03,1.33541229e+02,8.02373428e+01,1.84223461e+01,2.81988442e-01,9.08528030e-01
5345803-S04-156I3-A-L-B-190,20.02.2020-05:09:12,1.00000000e+00,6.39599681e-01,8.84715652e+00,2.30333535e-03,1.26833969e+02,8.00333939e+01,1.84337368e+01,2.71139026e-01,8.60895753e-01
5345803-S04-156I3-A-L-B-190,20.02.2020-05:09:14,2.10000000e+01,6.40809715e-01,8.91789246e+00,1.82400341e-03,1.92812088e+02,7.97439804e+01,1.85489540e+01,2.27377504e-01,5.41133165e-01
5345803-S04-156I3-A-L-B-190,20.02.2020-05:09:16,2.00000000e+01,6.42654002e-01,8.89283562e+00,1.91429269e-03,1.78120560e+02,8.01086044e+01,1.86348915e+01,2.01920792e-01,4.44454461e-01
5345803-S04-156I3-A-L-B-190,20.02.2020-05:09:18,1.90000000e+01,6.46148920e-01,8.94035912e+00,2.52528139e-03,4.64145279e+01,7.98435974e+01,1.87740459e+01,7.57355869e-01,9.20150280e-01
5345803-S04-156I3-A-L-B-190,20.02.2020-05:03:37,7.00000000e+00,6.46419048e-01,9.01682472e+00,2.02171947e-03,1.27957741e+02,8.01819763e+01,1.90228138e+01,2.16302603e-01,2.70071417e-01
5345803-S04-156I3-A-L-B-190,20.02.2020-05:03:40,7.00000000e+00,6.46529734e-01,9.02871037e+00,1.94874092e-03,5.51025330e+02,8.03269958e+01,1.90856037e+01,6.03688769e-02,8.66412371e-02
5345803-S04-156I3-A-L-B-190,20.02.2020-05:03:42,9.00000000e+00,6.43795967e-01,8.96166420e+00,1.57834182e-03,2.22994537e+02,8.04588623e+01,1.88947430e+01,1.51176885e-01,3.51600707e-01
5345803-S04-156I3-A-L-B-190,20.02.2020-05:03:44,9.00000000e+00,6.44342244e-01,8.98555470e+00,1.94518827e-03,5.15094971e+02,7.99339752e+01,1.88374939e+01,8.70078132e-02,1.55765355e-01
5345803-S04-156I3-A-L-B-190,20.02.2020-05:03:46,1.90000000e+01,6.42535150e-01,8.97626400e+00,2.08142609e-03,1.25549088e+02,7.98139420e+01,1.87370605e+01,1.70701846e-01,1.97445095e-01
5345803-S04-156I3-A-L-B-190,20.02.2020-05:03:48,9.00000000e+00,6.43780529e-01,9.00384903e+00,1.81659183e-03,1.25052048e+02,8.00595703e+01,1.88890209e+01,2.18734026e-01,3.02423358e-01
5345803-S04-156I3-A-L-B-190,20.02.2020-05:03:50,8.00000000e+00,6.45006776e-01,9.00532436e+00,1.76977785e-03,2.42550369e+02,8.02597733e+01,1.89754372e+01,1.18241377e-01,2.06986949e-01
5345803-S04-156I3-A-L-B-190,20.02.2020-05:03:52,7.00000000e+00,6.47856534e-01,9.03685284e+00,1.69234199e-03,4.04118317e+02,8.02977600e+01,1.91350555e+01,9.95343253e-02,1.43070608e-01
5345803-S04-156I3-A-L-B-190,20.02.2020-05:03:54,8.00000000e+00,6.45175636e-01,9.00077915e+00,1.65917154e-03,1.59604263e+02,8.01983719e+01,1.89563103e+01,1.66329786e-01,2.48145461e-01
5345803-S04-156I3-A-L-B-190,20.02.2020-05:03:56,7.00000000e+00,6.47897184e-01,9.03150177e+00,1.78122695e-03,5.56484680e+02,8.04198532e+01,1.91540051e+01,9.84852612e-02,1.50125250e-01
5345803-S04-156I3-A-L-B-190,20.02.2020-05:04:19,9.00000000e+00,6.44906402e-01,8.95731735e+00,2.04831478e-03,1.39169113e+02,8.03479538e+01,1.88920746e+01,2.16561303e-01,6.38815939e-01
5345803-S04-156I3-A-L-B-190,20.02.2020-05:04:21,2.10000000e+01,6.40937746e-01,8.89486885e+00,1.83212548e-03,6.66087112e+01,8.01107101e+01,1.85898628e+01,3.70869070e-01,7.70352602e-01
5345803-S04-156I3-A-L-B-190,20.02.2020-05:04:24,2.00000000e+01,6.39972568e-01,8.90662003e+00,1.92553597e-03,1.10466553e+02,8.03593445e+01,1.86440773e+01,2.83926040e-01,6.23428047e-01
5345803-S04-156I3-A-L-B-190,20.02.2020-05:04:26,8.00000000e+00,6.45564914e-01,8.95619583e+00,1.67081365e-03,1.71571320e+02,8.05040131e+01,1.89457226e+01,1.85234353e-01,5.19821703e-01
5345803-S04-156I3-A-L-B-190,20.02.2020-05:04:28,9.00000000e+00,6.44510210e-01,8.97644138e+00,1.54520140e-03,1.90644348e+02,8.02326660e+01,1.88936310e+01,1.66238412e-01,2.97594041e-01
5345803-S04-156I3-A-L-B-190,20.02.2020-05:04:30,8.00000000e+00,6.44062996e-01,8.97844696e+00,1.64552371e-03,2.66687073e+02,8.05123138e+01,1.89505615e+01,1.37422532e-01,3.81402314e-01
5345803-S04-156I3-A-L-B-190,20.02.2020-05:04:32,2.00000000e+01,6.41040504e-01,8.93595886e+00,1.94396183e-03,1.27953972e+02,8.01023788e+01,1.86767902e+01,2.37693191e-01,4.69410032e-01
5345803-S04-156I3-A-L-B-190,20.02.2020-05:04:34,1.90000000e+01,6.42535985e-01,8.96792030e+00,1.88696326e-03,2.30121124e+02,7.99765396e+01,1.87578049e+01,1.83506981e-01,3.14417362e-01
5345803-S04-156I3-A-L-B-190,20.02.2020-05:04:36,9.00000000e+00,6.43855572e-01,8.99876022e+00,1.66482560e-03,9.28635025e+01,8.01506119e+01,1.89020195e+01,3.03180546e-01,4.23294991e-01
5345803-S04-156I3-A-L-B-190,20.02.2020-05:04:38,9.00000000e+00,6.44188285e-01,8.99792004e+00,2.20700819e-03,2.01641525e+02,7.99948807e+01,1.88732777e+01,1.84831664e-01,2.56256938e-01
5345803-S04-156I3-A-L-B-190,20.02.2020-05:05:22,7.00000000e+00,6.48074150e-01,9.02424622e+00,1.86814868e-03,1.90973938e+02,8.04260635e+01,1.91453190e+01,1.42122403e-01,1.95280582e-01
5345803-S04-156I3-A-L-B-190,20.02.2020-05:05:24,8.00000000e+00,6.47111773e-01,8.97738934e+00,1.64198235e-03,3.55919037e+02,8.01677856e+01,1.89565544e+01,1.08933091e-01,1.33143321e-01
5345803-S04-156I3-A-L-B-190,20.02.2020-05:05:26,9.00000000e+00,6.46428049e-01,8.95403671e+00,1.44562928e-03,2.79222565e+02,8.02048035e+01,1.88959904e+01,1.09874137e-01,1.41031384e-01
5345803-S04-156I3-A-L-B-190,20.02.2020-05:05:28,1.90000000e+01,6.41033053e-01,8.93406391e+00,1.96816633e-03,1.12577965e+02,8.02727127e+01,1.87123203e+01,2.97951847e-01,6.20940983e-01
5345803-S04-156I3-A-L-B-190,20.02.2020-05:05:30,8.00000000e+00,6.45339847e-01,8.99298763e+00,1.67676760e-03,1.89925644e+02,8.02985382e+01,1.89683838e+01,1.49310604e-01,2.01711610e-01
5345803-S04-156I3-A-L-B-190,20.02.2020-05:05:32,9.00000000e+00,6.43621087e-01,8.98324871e+00,1.88521331e-03,1.29265533e+02,8.01500778e+01,1.88624382e+01,2.48662129e-01,3.02919328e-01
5345803-S04-156I3-A-L-B-190,20.02.2020-05:05:35,7.00000000e+00,6.47614539e-01,9.02344227e+00,2.06498429e-03,1.36734955e+02,8.03417282e+01,1.91099777e+01,1.80989653e-01,2.33907118e-01
5345803-S04-156I3-A-L-B-190,20.02.2020-05:05:37,7.00000000e+00,6.47708178e-01,9.01425171e+00,2.18930771e-03,1.17741379e+02,8.02026443e+01,1.90602207e+01,2.23368719e-01,2.96294302e-01
5345803-S04-156I3-A-L-B-190,20.02.2020-05:05:39,8.00000000e+00,6.44736350e-01,8.98662186e+00,1.89364573e-03,2.00144974e+02,8.02829361e+01,1.89335518e+01,1.76792219e-01,2.89179802e-01
5345803-S04-156I3-A-L-B-190,20.02.2020-05:05:41,7.00000000e+00,6.47256494e-01,9.01609516e+00,1.81503897e-03,1.91477280e+02,8.05324936e+01,1.91291752e+01,1.39692560e-01,1.86181337e-01
5345803-S04-156I3-A-L-B-190,20.02.2020-05:06:47,7.00000000e+00,6.47107840e-01,9.02794075e+00,2.14192434e-03,9.07670593e+01,8.02441254e+01,1.90813370e+01,3.42279732e-01,4.22508210e-01
5345803-S04-156I3-A-L-B-190,20.02.2020-05:06:49,2.00000000e+01,6.42544031e-01,8.91898632e+00,2.00480595e-03,1.48170609e+02,8.00791092e+01,1.86796131e+01,3.87078077e-01,1.04578483e+00
5345803-S04-156I3-A-L-B-190,20.02.2020-05:06:51,7.00000000e+00,6.46508932e-01,9.02570534e+00,1.64436596e-03,2.45788620e+02,8.01637955e+01,1.90398788e+01,8.82928595e-02,1.29248455e-01
5345803-S04-156I3-A-L-B-190,20.02.2020-05:06:53,8.00000000e+00,6.45825386e-01,8.99977970e+00,2.04095221e-03,1.27532028e+02,8.03179169e+01,1.90015755e+01,1.48696616e-01,2.26688907e-01
5345803-S04-156I3-A-L-B-190,20.02.2020-05:06:55,1.90000000e+01,6.41029596e-01,8.94739342e+00,1.08869059e-03,1.72755676e+02,8.03123398e+01,1.87493858e+01,1.81014106e-01,3.50473583e-01
5345803-S04-156I3-A-L-B-190,20.02.2020-05:06:57,1.90000000e+01,6.41950786e-01,8.93790436e+00,1.76321738e-03,1.06935577e+02,8.02213821e+01,1.87351742e+01,2.80098468e-01,5.08721769e-01
5345803-S04-156I3-A-L-B-190,20.02.2020-05:07:00,8.00000000e+00,6.45482123e-01,8.99843597e+00,1.50287920e-03,1.01604370e+02,8.01553802e+01,1.89502144e+01,2.49226019e-01,4.21909332e-01
5345803-S04-156I3-A-L-B-190,20.02.2020-05:07:02,1.90000000e+01,6.45315170e-01,8.93328667e+00,1.73754618e-03,8.15204315e+01,7.97897110e+01,1.87223454e+01,2.13210762e-01,3.09750587e-01
5345803-S04-156I3-A-L-B-190,20.02.2020-05:07:04,1.90000000e+01,6.44173741e-01,8.95567131e+00,1.53967750e-03,2.56764618e+02,7.99600220e+01,1.87760506e+01,1.24001838e-01,2.81580269e-01
5345803-S04-156I3-A-L-B-190,20.02.2020-05:07:08,7.00000000e+00,6.48731351e-01,9.03105545e+00,2.16376176e-03,3.37273926e+02,7.98056717e+01,1.90312519e+01,6.93142042e-02,8.07834938e-02
5345803-S04-156I3-A-L-B-190,20.02.2020-05:08:17,2.00000000e+01,6.42735064e-01,8.91530514e+00,2.19412893e-03,6.52352448e+01,7.97906342e+01,1.86101685e+01,4.92253542e-01,5.80528975e-01
5345803-S04-156I3-A-L-B-190,20.02.2020-05:08:19,2.00000000e+01,6.43761754e-01,8.92184258e+00,2.11204635e-03,5.64197540e+01,7.96329041e+01,1.86166916e+01,5.32137573e-01,6.50765836e-01
5345803-S04-156I3-A-L-B-190,20.02.2020-05:08:21,1.90000000e+01,6.46788478e-01,8.93374252e+00,2.56726006e-03,8.24481583e+01,7.97841492e+01,1.87647400e+01,4.00684386e-01,5.08198380e-01
5345803-S04-156I3-A-L-B-190,20.02.2020-05:08:23,2.00000000e+01,6.43740654e-01,8.92691517e+00,2.13002483e-03,3.71099739e+01,7.98111420e+01,1.86683540e+01,6.91160738e-01,8.09692502e-01
5345803-S04-156I3-A-L-B-190,20.02.2020-05:08:25,2.00000000e+01,6.43249452e-01,8.91890144e+00,1.91759120e-03,2.60762424e+01,7.97396088e+01,1.86206608e+01,1.08234358e+00,1.27734697e+00
5345803-S04-156I3-A-L-B-190,20.02.2020-05:08:27,2.00000000e+01,6.43511891e-01,8.92587471e+00,2.09562597e-03,4.40853119e+01,7.96444778e+01,1.86205807e+01,6.42858446e-01,7.82436490e-01
5345803-S04-156I3-A-L-B-190,20.02.2020-05:08:30,1.90000000e+01,6.47186100e-01,8.94759846e+00,2.44635530e-03,8.01056290e+01,7.97533493e+01,1.87981377e+01,4.44279581e-01,5.47753990e-01
5345803-S04-156I3-A-L-B-190,20.02.2020-05:08:32,1.90000000e+01,6.46429121e-01,8.94151688e+00,2.68989219e-03,2.52512741e+01,7.96466675e+01,1.87382870e+01,1.29493761e+00,1.52243459e+00
5345803-S04-156I3-A-L-B-190,20.02.2020-05:08:34,1.40000000e+01,6.47195160e-01,8.93291378e+00,2.24322453e-03,1.91009808e+01,7.95608826e+01,1.87222576e+01,1.67562926e+00,1.94064355e+00
5345803-S04-156I3-A-L-B-190,20.02.2020-05:08:36,2.40000000e+01,6.43308520e-01,8.91551018e+00,2.01328192e-03,7.82331419e+00,7.92013626e+01,1.84896355e+01,3.75508595e+00,4.34107685e+00
5345803-S04-156I3-A-L-B-190,20.02.2020-05:09:20,1.90000000e+01,6.46176636e-01,8.94522762e+00,2.51978752e-03,1.90125809e+02,7.98600540e+01,1.87889481e+01,1.48911864e-01,2.13866815e-01
5345803-S04-156I3-A-L-B-190,20.02.2020-05:09:22,1.90000000e+01,6.44231677e-01,8.91545773e+00,1.81262637e-03,1.69196808e+02,8.01854782e+01,1.87461300e+01,2.17697740e-01,2.67325044e-01
5345803-S04-156I3-A-L-B-190,20.02.2020-05:09:24,2.10000000e+01,6.42599642e-01,8.90052605e+00,2.49143690e-03,1.69006622e+02,7.96345749e+01,1.85390759e+01,2.43049502e-01,5.33843577e-01
5345803-S04-156I3-A-L-B-190,20.02.2020-05:09:27,8.00000000e+00,6.47700489e-01,9.00370407e+00,1.91388186e-03,6.83495712e+01,7.98906937e+01,1.89636440e+01,3.41318637e-01,4.05179471e-01
5345803-S04-156I3-A-L-B-190,20.02.2020-05:09:29,9.00000000e+00,6.44695520e-01,8.97119999e+00,1.74071384e-03,1.45515533e+02,8.02114258e+01,1.88830280e+01,2.41486877e-01,6.21580780e-01
5345803-S04-156I3-A-L-B-190,20.02.2020-05:09:31,9.00000000e+00,6.47051871e-01,8.95750237e+00,2.57677934e-03,2.14337402e+02,7.98891068e+01,1.88470669e+01,1.95753306e-01,3.12513739e-01
5345803-S04-156I3-A-L-B-190,20.02.2020-05:09:33,2.10000000e+01,6.44750834e-01,8.85100746e+00,1.87761441e-03,2.29782227e+02,7.96851959e+01,1.85094051e+01,2.04766929e-01,3.89945418e-01
5345803-S04-156I3-A-L-B-190,20.02.2020-05:09:35,1.30000000e+01,6.29606485e-01,8.75819969e+00,2.33522640e-03,1.31194824e+02,7.97713623e+01,1.79044609e+01,2.92997479e-01,7.42789507e-01
5345803-S04-156I3-A-L-B-190,20.02.2020-05:09:37,9.00000000e+00,6.46805286e-01,8.93672752e+00,2.19061924e-03,1.84522873e+02,8.00835495e+01,1.88419380e+01,2.28889823e-01,4.06918406e-01
5345803-S04-156I3-A-L-B-190,20.02.2020-05:09:39,1.30000000e+01,6.28588915e-01,8.73937988e+00,1.86701363e-03,1.89298950e+02,7.99329453e+01,1.78732414e+01,2.72941619e-01,6.55145764e-01
5345803-S04-156I3-A-L-B-190,20.02.2020-05:10:02,1.90000000e+01,6.44558191e-01,8.94686890e+00,2.32038554e-03,1.95644516e+02,8.00674744e+01,1.87940140e+01,1.21914700e-01,1.65357634e-01
5345803-S04-156I3-A-L-B-190,20.02.2020-05:10:05,1.90000000e+01,6.45047367e-01,8.91950130e+00,1.56485615e-03,2.45888611e+02,8.00172348e+01,1.87389793e+01,1.14377558e-01,1.91116795e-01
5345803-S04-156I3-A-L-B-190,20.02.2020-05:10:07,1.90000000e+01,6.45119071e-01,8.92453861e+00,2.02539680e-03,2.25899307e+02,7.98088989e+01,1.87028236e+01,1.66173369e-01,2.51863033e-01
5345803-S04-156I3-A-L-B-190,20.02.2020-05:10:09,1.90000000e+01,6.45314932e-01,8.92182064e+00,1.67735852e-03,1.80897522e+02,7.98869095e+01,1.87210846e+01,1.74578309e-01,2.43783355e-01
5345803-S04-156I3-A-L-B-190,20.02.2020-05:10:12,1.90000000e+01,6.45263731e-01,8.93877888e+00,2.19258037e-03,2.60715027e+02,7.96997223e+01,1.87112350e+01,1.18856497e-01,1.49067849e-01
5345803-S04-156I3-A-L-B-190,20.02.2020-05:10:14,9.00000000e+00,6.45735621e-01,8.93291855e+00,1.62389642e-03,2.95995392e+02,8.00803528e+01,1.88020115e+01,1.54305726e-01,2.59728402e-01
5345803-S04-156I3-A-L-B-190,20.02.2020-05:10:16,1.90000000e+01,6.44571662e-01,8.94777012e+00,2.49618455e-03,2.09491241e+02,7.98650284e+01,1.87487736e+01,2.12417901e-01,2.99855322e-01
5345803-S04-156I3-A-L-B-190,20.02.2020-05:10:18,2.00000000e+01,6.42416120e-01,8.92431355e+00,1.66082103e-03,1.92246643e+02,8.00749283e+01,1.86860733e+01,1.95590749e-01,3.11455607e-01
5345803-S04-156I3-A-L-B-190,20.02.2020-05:10:21,2.10000000e+01,6.41406119e-01,8.89638329e+00,1.76492869e-03,2.75943207e+02,7.99558487e+01,1.85706463e+01,1.23674139e-01,1.58414543e-01
5345803-S04-156I3-A-L-B-190,20.02.2020-05:10:23,1.40000000e+01,6.38772845e-01,8.85060883e+00,2.26208079e-03,1.47438202e+01,7.94876175e+01,1.82914963e+01,1.69799614e+00,2.18925214e+00
5345803-S04-156I3-A-L-B-190,20.02.2020-05:10:46,8.00000000e+00,6.47811770e-01,8.98420811e+00,1.76016975e-03,1.49889313e+02,8.01626053e+01,1.89902477e+01,2.17096478e-01,2.60038376e-01
5345803-S04-156I3-A-L-B-190,20.02.2020-05:10:48,8.00000000e+00,6.48120821e-01,8.99909687e+00,2.29844241e-03,1.24405029e+02,7.99942245e+01,1.89908180e+01,2.54545987e-01,3.01015109e-01
5345803-S04-156I3-A-L-B-190,20.02.2020-05:10:50,8.00000000e+00,6.47992194e-01,8.99723625e+00,2.18712678e-03,1.41761139e+02,8.00043259e+01,1.89855232e+01,1.93877429e-01,2.32169077e-01
5345803-S04-156I3-A-L-B-190,20.02.2020-05:10:52,1.00000000e+00,6.43114209e-01,8.82424736e+00,2.08843919e-03,1.93198578e+02,7.98302078e+01,1.84400997e+01,2.03589380e-01,3.76032740e-01
5345803-S04-156I3-A-L-B-190,20.02.2020-05:10:54,2.10000000e+01,6.39762104e-01,8.95205212e+00,1.70904631e-03,2.44264709e+02,7.95332947e+01,1.85404491e+01,1.79172680e-01,2.70924717e-01
5345803-S04-156I3-A-L-B-190,20.02.2020-05:10:56,1.90000000e+01,6.44684672e-01,8.91449070e+00,2.18470069e-03,2.13909317e+02,7.99817581e+01,1.87096233e+01,1.82708561e-01,2.25440398e-01
5345803-S04-156I3-A-L-B-190,20.02.2020-05:10:58,1.90000000e+01,6.47472560e-01,8.90389156e+00,2.23551085e-03,2.50333908e+02,7.97157364e+01,1.87057667e+01,1.36858732e-01,2.16875166e-01
5345803-S04-156I3-A-L-B-190,20.02.2020-05:11:00,1.90000000e+01,6.46674871e-01,8.92502213e+00,2.28450866e-03,2.03170853e+02,7.99074173e+01,1.87720871e+01,2.55909801e-01,4.39879477e-01
5345803-S04-156I3-A-L-B-190,20.02.2020-05:11:02,1.30000000e+01,6.29052043e-01,8.76662922e+00,2.41227914e-03,1.07508888e+02,7.97672043e+01,1.79049759e+01,3.74367654e-01,7.75442302e-01
5345803-S04-156I3-A-L-B-190,20.02.2020-05:11:04,1.90000000e+01,6.47162557e-01,8.90721130e+00,2.41444050e-03,3.41025177e+02,7.97264557e+01,1.87062969e+01,1.77526847e-01,2.59819120e-01
5345803-S04-156I3-A-L-B-190,20.02.2020-05:04:40,2.00000000e+00,6.39901280e-01,8.81602192e+00,1.77257857e-03,1.25565033e+02,7.95386734e+01,1.82639275e+01,2.28511602e-01,3.21708977e-01
5345803-S04-156I3-A-L-B-190,20.02.2020-05:04:42,2.00000000e+00,6.39681518e-01,8.80399036e+00,1.84202474e-03,2.04373123e+02,7.96710052e+01,1.82630749e+01,1.65076673e-01,2.30852172e-01
5345803-S04-156I3-A-L-B-190,20.02.2020-05:04:44,2.00000000e+00,6.39670432e-01,8.83751869e+00,1.32134720e-03,1.13825966e+02,7.97262573e+01,1.83450203e+01,2.46551484e-01,3.48329812e-01
5345803-S04-156I3-A-L-B-190,20.02.2020-05:04:46,2.00000000e+01,6.42682016e-01,8.96713543e+00,1.97239057e-03,3.57040901e+01,7.97018051e+01,1.86959801e+01,4.23373342e-01,5.02127051e-01
5345803-S04-156I3-A-L-B-190,20.02.2020-05:04:49,1.90000000e+01,6.42648458e-01,8.96745491e+00,1.84531196e-03,4.05957977e+02,7.99663620e+01,1.87577267e+01,1.16130978e-01,1.40934691e-01
5345803-S04-156I3-A-L-B-190,20.02.2020-05:04:51,9.00000000e+00,6.43923104e-01,8.96738434e+00,1.61105010e-03,1.60994385e+02,8.03772507e+01,1.88913574e+01,2.45453939e-01,4.26144153e-01
5345803-S04-156I3-A-L-B-190,20.02.2020-05:04:53,1.90000000e+01,6.42352343e-01,8.96488953e+00,1.85856863e-03,3.61552399e+02,7.99457626e+01,1.87388916e+01,7.52054974e-02,9.36383754e-02
5345803-S04-156I3-A-L-B-190,20.02.2020-05:04:55,9.00000000e+00,6.43314838e-01,8.98606682e+00,2.05068407e-03,9.32588425e+01,8.00330124e+01,1.88318329e+01,2.92867869e-01,4.39603090e-01
5345803-S04-156I3-A-L-B-190,20.02.2020-05:04:57,9.00000000e+00,6.43964112e-01,8.98634052e+00,1.62108883e-03,3.04370148e+02,8.01124802e+01,1.88701324e+01,1.37818322e-01,2.48577818e-01
5345803-S04-156I3-A-L-B-190,20.02.2020-05:04:59,2.00000000e+01,6.41262054e-01,8.94541836e+00,2.23899167e-03,2.32951828e+02,7.96833115e+01,1.86051769e+01,1.12560526e-01,1.62952110e-01
5345803-S04-156I3-A-L-B-190,20.02.2020-05:06:04,8.00000000e+00,6.47532225e-01,8.97627640e+00,1.61499681e-03,1.70510651e+02,8.03499298e+01,1.90096130e+01,2.28971645e-01,4.07379091e-01
5345803-S04-156I3-A-L-B-190,20.02.2020-05:06:06,9.00000000e+00,6.44988060e-01,8.94265079e+00,1.41298142e-03,3.15791199e+02,8.02635498e+01,1.88437157e+01,1.18658654e-01,2.84223229e-01
5345803-S04-156I3-A-L-B-190,20.02.2020-05:06:08,7.00000000e+00,6.48247421e-01,9.03112030e+00,1.91025145e-03,1.49791367e+02,8.03443832e+01,1.91455631e+01,2.64248788e-01,3.71935248e-01
5345803-S04-156I3-A-L-B-190,20.02.2020-05:06:10,7.00000000e+00,6.46646440e-01,9.02251148e+00,2.32384168e-03,1.51877777e+02,8.01995773e+01,1.90456867e+01,1.59653246e-01,2.23186985e-01
5345803-S04-156I3-A-L-B-190,20.02.2020-05:06:12,8.00000000e+00,6.45262718e-01,8.99693775e+00,1.50040118e-03,2.35496506e+02,8.02910080e+01,1.89726677e+01,1.54994309e-01,2.87818968e-01
5345803-S04-156I3-A-L-B-190,20.02.2020-05:06:14,9.00000000e+00,6.43951178e-01,8.96254826e+00,1.71097147e-03,1.57766434e+02,8.01821365e+01,1.88361549e+01,1.43005073e-01,1.76708892e-01
5345803-S04-156I3-A-L-B-190,20.02.2020-05:06:17,7.00000000e+00,6.46849096e-01,8.99722672e+00,1.59439864e-03,2.95323608e+02,8.03676987e+01,1.90380898e+01,1.00273058e-01,1.36108279e-01
5345803-S04-156I3-A-L-B-190,20.02.2020-05:06:19,9.00000000e+00,6.43976331e-01,8.98497772e+00,2.10168608e-03,1.45554642e+02,8.01789932e+01,1.88832912e+01,1.91108242e-01,2.99623191e-01
5345803-S04-156I3-A-L-B-190,20.02.2020-05:06:21,7.00000000e+00,6.47648036e-01,9.01570320e+00,1.89833192e-03,3.03758759e+02,8.03664856e+01,1.91004581e+01,1.38803080e-01,2.12925851e-01
5345803-S04-156I3-A-L-B-190,20.02.2020-05:06:23,9.00000000e+00,6.44827485e-01,8.98816681e+00,2.23101350e-03,3.13378357e+02,7.99732437e+01,1.88664227e+01,1.12714440e-01,1.62494123e-01
5345803-S04-156I3-A-L-B-190,20.02.2020-05:07:10,2.00000000e+01,6.42440856e-01,8.90249348e+00,2.15584785e-03,2.53943893e+02,8.00751038e+01,1.86411419e+01,1.32133469e-01,1.59620956e-01
5345803-S04-156I3-A-L-B-190,20.02.2020-05:07:12,2.00000000e+01,6.42259121e-01,8.91027069e+00,2.15723645e-03,1.35929214e+02,8.00430222e+01,1.86446762e+01,1.97251663e-01,2.40699723e-01
5345803-S04-156I3-A-L-B-190,20.02.2020-05:07:14,2.10000000e+01,6.40841126e-01,8.88918781e+00,1.96857913e-03,3.40200439e+02,8.02113953e+01,1.85985355e+01,1.48622021e-01,3.92878592e-01
5345803-S04-156I3-A-L-B-190,20.02.2020-05:07:16,9.00000000e+00,6.46470368e-01,8.92986679e+00,2.21067783e-03,3.93198608e+02,8.00732422e+01,1.88153038e+01,9.44670290e-02,1.38022691e-01
5345803-S04-156I3-A-L-B-190,20.02.2020-05:07:18,2.10000000e+01,6.41840756e-01,8.89908981e+00,2.08730972e-03,3.17038239e+02,7.98964310e+01,1.85750713e+01,1.58939570e-01,3.72376084e-01
5345803-S04-156I3-A-L-B-190,20.02.2020-05:07:20,2.10000000e+01,6.41991377e-01,8.89904404e+00,2.24150438e-03,3.65717438e+02,7.97593002e+01,1.85474434e+01,1.29415184e-01,3.12355131e-01
5345803-S04-156I3-A-L-B-190,20.02.2020-05:07:22,2.10000000e+01,6.42011881e-01,8.90105724e+00,2.46487325e-03,4.16912354e+02,7.96868896e+01,1.85353909e+01,1.32481828e-01,2.90943056e-01
5345803-S04-156I3-A-L-B-190,20.02.2020-05:07:24,2.00000000e+01,6.43079221e-01,8.92241764e+00,2.40457291e-03,2.88774506e+02,7.97157211e+01,1.86174946e+01,1.38496414e-01,2.15732604e-01
5345803-S04-156I3-A-L-B-190,20.02.2020-05:07:27,2.00000000e+01,6.44070804e-01,8.92565250e+00,2.29379116e-03,2.08908890e+02,7.97475739e+01,1.86604137e+01,1.68709442e-01,2.04237968e-01
5345803-S04-156I3-A-L-B-190,20.02.2020-05:07:29,1.90000000e+01,6.44148827e-01,8.94796658e+00,1.74740143e-03,8.22404556e+01,7.99514694e+01,1.87571640e+01,3.77851486e-01,5.23912489e-01
5345803-S04-156I3-A-L-B-190,20.02.2020-05:08:38,2.40000000e+01,6.43341541e-01,8.92161942e+00,2.57779937e-03,8.12368298e+00,7.89569016e+01,1.84461422e+01,3.71442938e+00,4.27854156e+00
5345803-S04-156I3-A-L-B-190,20.02.2020-05:08:40,2.40000000e+01,6.42916620e-01,8.90840244e+00,2.10271263e-03,9.71557236e+00,7.92940063e+01,1.84852371e+01,3.26217222e+00,3.71694136e+00
5345803-S04-156I3-A-L-B-190,20.02.2020-05:08:42,2.40000000e+01,6.46134853e-01,8.92272377e+00,2.43718899e-03,9.15794277e+00,7.94921799e+01,1.86541386e+01,3.18342018e+00,3.81647277e+00
5345803-S04-156I3-A-L-B-190,20.02.2020-05:08:44,2.40000000e+01,6.44372165e-01,8.89095879e+00,2.14973511e-03,6.95892286e+00,7.94002762e+01,1.85155907e+01,4.09842682e+00,4.83371925e+00
5345803-S04-156I3-A-L-B-190,20.02.2020-05:08:47,1.90000000e+01,6.43624365e-01,9.00613880e+00,2.42257118e-03,8.76532669e+01,7.93138351e+01,1.87132969e+01,2.76249170e-01,3.88071358e-01
5345803-S04-156I3-A-L-B-190,20.02.2020-05:08:49,8.00000000e+00,6.48230612e-01,8.98348713e+00,2.07712478e-03,1.02414062e+02,8.00139236e+01,1.89657612e+01,2.54638374e-01,3.89020503e-01
5345803-S04-156I3-A-L-B-190,20.02.2020-05:08:51,2.00000000e+01,6.44611418e-01,8.91246796e+00,1.76964363e-03,2.59274963e+02,7.99311066e+01,1.86914082e+01,1.23758532e-01,1.99198902e-01
5345803-S04-156I3-A-L-B-190,20.02.2020-05:08:53,2.00000000e+01,6.43754900e-01,8.88638210e+00,1.81503862e-03,2.03779724e+02,8.00598068e+01,1.86419048e+01,1.20188050e-01,1.67284906e-01
5345803-S04-156I3-A-L-B-190,20.02.2020-05:08:55,8.00000000e+00,6.47960603e-01,8.94911289e+00,1.93687587e-03,2.82050140e+02,8.02775879e+01,1.89475498e+01,1.26516968e-01,2.97406584e-01
5345803-S04-156I3-A-L-B-190,20.02.2020-05:08:57,2.10000000e+01,6.40925229e-01,8.92011738e+00,1.86665729e-03,1.68906509e+02,7.96860733e+01,1.85434494e+01,2.50830621e-01,5.20466566e-01
5345803-S04-156I3-A-L-B-190,20.02.2020-05:09:42,2.10000000e+01,6.40153110e-01,8.93574810e+00,2.35846709e-03,4.91602325e+02,7.96673813e+01,1.85492153e+01,1.03237629e-01,1.68105021e-01
5345803-S04-156I3-A-L-B-190,20.02.2020-05:09:44,9.00000000e+00,6.47724807e-01,8.92239380e+00,2.01292615e-03,2.37250153e+02,8.01868210e+01,1.88627548e+01,1.72534958e-01,5.79775929e-01
5345803-S04-156I3-A-L-B-190,20.02.2020-05:09:46,9.00000000e+00,6.46516025e-01,8.94103050e+00,1.97558710e-03,3.82133820e+02,8.01995926e+01,1.88698864e+01,1.14626862e-01,2.03250527e-01
5345803-S04-156I3-A-L-B-190,20.02.2020-05:09:48,2.00000000e+00,6.43105924e-01,8.81209373e+00,1.90718798e-03,2.65821655e+02,7.96391754e+01,1.83703976e+01,1.74139157e-01,3.42702627e-01
5345803-S04-156I3-A-L-B-190,20.02.2020-05:09:50,2.10000000e+01,6.44693971e-01,8.86453056e+00,1.59364089e-03,2.27687241e+02,7.97641449e+01,1.85544128e+01,1.25711396e-01,2.76533991e-01
5345803-S04-156I3-A-L-B-190,20.02.2020-05:09:52,8.00000000e+00,6.46140277e-01,8.98921490e+00,2.27914797e-03,1.93671982e+02,8.01479721e+01,1.89483452e+01,1.51795268e-01,1.79690614e-01
5345803-S04-156I3-A-L-B-190,20.02.2020-05:09:54,1.90000000e+01,6.47049129e-01,8.90896893e+00,2.23504566e-03,2.19331482e+02,7.99144669e+01,1.87508221e+01,1.26979306e-01,1.92022502e-01
5345803-S04-156I3-A-L-B-190,20.02.2020-05:09:56,7.00000000e+00,6.48231804e-01,9.01712513e+00,1.79558026e-03,1.20641838e+02,8.01457748e+01,1.90681801e+01,2.13000163e-01,2.62172371e-01
5345803-S04-156I3-A-L-B-190,20.02.2020-05:09:58,9.00000000e+00,6.44784033e-01,9.03860760e+00,2.43156659e-03,1.57441437e+02,7.94727020e+01,1.88522854e+01,1.49921834e-01,1.73543647e-01
5345803-S04-156I3-A-L-B-190,20.02.2020-05:10:00,1.90000000e+01,6.45006537e-01,8.97796822e+00,2.43941462e-03,2.45269150e+02,7.95550919e+01,1.87516861e+01,1.90680757e-01,2.55851418e-01
5345803-S04-156I3-A-L-B-190,20.02.2020-05:10:25,2.10000000e+01,6.40612245e-01,8.88646603e+00,2.10179901e-03,5.94951935e+01,7.98810577e+01,1.85096531e+01,4.47063357e-01,7.13461041e-01
5345803-S04-156I3-A-L-B-190,20.02.2020-05:10:27,2.00000000e+01,6.44996047e-01,8.92778111e+00,2.52953498e-03,1.45625961e+02,7.96314316e+01,1.86644554e+01,1.95120573e-01,2.34700114e-01
5345803-S04-156I3-A-L-B-190,20.02.2020-05:10:29,2.00000000e+01,6.43620253e-01,8.93612099e+00,2.46834685e-03,1.85173080e+02,7.96567307e+01,1.86479626e+01,1.45301118e-01,2.17267603e-01
5345803-S04-156I3-A-L-B-190,20.02.2020-05:10:31,2.00000000e+01,6.45022333e-01,8.92566776e+00,2.25858903e-03,1.10539085e+02,7.96732941e+01,1.86706085e+01,2.72552609e-01,3.46761525e-01
5345803-S04-156I3-A-L-B-190,20.02.2020-05:10:33,9.00000000e+00,6.45113766e-01,8.94379902e+00,2.24093627e-03,1.07593079e+02,8.01853943e+01,1.88314514e+01,2.26512000e-01,2.94839650e-01
5345803-S04-156I3-A-L-B-190,20.02.2020-05:10:35,1.90000000e+01,6.43431723e-01,8.93011379e+00,2.05896213e-03,1.34216721e+02,8.00569077e+01,1.87235622e+01,2.43739352e-01,2.87353307e-01
5345803-S04-156I3-A-L-B-190,20.02.2020-05:10:37,9.00000000e+00,6.47617936e-01,8.97003174e+00,2.00440735e-03,7.36101303e+01,7.96371155e+01,1.88303566e+01,3.07484418e-01,3.59431148e-01
5345803-S04-156I3-A-L-B-190,20.02.2020-05:10:39,1.90000000e+01,6.44795537e-01,8.98361111e+00,2.05844524e-03,1.53318329e+02,7.97300644e+01,1.87985916e+01,1.79105148e-01,2.56052077e-01
5345803-S04-156I3-A-L-B-190,20.02.2020-05:10:41,9.00000000e+00,6.45550191e-01,8.92892075e+00,1.86983857e-03,4.44662262e+02,8.02331848e+01,1.88240547e+01,9.26365331e-02,1.72872558e-01
5345803-S04-156I3-A-L-B-190,20.02.2020-05:10:44,2.10000000e+01,6.42287910e-01,8.89340019e+00,2.00647325e-03,1.31591705e+02,7.99091339e+01,1.85790787e+01,2.47823477e-01,3.79736543e-01
5345803-S04-156I3-A-L-B-190,20.02.2020-05:11:07,2.10000000e+01,6.44389749e-01,8.84387875e+00,1.87218422e-03,2.59710175e+02,7.97848053e+01,1.85072441e+01,2.21144781e-01,4.14901078e-01
5345803-S04-156I3-A-L-B-190,20.02.2020-05:11:09,1.90000000e+01,6.44230425e-01,8.91711140e+00,1.74347847e-03,8.67627563e+01,8.02194061e+01,1.87575035e+01,3.67873996e-01,9.80059981e-01
5345803-S04-156I3-A-L-B-190,20.02.2020-05:11:12,9.00000000e+00,6.44611061e-01,8.95650387e+00,1.98023138e-03,1.52871857e+02,8.00574188e+01,1.88134327e+01,2.02241853e-01,4.24546987e-01
5345803-S04-156I3-A-L-B-190,20.02.2020-05:11:14,8.00000000e+00,6.48169577e-01,8.99366188e+00,2.27461127e-03,1.07059044e+02,7.99393311e+01,1.89677544e+01,2.94394851e-01,3.44428420e-01
5345803-S04-156I3-A-L-B-190,20.02.2020-05:11:16,1.90000000e+01,6.43422484e-01,8.96971416e+00,1.97926862e-03,1.83366684e+02,7.97158127e+01,1.87261944e+01,1.67093545e-01,2.48993233e-01
5345803-S04-156I3-A-L-B-190,20.02.2020-05:11:18,2.00000000e+01,6.43271327e-01,8.90230656e+00,1.93464616e-03,1.98217712e+02,7.99509125e+01,1.86358986e+01,3.17338139e-01,6.20751023e-01
5345803-S04-156I3-A-L-B-190,20.02.2020-05:11:20,1.00000000e+00,6.42880082e-01,8.87675285e+00,1.97741948e-03,9.12775574e+01,7.95269394e+01,1.84726238e+01,4.16327685e-01,5.08973598e-01
5345803-S04-156I3-A-L-B-190,20.02.2020-05:11:22,1.90000000e+01,6.45364046e-01,8.89055347e+00,1.71631260e-03,9.29756165e+01,8.01956024e+01,1.87289906e+01,2.70961881e-01,3.26976568e-01
5345803-S04-156I3-A-L-B-190,20.02.2020-05:11:24,2.00000000e+01,6.44987106e-01,8.89339256e+00,2.40218826e-03,9.68578949e+01,7.98572845e+01,1.86450367e+01,2.76446819e-01,3.49580467e-01
5345803-S04-156I3-A-L-B-190,20.02.2020-05:11:26,2.10000000e+01,6.43634737e-01,8.89282894e+00,2.35793344e-03,1.33942749e+02,7.98365326e+01,1.85999279e+01,2.44708955e-01,5.88178277e-01
5345803-S04-156I3-A-L-B-190,20.02.2020-05:12:10,1.00000000e+00,6.42688572e-01,8.87190819e+00,1.89863273e-03,2.17896744e+02,7.97021561e+01,1.84977055e+01,1.64984420e-01,1.96379185e-01
5345803-S04-156I3-A-L-B-190,20.02.2020-05:12:12,9.00000000e+00,6.45918190e-01,8.94789219e+00,2.04249378e-03,2.39613266e+02,8.01383057e+01,1.88524837e+01,1.74879014e-01,2.67297387e-01
5345803-S04-156I3-A-L-B-190,20.02.2020-05:12:14,1.00000000e+00,6.39108300e-01,8.93549061e+00,2.36154953e-03,2.08552078e+02,7.93549805e+01,1.84457893e+01,1.76730320e-01,2.71810263e-01
5345803-S04-156I3-A-L-B-190,20.02.2020-05:12:16,2.10000000e+01,6.41573370e-01,8.87460041e+00,1.97942206e-03,1.05980377e+02,8.01971817e+01,1.85859356e+01,3.81286323e-01,7.19026268e-01
5345803-S04-156I3-A-L-B-190,20.02.2020-05:12:18,9.00000000e+00,6.46261632e-01,8.93572712e+00,1.87562616e-03,1.35602066e+02,8.01755753e+01,1.88456249e+01,3.24825674e-01,5.16216040e-01
5345803-S04-156I3-A-L-B-190,20.02.2020-05:12:20,2.00000000e+00,6.42922580e-01,8.80684948e+00,1.98984612e-03,2.14390961e+02,7.96898346e+01,1.83659077e+01,1.85793102e-01,3.98816109e-01
5345803-S04-156I3-A-L-B-190,20.02.2020-05:12:22,2.00000000e+01,6.42829359e-01,8.90725803e+00,1.85588340e-03,1.45304947e+02,7.99527359e+01,1.86338787e+01,2.15574771e-01,4.25842136e-01
5345803-S04-156I3-A-L-B-190,20.02.2020-05:12:25,8.00000000e+00,6.47172868e-01,8.93188286e+00,2.10898533e-03,1.35884003e+02,8.04044952e+01,1.89179401e+01,3.04097772e-01,4.63013291e-01
5345803-S04-156I3-A-L-B-190,20.02.2020-05:12:27,1.90000000e+01,6.44300044e-01,8.92707348e+00,2.00173957e-03,7.53737717e+01,8.02489471e+01,1.87874050e+01,3.98427248e-01,4.95126158e-01
5345803-S04-156I3-A-L-B-190,20.02.2020-05:12:31,9.00000000e+00,6.47107840e-01,8.96986961e+00,1.92930759e-03,1.08355644e+02,7.98137207e+01,1.88569088e+01,2.56961226e-01,3.06059957e-01
5345803-S04-156I3-A-L-B-190,20.02.2020-05:11:28,1.40000000e+01,6.46685660e-01,8.92611790e+00,2.29542563e-03,1.85241299e+01,7.97809296e+01,1.87449856e+01,7.88805604e-01,9.91670251e-01
5345803-S04-156I3-A-L-B-190,20.02.2020-05:11:30,1.30000000e+01,6.29208446e-01,8.70993137e+00,2.01325538e-03,1.02148628e+02,7.96252899e+01,1.77619438e+01,3.79630059e-01,6.52231097e-01
5345803-S04-156I3-A-L-B-190,20.02.2020-05:11:32,2.00000000e+01,6.44791782e-01,8.92369270e+00,1.99937075e-03,7.15500031e+01,7.97654266e+01,1.86813812e+01,4.17517662e-01,5.73990881e-01
5345803-S04-156I3-A-L-B-190,20.02.2020-05:11:35,2.00000000e+01,6.44478142e-01,8.92093086e+00,2.34586094e-03,2.44858063e+02,7.97172165e+01,1.86552334e+01,1.59239784e-01,2.73192674e-01
5345803-S04-156I3-A-L-B-190,20.02.2020-05:11:37,1.90000000e+01,6.44904196e-01,8.93210411e+00,1.96516979e-03,8.60495529e+01,7.98678818e+01,1.87262726e+01,3.50787073e-01,4.85842913e-01
5345803-S04-156I3-A-L-B-190,20.02.2020-05:11:39,1.90000000e+01,6.46049917e-01,8.91678905e+00,1.75361591e-03,6.54474182e+01,7.99182892e+01,1.87391930e+01,4.86517072e-01,6.16808474e-01
5345803-S04-156I3-A-L-B-190,20.02.2020-05:11:41,9.00000000e+00,6.44187868e-01,8.95130444e+00,1.96381565e-03,8.63387985e+01,8.01382599e+01,1.88091412e+01,3.46832901e-01,5.80797553e-01
5345803-S04-156I3-A-L-B-190,20.02.2020-05:11:43,8.00000000e+00,6.45165145e-01,9.01791382e+00,1.86059647e-03,1.09736153e+02,7.99141922e+01,1.89247913e+01,1.80496976e-01,2.15317532e-01
5345803-S04-156I3-A-L-B-190,20.02.2020-05:11:45,1.90000000e+01,6.44793272e-01,8.93214512e+00,2.02227966e-03,8.67667694e+01,7.99244614e+01,1.87364025e+01,4.97226775e-01,6.49399400e-01
5345803-S04-156I3-A-L-B-190,20.02.2020-05:11:47,2.00000000e+01,6.43753469e-01,8.90863323e+00,2.37486581e-03,2.32055725e+02,7.97206421e+01,1.86093693e+01,2.25643486e-01,3.13036531e-01
5345803-S04-156I3-A-L-B-190,20.02.2020-05:12:33,9.00000000e+00,6.47162080e-01,8.95707321e+00,1.78031437e-03,7.35065460e+01,8.01075058e+01,1.89009056e+01,3.18479568e-01,5.02218485e-01
5345803-S04-156I3-A-L-B-190,20.02.2020-05:12:35,1.90000000e+01,6.44991219e-01,8.91881180e+00,1.75267144e-03,8.09033890e+01,7.99767761e+01,1.87264252e+01,4.27920461e-01,5.25962532e-01
5345803-S04-156I3-A-L-B-190,20.02.2020-05:12:37,1.90000000e+01,6.45427525e-01,8.92879105e+00,1.71875302e-03,8.33101273e+01,7.99938278e+01,1.87640610e+01,4.01499808e-01,4.87922698e-01
5345803-S04-156I3-A-L-B-190,20.02.2020-05:12:39,9.00000000e+00,6.46047473e-01,8.91799641e+00,2.10339646e-03,2.03102493e+02,8.03100052e+01,1.88335228e+01,2.45836049e-01,4.44555700e-01
5345803-S04-156I3-A-L-B-190,20.02.2020-05:12:41,9.00000000e+00,6.47299767e-01,8.93583107e+00,2.24328716e-03,1.10956818e+02,8.02250290e+01,1.88877621e+01,3.98292392e-01,5.73611140e-01
5345803-S04-156I3-A-L-B-190,20.02.2020-05:12:43,1.30000000e+01,6.28147125e-01,8.74623489e+00,2.04762677e-03,1.07656013e+02,7.99272537e+01,1.78734188e+01,4.31546390e-01,8.89240444e-01
5345803-S04-156I3-A-L-B-190,20.02.2020-05:12:45,1.90000000e+01,6.47524595e-01,8.88890934e+00,2.03392538e-03,1.43521591e+02,8.00254974e+01,1.87483635e+01,2.24106416e-01,6.88084960e-01
5345803-S04-156I3-A-L-B-190,20.02.2020-05:12:47,1.90000000e+01,6.45928442e-01,8.88765526e+00,2.24037957e-03,9.35451050e+01,8.00876846e+01,1.87140388e+01,3.47994387e-01,1.03299737e+00
5345803-S04-156I3-A-L-B-190,20.02.2020-05:12:49,2.00000000e+00,6.40404582e-01,8.85057163e+00,1.79654697e-03,8.59432831e+01,7.97343750e+01,1.83950748e+01,4.01634395e-01,6.59842074e-01
5345803-S04-156I3-A-L-B-190,20.02.2020-05:12:51,2.00000000e+01,6.43912554e-01,8.92165470e+00,2.22663418e-03,7.53877106e+01,7.98604813e+01,1.86738739e+01,3.77520889e-01,5.10551572e-01
5345803-S04-156I3-A-L-B-190,20.02.2020-05:13:14,1.00000000e+00,6.39719605e-01,8.86265755e+00,1.88572705e-03,3.92332573e+01,7.98085861e+01,1.84176178e+01,8.46704960e-01,1.20631397e+00
5345803-S04-156I3-A-L-B-190,20.02.2020-05:13:16,2.00000000e+01,6.43747091e-01,8.91026020e+00,1.78389007e-03,1.04879570e+02,7.99580307e+01,1.86680069e+01,2.94997066e-01,3.92307013e-01
5345803-S04-156I3-A-L-B-190,20.02.2020-05:13:19,1.90000000e+01,6.41685784e-01,8.99280834e+00,1.66514120e-03,1.54795578e+02,7.98051147e+01,1.87447090e+01,2.01261312e-01,2.70334244e-01
5345803-S04-156I3-A-L-B-190,20.02.2020-05:13:21,2.40000000e+01,6.45776391e-01,8.92296982e+00,1.79233821e-03,1.15003662e+01,7.94774017e+01,1.86408367e+01,2.95659065e+00,3.40385056e+00
5345803-S04-156I3-A-L-B-190,20.02.2020-05:13:23,1.40000000e+01,6.44233465e-01,8.85378170e+00,2.34438339e-03,1.92416916e+01,7.95043030e+01,1.84583530e+01,1.94315290e+00,2.98604274e+00
5345803-S04-156I3-A-L-B-190,20.02.2020-05:13:25,2.40000000e+01,6.46533251e-01,8.91117191e+00,1.58228760e-03,1.26869984e+01,7.98170471e+01,1.87176590e+01,2.60004902e+00,3.02094054e+00
5345803-S04-156I3-A-L-B-190,20.02.2020-05:13:27,2.40000000e+01,6.44837320e-01,8.88904858e+00,1.94099254e-03,9.53920174e+00,7.95874863e+01,1.85686531e+01,3.44519401e+00,3.96889544e+00
5345803-S04-156I3-A-L-B-190,20.02.2020-05:13:29,2.40000000e+01,6.43004239e-01,8.89496613e+00,1.66075793e-03,5.31775951e+00,7.92198181e+01,1.84426003e+01,6.21320057e+00,7.14562750e+00
5345803-S04-156I3-A-L-B-190,20.02.2020-05:13:31,2.40000000e+01,6.39916480e-01,8.84186077e+00,1.81766623e-03,5.90990019e+00,7.93340454e+01,1.82707672e+01,5.33565664e+00,6.53220844e+00
5345803-S04-156I3-A-L-B-190,20.02.2020-05:13:33,2.00000000e+01,6.42939329e-01,8.91351986e+00,2.03233026e-03,1.27841354e+02,7.99149323e+01,1.86413498e+01,3.44332665e-01,5.41089654e-01
5345803-S04-156I3-A-L-B-190,20.02.2020-05:14:17,2.10000000e+01,6.41856551e-01,8.86762333e+00,2.02461868e-03,1.02725899e+02,8.01246567e+01,1.85627193e+01,2.70400494e-01,7.31206954e-01
5345803-S04-156I3-A-L-B-190,20.02.2020-05:14:19,2.10000000e+01,6.43877685e-01,8.88133526e+00,2.04937765e-03,2.72957630e+01,7.98301849e+01,1.85814228e+01,9.87870693e-01,1.25631332e+00
5345803-S04-156I3-A-L-B-190,20.02.2020-05:14:21,1.90000000e+01,6.44385874e-01,8.89746475e+00,1.86759594e-03,1.96009109e+02,8.03139954e+01,1.87427654e+01,1.02059342e-01,1.43813536e-01
5345803-S04-156I3-A-L-B-190,20.02.2020-05:14:24,1.90000000e+01,6.44851506e-01,8.89844894e+00,1.66074408e-03,7.27482910e+01,8.03598404e+01,1.87690945e+01,3.42560172e-01,4.18113232e-01
5345803-S04-156I3-A-L-B-190,20.02.2020-05:14:26,1.90000000e+01,6.44324899e-01,8.90190220e+00,1.70521636e-03,2.14602402e+02,8.03155518e+01,1.87507019e+01,9.67491865e-02,1.35249600e-01
5345803-S04-156I3-A-L-B-190,20.02.2020-05:14:28,2.00000000e+00,6.39676809e-01,8.80167294e+00,1.66435493e-03,1.36712463e+02,7.99332886e+01,1.83182373e+01,2.04238221e-01,6.16098940e-01
5345803-S04-156I3-A-L-B-190,20.02.2020-05:14:30,2.40000000e+01,6.32804930e-01,8.72510624e+00,1.41813431e-03,6.77783394e+00,7.89779282e+01,1.77491055e+01,2.08837748e+00,2.66187119e+00
5345803-S04-156I3-A-L-B-190,20.02.2020-05:14:32,1.90000000e+01,6.45044565e-01,8.94005775e+00,1.84528530e-03,3.09014740e+01,8.00727463e+01,1.87951126e+01,8.61110508e-01,1.05886316e+00
5345803-S04-156I3-A-L-B-190,20.02.2020-05:14:34,2.10000000e+01,6.41900241e-01,8.85355854e+00,1.87562336e-03,8.75953751e+01,8.00282516e+01,1.85122395e+01,2.61765003e-01,6.46016061e-01
5345803-S04-156I3-A-L-B-190,20.02.2020-05:14:36,2.10000000e+01,6.41969085e-01,8.89471817e+00,1.64310704e-03,1.65677307e+02,8.00158081e+01,1.85974026e+01,8.99929106e-02,1.33188754e-01
5345803-S04-156I3-A-L-B-190,20.02.2020-05:45:13,8.00000000e+00,6.45046234e-01,8.95604897e+00,1.72943377e-03,1.75589478e+02,8.04271622e+01,1.89121227e+01,1.49893522e-01,2.89147913e-01
5345803-S04-156I3-A-L-B-190,20.02.2020-05:45:15,2.00000000e+01,6.41758323e-01,8.91771221e+00,2.04329449e-03,1.00171494e+02,8.00257034e+01,1.86416645e+01,1.90366581e-01,3.42390090e-01
5345803-S04-156I3-A-L-B-190,20.02.2020-05:45:17,2.00000000e+01,6.42818332e-01,8.92924118e+00,2.50116177e-03,6.03054352e+01,7.97129974e+01,1.86235352e+01,4.23794717e-01,5.28625846e-01
5345803-S04-156I3-A-L-B-190,20.02.2020-05:45:19,2.00000000e+01,6.43195629e-01,8.93391705e+00,2.14338349e-03,5.05031967e+01,7.98155060e+01,1.86682014e+01,5.47505260e-01,6.88150525e-01
5345803-S04-156I3-A-L-B-190,20.02.2020-05:45:21,1.00000000e+00,6.40445232e-01,8.89734459e+00,2.00217147e-03,3.05053844e+01,7.95859528e+01,1.84590359e+01,7.81342328e-01,8.96386027e-01
5345803-S04-156I3-A-L-B-190,20.02.2020-05:45:23,2.10000000e+01,6.41849041e-01,8.91847134e+00,2.01941142e-03,2.88289719e+01,7.97319260e+01,1.85774345e+01,8.98400068e-01,1.02922678e+00
5345803-S04-156I3-A-L-B-190,20.02.2020-05:45:25,2.00000000e+00,6.40335798e-01,8.89800739e+00,2.08287220e-03,4.67612572e+01,7.92777939e+01,1.83857880e+01,5.61159790e-01,7.35431254e-01
5345803-S04-156I3-A-L-B-190,20.02.2020-05:45:27,2.10000000e+01,6.40651464e-01,8.92326164e+00,2.22808938e-03,2.81206226e+01,7.96587830e+01,1.85357151e+01,9.24580932e-01,1.14117837e+00
5345803-S04-156I3-A-L-B-190,20.02.2020-05:47:12,2.40000000e+01,6.46158636e-01,8.97782803e+00,2.36508716e-03,7.93812895e+00,7.92631378e+01,1.87159500e+01,3.37606239e+00,3.83190179e+00
5345803-S04-156I3-A-L-B-190,20.02.2020-05:47:14,2.40000000e+01,6.37259185e-01,8.84572887e+00,1.96457072e-03,5.50688028e+00,7.92286987e+01,1.81786823e+01,4.63432837e+00,5.40525389e+00
5345803-S04-156I3-A-L-B-190,20.02.2020-05:47:37,2.40000000e+01,6.39325976e-01,8.88778591e+00,1.85289432e-03,2.27044368e+00,7.77392197e+01,1.79798603e+01,1.19767637e+01,
5345803-S04-156I3-A-L-B-190,20.02.2020-05:47:39,1.90000000e+01,6.44561231e-01,8.90195560e+00,1.98251405e-03,9.79000092e+01,8.02563171e+01,1.87438622e+01,2.87234932e-01,4.35142636e-01
5345803-S04-156I3-A-L-B-190,20.02.2020-05:47:42,2.00000000e+01,6.43006921e-01,8.87961674e+00,1.98965799e-03,4.37591553e+02,8.02170410e+01,1.86426086e+01,9.42585543e-02,1.52246296e-01
5345803-S04-156I3-A-L-B-190,20.02.2020-05:47:44,9.00000000e+00,6.44890070e-01,8.92201042e+00,2.04474339e-03,1.26467087e+02,8.03343506e+01,1.88139477e+01,1.59178972e-01,2.85609394e-01
5345803-S04-156I3-A-L-B-190,20.02.2020-05:47:46,9.00000000e+00,6.44690931e-01,8.94225883e+00,2.01553712e-03,9.76392899e+01,8.02866058e+01,1.88396187e+01,2.44464874e-01,4.01291102e-01
5345803-S04-156I3-A-L-B-190,20.02.2020-05:47:48,2.10000000e+01,6.41000152e-01,8.87104702e+00,1.97703368e-03,1.08917282e+02,8.02325287e+01,1.85700760e+01,2.08189011e-01,4.54059124e-01
5345803-S04-156I3-A-L-B-190,20.02.2020-05:47:50,2.00000000e+01,6.41362727e-01,8.87760735e+00,1.74589641e-03,1.74120499e+02,8.03072662e+01,1.86116409e+01,2.02278331e-01,4.36758429e-01
5345803-S04-156I3-A-L-B-190,20.02.2020-05:47:52,9.00000000e+00,6.45633280e-01,8.93787670e+00,1.86254398e-03,1.50157623e+02,8.02941208e+01,1.88596764e+01,1.04799896e-01,1.79152995e-01
5345803-S04-156I3-A-L-B-190,20.02.2020-05:47:54,9.00000000e+00,6.44649625e-01,8.92227554e+00,1.93280831e-03,9.96582870e+01,8.03513260e+01,1.88114643e+01,2.15155452e-01,5.74536443e-01
5345803-S04-156I3-A-L-B-190,20.02.2020-05:47:56,2.00000000e+01,6.42598867e-01,8.90255451e+00,2.01599183e-03,5.74181824e+01,8.02345963e+01,1.86829929e+01,4.12107676e-01,7.90056050e-01
5345803-S04-156I3-A-L-B-190,20.02.2020-05:48:20,9.00000000e+00,6.43986166e-01,8.92736626e+00,1.97381806e-03,1.59769531e+02,8.03414536e+01,1.88005180e+01,1.89912006e-01,5.62470734e-01
5345803-S04-156I3-A-L-B-190,20.02.2020-05:48:22,1.90000000e+01,6.44791722e-01,8.93051910e+00,2.17049243e-03,1.54399765e+02,7.99766159e+01,1.87451687e+01,1.63530648e-01,2.54362911e-01
5345803-S04-156I3-A-L-B-190,20.02.2020-05:48:24,1.90000000e+01,6.44373357e-01,8.91525841e+00,2.31160037e-03,2.17468323e+02,8.00275269e+01,1.87129002e+01,1.18838742e-01,1.68355227e-01
5345803-S04-156I3-A-L-B-190,20.02.2020-05:48:26,1.90000000e+01,6.43786848e-01,8.91936016e+00,2.02371366e-03,1.32610825e+02,8.03030777e+01,1.87688732e+01,2.76511759e-01,5.89745402e-01
5345803-S04-156I3-A-L-B-190,20.02.2020-05:48:28,2.10000000e+01,6.41251683e-01,8.89128017e+00,1.84403127e-03,9.96023941e+01,8.01193008e+01,1.85934582e+01,2.11904839e-01,2.74449527e-01
5345803-S04-156I3-A-L-B-190,20.02.2020-05:48:30,2.00000000e+01,6.44516885e-01,8.91672039e+00,2.39452254e-03,1.11997856e+02,7.98312759e+01,1.86742306e+01,1.54309839e-01,2.09587231e-01
5345803-S04-156I3-A-L-B-190,20.02.2020-05:48:32,2.00000000e+01,6.42493546e-01,8.89336681e+00,1.88116694e-03,2.06381866e+02,8.01252670e+01,1.86352253e+01,1.83341950e-01,2.61975884e-01
5345803-S04-156I3-A-L-B-190,20.02.2020-05:48:34,2.00000000e+00,6.36776507e-01,8.84592915e+00,2.15155212e-03,1.51872437e+02,7.96232452e+01,1.82557869e+01,1.99448511e-01,4.46492404e-01
5345803-S04-156I3-A-L-B-190,20.02.2020-05:48:36,2.00000000e+00,6.36832237e-01,8.85616112e+00,2.05048453e-03,2.14750580e+02,7.96975098e+01,1.82955494e+01,1.94991082e-01,4.71231520e-01
5345803-S04-156I3-A-L-B-190,20.02.2020-05:48:38,2.10000000e+01,6.41251385e-01,8.89141560e+00,2.17186287e-03,1.14980019e+02,7.97661057e+01,1.85117645e+01,2.33043507e-01,2.75792778e-01
5345803-S04-156I3-A-L-B-190,20.02.2020-05:49:23,1.90000000e+01,6.43940628e-01,8.93101406e+00,2.29219394e-03,1.03964096e+02,7.98978043e+01,1.87030163e+01,3.08064163e-01,4.04799789e-01
5345803-S04-156I3-A-L-B-190,20.02.2020-05:49:25,8.00000000e+00,6.44314945e-01,9.01610088e+00,2.03844393e-03,1.11685013e+02,8.02551804e+01,1.89766808e+01,2.60201424e-01,3.02882314e-01
5345803-S04-156I3-A-L-B-190,20.02.2020-05:49:27,9.00000000e+00,6.43890440e-01,8.98439407e+00,2.07857392e-03,1.53957031e+02,7.99334641e+01,1.88217335e+01,2.28253379e-01,2.98488110e-01
5345803-S04-156I3-A-L-B-190,20.02.2020-05:49:29,8.00000000e+00,6.45204782e-01,8.99694157e+00,2.03621853e-03,1.50567352e+02,8.01443253e+01,1.89363136e+01,1.89994171e-01,2.41212562e-01
5345803-S04-156I3-A-L-B-190,20.02.2020-05:49:31,1.00000000e+00,6.41823769e-01,8.88820457e+00,2.01441231e-03,1.54712585e+02,7.95890350e+01,1.84804821e+01,2.81475663e-01,3.33211482e-01
5345803-S04-156I3-A-L-B-190,20.02.2020-05:49:33,9.00000000e+00,6.44928634e-01,8.93671703e+00,2.06979411e-03,2.29201920e+02,8.03411865e+01,1.88476906e+01,1.95055038e-01,3.38520586e-01
5345803-S04-156I3-A-L-B-190,20.02.2020-05:49:35,8.00000000e+00,6.46971047e-01,8.96972942e+00,2.23579374e-03,6.54539032e+01,8.01852875e+01,1.89403954e+01,4.95662421e-01,5.71889281e-01
5345803-S04-156I3-A-L-B-190,20.02.2020-05:49:37,1.90000000e+01,6.44219697e-01,8.92478943e+00,1.97056588e-03,1.05603561e+02,8.01169434e+01,1.87493629e+01,3.42151642e-01,4.59320545e-01
5345803-S04-156I3-A-L-B-190,20.02.2020-05:49:39,1.90000000e+01,6.44103408e-01,8.93313980e+00,2.01550219e-03,7.60900879e+01,8.00230560e+01,1.87415314e+01,5.98075747e-01,7.56477892e-01
5345803-S04-156I3-A-L-B-190,20.02.2020-05:49:41,9.00000000e+00,6.43600583e-01,8.98879337e+00,2.18215748e-03,4.99753075e+01,7.98383713e+01,1.88000793e+01,4.85085934e-01,5.62889993e-01
5345803-S04-156I3-A-L-B-190,20.02.2020-05:11:49,1.00000000e+00,6.41875625e-01,8.86957550e+00,2.06428953e-03,3.71013412e+01,7.97869110e+01,1.84890919e+01,8.45596194e-01,1.14524508e+00
5345803-S04-156I3-A-L-B-190,20.02.2020-05:11:51,2.00000000e+01,6.44545376e-01,8.88271046e+00,2.22958531e-03,3.00031719e+01,7.98958130e+01,1.86188660e+01,1.27738404e+00,1.47388101e+00
5345803-S04-156I3-A-L-B-190,20.02.2020-05:11:53,2.00000000e+01,6.43751204e-01,8.92469978e+00,2.09734170e-03,3.90724144e+01,7.98900604e+01,1.86824837e+01,8.26903045e-01,1.00615323e+00
5345803-S04-156I3-A-L-B-190,20.02.2020-05:11:55,2.00000000e+01,6.45180583e-01,8.91245842e+00,2.21924530e-03,8.36418762e+01,7.97890015e+01,1.86746292e+01,3.96961689e-01,4.79591131e-01
5345803-S04-156I3-A-L-B-190,20.02.2020-05:11:58,2.40000000e+01,6.39486492e-01,8.81944656e+00,1.75928359e-03,1.18038893e+01,7.94008179e+01,1.82275333e+01,3.46690297e+00,4.51487541e+00
5345803-S04-156I3-A-L-B-190,20.02.2020-05:12:00,2.40000000e+01,6.46039963e-01,8.91994381e+00,1.95427006e-03,9.65687752e+00,7.96231308e+01,1.86763039e+01,4.34898472e+00,5.07072449e+00
5345803-S04-156I3-A-L-B-190,20.02.2020-05:12:02,2.40000000e+01,6.45501137e-01,8.94401932e+00,1.79127674e-03,9.57494164e+00,7.98584518e+01,1.87663937e+01,3.81864715e+00,4.41759777e+00
5345803-S04-156I3-A-L-B-190,20.02.2020-05:12:04,8.00000000e+00,6.48679495e-01,8.94270611e+00,2.05726130e-03,1.27583519e+02,8.01123581e+01,1.89159794e+01,2.52485305e-01,5.95360637e-01
5345803-S04-156I3-A-L-B-190,20.02.2020-05:12:06,1.90000000e+01,6.46327794e-01,8.93672371e+00,1.84096908e-03,1.17932610e+02,7.96697006e+01,1.87307243e+01,2.12514296e-01,2.47057065e-01
5345803-S04-156I3-A-L-B-190,20.02.2020-05:12:08,9.00000000e+00,6.46620512e-01,8.88464928e+00,1.81938207e-03,1.38384735e+02,8.04318848e+01,1.88082447e+01,2.61939406e-01,4.12906736e-01
5345803-S04-156I3-A-L-B-190,20.02.2020-05:12:53,2.00000000e+01,6.43634021e-01,8.87286854e+00,1.67993491e-03,6.62498550e+01,8.01139679e+01,1.86226521e+01,4.79967296e-01,5.63641727e-01
5345803-S04-156I3-A-L-B-190,20.02.2020-05:12:56,2.00000000e+01,6.44088805e-01,8.87504292e+00,1.65717967e-03,1.00048576e+02,8.01827927e+01,1.86563892e+01,3.92482251e-01,4.60334152e-01
5345803-S04-156I3-A-L-B-190,20.02.2020-05:12:58,1.90000000e+01,6.44111335e-01,8.92584515e+00,2.03306903e-03,7.87288055e+01,7.99703903e+01,1.87141323e+01,4.23996419e-01,5.62920153e-01
5345803-S04-156I3-A-L-B-190,20.02.2020-05:13:00,2.00000000e+01,6.45076931e-01,8.90759850e+00,1.93010725e-03,8.93019867e+01,7.99193192e+01,1.86919289e+01,4.01613355e-01,4.96637911e-01
5345803-S04-156I3-A-L-B-190,20.02.2020-05:13:02,2.00000000e+01,6.43459082e-01,8.91287327e+00,2.03359174e-03,1.44836060e+02,7.99160614e+01,1.86553307e+01,2.34168276e-01,3.09321135e-01
5345803-S04-156I3-A-L-B-190,20.02.2020-05:13:04,1.90000000e+01,6.41894758e-01,8.98239136e+00,1.79405999e-03,1.23380119e+02,7.97314529e+01,1.87118053e+01,2.10313901e-01,2.82572567e-01
5345803-S04-156I3-A-L-B-190,20.02.2020-05:13:06,2.00000000e+01,6.44151390e-01,8.92322063e+00,2.15436332e-03,9.16869812e+01,7.98902817e+01,1.86910515e+01,3.86490434e-01,5.21234930e-01
5345803-S04-156I3-A-L-B-190,20.02.2020-05:13:08,2.00000000e+01,6.44025981e-01,8.90468693e+00,1.94007100e-03,5.07177086e+01,7.98732300e+01,1.86446190e+01,6.99166477e-01,8.92726481e-01
5345803-S04-156I3-A-L-B-190,20.02.2020-05:13:10,2.00000000e+01,6.44145548e-01,8.92555332e+00,2.33620242e-03,7.45410156e+01,7.97396698e+01,1.86605206e+01,5.93890071e-01,7.59405851e-01
5345803-S04-156I3-A-L-B-190,20.02.2020-05:13:12,2.00000000e+01,6.44435585e-01,8.92106533e+00,2.25178269e-03,5.52346458e+01,7.96062469e+01,1.86283150e+01,5.22539437e-01,6.75154030e-01
5345803-S04-156I3-A-L-B-190,20.02.2020-05:14:38,2.00000000e+00,6.33961499e-01,8.86561298e+00,1.94880541e-03,7.88829422e+01,7.96470795e+01,1.82209797e+01,2.51985013e-01,3.35549742e-01
5345803-S04-156I3-A-L-B-190,20.02.2020-05:14:41,2.10000000e+01,6.40478373e-01,8.88712692e+00,2.06406857e-03,1.13878464e+02,7.98765564e+01,1.85061207e+01,1.82289258e-01,2.42444471e-01
5345803-S04-156I3-A-L-B-190,20.02.2020-05:14:43,2.10000000e+01,6.41841531e-01,8.87833691e+00,1.75294932e-03,1.32184128e+02,7.99316025e+01,1.85399323e+01,1.40569955e-01,1.72232240e-01
5345803-S04-156I3-A-L-B-190,20.02.2020-05:15:46,2.00000000e+00,6.35512412e-01,8.84304237e+00,1.75000681e-03,1.15687538e+02,7.97216263e+01,1.82361050e+01,1.82025447e-01,2.60175586e-01
5345803-S04-156I3-A-L-B-190,20.02.2020-05:15:50,2.10000000e+01,6.41835630e-01,8.88627529e+00,1.99762196e-03,1.17448914e+02,8.00665054e+01,1.85876598e+01,1.66478276e-01,2.01925740e-01
5345803-S04-156I3-A-L-B-190,20.02.2020-05:15:52,1.00000000e+00,6.40414119e-01,8.86896420e+00,1.95811619e-03,1.24992500e+02,8.00136032e+01,1.84981308e+01,1.94473714e-01,2.69067764e-01
5345803-S04-156I3-A-L-B-190,20.02.2020-05:15:57,2.00000000e+01,6.43566370e-01,8.89272213e+00,1.72583817e-03,4.32104836e+01,8.01439285e+01,1.86693363e+01,3.98307592e-01,7.16847539e-01
5345803-S04-156I3-A-L-B-190,20.02.2020-05:44:45,2.10000000e+01,6.39822900e-01,8.88044548e+00,1.86152221e-03,1.51739441e+02,8.02147751e+01,1.85515041e+01,1.83964282e-01,4.72098261e-01
5345803-S04-156I3-A-L-B-190,20.02.2020-05:44:47,1.90000000e+01,6.45004451e-01,8.91116714e+00,1.61155814e-03,9.98745346e+01,8.03452301e+01,1.87969589e+01,2.15105087e-01,2.86496907e-01
5345803-S04-156I3-A-L-B-190,20.02.2020-05:44:49,1.90000000e+01,6.44284010e-01,8.91883755e+00,1.81193510e-03,2.34371643e+02,8.02539444e+01,1.87707748e+01,1.26894414e-01,3.18380266e-01
5345803-S04-156I3-A-L-B-190,20.02.2020-05:47:16,2.40000000e+01,6.42488837e-01,8.92716885e+00,2.25151959e-03,5.86701441e+00,7.91650085e+01,1.84817371e+01,4.53336430e+00,5.18207312e+00
5345803-S04-156I3-A-L-B-190,20.02.2020-05:47:18,2.40000000e+01,6.41688108e-01,8.91115665e+00,2.06745975e-03,4.71225452e+00,7.89211044e+01,1.83688259e+01,5.68982172e+00,6.56270075e+00
5345803-S04-156I3-A-L-B-190,20.02.2020-05:47:21,2.40000000e+01,6.41691685e-01,8.90011120e+00,2.31932290e-03,3.91115403e+00,7.85517349e+01,1.82602959e+01,6.33610630e+00,7.24936533e+00
5345803-S04-156I3-A-L-B-190,20.02.2020-05:47:23,2.40000000e+01,6.41524911e-01,8.90220261e+00,2.14152504e-03,4.78136778e+00,7.89104004e+01,1.83432140e+01,5.24658632e+00,6.00086880e+00
5345803-S04-156I3-A-L-B-190,20.02.2020-05:47:25,2.10000000e+01,6.41744077e-01,8.86596775e+00,1.92830083e-03,2.20584900e+02,7.99922104e+01,1.85253296e+01,1.79638341e-01,2.57892221e-01
5345803-S04-156I3-A-L-B-190,20.02.2020-05:47:27,2.00000000e+01,6.41716719e-01,8.89235020e+00,1.99810718e-03,8.84740906e+01,8.01391373e+01,1.86137905e+01,2.56697983e-01,3.54462385e-01
5345803-S04-156I3-A-L-B-190,20.02.2020-05:47:29,2.40000000e+01,6.41023397e-01,8.86617661e+00,1.96138234e-03,7.67307997e+00,7.95032654e+01,1.83918514e+01,2.97904301e+00,3.45426130e+00
5345803-S04-156I3-A-L-B-190,20.02.2020-05:47:31,2.40000000e+01,6.39421940e-01,8.89064121e+00,1.96318678e-03,1.10577574e+01,7.95722275e+01,1.84124813e+01,2.45405412e+00,2.88847947e+00
5345803-S04-156I3-A-L-B-190,20.02.2020-05:47:33,2.10000000e+01,6.39911473e-01,8.88602734e+00,2.01567169e-03,1.39676331e+02,7.99958420e+01,1.85150623e+01,2.13681310e-01,3.39007288e-01
5345803-S04-156I3-A-L-B-190,20.02.2020-05:47:35,2.10000000e+01,6.41483366e-01,8.91740036e+00,2.14601867e-03,6.04255142e+01,7.98703613e+01,1.85968552e+01,4.34203982e-01,5.35924375e-01
5345803-S04-156I3-A-L-B-190,20.02.2020-05:48:40,1.90000000e+01,6.42874897e-01,8.91533089e+00,1.77698175e-03,3.44660683e+01,8.02927170e+01,1.87314034e+01,6.37234509e-01,1.07106245e+00
5345803-S04-156I3-A-L-B-190,20.02.2020-05:48:43,2.40000000e+01,6.45228744e-01,8.99574852e+00,1.98247959e-03,4.83271408e+00,7.95051804e+01,1.87835045e+01,4.35280800e+00,4.96596956e+00
5345803-S04-156I3-A-L-B-190,20.02.2020-05:48:45,8.00000000e+00,6.46494925e-01,8.95861912e+00,2.02389690e-03,8.44485626e+01,8.03855362e+01,1.89502220e+01,2.81703770e-01,4.35122371e-01
5345803-S04-156I3-A-L-B-190,20.02.2020-05:48:47,8.00000000e+00,6.46401286e-01,8.95279408e+00,1.85395335e-03,5.56649971e+01,8.03153763e+01,1.89186306e+01,3.72394174e-01,5.02416790e-01
5345803-S04-156I3-A-L-B-190,20.02.2020-05:48:49,9.00000000e+00,6.45069242e-01,8.93120670e+00,1.82326173e-03,2.58162766e+01,8.02462158e+01,1.88179035e+01,8.13218892e-01,1.29677689e+00
5345803-S04-156I3-A-L-B-190,20.02.2020-05:48:51,1.90000000e+01,6.44519627e-01,8.90784073e+00,1.84138271e-03,7.38415680e+01,8.02901535e+01,1.87629471e+01,3.70381594e-01,4.46207672e-01
5345803-S04-156I3-A-L-B-190,20.02.2020-05:48:53,1.90000000e+01,6.44600630e-01,8.93307400e+00,1.77703216e-03,5.13297157e+01,8.00577621e+01,1.87639942e+01,6.30181909e-01,8.73685360e-01
5345803-S04-156I3-A-L-B-190,20.02.2020-05:48:55,9.00000000e+00,6.43652260e-01,8.94414330e+00,1.66932575e-03,5.25047569e+01,8.03422165e+01,1.88262596e+01,2.97814578e-01,3.52511287e-01
5345803-S04-156I3-A-L-B-190,20.02.2020-05:48:57,1.90000000e+01,6.43106520e-01,8.92082977e+00,1.93585339e-03,1.34418991e+02,8.02618561e+01,1.87425022e+01,2.14637309e-01,3.12819928e-01
5345803-S04-156I3-A-L-B-190,20.02.2020-05:48:59,1.90000000e+01,6.42824173e-01,8.93935108e+00,1.96015439e-03,2.65031414e+01,8.02123566e+01,1.87615910e+01,8.51360321e-01,9.86823440e-01
5345803-S04-156I3-A-L-B-190,20.02.2020-05:49:43,2.00000000e+01,6.40727043e-01,8.94293785e+00,1.77847873e-03,4.77227402e+01,8.01552582e+01,1.86945705e+01,5.95076025e-01,1.00257194e+00
5345803-S04-156I3-A-L-B-190,20.02.2020-05:49:46,8.00000000e+00,6.46252394e-01,8.99638748e+00,1.81363383e-03,8.68561096e+01,8.03444672e+01,1.90132561e+01,2.24266067e-01,2.94294119e-01
5345803-S04-156I3-A-L-B-190,20.02.2020-05:49:48,1.90000000e+01,6.43881738e-01,8.92137241e+00,1.80914777e-03,1.01097481e+02,8.02107925e+01,1.87542953e+01,1.74214154e-01,2.41217405e-01
5345803-S04-156I3-A-L-B-190,20.02.2020-05:49:50,9.00000000e+00,6.45281374e-01,8.93681145e+00,1.92472048e-03,4.19346657e+01,8.02681198e+01,1.88410454e+01,4.89699721e-01,8.77067864e-01
5345803-S04-156I3-A-L-B-190,20.02.2020-05:49:52,2.10000000e+01,6.39133036e-01,8.91360569e+00,1.93843851e-03,8.74683990e+01,8.01082611e+01,1.85759983e+01,3.05887073e-01,5.95019877e-01
5345803-S04-156I3-A-L-B-190,20.02.2020-05:49:54,2.10000000e+01,6.40432715e-01,8.92627907e+00,2.10867450e-03,1.33312469e+02,7.99260330e+01,1.85978355e+01,2.43286014e-01,5.55882514e-01
5345803-S04-156I3-A-L-B-190,20.02.2020-05:49:56,2.00000000e+01,6.41943932e-01,8.91285324e+00,1.83076097e-03,1.34746384e+02,8.02716599e+01,1.86941738e+01,1.61900878e-01,1.94743156e-01
5345803-S04-156I3-A-L-B-190,20.02.2020-05:49:58,2.00000000e+01,6.41442180e-01,8.90727901e+00,2.03382154e-03,2.58636971e+01,8.00266724e+01,1.86109085e+01,7.32807875e-01,8.46523702e-01
5345803-S04-156I3-A-L-B-190,20.02.2020-05:50:00,1.90000000e+01,6.41590655e-01,8.91663551e+00,1.80056947e-03,1.12477448e+02,8.03156509e+01,1.87020588e+01,1.33981705e-01,1.63948104e-01
5345803-S04-156I3-A-L-B-190,20.02.2020-05:50:02,2.00000000e+01,6.41906083e-01,8.89762688e+00,2.09709466e-03,5.55376434e+01,8.02360077e+01,1.86528511e+01,4.04607743e-01,7.38048911e-01
5345803-S04-156I3-A-L-B-190,20.02.2020-05:51:07,1.90000000e+01,6.43717289e-01,8.91623878e+00,2.13454780e-03,1.86165894e+02,8.02150421e+01,1.87397099e+01,1.79717407e-01,4.52564746e-01
5345803-S04-156I3-A-L-B-190,20.02.2020-05:51:09,2.00000000e+01,6.41557097e-01,8.91964626e+00,1.98911689e-03,3.59718475e+01,7.99547119e+01,1.86233234e+01,7.73112893e-01,9.85546947e-01
5345803-S04-156I3-A-L-B-190,20.02.2020-05:51:11,1.00000000e+00,6.39313638e-01,8.89114952e+00,2.25653453e-03,4.42413597e+01,7.95436096e+01,1.84037933e+01,5.71769297e-01,8.90162408e-01
5345803-S04-156I3-A-L-B-190,20.02.2020-05:51:14,1.00000000e+00,6.39918745e-01,8.88904190e+00,1.99808879e-03,1.27488220e+02,7.97077026e+01,1.84548378e+01,2.16301382e-01,4.93447691e-01
5345803-S04-156I3-A-L-B-190,20.02.2020-05:51:16,1.90000000e+01,6.44052386e-01,8.90350723e+00,2.03022384e-03,1.21943825e+02,8.03450851e+01,1.87530441e+01,2.41038963e-01,3.59518081e-01
5345803-S04-156I3-A-L-B-190,20.02.2020-05:51:18,2.00000000e+01,6.42670155e-01,8.89137459e+00,2.06511002e-03,4.62328339e+01,8.00115280e+01,1.86097164e+01,6.29432321e-01,7.52609909e-01
5345803-S04-156I3-A-L-B-190,20.02.2020-05:51:20,2.00000000e+01,6.44133270e-01,8.89395428e+00,2.00849376e-03,2.33150311e+01,8.00892639e+01,1.86756248e+01,1.08439124e+00,1.35260022e+00
5345803-S04-156I3-A-L-B-190,20.02.2020-05:51:22,1.90000000e+01,6.42666876e-01,8.91494846e+00,1.87729648e-03,1.01505379e+02,8.04085312e+01,1.87515450e+01,1.98943838e-01,4.97814357e-01
5345803-S04-156I3-A-L-B-190,20.02.2020-05:51:24,8.00000000e+00,6.45235002e-01,8.95772457e+00,1.98961701e-03,7.90612717e+01,8.04315262e+01,1.89222221e+01,2.85862923e-01,5.32704890e-01
5345803-S04-156I3-A-L-B-190,20.02.2020-05:51:26,1.90000000e+01,6.44669890e-01,8.92955112e+00,1.86126144e-03,2.55016899e+01,8.01335144e+01,1.87763596e+01,8.55301261e-01,1.02113104e+00
5345803-S04-156I3-A-L-B-190,20.02.2020-05:51:49,9.00000000e+00,6.44218624e-01,8.94828129e+00,1.84918020e-03,9.99581223e+01,8.01630554e+01,1.88095055e+01,2.83090055e-01,3.64325941e-01
5345803-S04-156I3-A-L-B-190,20.02.2020-05:51:51,1.90000000e+01,6.42727971e-01,8.92246437e+00,1.93594804e-03,1.02407143e+02,8.02075500e+01,1.87222252e+01,3.80406648e-01,5.08164465e-01
5345803-S04-156I3-A-L-B-190,20.02.2020-05:51:53,8.00000000e+00,6.46217406e-01,8.96327305e+00,1.74519850e-03,1.65686310e+02,8.04967422e+01,1.89781456e+01,2.53664464e-01,3.42689961e-01
5345803-S04-156I3-A-L-B-190,20.02.2020-05:51:56,9.00000000e+00,6.44968271e-01,8.96113586e+00,1.93467829e-03,2.63374451e+02,8.03419647e+01,1.89005337e+01,1.86797723e-01,2.47353435e-01
5345803-S04-156I3-A-L-B-190,20.02.2020-05:51:58,8.00000000e+00,6.45517886e-01,8.96936512e+00,1.72380742e-03,1.89332550e+02,8.04862976e+01,1.89680271e+01,2.83531070e-01,3.57849598e-01
5345803-S04-156I3-A-L-B-190,20.02.2020-05:52:00,1.90000000e+01,6.43548429e-01,8.96591949e+00,2.16440181e-03,1.20237755e+02,7.99871674e+01,1.87856655e+01,3.04920763e-01,3.81266028e-01
5345803-S04-156I3-A-L-B-190,20.02.2020-05:52:04,1.90000000e+01,6.43950403e-01,8.93686962e+00,1.86185143e-03,1.21565392e+02,8.02001572e+01,1.87863846e+01,2.81187236e-01,3.74367118e-01
5345803-S04-156I3-A-L-B-190,20.02.2020-05:52:06,2.40000000e+01,6.44001424e-01,8.91670513e+00,1.87662162e-03,7.33978605e+00,7.96466446e+01,1.86161079e+01,3.75781250e+00,4.27934408e+00
5345803-S04-156I3-A-L-B-190,20.02.2020-05:52:08,1.40000000e+01,6.42805398e-01,8.98213959e+00,2.14070478e-03,1.65343761e+01,7.95732956e+01,1.87006569e+01,1.58168697e+00,1.87927866e+00
5345803-S04-156I3-A-L-B-190,20.02.2020-05:52:10,1.40000000e+01,6.42453671e-01,8.97779655e+00,1.89045037e-03,1.10844469e+01,7.97959442e+01,1.87336578e+01,1.96964145e+00,2.28333378e+00
5345803-S04-156I3-A-L-B-190,20.02.2020-05:13:35,7.00000000e+00,6.48214757e-01,8.96734810e+00,1.90145290e-03,2.30541367e+02,8.03946686e+01,1.90213089e+01,2.20456094e-01,3.91274750e-01
5345803-S04-156I3-A-L-B-190,20.02.2020-05:13:37,2.00000000e+01,6.43885314e-01,8.91005135e+00,1.83850154e-03,9.72625580e+01,7.98955841e+01,1.86569958e+01,3.09913009e-01,4.14678693e-01
5345803-S04-156I3-A-L-B-190,20.02.2020-05:13:39,2.00000000e+01,6.40037239e-01,8.99424458e+00,1.73591322e-03,1.97228973e+02,7.96404800e+01,1.86609631e+01,1.73332050e-01,2.33387038e-01
5345803-S04-156I3-A-L-B-190,20.02.2020-05:13:42,9.00000000e+00,6.46407485e-01,8.94032955e+00,2.04113196e-03,4.13157318e+02,8.00381851e+01,1.88272686e+01,7.80255571e-02,1.23244181e-01
5345803-S04-156I3-A-L-B-190,20.02.2020-05:13:44,2.00000000e+01,6.43177271e-01,8.89053059e+00,2.21824157e-03,2.35897247e+02,8.00364838e+01,1.86284428e+01,1.25819325e-01,1.76034927e-01
5345803-S04-156I3-A-L-B-190,20.02.2020-05:13:46,1.90000000e+01,6.45384967e-01,8.93304062e+00,2.15462525e-03,3.24013275e+02,8.00262146e+01,1.87793522e+01,1.45327166e-01,2.24738106e-01
5345803-S04-156I3-A-L-B-190,20.02.2020-05:13:48,8.00000000e+00,6.47008419e-01,8.93932724e+00,1.87208457e-03,9.76023331e+01,8.03442459e+01,1.89147129e+01,3.50491732e-01,5.06197393e-01
5345803-S04-156I3-A-L-B-190,20.02.2020-05:13:50,8.00000000e+00,6.47975683e-01,8.95142555e+00,1.99537864e-03,1.25825233e+02,8.02401123e+01,1.89440422e+01,2.51612425e-01,4.69905466e-01
5345803-S04-156I3-A-L-B-190,20.02.2020-05:13:52,2.00000000e+01,6.43712997e-01,8.90380669e+00,1.96201913e-03,9.64278030e+01,7.98460617e+01,1.86273746e+01,3.87802690e-01,6.37387812e-01
5345803-S04-156I3-A-L-B-190,20.02.2020-05:13:54,2.00000000e+01,6.43552601e-01,8.91573238e+00,2.19447003e-03,2.51923447e+02,7.99302673e+01,1.86673431e+01,1.45773485e-01,3.16182822e-01
5345803-S04-156I3-A-L-B-190,20.02.2020-05:44:51,2.10000000e+01,6.38496578e-01,8.89432526e+00,1.87099737e-03,1.15319351e+02,8.02886276e+01,1.85590515e+01,2.06904382e-01,4.20168370e-01
5345803-S04-156I3-A-L-B-190,20.02.2020-05:44:53,1.90000000e+01,6.43280387e-01,8.93254280e+00,1.90429483e-03,8.93325806e+01,8.02375107e+01,1.87664928e+01,2.76171386e-01,7.16279447e-01
5345803-S04-156I3-A-L-B-190,20.02.2020-05:44:56,8.00000000e+00,6.45332992e-01,8.97653484e+00,1.94823043e-03,4.77503815e+01,8.02273865e+01,1.89167042e+01,5.06690502e-01,6.06236935e-01
5345803-S04-156I3-A-L-B-190,20.02.2020-05:44:58,3.00000000e+00,6.31762028e-01,8.84877300e+00,1.96684059e-03,4.41741867e+01,7.95454330e+01,1.81001434e+01,7.43239105e-01,1.47696400e+00
5345803-S04-156I3-A-L-B-190,20.02.2020-05:45:00,1.90000000e+01,6.42481506e-01,8.92504311e+00,1.95003639e-03,4.82217331e+01,8.04578781e+01,1.87788811e+01,5.32657087e-01,7.92188466e-01
5345803-S04-156I3-A-L-B-190,20.02.2020-05:45:02,1.90000000e+01,6.43115878e-01,8.91586590e+00,2.12482712e-03,5.77229080e+01,8.02268982e+01,1.87241859e+01,4.06316131e-01,6.78434193e-01
5345803-S04-156I3-A-L-B-190,20.02.2020-05:45:04,1.90000000e+01,6.43844187e-01,8.94906616e+00,1.96184288e-03,3.71285934e+01,7.98929138e+01,1.87368660e+01,6.05329633e-01,6.97036028e-01
5345803-S04-156I3-A-L-B-190,20.02.2020-05:45:06,2.10000000e+01,6.39594078e-01,8.87900829e+00,2.15033232e-03,4.99942894e+01,8.01953278e+01,1.85373707e+01,4.72727925e-01,7.35632002e-01
5345803-S04-156I3-A-L-B-190,20.02.2020-05:45:08,1.90000000e+01,6.44375086e-01,8.93081188e+00,2.32426310e-03,1.08195892e+02,8.00467072e+01,1.87500896e+01,2.30995655e-01,3.42988014e-01
5345803-S04-156I3-A-L-B-190,20.02.2020-05:45:10,9.00000000e+00,6.43287539e-01,8.93827724e+00,1.85688992e-03,1.22711838e+02,8.04892578e+01,1.88376656e+01,2.02804431e-01,3.38072777e-01
5345803-S04-156I3-A-L-B-190,20.02.2020-05:47:58,1.40000000e+01,6.44929409e-01,8.92476463e+00,1.68184668e-03,1.87557354e+01,8.03158875e+01,1.88165760e+01,1.20239902e+00,1.68935716e+00
5345803-S04-156I3-A-L-B-190,20.02.2020-05:48:01,9.00000000e+00,6.44799173e-01,8.92926884e+00,1.87790499e-03,1.01848015e+02,8.04964752e+01,1.88645935e+01,2.05586359e-01,5.76299727e-01
5345803-S04-156I3-A-L-B-190,20.02.2020-05:48:03,1.90000000e+01,6.43182695e-01,8.89932632e+00,1.85536372e-03,5.90698776e+01,8.03087311e+01,1.87104588e+01,3.56938422e-01,4.52090234e-01
5345803-S04-156I3-A-L-B-190,20.02.2020-05:48:05,9.00000000e+00,6.44901872e-01,8.93371773e+00,1.71282259e-03,7.43782425e+01,8.05695648e+01,1.88941383e+01,4.00250614e-01,7.95324981e-01
5345803-S04-156I3-A-L-B-190,20.02.2020-05:48:07,2.40000000e+01,6.42129183e-01,8.90888882e+00,2.09683599e-03,8.29036236e+00,7.96995087e+01,1.85580235e+01,2.70431018e+00,3.46401310e+00
5345803-S04-156I3-A-L-B-190,20.02.2020-05:48:09,9.00000000e+00,6.45089328e-01,8.93726158e+00,1.68167462e-03,8.25592728e+01,8.03973541e+01,1.88667145e+01,3.06935936e-01,5.59996784e-01
5345803-S04-156I3-A-L-B-190,20.02.2020-05:48:11,9.00000000e+00,6.45791829e-01,8.92690468e+00,1.78760279e-03,1.23415062e+02,8.04905243e+01,1.88872337e+01,2.21121237e-01,5.00304818e-01
5345803-S04-156I3-A-L-B-190,20.02.2020-05:48:13,1.90000000e+01,6.44541621e-01,8.92259312e+00,2.09283526e-03,2.44473022e+02,8.00357132e+01,1.87351036e+01,1.48138031e-01,2.29407609e-01
5345803-S04-156I3-A-L-B-190,20.02.2020-05:48:15,9.00000000e+00,6.46548092e-01,8.95986938e+00,2.53226492e-03,2.13289490e+02,7.98546906e+01,1.88292561e+01,1.26124024e-01,1.70064017e-01
5345803-S04-156I3-A-L-B-190,20.02.2020-05:48:17,1.90000000e+01,6.44518137e-01,8.92892075e+00,2.18045339e-03,2.54862366e+02,7.98867874e+01,1.87128220e+01,1.07863814e-01,2.15771750e-01
5345803-S04-156I3-A-L-B-190,20.02.2020-05:49:01,9.00000000e+00,6.44835711e-01,8.94932461e+00,1.82039384e-03,7.21231232e+01,8.04260330e+01,1.88914890e+01,3.28639001e-01,5.15320241e-01
5345803-S04-156I3-A-L-B-190,20.02.2020-05:49:04,1.90000000e+01,6.42613769e-01,8.90777588e+00,1.77599548e-03,1.22771729e+02,8.05101700e+01,1.87585926e+01,2.34075442e-01,5.45137823e-01
5345803-S04-156I3-A-L-B-190,20.02.2020-05:49:06,1.90000000e+01,6.43537939e-01,8.94896603e+00,2.01183301e-03,5.09289970e+01,8.00717545e+01,1.87696648e+01,4.97634351e-01,5.79125404e-01
5345803-S04-156I3-A-L-B-190,20.02.2020-05:49:08,2.00000000e+01,6.41869247e-01,8.91128731e+00,1.89864321e-03,1.08708801e+02,8.00099564e+01,1.86277847e+01,2.50436217e-01,3.54936302e-01
5345803-S04-156I3-A-L-B-190,20.02.2020-05:49:10,1.00000000e+00,6.39431298e-01,8.87955189e+00,2.24663923e-03,1.19847290e+02,7.97658615e+01,1.84345341e+01,2.07236826e-01,2.44013786e-01
5345803-S04-156I3-A-L-B-190,20.02.2020-05:49:12,1.00000000e+00,6.39976799e-01,8.88822174e+00,1.92443829e-03,8.51660156e+01,7.98825455e+01,1.84952946e+01,2.43901089e-01,2.86505491e-01
5345803-S04-156I3-A-L-B-190,20.02.2020-05:49:14,2.00000000e+01,6.42579734e-01,8.92955303e+00,2.24340986e-03,1.08540741e+02,7.97652283e+01,1.86294727e+01,2.96091557e-01,4.49243993e-01
5345803-S04-156I3-A-L-B-190,20.02.2020-05:49:16,2.10000000e+01,6.41299844e-01,8.90071869e+00,2.31352053e-03,9.48621597e+01,7.98069534e+01,1.85420246e+01,2.62907028e-01,3.09362471e-01
5345803-S04-156I3-A-L-B-190,20.02.2020-05:49:18,2.10000000e+01,6.40520513e-01,8.87301445e+00,1.91783253e-03,5.97887535e+01,8.02920990e+01,1.85740757e+01,5.11340022e-01,6.58888936e-01
5345803-S04-156I3-A-L-B-190,20.02.2020-05:49:20,2.10000000e+01,6.41684890e-01,8.88430595e+00,2.12227739e-03,9.37434540e+01,8.00256500e+01,1.85696926e+01,3.21802050e-01,3.77958506e-01
5345803-S04-156I3-A-L-B-190,20.02.2020-05:50:04,1.90000000e+01,6.41950965e-01,8.92324543e+00,1.85833010e-03,5.28356056e+01,8.02812042e+01,1.87184010e+01,4.75620270e-01,8.79675508e-01
5345803-S04-156I3-A-L-B-190,20.02.2020-05:50:06,2.00000000e+01,6.43365502e-01,8.92337036e+00,1.83110766e-03,2.43525257e+01,7.99695129e+01,1.86870747e+01,7.20472217e-01,8.95826876e-01
5345803-S04-156I3-A-L-B-190,20.02.2020-05:50:09,8.00000000e+00,6.46382630e-01,8.96762943e+00,1.83196727e-03,8.96138153e+01,8.04214554e+01,1.89744606e+01,4.92814451e-01,6.19354129e-01
5345803-S04-156I3-A-L-B-190,20.02.2020-05:50:11,1.90000000e+01,6.44201636e-01,8.93897343e+00,2.04199133e-03,5.23346214e+01,8.01501389e+01,1.87864170e+01,6.71361029e-01,7.95990288e-01
5345803-S04-156I3-A-L-B-190,20.02.2020-05:50:13,2.00000000e+01,6.42935157e-01,8.91628838e+00,2.10178946e-03,6.79870911e+01,7.99736710e+01,1.86607246e+01,4.22953397e-01,5.32947898e-01
5345803-S04-156I3-A-L-B-190,20.02.2020-05:50:15,2.00000000e+01,6.42660439e-01,8.91290569e+00,2.28788052e-03,1.08968918e+02,7.99162521e+01,1.86322861e+01,3.63973379e-01,5.05152941e-01
5345803-S04-156I3-A-L-B-190,20.02.2020-05:50:17,1.90000000e+01,6.43691480e-01,8.91597748e+00,1.92453247e-03,7.64941254e+01,8.01696320e+01,1.87278023e+01,4.44899052e-01,5.76795459e-01
5345803-S04-156I3-A-L-B-190,20.02.2020-05:50:19,1.90000000e+01,6.43934667e-01,8.94633007e+00,1.79870857e-03,5.11659241e+01,8.01482391e+01,1.87936401e+01,5.96513689e-01,7.07974374e-01
5345803-S04-156I3-A-L-B-190,20.02.2020-05:50:21,1.90000000e+01,6.43770874e-01,8.92488098e+00,1.99210062e-03,7.39255829e+01,8.01434784e+01,1.87427006e+01,5.24587870e-01,6.77092373e-01
5345803-S04-156I3-A-L-B-190,20.02.2020-05:50:23,1.90000000e+01,6.43957078e-01,8.92009449e+00,1.89823203e-03,5.35743294e+01,8.01602707e+01,1.87419910e+01,5.22445023e-01,6.64868712e-01
5345803-S04-156I3-A-L-B-190,20.02.2020-05:51:28,9.00000000e+00,6.44316077e-01,8.95653343e+00,1.93122134e-03,6.19399300e+01,8.02161560e+01,1.88421726e+01,3.06229353e-01,5.10632753e-01
5345803-S04-156I3-A-L-B-190,20.02.2020-05:51:30,1.90000000e+01,6.43541873e-01,8.91544247e+00,1.76264159e-03,7.26086960e+01,8.04355011e+01,1.87844162e+01,2.75002986e-01,5.46716392e-01
5345803-S04-156I3-A-L-B-190,20.02.2020-05:51:32,2.10000000e+01,6.40413642e-01,8.86105824e+00,1.46438344e-03,7.73961258e+01,8.03923645e+01,1.85691147e+01,3.88462394e-01,1.56817043e+00
5345803-S04-156I3-A-L-B-190,20.02.2020-05:51:35,2.10000000e+01,6.40009224e-01,8.92335510e+00,1.95955858e-03,8.15041046e+01,7.98550568e+01,1.85629520e+01,3.53842944e-01,6.77981615e-01
5345803-S04-156I3-A-L-B-190,20.02.2020-05:51:37,2.40000000e+01,6.43128872e-01,8.92687988e+00,1.93547760e-03,8.25359726e+00,7.95651550e+01,1.85930557e+01,3.93561268e+00,4.53322935e+00
5345803-S04-156I3-A-L-B-190,20.02.2020-05:51:39,2.40000000e+01,6.45729840e-01,8.94425964e+00,1.95585797e-03,4.40727329e+00,7.92347641e+01,1.86269264e+01,6.73022604e+00,7.64074802e+00
5345803-S04-156I3-A-L-B-190,20.02.2020-05:51:41,8.00000000e+00,6.45978808e-01,8.96198463e+00,1.97675102e-03,1.37677704e+02,8.04151230e+01,1.89491806e+01,2.29989290e-01,2.75925189e-01
5345803-S04-156I3-A-L-B-190,20.02.2020-05:51:43,7.00000000e+00,6.47185087e-01,9.00789165e+00,2.06408952e-03,1.27285538e+02,8.01865997e+01,1.90275822e+01,2.08353117e-01,2.38804922e-01
5345803-S04-156I3-A-L-B-190,20.02.2020-05:51:45,1.90000000e+01,6.43520415e-01,8.94107533e+00,1.93258771e-03,1.74128250e+02,8.02312317e+01,1.87899570e+01,2.40692124e-01,3.28190327e-01
5345803-S04-156I3-A-L-B-190,20.02.2020-05:51:47,7.00000000e+00,6.47626996e-01,9.02472496e+00,1.96212600e-03,1.48668625e+02,8.01873016e+01,1.90763245e+01,1.74452946e-01,2.01673657e-01
5345803-S04-156I3-A-L-B-190,20.02.2020-05:52:12,2.40000000e+01,6.41569614e-01,8.92102718e+00,1.70156010e-03,7.24513960e+00,7.98373947e+01,1.85992393e+01,3.81385326e+00,4.53068113e+00
5345803-S04-156I3-A-L-B-190,20.02.2020-05:52:15,1.90000000e+01,6.41812086e-01,8.92812538e+00,1.88033283e-03,1.07423111e+02,8.04002991e+01,1.87523651e+01,3.29006165e-01,5.45613885e-01
5345803-S04-156I3-A-L-B-190,20.02.2020-05:52:17,1.90000000e+01,6.42779052e-01,8.92297268e+00,1.80276751e-03,6.39106674e+01,8.04279785e+01,1.87762375e+01,4.19260234e-01,5.05901515e-01
5345803-S04-156I3-A-L-B-190,20.02.2020-05:52:19,1.90000000e+01,6.43901706e-01,8.93068695e+00,1.84055127e-03,6.69101944e+01,8.02742767e+01,1.87893181e+01,3.82876903e-01,4.68625098e-01
5345803-S04-156I3-A-L-B-190,20.02.2020-05:52:21,9.00000000e+00,6.43159986e-01,8.98561764e+00,2.03493261e-03,7.07451477e+01,7.99660568e+01,1.88106060e+01,4.17471528e-01,4.88538235e-01
5345803-S04-156I3-A-L-B-190,20.02.2020-05:52:23,2.00000000e+01,6.43036425e-01,8.91155338e+00,2.08816421e-03,1.39039032e+02,8.01209564e+01,1.86881084e+01,2.53082216e-01,3.59909505e-01
5345803-S04-156I3-A-L-B-190,20.02.2020-05:52:25,2.10000000e+01,6.39920533e-01,8.86797619e+00,1.80528301e-03,8.51388092e+01,8.02109070e+01,1.85273895e+01,3.23943943e-01,1.09007633e+00
5345803-S04-156I3-A-L-B-190,20.02.2020-05:52:27,2.00000000e+01,6.40998721e-01,8.89612293e+00,1.82494661e-03,1.02789177e+02,8.03402405e+01,1.86475277e+01,2.38570914e-01,8.59919488e-01
5345803-S04-156I3-A-L-B-190,20.02.2020-05:52:29,1.90000000e+01,6.43700063e-01,8.93039417e+00,2.07873643e-03,1.21200493e+02,8.01405334e+01,1.87515259e+01,2.72642612e-01,3.97627324e-01
5345803-S04-156I3-A-L-B-190,20.02.2020-05:52:31,9.00000000e+00,6.45046115e-01,8.93040371e+00,2.06675660e-03,1.13232018e+02,8.02324677e+01,1.88123131e+01,2.12212071e-01,2.57528991e-01
5345803-S04-156I3-A-L-B-190,20.02.2020-05:52:55,7.00000000e+00,6.47487581e-01,9.01252460e+00,1.95637601e-03,2.55741119e+02,8.03455200e+01,1.90840149e+01,1.09718338e-01,2.92901486e-01
5345803-S04-156I3-A-L-B-190,20.02.2020-05:52:57,1.90000000e+01,6.39879584e-01,8.91383648e+00,1.69142685e-03,1.65622025e+02,8.07244873e+01,1.87412434e+01,1.78616062e-01,3.57435971e-01
5345803-S04-156I3-A-L-B-190,20.02.2020-05:52:59,7.00000000e+00,6.46933615e-01,8.99314594e+00,1.80233933e-03,4.13925842e+02,8.05829544e+01,1.90829163e+01,8.81766602e-02,3.86274755e-01
5345803-S04-156I3-A-L-B-190,20.02.2020-05:53:01,8.00000000e+00,6.46635413e-01,8.98231602e+00,1.62267801e-03,2.27388443e+02,8.04370575e+01,1.90166588e+01,1.40883401e-01,2.47276947e-01
5345803-S04-156I3-A-L-B-190,20.02.2020-05:53:03,8.00000000e+00,6.46025181e-01,8.97780228e+00,2.17340654e-03,2.81833130e+02,8.03431396e+01,1.89669933e+01,1.07035503e-01,3.83081973e-01
5345803-S04-156I3-A-L-B-190,20.02.2020-05:53:05,8.00000000e+00,6.44741535e-01,8.97480202e+00,1.90520275e-03,1.23297966e+02,8.03081512e+01,1.89147396e+01,2.03128412e-01,3.10072809e-01
5345803-S04-156I3-A-L-B-190,20.02.2020-05:53:07,8.00000000e+00,6.44532263e-01,8.99609375e+00,1.77948177e-03,4.48516479e+02,8.04354019e+01,1.89834900e+01,6.20699078e-02,2.14219868e-01
5345803-S04-156I3-A-L-B-190,20.02.2020-05:53:09,1.90000000e+01,6.42562330e-01,8.94110203e+00,1.83226715e-03,1.27870583e+02,8.02096176e+01,1.87569828e+01,2.30461791e-01,4.16205198e-01
5345803-S04-156I3-A-L-B-190,20.02.2020-05:53:11,8.00000000e+00,6.45246685e-01,9.00003433e+00,1.68136915e-03,4.32581329e+02,8.02338638e+01,1.89652195e+01,1.04884639e-01,2.27335185e-01
5345803-S04-156I3-A-L-B-190,20.02.2020-05:53:14,9.00000000e+00,6.44969285e-01,8.95940781e+00,1.57621212e-03,1.49966965e+02,8.01849899e+01,1.88599949e+01,1.51890725e-01,1.80975094e-01
5345803-S04-156I3-A-L-B-190,20.02.2020-05:13:56,2.00000000e+01,6.42816424e-01,8.90279102e+00,1.94109883e-03,1.62713104e+02,7.99232254e+01,1.86172867e+01,2.67645240e-01,3.51060778e-01
5345803-S04-156I3-A-L-B-190,20.02.2020-05:13:58,9.00000000e+00,6.45625770e-01,8.95139408e+00,2.19826796e-03,1.22977173e+02,7.99625397e+01,1.88099785e+01,3.46516967e-01,4.96854126e-01
5345803-S04-156I3-A-L-B-190,20.02.2020-05:14:00,9.00000000e+00,6.46453321e-01,8.95691872e+00,2.01273500e-03,3.57864380e+02,8.01160049e+01,1.88818817e+01,1.33859679e-01,2.07799762e-01
5345803-S04-156I3-A-L-B-190,20.02.2020-05:14:02,1.90000000e+01,6.44275665e-01,8.93075943e+00,1.72860234e-03,1.39246262e+02,8.00183105e+01,1.87404346e+01,2.56604403e-01,3.82024497e-01
5345803-S04-156I3-A-L-B-190,20.02.2020-05:14:05,2.00000000e+01,6.43410981e-01,8.90746975e+00,1.75575912e-03,1.40766617e+02,7.99146194e+01,1.86422901e+01,2.09078580e-01,2.62158036e-01
5345803-S04-156I3-A-L-B-190,20.02.2020-05:14:07,2.00000000e+01,6.43168628e-01,8.90370560e+00,1.55513990e-03,9.38455582e+01,8.00953064e+01,1.86695118e+01,2.62265831e-01,3.21398944e-01
5345803-S04-156I3-A-L-B-190,20.02.2020-05:14:09,2.00000000e+01,6.42327905e-01,8.91001892e+00,1.77399360e-03,1.38475464e+02,7.99876404e+01,1.86332455e+01,2.36283317e-01,3.46224904e-01
5345803-S04-156I3-A-L-B-190,20.02.2020-05:14:11,2.00000000e+01,6.43505096e-01,8.92229652e+00,2.03513005e-03,1.50321182e+02,7.99429398e+01,1.86826706e+01,2.53145486e-01,3.82810861e-01
5345803-S04-156I3-A-L-B-190,20.02.2020-05:14:13,1.00000000e+00,6.39933467e-01,8.90194798e+00,1.97968516e-03,1.96697205e+02,7.96419601e+01,1.84668140e+01,2.07550436e-01,5.17759740e-01
5345803-S04-156I3-A-L-B-190,20.02.2020-05:14:15,2.00000000e+01,6.43247604e-01,8.90811348e+00,2.02907179e-03,2.05117462e+02,7.99704514e+01,1.86519241e+01,1.33082211e-01,2.74847806e-01
5345803-S04-156I3-A-L-B-190,20.02.2020-05:50:25,7.00000000e+00,6.47090793e-01,9.00630379e+00,1.97806489e-03,4.66829605e+01,8.01957703e+01,1.90236320e+01,5.35087287e-01,6.11032844e-01
5345803-S04-156I3-A-L-B-190,20.02.2020-05:50:27,2.00000000e+01,6.42346561e-01,8.89255333e+00,1.82455918e-03,2.43310719e+01,8.02311935e+01,1.86538868e+01,1.22261703e+00,1.40166140e+00
5345803-S04-156I3-A-L-B-190,20.02.2020-05:50:29,9.00000000e+00,6.44834399e-01,8.96502590e+00,2.09284970e-03,2.77262192e+01,8.00447464e+01,1.88348770e+01,9.83250618e-01,1.14552927e+00
5345803-S04-156I3-A-L-B-190,20.02.2020-05:50:32,2.00000000e+01,6.43063486e-01,8.91265678e+00,2.02610600e-03,3.50552025e+01,8.00320969e+01,1.86704769e+01,9.52334702e-01,1.08971155e+00
5345803-S04-156I3-A-L-B-190,20.02.2020-05:50:34,8.00000000e+00,6.46935523e-01,8.96211529e+00,1.81954284e-03,3.49809074e+01,8.03665619e+01,1.89660606e+01,1.02463126e+00,1.17109454e+00
5345803-S04-156I3-A-L-B-190,20.02.2020-05:50:36,2.40000000e+01,6.44798994e-01,8.93925476e+00,1.78853481e-03,5.56448030e+00,7.94407730e+01,1.86380005e+01,5.69599724e+00,6.46908188e+00
5345803-S04-156I3-A-L-B-190,20.02.2020-05:50:38,2.00000000e+01,6.41886652e-01,8.89289665e+00,1.65641005e-03,2.80975952e+01,8.01811295e+01,1.86296177e+01,1.02338970e+00,1.33999991e+00
5345803-S04-156I3-A-L-B-190,20.02.2020-05:50:40,2.00000000e+01,6.41631603e-01,8.86750984e+00,1.76286662e-03,1.03449799e+02,8.04157562e+01,1.86233921e+01,2.57933199e-01,8.20026338e-01
5345803-S04-156I3-A-L-B-190,20.02.2020-05:50:42,2.10000000e+01,6.40999675e-01,8.88022900e+00,1.84820883e-03,8.76379013e+01,8.01376190e+01,1.85672951e+01,2.69026339e-01,6.09153330e-01
5345803-S04-156I3-A-L-B-190,20.02.2020-05:50:44,1.90000000e+01,6.43099606e-01,8.93047523e+00,1.90913980e-03,6.84068680e+01,8.03259888e+01,1.87775593e+01,3.05364907e-01,5.77965736e-01
5345803-S04-156I3-A-L-B-190,20.02.2020-05:52:34,9.00000000e+00,6.45408511e-01,8.95032120e+00,1.76786340e-03,1.21766342e+02,8.02712479e+01,1.88739815e+01,2.19153062e-01,2.70977527e-01
5345803-S04-156I3-A-L-B-190,20.02.2020-05:52:36,9.00000000e+00,6.44639075e-01,8.93328571e+00,1.83265936e-03,6.34258614e+01,8.02221680e+01,1.88040943e+01,4.49377894e-01,5.51516891e-01
5345803-S04-156I3-A-L-B-190,20.02.2020-05:52:38,2.10000000e+01,6.42388403e-01,8.87987232e+00,2.21599103e-03,9.12146835e+01,7.97714233e+01,1.85217476e+01,2.89031446e-01,5.20833254e-01
5345803-S04-156I3-A-L-B-190,20.02.2020-05:52:40,1.90000000e+01,6.43377006e-01,8.94057465e+00,1.86313363e-03,1.79806244e+02,8.01595688e+01,1.87679386e+01,2.03915551e-01,2.78052181e-01
5345803-S04-156I3-A-L-B-190,20.02.2020-05:52:42,7.00000000e+00,6.47315204e-01,8.99367905e+00,1.67917670e-03,3.47168152e+02,8.03715820e+01,1.90452156e+01,6.35061339e-02,1.22607164e-01
5345803-S04-156I3-A-L-B-190,20.02.2020-05:52:44,1.90000000e+01,6.42741442e-01,8.91506290e+00,1.85213401e-03,2.00849152e+02,8.02359695e+01,1.87137146e+01,2.34242171e-01,1.50255799e+00
5345803-S04-156I3-A-L-B-190,20.02.2020-05:52:46,1.90000000e+01,6.44601345e-01,8.95397663e+00,2.04367074e-03,2.34952271e+02,7.99972916e+01,1.87937145e+01,1.77502096e-01,6.76685274e-01
5345803-S04-156I3-A-L-B-190,20.02.2020-05:52:48,7.00000000e+00,6.47524953e-01,8.99748898e+00,1.70272414e-03,9.72934952e+01,8.04842758e+01,1.90861835e+01,2.01021150e-01,4.94531780e-01
5345803-S04-156I3-A-L-B-190,20.02.2020-05:52:50,7.00000000e+00,6.48667872e-01,9.00281048e+00,1.76373986e-03,1.67361099e+02,8.05149765e+01,1.91384773e+01,1.30868226e-01,2.73750722e-01
5345803-S04-156I3-A-L-B-190,20.02.2020-05:52:52,1.90000000e+01,6.43937886e-01,8.93697166e+00,2.03737593e-03,2.97438721e+02,8.02399979e+01,1.87955685e+01,1.94036081e-01,9.69279945e-01
5345803-S04-156I3-A-L-B-190,20.02.2020-05:53:16,8.00000000e+00,6.45550251e-01,9.00328541e+00,1.81247760e-03,2.26232178e+02,8.03533478e+01,1.90092621e+01,1.12987101e-01,2.28387386e-01
5345803-S04-156I3-A-L-B-190,20.02.2020-05:53:18,2.00000000e+01,6.42481446e-01,8.92564392e+00,1.50061876e-03,1.20666588e+02,7.99326706e+01,1.86575527e+01,1.51746199e-01,1.83779672e-01
5345803-S04-156I3-A-L-B-190,20.02.2020-05:53:20,1.90000000e+01,6.37482405e-01,8.99398804e+00,1.94213842e-03,5.66359741e+02,8.02598190e+01,1.87304783e+01,9.57338586e-02,2.16680020e-01
5345803-S04-156I3-A-L-B-190,20.02.2020-05:53:22,9.00000000e+00,6.43943250e-01,8.95818901e+00,1.81946368e-03,2.92982422e+02,8.03620071e+01,1.88689957e+01,3.11904222e-01,1.57584143e+00
5345803-S04-156I3-A-L-B-190,20.02.2020-05:53:24,9.00000000e+00,6.46683216e-01,8.94105530e+00,1.84961967e-03,3.05776123e+02,8.02101822e+01,1.88773098e+01,7.51822293e-02,2.15644240e-01
5345803-S04-156I3-A-L-B-190,20.02.2020-05:53:26,7.00000000e+00,6.46209896e-01,9.00644779e+00,1.73852709e-03,1.36390945e+02,8.04265060e+01,1.90527000e+01,1.65048614e-01,2.39749223e-01
5345803-S04-156I3-A-L-B-190,20.02.2020-05:53:28,9.00000000e+00,6.45129442e-01,8.94321251e+00,1.68495730e-03,2.77015533e+02,8.02581482e+01,1.88477592e+01,1.14792362e-01,2.16028124e-01
5345803-S04-156I3-A-L-B-190,20.02.2020-05:53:30,7.00000000e+00,6.46097839e-01,9.00318813e+00,1.72156608e-03,2.65697815e+02,8.04318008e+01,1.90437565e+01,8.56922865e-02,1.35394603e-01
5345803-S04-156I3-A-L-B-190,20.02.2020-05:53:32,8.00000000e+00,6.45236790e-01,8.99910641e+00,1.81398320e-03,2.49099213e+02,8.04280167e+01,1.90088596e+01,8.06073472e-02,1.26831099e-01
5345803-S04-156I3-A-L-B-190,20.02.2020-05:53:34,9.00000000e+00,6.44305944e-01,8.97259235e+00,1.82709121e-03,2.63953735e+02,8.02355270e+01,1.88802166e+01,1.16502449e-01,2.26235330e-01
5345803-S04-156I3-A-L-B-190,20.02.2020-05:53:59,9.00000000e+00,6.45742178e-01,8.95981598e+00,1.97262596e-03,4.46243774e+02,8.02137680e+01,1.88902340e+01,8.92232209e-02,1.76756799e-01
5345803-S04-156I3-A-L-B-190,20.02.2020-05:54:01,7.00000000e+00,6.47248626e-01,8.97253704e+00,1.86370697e-03,1.07306717e+02,8.04931717e+01,1.90272331e+01,1.95446000e-01,3.42927009e-01
5345803-S04-156I3-A-L-B-190,20.02.2020-05:54:03,7.00000000e+00,6.46898448e-01,8.98681641e+00,1.79241656e-03,3.55144104e+02,8.05382080e+01,1.90578594e+01,1.12066694e-01,4.10612851e-01
5345803-S04-156I3-A-L-B-190,20.02.2020-05:54:05,7.00000000e+00,6.47053301e-01,9.01053143e+00,1.75481429e-03,2.99791779e+02,8.04421768e+01,1.90899372e+01,1.15093775e-01,1.89216495e-01
5345803-S04-156I3-A-L-B-190,20.02.2020-05:54:07,7.00000000e+00,6.48462713e-01,9.00662899e+00,1.97766093e-03,2.13342484e+02,8.03771896e+01,1.91077843e+01,1.57937393e-01,2.77617663e-01
5345803-S04-156I3-A-L-B-190,20.02.2020-05:54:09,7.00000000e+00,6.46987975e-01,9.00384140e+00,1.84610183e-03,1.13137878e+02,8.03913498e+01,1.90617847e+01,1.65807590e-01,3.57707322e-01
5345803-S04-156I3-A-L-B-190,20.02.2020-05:54:11,8.00000000e+00,6.45483196e-01,9.01236439e+00,1.74851890e-03,1.47050369e+02,8.02545013e+01,1.90030499e+01,1.70263290e-01,2.44781151e-01
5345803-S04-156I3-A-L-B-190,20.02.2020-05:54:13,7.00000000e+00,6.47685885e-01,9.00769901e+00,1.78122963e-03,1.72695007e+02,8.04241409e+01,1.90983105e+01,1.51472256e-01,2.88262397e-01
5345803-S04-156I3-A-L-B-190,20.02.2020-05:54:16,8.00000000e+00,6.45569861e-01,9.01755905e+00,1.91590446e-03,2.27025253e+02,8.02267685e+01,1.90099831e+01,1.26186743e-01,1.78194746e-01
5345803-S04-156I3-A-L-B-190,20.02.2020-05:54:18,7.00000000e+00,6.47600472e-01,8.99383926e+00,1.87613443e-03,1.75143188e+02,8.04170761e+01,1.90647335e+01,1.40253112e-01,2.32571587e-01
5345803-S04-156I3-A-L-B-190,20.02.2020-05:54:41,1.90000000e+01,6.42639518e-01,8.94905663e+00,1.87063578e-03,1.41901642e+02,8.01241226e+01,1.87559109e+01,2.11118624e-01,4.30343777e-01
5345803-S04-156I3-A-L-B-190,20.02.2020-05:54:43,7.00000000e+00,6.46458626e-01,9.00360870e+00,1.62801694e-03,1.63466263e+02,8.03962784e+01,1.90468636e+01,1.38700664e-01,2.05952123e-01
5345803-S04-156I3-A-L-B-190,20.02.2020-05:54:45,8.00000000e+00,6.46398902e-01,8.96220589e+00,1.58911431e-03,1.90095337e+02,8.04791260e+01,1.89770641e+01,1.05191879e-01,2.27148280e-01
5345803-S04-156I3-A-L-B-190,20.02.2020-05:54:47,7.00000000e+00,6.46158874e-01,8.99785042e+00,1.74273411e-03,1.79120453e+02,8.04194260e+01,1.90313358e+01,1.90691650e-01,2.55507112e-01
5345803-S04-156I3-A-L-B-190,20.02.2020-05:54:49,9.00000000e+00,6.46086514e-01,9.00310707e+00,2.42246781e-03,2.16138977e+02,7.94262924e+01,1.88051853e+01,1.72749713e-01,2.35970542e-01
5345803-S04-156I3-A-L-B-190,20.02.2020-05:54:51,8.00000000e+00,6.47158027e-01,8.96603870e+00,1.98309426e-03,1.12078224e+02,8.02858276e+01,1.89618225e+01,2.96847016e-01,5.64361691e-01
5345803-S04-156I3-A-L-B-190,20.02.2020-05:54:53,8.00000000e+00,6.46180093e-01,8.98831749e+00,1.97448465e-03,2.10582870e+02,8.01764374e+01,1.89543514e+01,1.60096735e-01,2.92617679e-01
5345803-S04-156I3-A-L-B-190,20.02.2020-05:54:55,8.00000000e+00,6.45735979e-01,8.98460484e+00,1.84699101e-03,1.63214981e+02,8.01795120e+01,1.89342289e+01,1.81113690e-01,3.21411610e-01
5345803-S04-156I3-A-L-B-190,20.02.2020-05:54:57,9.00000000e+00,6.45957232e-01,8.98047829e+00,2.09765788e-03,1.33291733e+02,7.97875748e+01,1.88394718e+01,1.91910237e-01,2.25931168e-01
5345803-S04-156I3-A-L-B-190,20.02.2020-05:55:00,8.00000000e+00,6.46904349e-01,8.99818516e+00,2.04072637e-03,1.57444183e+02,8.01367645e+01,1.89870281e+01,2.04644814e-01,2.76990741e-01
5345803-S04-156I3-A-L-B-190,20.02.2020-05:55:23,8.00000000e+00,6.46211267e-01,8.98482418e+00,1.76186918e-03,9.77903214e+01,8.03873901e+01,1.89977531e+01,2.43100986e-01,3.75786602e-01
5345803-S04-156I3-A-L-B-190,20.02.2020-05:55:25,7.00000000e+00,6.47279501e-01,9.00328922e+00,2.11808388e-03,1.70044113e+02,8.02114258e+01,1.90265255e+01,1.35104150e-01,2.42649645e-01
5345803-S04-156I3-A-L-B-190,20.02.2020-05:55:27,7.00000000e+00,6.48796916e-01,9.00925732e+00,2.06998386e-03,2.25031174e+02,8.04087753e+01,1.91307240e+01,9.83286574e-02,2.44869217e-01
5345803-S04-156I3-A-L-B-190,20.02.2020-05:55:29,2.00000000e+01,6.45393312e-01,9.00702667e+00,2.95037846e-03,1.51568008e+02,7.89451523e+01,1.86793404e+01,1.65763244e-01,3.40450227e-01
5345803-S04-156I3-A-L-B-190,20.02.2020-05:55:31,7.00000000e+00,6.47456825e-01,9.06455898e+00,1.78073370e-03,1.33999146e+02,8.02730484e+01,1.91759758e+01,1.62466943e-01,1.91272467e-01
5345803-S04-156I3-A-L-B-190,20.02.2020-05:55:33,8.00000000e+00,6.46791816e-01,8.98885822e+00,1.76006684e-03,2.16890808e+02,8.03453445e+01,1.90134087e+01,1.76480249e-01,2.35481977e-01
5345803-S04-156I3-A-L-B-190,20.02.2020-05:55:35,7.00000000e+00,6.48458719e-01,8.99453449e+00,1.89748209e-03,2.24013794e+02,8.03911743e+01,1.90853271e+01,1.98828965e-01,3.73387754e-01
5345803-S04-156I3-A-L-B-190,20.02.2020-05:55:37,2.00000000e+00,6.41931117e-01,8.82221413e+00,1.79018814e-03,9.87442398e+01,7.95686722e+01,1.83416462e+01,3.39562207e-01,1.27185905e+00
5345803-S04-156I3-A-L-B-190,20.02.2020-05:55:39,9.00000000e+00,6.42597377e-01,9.03788662e+00,2.08042213e-03,7.38326263e+01,7.96022797e+01,1.88174839e+01,3.20211172e-01,3.74538094e-01
5345803-S04-156I3-A-L-B-190,20.02.2020-05:55:41,9.00000000e+00,6.43889010e-01,8.97724342e+00,1.97705836e-03,9.47793579e+01,7.99730988e+01,1.88160381e+01,3.23308080e-01,4.70394403e-01
5345803-S04-156I3-A-L-B-190,20.02.2020-05:56:05,9.00000000e+00,6.44214630e-01,8.95656681e+00,1.77508069e-03,3.16020996e+02,8.03187637e+01,1.88633728e+01,1.07145905e-01,1.85307547e-01
5345803-S04-156I3-A-L-B-190,20.02.2020-05:56:07,8.00000000e+00,6.45512998e-01,8.98515224e+00,1.72924076e-03,1.40453430e+02,8.03021317e+01,1.89577885e+01,1.85757667e-01,2.65301734e-01
5345803-S04-156I3-A-L-B-190,20.02.2020-05:56:09,8.00000000e+00,6.45172179e-01,8.97810364e+00,1.66599348e-03,2.71387909e+02,8.04540100e+01,1.89687252e+01,8.82356912e-02,1.67690232e-01
5345803-S04-156I3-A-L-B-190,20.02.2020-05:56:11,2.10000000e+01,6.38814330e-01,8.86780167e+00,1.77194050e-03,3.30652618e+02,8.04189758e+01,1.85429726e+01,1.26132205e-01,4.12421316e-01
5345803-S04-156I3-A-L-B-190,20.02.2020-05:56:13,9.00000000e+00,6.42815709e-01,8.95224857e+00,1.99708366e-03,2.03877823e+02,8.04105530e+01,1.88348370e+01,1.41203523e-01,2.67743766e-01
5345803-S04-156I3-A-L-B-190,20.02.2020-05:56:15,2.10000000e+01,6.39959872e-01,8.89243698e+00,1.93900173e-03,1.79258850e+02,8.00580521e+01,1.85442276e+01,1.63054764e-01,4.13098037e-01
5345803-S04-156I3-A-L-B-190,20.02.2020-05:56:17,9.00000000e+00,6.44569039e-01,8.94000721e+00,2.00893870e-03,1.94422409e+02,8.02350464e+01,1.88192196e+01,1.07093424e-01,2.18820274e-01
5345803-S04-156I3-A-L-B-190,20.02.2020-05:56:19,9.00000000e+00,6.44344568e-01,8.95643997e+00,1.96589506e-03,1.86192520e+02,8.02906036e+01,1.88602962e+01,1.02421917e-01,1.63162395e-01
5345803-S04-156I3-A-L-B-190,20.02.2020-05:56:21,1.90000000e+01,6.43582761e-01,8.94844723e+00,1.84570090e-03,2.22658386e+02,8.01554413e+01,1.87895031e+01,1.08961031e-01,1.35436133e-01
5345803-S04-156I3-A-L-B-190,20.02.2020-05:56:23,2.10000000e+01,6.40307903e-01,8.88219547e+00,1.79887353e-03,2.09333557e+02,7.99415665e+01,1.85059776e+01,1.87721923e-01,6.28034055e-01
5345803-S04-156I3-A-L-B-190,20.02.2020-05:50:46,9.00000000e+00,6.45208955e-01,8.94812202e+00,1.96178979e-03,3.17114792e+01,8.03495636e+01,1.88819122e+01,6.46945715e-01,9.38570201e-01
5345803-S04-156I3-A-L-B-190,20.02.2020-05:50:48,9.00000000e+00,6.44657612e-01,8.93648052e+00,1.95026433e-03,8.55197906e+01,8.04321671e+01,1.88606033e+01,2.39585161e-01,6.73428595e-01
5345803-S04-156I3-A-L-B-190,20.02.2020-05:50:50,2.40000000e+01,6.37663364e-01,8.85367489e+00,1.86467462e-03,2.54544234e+00,7.80248642e+01,1.79299164e+01,9.26819515e+00,
5345803-S04-156I3-A-L-B-190,20.02.2020-05:50:53,2.40000000e+01,6.43023252e-01,8.93293762e+00,1.83013163e-03,2.99113226e+00,7.84222488e+01,1.83354015e+01,8.28952789e+00,9.42372131e+00
5345803-S04-156I3-A-L-B-190,20.02.2020-05:50:55,2.40000000e+01,6.39670551e-01,8.88122749e+00,2.14932137e-03,3.48228002e+00,7.85161514e+01,1.81559315e+01,7.86614847e+00,8.93624496e+00
5345803-S04-156I3-A-L-B-190,20.02.2020-05:50:57,1.90000000e+01,6.44186318e-01,8.93275738e+00,1.95807638e-03,1.85666611e+02,8.02414627e+01,1.87942963e+01,1.47321329e-01,2.28943914e-01
5345803-S04-156I3-A-L-B-190,20.02.2020-05:50:59,2.00000000e+01,6.42131746e-01,8.89286804e+00,1.96814770e-03,1.88235809e+02,8.00312347e+01,1.86018314e+01,1.63211823e-01,3.35340232e-01
5345803-S04-156I3-A-L-B-190,20.02.2020-05:51:01,1.90000000e+01,6.43961608e-01,8.92811680e+00,1.84057932e-03,5.32644081e+01,8.01667328e+01,1.87604904e+01,4.73481894e-01,5.97824574e-01
5345803-S04-156I3-A-L-B-190,20.02.2020-05:51:03,2.10000000e+01,6.41475916e-01,8.88437176e+00,2.03148951e-03,4.05717850e+01,8.00773239e+01,1.85757713e+01,6.59702659e-01,9.64559793e-01
5345803-S04-156I3-A-L-B-190,20.02.2020-05:51:05,1.00000000e+00,6.38551593e-01,8.87458038e+00,2.12855311e-03,1.33631409e+02,7.99284744e+01,1.84363747e+01,2.04316437e-01,5.76104343e-01
5345803-S04-156I3-A-L-B-190,20.02.2020-05:53:36,2.00000000e+01,6.41371250e-01,8.91224480e+00,1.82367105e-03,3.84325378e+02,8.03601151e+01,1.86968002e+01,1.24288827e-01,4.95910853e-01
5345803-S04-156I3-A-L-B-190,20.02.2020-05:53:39,2.10000000e+01,6.41524613e-01,8.88198090e+00,1.71854254e-03,2.85903748e+02,7.99466629e+01,1.85418758e+01,7.31923059e-02,1.01507790e-01
5345803-S04-156I3-A-L-B-190,20.02.2020-05:53:41,7.00000000e+00,6.47112846e-01,8.99570560e+00,1.65573182e-03,4.49633118e+02,8.05876465e+01,1.90947456e+01,9.48414281e-02,3.64245594e-01
5345803-S04-156I3-A-L-B-190,20.02.2020-05:53:43,9.00000000e+00,6.46305621e-01,8.93471241e+00,1.84248760e-03,1.75727142e+02,8.02053070e+01,1.88517570e+01,1.52840093e-01,2.79655010e-01
5345803-S04-156I3-A-L-B-190,20.02.2020-05:53:45,7.00000000e+00,6.46800876e-01,8.95166206e+00,1.67517795e-03,4.84524811e+02,8.07086334e+01,1.90206108e+01,9.05129462e-02,2.86974102e-01
5345803-S04-156I3-A-L-B-190,20.02.2020-05:53:47,8.00000000e+00,6.45402670e-01,8.96644402e+00,1.77929248e-03,2.97940155e+02,8.04778519e+01,1.89564743e+01,1.06211290e-01,1.35827094e-01
5345803-S04-156I3-A-L-B-190,20.02.2020-05:53:49,8.00000000e+00,6.44665897e-01,8.98519707e+00,1.74975151e-03,3.16148956e+02,8.04589691e+01,1.89699821e+01,8.86661261e-02,1.45276248e-01
5345803-S04-156I3-A-L-B-190,20.02.2020-05:53:51,9.00000000e+00,6.45180821e-01,8.96342468e+00,1.85427768e-03,1.20841377e+02,8.01654510e+01,1.88700409e+01,1.78225294e-01,2.73206919e-01
5345803-S04-156I3-A-L-B-190,20.02.2020-05:53:54,9.00000000e+00,6.45327568e-01,8.95058441e+00,1.60518871e-03,6.00602173e+02,8.03399200e+01,1.88883133e+01,4.59248088e-02,1.35435402e-01
5345803-S04-156I3-A-L-B-190,20.02.2020-05:53:56,7.00000000e+00,6.47745550e-01,9.00666523e+00,1.70510029e-03,1.83104721e+02,8.05089722e+01,1.91180229e+01,1.94127232e-01,2.92495579e-01
5345803-S04-156I3-A-L-B-190,20.02.2020-05:54:20,7.00000000e+00,6.47833169e-01,8.98776245e+00,1.86622783e-03,2.73348267e+02,8.03268356e+01,1.90373096e+01,1.22654796e-01,2.40653902e-01
5345803-S04-156I3-A-L-B-190,20.02.2020-05:54:22,7.00000000e+00,6.47596478e-01,8.99643707e+00,1.86903309e-03,1.05709213e+02,8.03103333e+01,1.90448112e+01,2.26900384e-01,3.04324806e-01
5345803-S04-156I3-A-L-B-190,20.02.2020-05:54:24,7.00000000e+00,6.46815956e-01,9.01625443e+00,1.82553614e-03,4.81384949e+02,8.03200760e+01,1.90660706e+01,1.06405549e-01,1.45530120e-01
5345803-S04-156I3-A-L-B-190,20.02.2020-05:54:26,8.00000000e+00,6.46015406e-01,8.96721554e+00,1.89007213e-03,1.39656494e+02,8.03060150e+01,1.89355869e+01,1.76411122e-01,2.91644573e-01
5345803-S04-156I3-A-L-B-190,20.02.2020-05:54:28,8.00000000e+00,6.47978067e-01,8.94571114e+00,1.68238813e-03,2.36956192e+02,8.05881500e+01,1.90141335e+01,1.82260796e-01,1.61211085e+00
5345803-S04-156I3-A-L-B-190,20.02.2020-05:54:30,7.00000000e+00,6.47656620e-01,8.97948551e+00,1.81030924e-03,2.21844757e+02,8.03606491e+01,1.90226002e+01,1.53758377e-01,2.66721189e-01
5345803-S04-156I3-A-L-B-190,20.02.2020-05:54:32,8.00000000e+00,6.45201981e-01,9.00182438e+00,1.95335899e-03,1.18075371e+02,8.01121216e+01,1.89388943e+01,2.67535269e-01,3.97244304e-01
5345803-S04-156I3-A-L-B-190,20.02.2020-05:54:34,1.90000000e+01,6.41940355e-01,8.92908192e+00,1.90168270e-03,1.10800629e+02,8.01694336e+01,1.87042580e+01,3.05588007e-01,7.85535336e-01
5345803-S04-156I3-A-L-B-190,20.02.2020-05:54:36,8.00000000e+00,6.46643102e-01,8.98351765e+00,1.99244451e-03,3.00153870e+02,8.03768234e+01,1.90051861e+01,1.29132167e-01,4.67704982e-01
5345803-S04-156I3-A-L-B-190,20.02.2020-05:54:39,1.90000000e+01,6.42131746e-01,8.95184994e+00,1.71393750e-03,2.88617706e+02,8.02944183e+01,1.87867851e+01,1.66283548e-01,4.52542156e-01
5345803-S04-156I3-A-L-B-190,20.02.2020-05:55:02,7.00000000e+00,6.46468163e-01,9.01250458e+00,1.93046906e-03,2.14961975e+02,8.04180527e+01,1.90711288e+01,1.48560479e-01,1.98765546e-01
5345803-S04-156I3-A-L-B-190,20.02.2020-05:55:04,7.00000000e+00,6.46199405e-01,9.00144005e+00,1.72055291e-03,1.28156433e+02,8.04823456e+01,1.90550156e+01,2.04818726e-01,2.61703700e-01
5345803-S04-156I3-A-L-B-190,20.02.2020-05:55:06,9.00000000e+00,6.44098103e-01,8.96539402e+00,1.69952342e-03,7.84470947e+02,8.03957443e+01,1.88966427e+01,6.49043247e-02,1.54130667e-01
5345803-S04-156I3-A-L-B-190,20.02.2020-05:55:08,8.00000000e+00,6.46397173e-01,9.00720024e+00,1.97203481e-03,3.00213501e+02,8.02079620e+01,1.90080242e+01,1.26568824e-01,1.69609696e-01
5345803-S04-156I3-A-L-B-190,20.02.2020-05:55:10,9.00000000e+00,6.47167981e-01,8.91211891e+00,1.91253342e-03,4.12317780e+02,8.01102676e+01,1.88068638e+01,8.02872181e-02,1.91977799e-01
5345803-S04-156I3-A-L-B-190,20.02.2020-05:55:12,9.00000000e+00,6.45127714e-01,8.96596050e+00,1.94097520e-03,2.38885818e+02,7.99400406e+01,1.88207569e+01,1.37639895e-01,2.56810486e-01
5345803-S04-156I3-A-L-B-190,20.02.2020-05:55:14,7.00000000e+00,6.47329926e-01,8.98513126e+00,1.79874117e-03,1.19705383e+02,8.05664673e+01,1.90736847e+01,3.38432670e-01,6.12991214e-01
5345803-S04-156I3-A-L-B-190,20.02.2020-05:55:16,8.00000000e+00,6.46504760e-01,8.96502876e+00,1.83226855e-03,1.65994339e+02,8.05319290e+01,1.89986076e+01,1.48871526e-01,2.71229416e-01
5345803-S04-156I3-A-L-B-190,20.02.2020-05:55:18,8.00000000e+00,6.45841479e-01,8.96517563e+00,1.77789864e-03,2.21352890e+02,8.04051285e+01,1.89495392e+01,1.33148685e-01,2.51506597e-01
5345803-S04-156I3-A-L-B-190,20.02.2020-05:55:21,2.00000000e+01,6.41534507e-01,8.92547703e+00,1.76175742e-03,1.14942436e+02,8.02174454e+01,1.86960793e+01,2.53813982e-01,7.07952201e-01
5345803-S04-156I3-A-L-B-190,20.02.2020-05:55:44,1.90000000e+01,6.43632889e-01,8.97089863e+00,2.09455495e-03,1.14570419e+02,7.99520035e+01,1.87903023e+01,3.51173341e-01,5.31186938e-01
5345803-S04-156I3-A-L-B-190,20.02.2020-05:55:46,8.00000000e+00,6.47597194e-01,8.99886894e+00,1.89424818e-03,1.24167900e+02,8.00711288e+01,1.89932404e+01,2.35538974e-01,2.95237511e-01
5345803-S04-156I3-A-L-B-190,20.02.2020-05:55:48,1.90000000e+01,6.41991138e-01,9.00429535e+00,2.11094716e-03,1.11799110e+02,7.95601730e+01,1.87199497e+01,2.32671902e-01,2.84375191e-01
5345803-S04-156I3-A-L-B-190,20.02.2020-05:55:50,8.00000000e+00,6.45610750e-01,8.96901321e+00,2.01419229e-03,1.07137169e+02,8.02325592e+01,1.89102077e+01,2.03423038e-01,3.50430280e-01
5345803-S04-156I3-A-L-B-190,20.02.2020-05:55:52,1.90000000e+01,6.44162118e-01,8.91604996e+00,1.94242981e-03,1.13445480e+02,8.02346268e+01,1.87568417e+01,1.80702299e-01,3.96321625e-01
5345803-S04-156I3-A-L-B-190,20.02.2020-05:55:54,1.90000000e+01,6.44194841e-01,8.92405128e+00,1.74518628e-03,4.96231628e+02,8.00564194e+01,1.87329292e+01,4.37347293e-02,9.61756930e-02
5345803-S04-156I3-A-L-B-190,20.02.2020-05:55:56,1.90000000e+01,6.44160867e-01,8.93816948e+00,1.98224559e-03,1.94209244e+02,8.00911026e+01,1.87697029e+01,1.01677805e-01,1.87779799e-01
5345803-S04-156I3-A-L-B-190,20.02.2020-05:55:58,9.00000000e+00,6.45764947e-01,8.92182255e+00,1.97958318e-03,2.15826126e+02,8.02719040e+01,1.88244286e+01,1.34743184e-01,2.59711623e-01
5345803-S04-156I3-A-L-B-190,20.02.2020-05:56:00,1.90000000e+01,6.44218862e-01,8.93058395e+00,1.92202406e-03,2.28354630e+02,8.01870270e+01,1.87779236e+01,1.12464949e-01,2.72325039e-01
5345803-S04-156I3-A-L-B-190,20.02.2020-05:56:02,2.00000000e+01,6.42205298e-01,8.89968967e+00,1.76719506e-03,2.37079697e+02,8.00682983e+01,1.86268539e+01,5.72872311e-02,8.35182443e-02
5345803-S04-156I3-A-L-B-190,20.02.2020-05:56:25,9.00000000e+00,6.45675361e-01,8.97262764e+00,2.09208135e-03,2.23761078e+02,8.01408463e+01,1.88980942e+01,1.06261462e-01,2.39597008e-01
5345803-S04-156I3-A-L-B-190,20.02.2020-05:56:27,9.00000000e+00,6.45640433e-01,8.96319389e+00,1.75368215e-03,3.05849335e+02,8.02425995e+01,1.89011707e+01,6.14398569e-02,1.14761531e-01
5345803-S04-156I3-A-L-B-190,20.02.2020-05:56:29,8.00000000e+00,6.46276951e-01,8.98702526e+00,1.99496676e-03,2.40319260e+02,8.03128357e+01,1.89867134e+01,1.15309589e-01,1.62883431e-01
5345803-S04-156I3-A-L-B-190,20.02.2020-05:56:32,9.00000000e+00,6.45754099e-01,8.95716572e+00,2.04113289e-03,5.52771225e+01,8.01306686e+01,1.88654308e+01,4.30796534e-01,6.16013706e-01
5345803-S04-156I3-A-L-B-190,20.02.2020-05:56:34,1.00000000e+00,6.36100769e-01,8.79444695e+00,1.43199181e-03,4.75732147e+02,8.08557663e+01,1.84109268e+01,1.07897699e-01,3.43375325e-01
5345803-S04-156I3-A-L-B-190,20.02.2020-05:56:36,9.00000000e+00,6.45401120e-01,8.96301746e+00,2.05096882e-03,2.80108215e+02,8.01772766e+01,1.88784103e+01,9.55203474e-02,1.53166994e-01
5345803-S04-156I3-A-L-B-190,20.02.2020-05:56:38,1.90000000e+01,6.44565642e-01,8.92068863e+00,2.03711027e-03,4.77027557e+02,8.02486343e+01,1.87816353e+01,4.99379225e-02,1.16447523e-01
5345803-S04-156I3-A-L-B-190,20.02.2020-05:56:40,1.90000000e+01,6.41928852e-01,8.94272804e+00,1.74202560e-03,2.06178818e+02,8.01588745e+01,1.87300396e+01,1.60645604e-01,3.36066604e-01
5345803-S04-156I3-A-L-B-190,20.02.2020-05:56:42,1.90000000e+01,6.43649936e-01,8.94909382e+00,2.00869562e-03,2.61439972e+02,8.01153564e+01,1.87834244e+01,9.26411450e-02,2.11134359e-01
5345803-S04-156I3-A-L-B-190,20.02.2020-05:56:44,9.00000000e+00,6.43759787e-01,8.94630527e+00,1.77789084e-03,2.44429565e+02,8.02009201e+01,1.88008327e+01,8.59059617e-02,2.47933954e-01
5345803-S04-156I3-A-L-B-190,20.02.2020-05:57:07,2.00000000e+01,6.41537011e-01,8.91735744e+00,2.00473098e-03,8.70788727e+01,8.00894394e+01,1.86493340e+01,2.30429605e-01,3.44591647e-01
5345803-S04-156I3-A-L-B-190,20.02.2020-05:57:09,2.00000000e+01,6.41299665e-01,8.92634964e+00,2.00955151e-03,1.62714386e+02,8.01340485e+01,1.86716290e+01,1.53750688e-01,3.04152846e-01
5345803-S04-156I3-A-L-B-190,20.02.2020-05:57:11,1.90000000e+01,6.45155370e-01,8.95632839e+00,2.14426406e-03,6.67811508e+01,7.99275284e+01,1.87984009e+01,5.15768945e-01,7.42777884e-01
5345803-S04-156I3-A-L-B-190,20.02.2020-05:57:13,2.00000000e+01,6.42510056e-01,8.94418526e+00,1.89357030e-03,2.82951889e+01,7.99185867e+01,1.86938477e+01,1.25121009e+00,1.76837218e+00
5345803-S04-156I3-A-L-B-190,20.02.2020-05:57:16,9.00000000e+00,6.45387590e-01,8.97114372e+00,2.11275206e-03,8.09595566e+01,7.98278885e+01,1.88127918e+01,3.11541915e-01,4.54560965e-01
5345803-S04-156I3-A-L-B-190,20.02.2020-05:57:18,1.90000000e+01,6.43551588e-01,8.97048378e+00,2.01300113e-03,1.00456886e+02,7.99083557e+01,1.87768040e+01,3.89359593e-01,6.49555385e-01
5345803-S04-156I3-A-L-B-190,20.02.2020-05:57:20,1.00000000e+00,6.38588488e-01,8.88219070e+00,1.93853804e-03,3.56305847e+02,7.99667664e+01,1.84620914e+01,1.10954680e-01,2.53115773e-01
5345803-S04-156I3-A-L-B-190,20.02.2020-05:57:22,1.00000000e+00,6.38902724e-01,8.89878750e+00,1.85500353e-03,2.09612137e+02,7.98299713e+01,1.84740353e+01,1.22670949e-01,2.47350708e-01
5345803-S04-156I3-A-L-B-190,20.02.2020-05:57:24,1.90000000e+01,6.44527137e-01,8.92893505e+00,1.89998478e-03,2.79173004e+02,8.01307373e+01,1.87702560e+01,1.14707969e-01,2.50439852e-01
5345803-S04-156I3-A-L-B-190,20.02.2020-05:57:26,2.10000000e+01,6.41448081e-01,8.86411285e+00,2.16956041e-03,3.32328308e+02,8.00363235e+01,1.85231190e+01,1.46372855e-01,1.06262553e+00
5345803-S04-156I3-A-L-B-190,20.02.2020-05:57:49,9.00000000e+00,6.46710873e-01,8.95497894e+00,2.19931430e-03,1.16060638e+02,7.99330750e+01,1.88421936e+01,2.08779320e-01,2.95165867e-01
5345803-S04-156I3-A-L-B-190,20.02.2020-05:57:51,1.90000000e+01,6.44600809e-01,8.93155766e+00,2.20883451e-03,6.27145882e+01,7.99705200e+01,1.87403717e+01,3.54015052e-01,4.71385449e-01
5345803-S04-156I3-A-L-B-190,20.02.2020-05:57:53,8.00000000e+00,6.47920907e-01,8.96254921e+00,2.08494323e-03,8.22808151e+01,8.00396729e+01,1.89186020e+01,3.06553215e-01,4.02255088e-01
5345803-S04-156I3-A-L-B-190,20.02.2020-05:57:55,1.90000000e+01,6.43600464e-01,8.91146851e+00,1.97412237e-03,5.46765099e+01,8.01467285e+01,1.87103386e+01,5.44076264e-01,8.82350445e-01
5345803-S04-156I3-A-L-B-190,20.02.2020-05:57:57,9.00000000e+00,6.46765888e-01,8.91640282e+00,2.11696909e-03,8.89048538e+01,8.01948395e+01,1.88240623e+01,3.61934155e-01,6.07407928e-01
5345803-S04-156I3-A-L-B-190,20.02.2020-05:58:00,1.00000000e+00,6.39429450e-01,8.88743591e+00,1.95114792e-03,4.66276550e+01,7.98095779e+01,1.84609623e+01,7.59304464e-01,1.25510621e+00
5345803-S04-156I3-A-L-B-190,20.02.2020-05:58:02,9.00000000e+00,6.47565424e-01,8.93289566e+00,2.21481454e-03,1.74957870e+02,8.00977173e+01,1.88593292e+01,2.13290915e-01,3.49248052e-01
5345803-S04-156I3-A-L-B-190,20.02.2020-05:58:04,2.00000000e+00,6.36462927e-01,8.84278584e+00,1.81045756e-03,1.58135239e+02,7.97484741e+01,1.82690010e+01,3.06577742e-01,1.12168086e+00
5345803-S04-156I3-A-L-B-190,20.02.2020-05:58:06,9.00000000e+00,6.46833420e-01,8.94479179e+00,1.80164061e-03,1.13442429e+02,8.00142288e+01,1.88434353e+01,2.68456936e-01,3.56841266e-01
5345803-S04-156I3-A-L-B-190,20.02.2020-05:58:08,1.90000000e+01,6.42764628e-01,8.92480183e+00,2.04773806e-03,9.17312546e+01,8.01811523e+01,1.87220325e+01,2.63945997e-01,4.65438426e-01
5345803-S04-156I3-A-L-B-190,20.02.2020-05:56:46,2.00000000e+01,6.41414285e-01,8.93020248e+00,1.74403819e-03,1.81556595e+02,8.01416092e+01,1.86847878e+01,1.29846528e-01,3.39115262e-01
5345803-S04-156I3-A-L-B-190,20.02.2020-05:56:48,2.00000000e+01,6.39723480e-01,8.89711952e+00,1.85438537e-03,1.75785599e+02,8.03482819e+01,1.86143761e+01,1.79311305e-01,7.64522433e-01
5345803-S04-156I3-A-L-B-190,20.02.2020-05:56:50,8.00000000e+00,6.44138932e-01,8.97721958e+00,1.87606784e-03,2.16894791e+02,8.03706512e+01,1.89168625e+01,1.20766245e-01,2.34962791e-01
5345803-S04-156I3-A-L-B-190,20.02.2020-05:56:53,8.00000000e+00,6.44588709e-01,8.97465134e+00,1.71744451e-03,5.14973083e+02,8.05346756e+01,1.89632759e+01,5.80156669e-02,1.50771528e-01
5345803-S04-156I3-A-L-B-190,20.02.2020-05:56:55,9.00000000e+00,6.43313944e-01,8.97124195e+00,1.89340918e-03,4.17691833e+02,8.04407959e+01,1.88965321e+01,6.53487146e-02,1.84799433e-01
5345803-S04-156I3-A-L-B-190,20.02.2020-05:56:57,9.00000000e+00,6.44601762e-01,8.96781445e+00,1.98197132e-03,2.35064835e+02,8.03025208e+01,1.88945885e+01,9.54817608e-02,1.85440183e-01
5345803-S04-156I3-A-L-B-190,20.02.2020-05:56:59,9.00000000e+00,6.44219458e-01,8.97714710e+00,1.88599946e-03,2.27149384e+02,8.02865067e+01,1.88992672e+01,1.03665754e-01,2.13674217e-01
5345803-S04-156I3-A-L-B-190,20.02.2020-05:57:01,9.00000000e+00,6.44665241e-01,8.92246914e+00,1.87540147e-03,1.61763641e+02,8.03768387e+01,1.88183022e+01,1.33854821e-01,2.28718475e-01
5345803-S04-156I3-A-L-B-190,20.02.2020-05:57:03,2.10000000e+01,6.40802443e-01,8.90598106e+00,2.05458608e-03,1.47433456e+02,7.99566116e+01,1.85733624e+01,2.13516608e-01,3.85715842e-01
5345803-S04-156I3-A-L-B-190,20.02.2020-05:57:05,3.00000000e+00,6.31118000e-01,8.85123634e+00,2.04022159e-03,1.03980400e+02,7.95454941e+01,1.80867386e+01,3.70800734e-01,1.03239536e+00
5345803-S04-156I3-A-L-B-190,20.02.2020-05:57:28,1.90000000e+01,6.44129097e-01,8.92133141e+00,1.76777935e-03,3.48197113e+02,8.02327805e+01,1.87665577e+01,9.11622196e-02,2.23589465e-01
5345803-S04-156I3-A-L-B-190,20.02.2020-05:57:30,1.90000000e+01,6.44422829e-01,8.92791080e+00,1.90441962e-03,2.75629486e+02,8.02235565e+01,1.87868004e+01,9.78430510e-02,1.62532672e-01
5345803-S04-156I3-A-L-B-190,20.02.2020-05:57:32,2.00000000e+01,6.42175794e-01,8.89178753e+00,1.85478292e-03,4.28631836e+02,8.00532532e+01,1.86059647e+01,1.67999566e-01,8.62876832e-01
5345803-S04-156I3-A-L-B-190,20.02.2020-05:57:34,1.90000000e+01,6.43770874e-01,8.91943359e+00,1.64478773e-03,8.06159515e+01,8.02124634e+01,1.87473831e+01,3.57720405e-01,6.17800832e-01
5345803-S04-156I3-A-L-B-190,20.02.2020-05:57:36,9.00000000e+00,6.47598684e-01,8.92413902e+00,2.20578141e-03,9.73770294e+01,8.01218796e+01,1.88474941e+01,3.17212224e-01,4.83131856e-01
5345803-S04-156I3-A-L-B-190,20.02.2020-05:57:39,2.00000000e+01,6.41745031e-01,8.93716145e+00,2.11155671e-03,5.42800636e+01,7.99110413e+01,1.86551647e+01,4.15283084e-01,4.81035441e-01
5345803-S04-156I3-A-L-B-190,20.02.2020-05:57:41,8.00000000e+00,6.48085117e-01,8.96078205e+00,2.16056965e-03,1.23398720e+02,8.00790024e+01,1.89289608e+01,2.23756865e-01,3.96768421e-01
5345803-S04-156I3-A-L-B-190,20.02.2020-05:57:43,1.90000000e+01,6.43970847e-01,8.92945576e+00,1.68476952e-03,6.48648376e+01,8.02038956e+01,1.87722740e+01,3.98730695e-01,6.39480233e-01
5345803-S04-156I3-A-L-B-190,20.02.2020-05:57:45,8.00000000e+00,6.48185492e-01,8.97482300e+00,2.03994545e-03,1.76832077e+02,8.02293167e+01,1.89971504e+01,1.87845901e-01,3.05227071e-01
5345803-S04-156I3-A-L-B-190,20.02.2020-05:57:47,2.00000000e+01,6.41730726e-01,8.92998314e+00,2.00266088e-03,8.17685089e+01,8.01226883e+01,1.86891346e+01,3.30580652e-01,4.93924767e-01
5345803-S04-156I3-A-L-B-190,20.02.2020-05:58:31,3.00000000e+00,6.34272873e-01,8.77877426e+00,1.96073717e-03,1.44691147e+02,8.01725922e+01,1.81704693e+01,1.50219634e-01,2.24061340e-01
5345803-S04-156I3-A-L-B-190,20.02.2020-05:58:33,9.00000000e+00,6.45358562e-01,8.97316933e+00,1.77261408e-03,1.12900230e+02,8.00404968e+01,1.88663082e+01,2.12942228e-01,2.64848620e-01
5345803-S04-156I3-A-L-B-190,20.02.2020-05:58:35,1.90000000e+01,6.45278156e-01,8.93861580e+00,1.80320651e-03,1.46201950e+02,8.00103989e+01,1.87842503e+01,2.25518897e-01,3.98799270e-01
5345803-S04-156I3-A-L-B-190,20.02.2020-05:58:37,9.00000000e+00,6.44187927e-01,8.96945190e+00,1.85966550e-03,3.90522064e+02,8.02946396e+01,1.88840542e+01,8.58851522e-02,1.20282426e-01
5345803-S04-156I3-A-L-B-190,20.02.2020-05:58:40,2.00000000e+01,6.43517673e-01,8.95969772e+00,1.72941212e-03,9.35195389e+01,7.96525803e+01,1.86932087e+01,2.40366265e-01,2.76867181e-01
5345803-S04-156I3-A-L-B-190,20.02.2020-05:58:42,8.00000000e+00,6.47495210e-01,8.95336723e+00,2.24252115e-03,3.27297455e+02,8.02184982e+01,1.89290028e+01,7.70363882e-02,2.50796050e-01
5345803-S04-156I3-A-L-B-190,20.02.2020-05:58:44,1.90000000e+01,6.45197749e-01,8.93741322e+00,1.81975507e-03,8.22733765e+01,8.00401230e+01,1.87863579e+01,3.36976171e-01,5.33347130e-01
5345803-S04-156I3-A-L-B-190,20.02.2020-05:58:46,1.90000000e+01,6.43865287e-01,8.91517258e+00,2.00498151e-03,2.09752106e+02,8.00557480e+01,1.87045593e+01,1.47695333e-01,3.59416753e-01
5345803-S04-156I3-A-L-B-190,20.02.2020-05:58:48,2.00000000e+01,6.43837154e-01,8.91049099e+00,2.00590724e-03,2.39679153e+02,8.00556641e+01,1.86939030e+01,1.53640643e-01,3.93225938e-01
5345803-S04-156I3-A-L-B-190,20.02.2020-05:58:50,1.90000000e+01,6.43890262e-01,8.91638851e+00,1.87571731e-03,1.55933517e+02,8.03788681e+01,1.87833462e+01,1.49024859e-01,2.45132998e-01
5345803-S04-156I3-A-L-B-190,20.02.2020-05:59:13,9.00000000e+00,6.46863937e-01,8.98833752e+00,2.01846892e-03,7.83129959e+01,7.98306808e+01,1.88926258e+01,3.42905402e-01,4.16452587e-01
5345803-S04-156I3-A-L-B-190,20.02.2020-05:59:15,1.00000000e+00,6.37955368e-01,8.82771206e+00,1.73219643e-03,1.61341660e+02,8.06198196e+01,1.84803619e+01,2.23839357e-01,6.41394794e-01
5345803-S04-156I3-A-L-B-190,20.02.2020-05:59:17,9.00000000e+00,6.46821856e-01,8.96941948e+00,2.45940569e-03,1.45869781e+02,7.97048187e+01,1.88219147e+01,2.71057725e-01,3.62152129e-01
5345803-S04-156I3-A-L-B-190,20.02.2020-05:59:20,9.00000000e+00,6.47054791e-01,8.97482681e+00,1.97224435e-03,1.57701691e+02,7.99573746e+01,1.88997402e+01,1.40823558e-01,1.68755114e-01
5345803-S04-156I3-A-L-B-190,20.02.2020-05:59:22,2.10000000e+01,6.43209100e-01,8.92830086e+00,2.46738736e-03,1.08263680e+02,7.95098724e+01,1.85854149e+01,2.94986159e-01,4.81825054e-01
5345803-S04-156I3-A-L-B-190,20.02.2020-05:59:24,9.00000000e+00,6.46870255e-01,8.96003723e+00,2.24226294e-03,1.79225311e+02,7.97084503e+01,1.88044891e+01,1.85768530e-01,2.44625360e-01
5345803-S04-156I3-A-L-B-190,20.02.2020-05:59:26,1.90000000e+01,6.44523561e-01,8.93793392e+00,2.21082987e-03,1.27362801e+02,8.00176163e+01,1.87625446e+01,2.87340283e-01,5.23909450e-01
5345803-S04-156I3-A-L-B-190,20.02.2020-05:59:28,1.90000000e+01,6.45403862e-01,8.96105766e+00,2.40221317e-03,9.05003357e+02,7.95907440e+01,1.87362900e+01,6.57496154e-02,1.72987595e-01
5345803-S04-156I3-A-L-B-190,20.02.2020-05:59:30,1.90000000e+01,6.45888388e-01,8.93390751e+00,2.11614673e-03,7.68113556e+01,7.98784485e+01,1.87611198e+01,3.80320817e-01,4.85704720e-01
5345803-S04-156I3-A-L-B-190,20.02.2020-05:59:32,1.90000000e+01,6.44064665e-01,8.90698624e+00,2.17872043e-03,7.15335464e+01,8.01737442e+01,1.87207241e+01,5.17550588e-01,8.79301965e-01
5345803-S04-156I3-A-L-B-190,20.02.2020-06:00:37,2.00000000e+01,6.42887592e-01,8.90839767e+00,1.86866545e-03,1.81165298e+02,7.99547195e+01,1.86384144e+01,2.00976819e-01,8.12334180e-01
5345803-S04-156I3-A-L-B-190,20.02.2020-06:00:39,9.00000000e+00,6.45392478e-01,8.97651386e+00,2.22272845e-03,2.95740814e+02,7.97353516e+01,1.88023758e+01,1.16806179e-01,2.33426780e-01
5345803-S04-156I3-A-L-B-190,20.02.2020-06:00:41,9.00000000e+00,6.44234598e-01,9.00946236e+00,2.20035436e-03,1.54329773e+02,7.96325989e+01,1.88132572e+01,1.31851971e-01,1.55040070e-01
5345803-S04-156I3-A-L-B-190,20.02.2020-06:00:43,9.00000000e+00,6.45733476e-01,8.96230412e+00,2.14223261e-03,1.63179291e+02,7.99192581e+01,1.88258514e+01,2.21904635e-01,3.08727950e-01
5345803-S04-156I3-A-L-B-190,20.02.2020-06:00:46,2.10000000e+01,6.44943357e-01,8.88569260e+00,2.50480440e-03,2.11947937e+02,7.96456146e+01,1.85782585e+01,2.56414235e-01,1.14895356e+00
5345803-S04-156I3-A-L-B-190,20.02.2020-06:00:48,1.90000000e+01,6.44344211e-01,8.98154831e+00,2.26991205e-03,2.27523056e+02,7.94503784e+01,1.87152348e+01,1.00136414e-01,1.19162120e-01
5345803-S04-156I3-A-L-B-190,20.02.2020-06:00:50,9.00000000e+00,6.46280587e-01,8.96737099e+00,1.71599328e-03,2.81029755e+02,8.00057068e+01,1.88728485e+01,7.00634941e-02,1.31540909e-01
5345803-S04-156I3-A-L-B-190,20.02.2020-06:00:52,1.90000000e+01,6.44109905e-01,8.95695305e+00,2.02021468e-03,1.87944336e+02,7.99748001e+01,1.87803478e+01,1.63027629e-01,3.26205075e-01
5345803-S04-156I3-A-L-B-190,20.02.2020-06:00:54,7.00000000e+00,6.47927582e-01,8.97966480e+00,2.08453299e-03,3.10435120e+02,8.03298416e+01,1.90236435e+01,1.10843509e-01,2.07110718e-01
5345803-S04-156I3-A-L-B-190,20.02.2020-06:00:56,2.00000000e+01,6.42372310e-01,8.91035175e+00,1.97838433e-03,1.17704361e+02,8.00534286e+01,1.86505585e+01,2.90523469e-01,1.13019931e+00
5345803-S04-156I3-A-L-B-190,20.02.2020-06:01:21,2.10000000e+01,6.43228531e-01,8.86142349e+00,2.40113051e-03,1.98373474e+02,7.98359070e+01,1.85223999e+01,2.14565605e-01,1.30062032e+00
5345803-S04-156I3-A-L-B-190,20.02.2020-06:01:23,1.90000000e+01,6.44076228e-01,8.99868679e+00,2.04867357e-03,4.52194916e+02,7.94050903e+01,1.87324657e+01,6.30302206e-02,1.04854383e-01
5345803-S04-156I3-A-L-B-190,20.02.2020-06:01:26,1.90000000e+01,6.45676017e-01,8.94629574e+00,2.37893895e-03,4.92357849e+02,7.96988449e+01,1.87387295e+01,6.54357299e-02,1.09783091e-01
5345803-S04-156I3-A-L-B-190,20.02.2020-06:01:28,2.00000000e+01,6.43878281e-01,8.93836308e+00,2.11500027e-03,2.24156174e+02,7.97422943e+01,1.86801662e+01,1.52171776e-01,3.04264754e-01
5345803-S04-156I3-A-L-B-190,20.02.2020-06:01:30,8.00000000e+00,6.46460176e-01,8.97594452e+00,2.06669793e-03,1.70256683e+02,8.01222687e+01,1.89236698e+01,1.33549750e-01,2.38494918e-01
5345803-S04-156I3-A-L-B-190,20.02.2020-06:01:32,8.00000000e+00,6.46181226e-01,8.97696781e+00,2.03560642e-03,2.29998535e+02,8.02390289e+01,1.89452305e+01,1.26241520e-01,2.55299121e-01
5345803-S04-156I3-A-L-B-190,20.02.2020-06:01:34,2.10000000e+01,6.40082955e-01,8.95903015e+00,2.07354687e-03,2.75855927e+02,7.94304886e+01,1.85402107e+01,8.74465629e-02,1.23293877e-01
5345803-S04-156I3-A-L-B-190,20.02.2020-06:01:36,9.00000000e+00,6.45941913e-01,9.00157070e+00,2.11941986e-03,1.57183365e+02,7.97838364e+01,1.88823872e+01,1.63206875e-01,2.20466584e-01
5345803-S04-156I3-A-L-B-190,20.02.2020-06:01:38,8.00000000e+00,6.47228658e-01,8.97279835e+00,1.93037372e-03,3.95903931e+02,8.01696854e+01,1.89507332e+01,7.61170536e-02,1.62346333e-01
5345803-S04-156I3-A-L-B-190,20.02.2020-06:01:40,9.00000000e+00,6.46780312e-01,8.97128105e+00,2.09338241e-03,3.11409241e+02,8.00312729e+01,1.89017143e+01,1.20984942e-01,2.39598006e-01
5345803-S04-156I3-A-L-B-190,20.02.2020-06:02:45,9.00000000e+00,6.44788623e-01,8.99738503e+00,1.96155999e-03,3.62090515e+02,7.98937836e+01,1.88658695e+01,8.22006688e-02,1.32364690e-01
5345803-S04-156I3-A-L-B-190,20.02.2020-06:02:47,1.90000000e+01,6.43274784e-01,8.93195343e+00,1.89358159e-03,1.80073410e+02,8.00607300e+01,1.87237453e+01,1.38950199e-01,3.81355435e-01
5345803-S04-156I3-A-L-B-190,20.02.2020-06:02:49,9.00000000e+00,6.45018101e-01,9.00194550e+00,1.74568128e-03,1.54745743e+02,7.98799820e+01,1.88788910e+01,1.67678103e-01,2.24276766e-01
5345803-S04-156I3-A-L-B-190,20.02.2020-06:02:51,7.00000000e+00,6.48566782e-01,9.01661968e+00,1.58315443e-03,2.96445587e+02,8.02744446e+01,1.91075935e+01,1.00027591e-01,1.27855361e-01
5345803-S04-156I3-A-L-B-190,20.02.2020-06:02:54,1.90000000e+01,6.44403398e-01,8.93764973e+00,2.02965736e-03,2.47647507e+02,7.98212051e+01,1.87124062e+01,1.39277399e-01,2.57701993e-01
5345803-S04-156I3-A-L-B-190,20.02.2020-06:02:56,7.00000000e+00,6.47940695e-01,9.02898121e+00,2.01661722e-03,2.25006836e+02,8.02659836e+01,1.91133022e+01,1.18713163e-01,1.38556451e-01
5345803-S04-156I3-A-L-B-190,20.02.2020-06:02:58,1.90000000e+01,6.44494772e-01,8.94346237e+00,1.77455368e-03,3.32811310e+02,7.99011993e+01,1.87459984e+01,1.08394936e-01,2.85838932e-01
5345803-S04-156I3-A-L-B-190,20.02.2020-06:03:00,2.10000000e+01,6.43856287e-01,8.85282898e+00,2.17039767e-03,2.53893784e+02,8.00378571e+01,1.85693493e+01,2.11243793e-01,1.09339035e+00
5345803-S04-156I3-A-L-B-190,20.02.2020-06:03:02,9.00000000e+00,6.46245837e-01,8.97249699e+00,1.97465438e-03,1.91112122e+02,7.98519287e+01,1.88463249e+01,1.15203328e-01,1.44516855e-01
5345803-S04-156I3-A-L-B-190,20.02.2020-06:03:04,9.00000000e+00,6.47107542e-01,8.97504139e+00,2.35421257e-03,1.90949051e+02,7.98653183e+01,1.88799725e+01,1.65509909e-01,2.02010497e-01
5345803-S04-156I3-A-L-B-190,20.02.2020-06:03:27,8.00000000e+00,6.48222625e-01,8.98744488e+00,1.91260828e-03,1.32757767e+02,8.00939331e+01,1.89928532e+01,1.79618940e-01,2.30641216e-01
5345803-S04-156I3-A-L-B-190,20.02.2020-06:03:29,2.00000000e+00,6.40945673e-01,8.74528980e+00,1.65731856e-03,1.59591339e+02,7.98768158e+01,1.82241116e+01,1.83494404e-01,7.56866097e-01
5345803-S04-156I3-A-L-B-190,20.02.2020-06:03:31,9.00000000e+00,6.44047737e-01,8.98165989e+00,1.94750272e-03,1.02493126e+02,7.98790359e+01,1.88077850e+01,2.62039334e-01,4.11043584e-01
5345803-S04-156I3-A-L-B-190,20.02.2020-06:03:33,7.00000000e+00,6.49116218e-01,9.01623631e+00,2.41071312e-03,9.60413208e+01,8.00076218e+01,1.90594025e+01,2.19927281e-01,3.66772681e-01
5345803-S04-156I3-A-L-B-190,20.02.2020-06:03:35,1.30000000e+01,6.27460301e-01,8.76357079e+00,2.19365512e-03,2.70903381e+02,7.99395981e+01,1.78920250e+01,1.70893058e-01,5.92217922e-01
5345803-S04-156I3-A-L-B-190,20.02.2020-06:03:37,7.00000000e+00,6.46508455e-01,9.01266670e+00,1.67503161e-03,2.21600555e+02,8.05401230e+01,1.91016102e+01,1.38282195e-01,2.37670302e-01
5345803-S04-156I3-A-L-B-190,20.02.2020-06:03:39,7.00000000e+00,6.47057593e-01,8.99426174e+00,1.94272387e-03,1.90292221e+02,8.04225311e+01,1.90509377e+01,1.61515132e-01,3.35712671e-01
5345803-S04-156I3-A-L-B-190,20.02.2020-06:03:42,8.00000000e+00,6.44655585e-01,8.99555588e+00,2.00827420e-03,1.01825874e+02,8.01574326e+01,1.89203739e+01,2.52770066e-01,3.84924144e-01
5345803-S04-156I3-A-L-B-190,20.02.2020-06:03:44,7.00000000e+00,6.46716297e-01,8.98000908e+00,1.74314273e-03,4.14886139e+02,8.04624786e+01,1.90201607e+01,7.92745650e-02,1.98067605e-01
5345803-S04-156I3-A-L-B-190,20.02.2020-06:03:46,9.00000000e+00,6.44969821e-01,8.95731926e+00,1.97111350e-03,5.22255188e+02,8.03147583e+01,1.88861313e+01,1.02535650e-01,2.78729320e-01
5345803-S04-156I3-A-L-B-190,20.02.2020-05:58:10,8.00000000e+00,6.47693217e-01,8.99872971e+00,2.26925407e-03,6.82837906e+01,7.99723740e+01,1.89723320e+01,3.73368621e-01,4.37603056e-01
5345803-S04-156I3-A-L-B-190,20.02.2020-05:58:12,1.90000000e+01,6.44741416e-01,8.96759510e+00,2.40437291e-03,1.10529152e+02,7.98686295e+01,1.87961102e+01,2.31289223e-01,2.97348887e-01
5345803-S04-156I3-A-L-B-190,20.02.2020-05:58:14,2.00000000e+01,6.43400252e-01,8.89718628e+00,2.40202551e-03,1.41854584e+02,7.98592758e+01,1.86075611e+01,1.81469455e-01,7.04303145e-01
5345803-S04-156I3-A-L-B-190,20.02.2020-05:58:16,9.00000000e+00,6.43167198e-01,8.94880867e+00,2.08044425e-03,4.08741180e+02,8.02962189e+01,1.88111095e+01,9.38112736e-02,2.08082274e-01
5345803-S04-156I3-A-L-B-190,20.02.2020-05:58:18,1.90000000e+01,6.44909799e-01,8.94117451e+00,2.00701063e-03,2.40333824e+01,8.00684052e+01,1.87925148e+01,7.40841269e-01,1.02126646e+00
5345803-S04-156I3-A-L-B-190,20.02.2020-05:58:21,9.00000000e+00,6.42912090e-01,8.95588017e+00,1.97884953e-03,4.17418274e+02,8.03371277e+01,1.88280945e+01,7.29595199e-02,1.90454185e-01
5345803-S04-156I3-A-L-B-190,20.02.2020-05:58:23,9.00000000e+00,6.46379113e-01,8.94779587e+00,2.00304296e-03,1.53033661e+02,8.00149918e+01,1.88367062e+01,1.40962988e-01,1.77661851e-01
5345803-S04-156I3-A-L-B-190,20.02.2020-05:58:25,9.00000000e+00,6.44766748e-01,8.94817829e+00,1.81841000e-03,2.79094482e+02,8.02818222e+01,1.88531818e+01,8.29509422e-02,1.40005365e-01
5345803-S04-156I3-A-L-B-190,20.02.2020-05:58:27,1.90000000e+01,6.45380259e-01,8.93865585e+00,2.06176867e-03,7.48999329e+01,7.99017105e+01,1.87617874e+01,3.51436198e-01,5.51812053e-01
5345803-S04-156I3-A-L-B-190,20.02.2020-05:58:29,9.00000000e+00,6.45252526e-01,8.97906303e+00,1.90234894e-03,1.18186775e+02,8.00721893e+01,1.88830719e+01,1.84669793e-01,2.40645811e-01
5345803-S04-156I3-A-L-B-190,20.02.2020-05:58:52,1.90000000e+01,6.43924117e-01,8.91760826e+00,2.15284782e-03,1.25338806e+02,8.00921249e+01,1.87198811e+01,1.94821894e-01,2.90496260e-01
5345803-S04-156I3-A-L-B-190,20.02.2020-05:58:54,1.90000000e+01,6.44537210e-01,8.98526096e+00,1.83285133e-03,1.54629578e+02,7.97338562e+01,1.87954044e+01,1.34061143e-01,1.59091115e-01
5345803-S04-156I3-A-L-B-190,20.02.2020-05:58:56,9.00000000e+00,6.47176623e-01,8.96664238e+00,2.42814771e-03,1.50881943e+02,7.97671890e+01,1.88411388e+01,1.99169949e-01,2.41833493e-01
5345803-S04-156I3-A-L-B-190,20.02.2020-05:58:58,1.90000000e+01,6.45666718e-01,8.94144344e+00,1.96986855e-03,1.48022400e+02,7.99237137e+01,1.87811375e+01,1.89532429e-01,2.53376335e-01
5345803-S04-156I3-A-L-B-190,20.02.2020-05:59:01,1.90000000e+01,6.45334184e-01,8.93296909e+00,2.40103272e-03,9.04888687e+01,7.97260132e+01,1.87072830e+01,3.50803405e-01,6.85892701e-01
5345803-S04-156I3-A-L-B-190,20.02.2020-05:59:03,8.00000000e+00,6.46969736e-01,8.98216820e+00,1.91686186e-03,1.07331650e+02,8.00061340e+01,1.89242477e+01,2.72145897e-01,3.42423797e-01
5345803-S04-156I3-A-L-B-190,20.02.2020-05:59:05,2.00000000e+01,6.42778456e-01,8.97439671e+00,2.12776358e-03,2.04438263e+02,7.95554733e+01,1.86795692e+01,1.19539894e-01,1.40969530e-01
5345803-S04-156I3-A-L-B-190,20.02.2020-05:59:07,9.00000000e+00,6.45008564e-01,8.95706940e+00,2.11152132e-03,1.85241180e+02,7.99911118e+01,1.88106308e+01,1.99459121e-01,2.32095018e-01
5345803-S04-156I3-A-L-B-190,20.02.2020-05:59:09,2.00000000e+01,6.43664002e-01,8.92571068e+00,1.97112630e-03,1.79073166e+02,7.98428497e+01,1.86710300e+01,1.71796724e-01,3.70529085e-01
5345803-S04-156I3-A-L-B-190,20.02.2020-05:59:11,9.00000000e+00,6.46181762e-01,8.96954823e+00,2.13092868e-03,1.15172539e+02,7.99917297e+01,1.88712444e+01,2.39983976e-01,3.36228728e-01
5345803-S04-156I3-A-L-B-190,20.02.2020-05:59:34,9.00000000e+00,6.46768868e-01,8.98161316e+00,2.54251831e-03,3.85956421e+02,7.96953735e+01,1.88437252e+01,7.51644969e-02,1.34529859e-01
5345803-S04-156I3-A-L-B-190,20.02.2020-05:59:37,1.40000000e+01,6.46826506e-01,8.91404057e+00,1.86753471e-03,2.45832634e+01,7.97956314e+01,1.87271500e+01,1.56598222e+00,1.98521256e+00
5345803-S04-156I3-A-L-B-190,20.02.2020-05:59:39,2.00000000e+01,6.43656850e-01,8.89492798e+00,2.11592554e-03,1.19763000e+02,7.99466934e+01,1.86306305e+01,3.61887187e-01,6.51803970e-01
5345803-S04-156I3-A-L-B-190,20.02.2020-05:59:41,1.90000000e+01,6.46443069e-01,8.95537949e+00,2.51983898e-03,2.53961670e+02,7.97529526e+01,1.87927876e+01,1.31917343e-01,3.22838932e-01
5345803-S04-156I3-A-L-B-190,20.02.2020-05:59:43,1.90000000e+01,6.45666420e-01,8.95886707e+00,1.94582134e-03,1.70099503e+02,7.97030411e+01,1.87657681e+01,2.05591440e-01,3.35346878e-01
5345803-S04-156I3-A-L-B-190,20.02.2020-05:59:45,2.00000000e+01,6.41895175e-01,8.91642475e+00,2.04250496e-03,1.35506409e+02,8.00216751e+01,1.86420059e+01,2.48291925e-01,3.40073079e-01
5345803-S04-156I3-A-L-B-190,20.02.2020-05:59:47,9.00000000e+00,6.46713376e-01,8.96658134e+00,1.98825821e-03,1.29828979e+02,7.99039307e+01,1.88598003e+01,1.84716627e-01,2.38068789e-01
5345803-S04-156I3-A-L-B-190,20.02.2020-05:59:49,9.00000000e+00,6.43587768e-01,9.00658703e+00,2.27907812e-03,1.68247742e+02,7.97040710e+01,1.88052330e+01,1.12700872e-01,1.33429587e-01
5345803-S04-156I3-A-L-B-190,20.02.2020-05:59:51,8.00000000e+00,6.48561001e-01,8.96720600e+00,1.76235801e-03,1.54817169e+02,8.03456039e+01,1.90195522e+01,1.85550824e-01,4.84248847e-01
5345803-S04-156I3-A-L-B-190,20.02.2020-05:59:53,1.90000000e+01,6.44424498e-01,8.94166279e+00,2.22107396e-03,1.53967667e+02,8.01527634e+01,1.87991867e+01,1.56722859e-01,4.57826585e-01
5345803-S04-156I3-A-L-B-190,20.02.2020-06:00:58,1.90000000e+01,6.44944906e-01,8.94595242e+00,1.91978470e-03,1.77358322e+02,8.00486679e+01,1.87989483e+01,1.15412764e-01,1.85955256e-01
5345803-S04-156I3-A-L-B-190,20.02.2020-06:01:00,1.90000000e+01,6.44373178e-01,8.94438934e+00,1.84745865e-03,1.24153839e+02,7.99563751e+01,1.87573490e+01,2.41207480e-01,3.16391528e-01
5345803-S04-156I3-A-L-B-190,20.02.2020-06:01:02,9.00000000e+00,6.45876467e-01,8.99132061e+00,2.52209255e-03,1.73948685e+02,7.95484619e+01,1.88033390e+01,1.88611329e-01,2.28392646e-01
5345803-S04-156I3-A-L-B-190,20.02.2020-06:01:05,9.00000000e+00,6.47190809e-01,8.99314976e+00,2.07401183e-03,2.90668762e+02,7.97288666e+01,1.88881721e+01,1.01776250e-01,1.26860991e-01
5345803-S04-156I3-A-L-B-190,20.02.2020-06:01:07,2.40000000e+01,6.44562006e-01,8.94772530e+00,1.96013460e-03,1.27230301e+01,7.97613068e+01,1.87240505e+01,2.86005187e+00,3.58493924e+00
5345803-S04-156I3-A-L-B-190,20.02.2020-06:01:10,8.00000000e+00,6.49174809e-01,8.97744274e+00,2.13305349e-03,1.68848343e+02,7.99242706e+01,1.89593391e+01,2.03285009e-01,3.02237839e-01
5345803-S04-156I3-A-L-B-190,20.02.2020-06:01:12,8.00000000e+00,6.46245360e-01,8.97236824e+00,2.06032535e-03,1.83797348e+02,8.01418381e+01,1.89144650e+01,1.68722928e-01,2.63241947e-01
5345803-S04-156I3-A-L-B-190,20.02.2020-06:01:14,8.00000000e+00,6.46723032e-01,8.97632217e+00,1.90682930e-03,1.51433701e+02,8.02516479e+01,1.89627323e+01,1.55379891e-01,2.51832247e-01
5345803-S04-156I3-A-L-B-190,20.02.2020-06:01:16,9.00000000e+00,6.46910727e-01,8.97160912e+00,1.94266741e-03,2.04413345e+02,7.96749954e+01,1.88220501e+01,1.20186642e-01,1.49013892e-01
5345803-S04-156I3-A-L-B-190,20.02.2020-06:01:18,2.00000000e+01,6.43805206e-01,8.93186951e+00,2.04590824e-03,1.74892715e+02,7.98439407e+01,1.86882648e+01,1.65256783e-01,3.50485682e-01
5345803-S04-156I3-A-L-B-190,20.02.2020-06:01:42,7.00000000e+00,6.49645746e-01,9.03475380e+00,2.17449293e-03,1.77331360e+02,8.01241302e+01,1.91419621e+01,1.06703721e-01,1.26695573e-01
5345803-S04-156I3-A-L-B-190,20.02.2020-06:01:44,8.00000000e+00,6.45930171e-01,8.97689247e+00,2.18556565e-03,2.34626648e+02,8.01359558e+01,1.89133816e+01,1.00850537e-01,1.96802333e-01
5345803-S04-156I3-A-L-B-190,20.02.2020-06:01:47,1.90000000e+01,6.43039227e-01,8.94704056e+00,1.95299718e-03,1.70061005e+02,8.00947266e+01,1.87564659e+01,2.04333633e-01,4.77151781e-01
5345803-S04-156I3-A-L-B-190,20.02.2020-06:01:49,8.00000000e+00,6.49234712e-01,8.98063755e+00,2.02218164e-03,1.73139938e+02,8.00945282e+01,1.90082397e+01,1.35054633e-01,1.74296096e-01
5345803-S04-156I3-A-L-B-190,20.02.2020-06:01:51,1.40000000e+01,6.46233022e-01,8.98767757e+00,2.02259189e-03,2.30190525e+01,7.96167145e+01,1.88222313e+01,1.38499916e+00,1.65608418e+00
5345803-S04-156I3-A-L-B-190,20.02.2020-06:01:53,1.90000000e+01,6.45410657e-01,8.96818733e+00,2.39877240e-03,1.19627335e+02,7.97020035e+01,1.87776089e+01,2.05266207e-01,3.37936878e-01
5345803-S04-156I3-A-L-B-190,20.02.2020-06:01:55,2.00000000e+00,6.40736163e-01,8.74941635e+00,1.56435522e-03,1.39020370e+02,7.99669113e+01,1.82473087e+01,1.51911452e-01,8.12632918e-01
5345803-S04-156I3-A-L-B-190,20.02.2020-06:01:57,2.10000000e+01,6.41240418e-01,8.89375973e+00,1.89043907e-03,3.49090057e+02,7.99292603e+01,1.85542030e+01,6.95310459e-02,1.52850240e-01
5345803-S04-156I3-A-L-B-190,20.02.2020-06:01:59,1.90000000e+01,6.43410802e-01,8.95135498e+00,2.04716343e-03,1.40675888e+02,7.98496323e+01,1.87188969e+01,2.38829166e-01,4.20554340e-01
5345803-S04-156I3-A-L-B-190,20.02.2020-06:02:01,2.00000000e+00,6.40774846e-01,8.75057125e+00,1.66777498e-03,2.17313492e+02,8.00275345e+01,1.82646561e+01,1.68048322e-01,8.45530391e-01
5345803-S04-156I3-A-L-B-190,20.02.2020-06:03:06,8.00000000e+00,6.46880925e-01,8.97190285e+00,1.72716414e-03,7.79761353e+01,8.02163696e+01,1.89496899e+01,2.67074734e-01,3.79042178e-01
5345803-S04-156I3-A-L-B-190,20.02.2020-06:03:08,2.00000000e+01,6.42200112e-01,8.90665913e+00,1.68572925e-03,9.75024567e+01,8.00535278e+01,1.86378536e+01,3.27242553e-01,5.33198655e-01
5345803-S04-156I3-A-L-B-190,20.02.2020-06:03:10,9.00000000e+00,6.47210538e-01,8.97784901e+00,2.29765452e-03,2.03533569e+02,7.99408875e+01,1.89067574e+01,1.53452054e-01,1.84599340e-01
5345803-S04-156I3-A-L-B-190,20.02.2020-06:03:12,9.00000000e+00,6.45654440e-01,8.97170734e+00,1.83424621e-03,1.94844086e+02,7.99450912e+01,1.88493862e+01,1.32513762e-01,1.64235905e-01
5345803-S04-156I3-A-L-B-190,20.02.2020-06:03:14,2.00000000e+01,6.42554939e-01,8.94669819e+00,2.32364866e-03,1.94022812e+02,7.97781982e+01,1.86675568e+01,1.75380707e-01,3.58437717e-01
5345803-S04-156I3-A-L-B-190,20.02.2020-06:03:16,1.90000000e+01,6.44218683e-01,8.99330425e+00,1.76434650e-03,5.52301758e+02,7.96228790e+01,1.87767620e+01,6.24094792e-02,1.03496172e-01
5345803-S04-156I3-A-L-B-190,20.02.2020-06:03:19,1.90000000e+01,6.43611908e-01,8.99766350e+00,2.22653011e-03,2.19641693e+02,7.94199295e+01,1.87203312e+01,1.01428337e-01,1.52081415e-01
5345803-S04-156I3-A-L-B-190,20.02.2020-06:03:21,9.00000000e+00,6.46122456e-01,8.97514629e+00,2.36111158e-03,2.33158310e+02,7.98717117e+01,1.88529587e+01,1.48264125e-01,2.22144231e-01
5345803-S04-156I3-A-L-B-190,20.02.2020-06:03:23,1.90000000e+01,6.44929945e-01,8.97215271e+00,1.82215113e-03,2.13922699e+02,7.97069244e+01,1.87730770e+01,1.46528319e-01,1.89890847e-01
5345803-S04-156I3-A-L-B-190,20.02.2020-06:03:25,2.10000000e+01,6.40114427e-01,8.91732121e+00,2.23823497e-03,1.39585983e+02,7.97222595e+01,1.85225945e+01,2.35414088e-01,3.28819692e-01
5345803-S04-156I3-A-L-B-190,20.02.2020-06:03:48,1.90000000e+01,6.45584881e-01,8.90567589e+00,1.55857799e-03,2.41111557e+02,8.00289307e+01,1.87282600e+01,1.13228545e-01,2.66703844e-01
5345803-S04-156I3-A-L-B-190,20.02.2020-06:03:50,8.00000000e+00,6.47581995e-01,8.97636318e+00,2.41040974e-03,1.03487312e+02,8.00553055e+01,1.89415512e+01,2.25369141e-01,4.23383057e-01
5345803-S04-156I3-A-L-B-190,20.02.2020-06:03:52,7.00000000e+00,6.46620333e-01,8.98759937e+00,1.80036505e-03,4.05196991e+02,8.04199600e+01,1.90233555e+01,9.93241891e-02,1.66156501e-01
5345803-S04-156I3-A-L-B-190,20.02.2020-06:03:54,2.00000000e+01,6.43602729e-01,8.87733650e+00,1.77090813e-03,2.35597946e+02,8.00396423e+01,1.86138382e+01,1.16779782e-01,3.08743566e-01
5345803-S04-156I3-A-L-B-190,20.02.2020-06:04:06,7.00000000e+00,6.46537066e-01,9.02706051e+00,1.80432841e-03,1.84501404e+02,8.05242157e+01,1.91291847e+01,1.56957239e-01,2.52646953e-01
5345803-S04-156I3-A-L-B-190,20.02.2020-06:04:08,9.00000000e+00,6.44144118e-01,8.98508358e+00,1.81915192e-03,3.69111908e+02,8.02668686e+01,1.89091358e+01,7.76709318e-02,9.87481177e-02
5345803-S04-156I3-A-L-B-190,20.02.2020-06:04:10,1.90000000e+01,6.45359397e-01,8.92151070e+00,1.78461452e-03,1.92382416e+02,8.01189880e+01,1.87761135e+01,1.42903790e-01,3.02152485e-01
5345803-S04-156I3-A-L-B-190,20.02.2020-06:04:12,2.00000000e+01,6.42043769e-01,8.88996887e+00,2.11216207e-03,1.86185318e+02,8.02460938e+01,1.86431370e+01,1.66435823e-01,4.09575135e-01
5345803-S04-156I3-A-L-B-190,20.02.2020-06:04:14,1.90000000e+01,6.43183291e-01,8.90119267e+00,1.67356990e-03,1.32914032e+02,8.03296051e+01,1.87192650e+01,1.94705591e-01,4.50399071e-01
5345803-S04-156I3-A-L-B-190,20.02.2020-06:04:16,1.90000000e+01,6.43866003e-01,8.92759991e+00,1.68151525e-03,2.42796417e+02,8.03360748e+01,1.87962399e+01,1.30634978e-01,3.04045022e-01
5345803-S04-156I3-A-L-B-190,20.02.2020-06:05:00,8.00000000e+00,6.46263540e-01,9.00501728e+00,2.02991208e-03,7.05946579e+01,8.00649490e+01,1.89656105e+01,6.68276131e-01,9.09381688e-01
5345803-S04-156I3-A-L-B-190,20.02.2020-06:05:02,1.90000000e+01,6.43641293e-01,8.92613411e+00,1.77054771e-03,1.06603073e+02,8.01413651e+01,1.87410641e+01,3.41366529e-01,7.04428434e-01
5345803-S04-156I3-A-L-B-190,20.02.2020-06:05:04,2.00000000e+01,6.42302096e-01,8.88888836e+00,1.80364226e-03,1.03157417e+02,8.04378738e+01,1.86929379e+01,2.88023353e-01,4.26759124e-01
5345803-S04-156I3-A-L-B-190,20.02.2020-06:05:06,2.00000000e+01,6.40434027e-01,8.90840149e+00,1.92222162e-03,8.97259216e+01,8.01920395e+01,1.86224003e+01,3.08702856e-01,5.11352718e-01
5345803-S04-156I3-A-L-B-190,20.02.2020-06:05:08,2.10000000e+01,6.41738355e-01,8.87762928e+00,2.06086691e-03,9.49974213e+01,8.01361694e+01,1.85829124e+01,3.17271650e-01,4.55037057e-01
5345803-S04-156I3-A-L-B-190,20.02.2020-06:05:11,1.30000000e+01,6.35662019e-01,8.76386642e+00,1.30074972e-03,5.08428154e+01,7.92540588e+01,1.79710617e+01,6.27074659e-01,7.45312214e-01
5345803-S04-156I3-A-L-B-190,20.02.2020-06:05:13,1.90000000e+01,6.44131303e-01,8.92944050e+00,1.88797084e-03,5.53364830e+01,7.99655914e+01,1.87211266e+01,6.58012092e-01,7.60538816e-01
5345803-S04-156I3-A-L-B-190,20.02.2020-06:05:15,3.00000000e+00,6.36000097e-01,8.77743530e+00,1.65417499e-03,8.45008698e+01,7.92906723e+01,1.80167751e+01,4.36091423e-01,5.22290766e-01
5345803-S04-156I3-A-L-B-190,20.02.2020-06:05:17,2.10000000e+01,6.41660869e-01,8.90595818e+00,1.93283125e-03,4.67482948e+01,7.98434296e+01,1.85718670e+01,8.53292763e-01,1.05354631e+00
5345803-S04-156I3-A-L-B-190,20.02.2020-06:05:19,1.90000000e+01,6.43240869e-01,8.94323540e+00,2.37658899e-03,6.06347046e+01,8.01406784e+01,1.87651291e+01,5.04953146e-01,7.97602773e-01
5345803-S04-156I3-A-L-B-190,20.02.2020-05:59:55,8.00000000e+00,6.46799266e-01,8.99050808e+00,2.24078004e-03,2.74366577e+02,8.02295609e+01,1.89897137e+01,1.13100104e-01,1.76994860e-01
5345803-S04-156I3-A-L-B-190,20.02.2020-05:59:57,1.90000000e+01,6.44888639e-01,8.96882629e+00,2.30920059e-03,1.16538460e+02,7.97888489e+01,1.87842007e+01,1.85398623e-01,3.02267134e-01
5345803-S04-156I3-A-L-B-190,20.02.2020-06:00:00,1.90000000e+01,6.45773113e-01,8.94764614e+00,1.70226628e-03,1.00398232e+02,7.98661804e+01,1.87837315e+01,2.48188064e-01,3.01385283e-01
5345803-S04-156I3-A-L-B-190,20.02.2020-06:00:02,1.90000000e+01,6.41346157e-01,8.98775864e+00,2.06043199e-03,9.82845459e+01,7.98997498e+01,1.87464695e+01,1.97877139e-01,2.35442311e-01
5345803-S04-156I3-A-L-B-190,20.02.2020-06:00:04,1.90000000e+01,6.42439723e-01,8.93169403e+00,1.88910495e-03,1.64877670e+02,8.01769409e+01,1.87260380e+01,1.78679571e-01,3.20658624e-01
5345803-S04-156I3-A-L-B-190,20.02.2020-06:00:06,7.00000000e+00,6.48793042e-01,8.99453545e+00,1.98188028e-03,1.57202621e+02,8.01839066e+01,1.90459366e+01,1.48341656e-01,2.27289006e-01
5345803-S04-156I3-A-L-B-190,20.02.2020-06:00:08,8.00000000e+00,6.46482766e-01,8.98983383e+00,1.68696116e-03,1.37584229e+02,8.02010651e+01,1.89722538e+01,1.90652698e-01,2.85583645e-01
5345803-S04-156I3-A-L-B-190,20.02.2020-06:00:10,9.00000000e+00,6.45597637e-01,8.96358109e+00,2.08412251e-03,1.84963562e+02,7.98202667e+01,1.88012562e+01,1.42741114e-01,2.95707971e-01
5345803-S04-156I3-A-L-B-190,20.02.2020-06:00:12,9.00000000e+00,6.45300806e-01,8.93749142e+00,1.63683423e-03,2.20584473e+02,8.01889267e+01,1.88244553e+01,1.38289168e-01,4.64911997e-01
5345803-S04-156I3-A-L-B-190,20.02.2020-06:00:14,1.90000000e+01,6.45078242e-01,8.92884827e+00,1.81329926e-03,1.59824997e+02,8.00224228e+01,1.87607288e+01,2.22971365e-01,5.92520118e-01
5345803-S04-156I3-A-L-B-190,20.02.2020-06:02:03,8.00000000e+00,6.47810698e-01,8.98032188e+00,1.83538895e-03,2.34180191e+02,8.00208588e+01,1.89484367e+01,1.21190690e-01,1.56632319e-01
5345803-S04-156I3-A-L-B-190,20.02.2020-06:02:05,1.00000000e+00,6.40817225e-01,8.82125854e+00,1.94034353e-03,2.39198654e+02,7.99720688e+01,1.84006538e+01,1.66832849e-01,1.15628636e+00
5345803-S04-156I3-A-L-B-190,20.02.2020-06:02:08,9.00000000e+00,6.45952106e-01,8.95876503e+00,2.13975576e-03,1.05116394e+02,8.01565704e+01,1.88806858e+01,3.32053244e-01,4.67886537e-01
5345803-S04-156I3-A-L-B-190,20.02.2020-06:02:10,2.00000000e+00,6.33039176e-01,8.88125896e+00,1.91236509e-03,5.61044617e+02,7.98946381e+01,1.82832298e+01,1.56467468e-01,4.86822605e-01
5345803-S04-156I3-A-L-B-190,20.02.2020-06:02:12,1.00000000e+00,6.39538229e-01,8.88783455e+00,2.28672894e-03,8.75817184e+01,7.98322067e+01,1.84701672e+01,3.55033040e-01,4.20999557e-01
5345803-S04-156I3-A-L-B-190,20.02.2020-06:02:14,1.00000000e+00,6.41461432e-01,8.84742165e+00,1.68286054e-03,3.69119354e+02,8.00377121e+01,1.84889469e+01,1.50194466e-01,5.88085830e-01
5345803-S04-156I3-A-L-B-190,20.02.2020-06:02:16,9.00000000e+00,6.46511078e-01,8.94045162e+00,2.05421308e-03,9.99491501e+01,8.00073242e+01,1.88232822e+01,2.98508674e-01,3.52203965e-01
5345803-S04-156I3-A-L-B-190,20.02.2020-06:02:18,2.10000000e+01,6.37678206e-01,8.91545200e+00,1.82677305e-03,2.07821289e+02,8.00687408e+01,1.85284100e+01,1.31900236e-01,2.08999515e-01
5345803-S04-156I3-A-L-B-190,20.02.2020-06:02:20,2.10000000e+01,6.42823458e-01,8.89030838e+00,2.06130161e-03,1.26738724e+02,7.98433380e+01,1.85728016e+01,3.31650317e-01,6.10818028e-01
5345803-S04-156I3-A-L-B-190,20.02.2020-06:02:22,1.90000000e+01,6.43152475e-01,8.94491577e+00,2.10669683e-03,1.58795944e+02,7.98870392e+01,1.87066784e+01,2.00075611e-01,3.59062701e-01
5345803-S04-156I3-A-L-B-190,20.02.2020-06:04:18,2.00000000e+01,6.42492712e-01,8.87457561e+00,1.81351404e-03,1.06867218e+02,8.05610733e+01,1.86969700e+01,3.38606149e-01,1.73077357e+00
5345803-S04-156I3-A-L-B-190,20.02.2020-06:04:20,1.00000000e+00,6.39928699e-01,8.86921597e+00,2.07852270e-03,3.69294548e+01,7.97187195e+01,1.84165096e+01,8.02291274e-01,1.02881336e+00
5345803-S04-156I3-A-L-B-190,20.02.2020-06:04:22,1.90000000e+01,6.43274546e-01,8.90414906e+00,1.57334399e-03,8.62446747e+01,8.04101791e+01,1.87469234e+01,3.04020613e-01,4.86265302e-01
5345803-S04-156I3-A-L-B-190,20.02.2020-06:04:25,2.00000000e+01,6.42877936e-01,8.87762928e+00,2.07746890e-03,8.55075836e+01,8.01631775e+01,1.86221848e+01,3.33882570e-01,4.53753442e-01
5345803-S04-156I3-A-L-B-190,20.02.2020-06:04:27,2.00000000e+01,6.42031074e-01,8.89736176e+00,2.06352165e-03,7.74541550e+01,8.00753479e+01,1.86185722e+01,3.71122867e-01,4.64593172e-01
5345803-S04-156I3-A-L-B-190,20.02.2020-06:04:29,9.00000000e+00,6.45258188e-01,8.91727734e+00,1.81661849e-03,9.01089859e+01,8.04737244e+01,1.88473434e+01,3.10875893e-01,5.43059826e-01
5345803-S04-156I3-A-L-B-190,20.02.2020-06:04:31,2.00000000e+01,6.43137395e-01,8.90279865e+00,1.78251707e-03,6.84244843e+01,8.01880722e+01,1.86883221e+01,3.99232417e-01,6.43321991e-01
5345803-S04-156I3-A-L-B-190,20.02.2020-06:04:33,2.40000000e+01,6.38483644e-01,8.79438782e+00,1.45729643e-03,1.68297596e+01,7.99481125e+01,1.82723255e+01,2.45346975e+00,3.45494294e+00
5345803-S04-156I3-A-L-B-190,20.02.2020-06:04:35,2.00000000e+01,6.41905248e-01,8.87724972e+00,1.67335325e-03,2.56895828e+01,8.02667389e+01,1.86172333e+01,1.14385712e+00,1.39760423e+00
5345803-S04-156I3-A-L-B-190,20.02.2020-06:04:37,3.00000000e+00,6.37812376e-01,8.74652576e+00,1.78678171e-03,4.59568825e+01,7.98855515e+01,1.81395683e+01,8.95667493e-01,2.50736833e+00
5345803-S04-156I3-A-L-B-190,20.02.2020-06:05:21,2.00000000e+00,6.38385653e-01,8.81510639e+00,1.76949613e-03,4.12778587e+01,7.98301468e+01,1.82855396e+01,5.39707839e-01,8.24384689e-01
5345803-S04-156I3-A-L-B-190,20.02.2020-06:05:23,9.00000000e+00,6.44019246e-01,8.94050407e+00,1.79014774e-03,8.11857910e+01,8.03981857e+01,1.88424473e+01,3.02364439e-01,3.82902741e-01
5345803-S04-156I3-A-L-B-190,20.02.2020-06:05:25,1.00000000e+00,6.37245357e-01,8.87131023e+00,1.82559912e-03,3.62374992e+01,8.00413895e+01,1.84178658e+01,8.51291180e-01,1.05114281e+00
5345803-S04-156I3-A-L-B-190,20.02.2020-06:05:27,2.00000000e+01,6.42356753e-01,8.88304710e+00,1.79923826e-03,2.49817276e+01,8.03890152e+01,1.86708965e+01,1.10842228e+00,1.35711741e+00
5345803-S04-156I3-A-L-B-190,20.02.2020-06:05:29,9.00000000e+00,6.44840539e-01,8.95023346e+00,1.79669983e-03,1.00375801e+02,8.00590744e+01,1.88073425e+01,2.25484475e-01,2.76849031e-01
5345803-S04-156I3-A-L-B-190,20.02.2020-06:05:31,8.00000000e+00,6.47313058e-01,8.96120644e+00,1.89199718e-03,9.86695480e+01,8.01149063e+01,1.89157867e+01,3.62718821e-01,4.46291059e-01
5345803-S04-156I3-A-L-B-190,20.02.2020-06:05:34,8.00000000e+00,6.46990478e-01,8.97651005e+00,1.95157598e-03,9.51796494e+01,8.02014389e+01,1.89591026e+01,3.04456234e-01,3.60193819e-01
5345803-S04-156I3-A-L-B-190,20.02.2020-06:05:36,8.00000000e+00,6.45355761e-01,8.98503971e+00,1.74509559e-03,8.60692291e+01,8.02605667e+01,1.89431229e+01,3.64917994e-01,5.93201935e-01
5345803-S04-156I3-A-L-B-190,20.02.2020-06:05:38,1.90000000e+01,6.45573318e-01,8.92228508e+00,2.08443217e-03,1.06201118e+02,8.00851364e+01,1.87760315e+01,2.41475895e-01,3.22467297e-01
5345803-S04-156I3-A-L-B-190,20.02.2020-06:05:40,9.00000000e+00,6.45020425e-01,8.99123001e+00,2.26460584e-03,1.00232300e+02,7.99760284e+01,1.88791561e+01,3.31744045e-01,5.28686106e-01
5345803-S04-156I3-A-L-B-190,20.02.2020-06:06:03,1.00000000e+00,6.37303889e-01,8.84410667e+00,1.72243780e-03,2.35425629e+02,8.03457031e+01,1.84328880e+01,1.49285018e-01,3.94454569e-01
5345803-S04-156I3-A-L-B-190,20.02.2020-06:06:05,2.00000000e+01,6.42280638e-01,8.88479519e+00,1.53884757e-03,1.44935608e+02,8.03815079e+01,1.86706123e+01,1.48882255e-01,2.32339755e-01
5345803-S04-156I3-A-L-B-190,20.02.2020-06:06:07,2.00000000e+01,6.42554164e-01,8.87267208e+00,1.59259804e-03,2.78144043e+02,8.05014954e+01,1.86809235e+01,1.54886082e-01,2.38188982e-01
5345803-S04-156I3-A-L-B-190,20.02.2020-06:06:09,2.00000000e+01,6.42412364e-01,8.89386940e+00,2.13938043e-03,1.98666275e+02,8.02575989e+01,1.86646976e+01,1.78684399e-01,2.54525125e-01
5345803-S04-156I3-A-L-B-190,20.02.2020-06:06:11,9.00000000e+00,6.43733203e-01,8.95673180e+00,1.88305438e-03,1.91860626e+02,8.01337433e+01,1.88062038e+01,1.14139780e-01,1.52844265e-01
5345803-S04-156I3-A-L-B-190,20.02.2020-06:06:13,9.00000000e+00,6.43903613e-01,8.96757317e+00,1.99245103e-03,2.12628082e+02,8.00733185e+01,1.88197498e+01,8.37017745e-02,1.13712385e-01
5345803-S04-156I3-A-L-B-190,20.02.2020-06:06:15,1.90000000e+01,6.44138634e-01,8.93912506e+00,2.19418108e-03,1.16913948e+02,8.00892487e+01,1.87706261e+01,1.71289295e-01,2.21908316e-01
5345803-S04-156I3-A-L-B-190,20.02.2020-06:06:17,3.00000000e+00,6.40090704e-01,8.72908306e+00,1.66847720e-03,6.47348785e+01,7.99212341e+01,1.81761761e+01,3.55191559e-01,1.02396381e+00
5345803-S04-156I3-A-L-B-190,20.02.2020-06:06:20,3.00000000e+00,6.32472038e-01,8.84911442e+00,1.74995244e-03,1.87354507e+02,7.95069199e+01,1.81124115e+01,1.56554461e-01,3.52640122e-01
5345803-S04-156I3-A-L-B-190,20.02.2020-06:06:22,2.00000000e+01,6.41726375e-01,8.96595001e+00,2.30949488e-03,2.25641891e+02,7.96481400e+01,1.86531429e+01,1.83219239e-01,3.34377587e-01
5345803-S04-156I3-A-L-B-190,20.02.2020-06:07:06,9.00000000e+00,6.45903707e-01,8.93724728e+00,2.04293081e-03,2.79588593e+02,8.04386978e+01,1.89002171e+01,1.38159648e-01,2.50502884e-01
5345803-S04-156I3-A-L-B-190,20.02.2020-06:07:08,8.00000000e+00,6.46510482e-01,8.93803883e+00,1.95869338e-03,2.55355865e+02,8.05195770e+01,1.89386692e+01,1.20468520e-01,2.38561243e-01
5345803-S04-156I3-A-L-B-190,20.02.2020-06:07:10,8.00000000e+00,6.47476792e-01,8.95871258e+00,2.11591739e-03,1.67982422e+02,8.03441467e+01,1.89694290e+01,1.47249401e-01,2.70151913e-01
5345803-S04-156I3-A-L-B-190,20.02.2020-06:07:12,2.00000000e+01,6.43839121e-01,8.86235809e+00,1.84341823e-03,2.76080811e+02,8.01805649e+01,1.86219864e+01,2.29118168e-01,1.58702111e+00
5345803-S04-156I3-A-L-B-190,20.02.2020-06:07:14,3.00000000e+00,6.39754951e-01,8.71787262e+00,1.93675980e-03,9.60129852e+01,7.97274475e+01,1.80993176e+01,3.02308559e-01,9.06297207e-01
5345803-S04-156I3-A-L-B-190,20.02.2020-06:07:17,2.00000000e+01,6.42462671e-01,8.86643028e+00,1.72117446e-03,1.10673576e+02,8.04418488e+01,1.86512928e+01,2.32575908e-01,4.54129249e-01
5345803-S04-156I3-A-L-B-190,20.02.2020-06:07:19,2.00000000e+01,6.42866731e-01,8.87897301e+00,1.76638761e-03,1.05757294e+02,8.03653564e+01,1.86716518e+01,1.95950165e-01,3.15919042e-01
5345803-S04-156I3-A-L-B-190,20.02.2020-06:07:21,2.00000000e+01,6.41762316e-01,8.89674187e+00,1.84198166e-03,1.45499924e+02,8.03249435e+01,1.86674881e+01,2.35900596e-01,6.39822304e-01
5345803-S04-156I3-A-L-B-190,20.02.2020-06:07:23,1.90000000e+01,6.42803848e-01,8.89132214e+00,1.92621071e-03,1.89184875e+02,8.04431381e+01,1.87138882e+01,1.70824155e-01,4.64669377e-01
5345803-S04-156I3-A-L-B-190,20.02.2020-06:07:25,9.00000000e+00,6.44223690e-01,8.93328953e+00,1.71770982e-03,1.30612335e+02,8.04462891e+01,1.88444862e+01,1.92998618e-01,4.35809016e-01
5345803-S04-156I3-A-L-B-190,20.02.2020-06:07:48,1.00000000e+00,6.38410330e-01,8.89044952e+00,2.05360097e-03,8.82894058e+01,8.00301971e+01,1.84887562e+01,2.94979781e-01,4.25795197e-01
5345803-S04-156I3-A-L-B-190,20.02.2020-06:07:50,2.10000000e+01,6.40241563e-01,8.92851925e+00,1.63300009e-03,1.22021851e+02,7.98889999e+01,1.85883350e+01,2.08822593e-01,3.09952945e-01
5345803-S04-156I3-A-L-B-190,20.02.2020-06:07:52,9.00000000e+00,6.46843433e-01,8.93666553e+00,1.85862544e-03,1.95052216e+02,8.02651978e+01,1.88856602e+01,1.81188494e-01,2.57848531e-01
5345803-S04-156I3-A-L-B-190,20.02.2020-06:07:54,1.90000000e+01,6.43215239e-01,8.94613361e+00,1.99526222e-03,1.02500702e+02,8.01498566e+01,1.87726078e+01,1.96650073e-01,3.02431047e-01
5345803-S04-156I3-A-L-B-190,20.02.2020-06:07:56,2.10000000e+01,6.39958501e-01,8.93113136e+00,2.22377549e-03,1.08176231e+02,7.97531281e+01,1.85539417e+01,2.12069958e-01,3.56736451e-01
5345803-S04-156I3-A-L-B-190,20.02.2020-06:07:59,1.90000000e+01,6.44725144e-01,8.91494751e+00,1.75949070e-03,5.90457840e+01,8.01565018e+01,1.87526360e+01,3.50212365e-01,4.63476837e-01
5345803-S04-156I3-A-L-B-190,20.02.2020-06:08:01,8.00000000e+00,6.46517813e-01,8.96084690e+00,1.94185821e-03,7.98692398e+01,8.03403931e+01,1.89449596e+01,3.17185819e-01,3.92371327e-01
5345803-S04-156I3-A-L-B-190,20.02.2020-06:08:03,8.00000000e+00,6.45667791e-01,8.95003319e+00,1.63184700e-03,1.62245834e+02,8.04323807e+01,1.89188576e+01,2.28112608e-01,3.64669889e-01
5345803-S04-156I3-A-L-B-190,20.02.2020-06:08:05,9.00000000e+00,6.44178927e-01,8.92943764e+00,1.63669139e-03,1.48822327e+02,8.03330002e+01,1.88085270e+01,2.17537656e-01,3.15090925e-01
5345803-S04-156I3-A-L-B-190,20.02.2020-06:08:07,9.00000000e+00,6.45026445e-01,8.93505287e+00,1.79007067e-03,1.07006393e+02,8.03044968e+01,1.88384323e+01,2.41160646e-01,3.60006690e-01
5345803-S04-156I3-A-L-B-190,20.02.2020-06:08:30,9.00000000e+00,6.45214677e-01,8.93098831e+00,1.77211734e-03,7.31452026e+01,8.01892700e+01,1.88083305e+01,3.12804252e-01,4.28861499e-01
5345803-S04-156I3-A-L-B-190,20.02.2020-06:08:32,2.00000000e+01,6.41984224e-01,8.88282204e+00,1.74271525e-03,9.96466599e+01,8.02556381e+01,1.86286373e+01,3.32124531e-01,6.42992318e-01
5345803-S04-156I3-A-L-B-190,20.02.2020-06:08:34,2.10000000e+01,6.41803086e-01,8.85689163e+00,1.79276860e-03,6.87461929e+01,8.02932281e+01,1.85777130e+01,4.25897062e-01,1.03663826e+00
5345803-S04-156I3-A-L-B-190,20.02.2020-06:08:36,2.00000000e+01,6.41190946e-01,8.91619301e+00,2.06875638e-03,1.00677467e+02,8.01018295e+01,1.86397228e+01,2.35539839e-01,5.53960264e-01
5345803-S04-156I3-A-L-B-190,20.02.2020-06:08:38,9.00000000e+00,6.46428466e-01,8.96284962e+00,2.18844041e-03,1.01532722e+02,8.01080856e+01,1.88917904e+01,1.93877116e-01,2.99925357e-01
5345803-S04-156I3-A-L-B-190,20.02.2020-06:08:40,1.40000000e+01,6.36032462e-01,8.79705906e+00,1.87748263e-03,1.97747498e+01,7.95806580e+01,1.81240177e+01,9.95295167e-01,1.42411315e+00
5345803-S04-156I3-A-L-B-190,20.02.2020-06:08:43,9.00000000e+00,6.46034479e-01,8.96351528e+00,1.84343371e-03,3.60569687e+01,8.01563034e+01,1.88930454e+01,6.27106428e-01,7.43339419e-01
5345803-S04-156I3-A-L-B-190,20.02.2020-06:08:45,2.10000000e+01,6.41685009e-01,8.88610172e+00,1.81859988e-03,2.79839115e+01,8.00692520e+01,1.85835686e+01,7.21099675e-01,1.17766774e+00
5345803-S04-156I3-A-L-B-190,20.02.2020-06:08:47,2.10000000e+01,6.41510844e-01,8.89270592e+00,2.18952517e-03,5.07456055e+01,7.99823608e+01,1.85721588e+01,4.47482347e-01,9.31459248e-01
5345803-S04-156I3-A-L-B-190,20.02.2020-06:08:49,1.90000000e+01,6.44839227e-01,8.92495918e+00,1.53189828e-03,6.06588249e+01,8.01862564e+01,1.87839890e+01,3.08433712e-01,4.05506372e-01
5345803-S04-156I3-A-L-B-190,20.02.2020-06:00:16,8.00000000e+00,6.48831725e-01,8.96662712e+00,1.90549064e-03,1.92281204e+02,8.02192307e+01,1.89963379e+01,1.33581817e-01,3.62896591e-01
5345803-S04-156I3-A-L-B-190,20.02.2020-06:00:18,8.00000000e+00,6.46794736e-01,8.97411346e+00,2.13057711e-03,1.59459229e+02,8.00486221e+01,1.89122028e+01,1.28524661e-01,1.80568337e-01
5345803-S04-156I3-A-L-B-190,20.02.2020-06:00:20,9.00000000e+00,6.46284103e-01,8.96667004e+00,1.86951994e-03,2.10269379e+02,7.99781113e+01,1.88649635e+01,1.29746228e-01,1.78261653e-01
5345803-S04-156I3-A-L-B-190,20.02.2020-06:00:23,2.00000000e+01,6.42729580e-01,8.90999889e+00,1.83179497e-03,1.61245667e+02,7.99487839e+01,1.86357975e+01,1.86509654e-01,2.67075926e-01
5345803-S04-156I3-A-L-B-190,20.02.2020-06:00:25,7.00000000e+00,6.49401665e-01,8.99721432e+00,2.10429658e-03,2.77974396e+02,8.01138229e+01,1.90528145e+01,1.16820842e-01,2.46117815e-01
5345803-S04-156I3-A-L-B-190,20.02.2020-06:00:27,1.90000000e+01,6.44408882e-01,8.94640255e+00,1.54216588e-03,3.85993744e+02,8.00056763e+01,1.87741795e+01,8.41723531e-02,1.31690785e-01
5345803-S04-156I3-A-L-B-190,20.02.2020-06:00:29,1.90000000e+01,6.44982517e-01,8.95301151e+00,1.62207533e-03,1.72485779e+02,7.99448166e+01,1.87904701e+01,1.75896868e-01,3.68353993e-01
5345803-S04-156I3-A-L-B-190,20.02.2020-06:00:31,7.00000000e+00,6.49660945e-01,9.00487423e+00,1.75469613e-03,2.41583542e+02,8.02414780e+01,1.91070461e+01,1.38969406e-01,2.18564138e-01
5345803-S04-156I3-A-L-B-190,20.02.2020-06:00:33,2.00000000e+01,6.42275870e-01,8.92340851e+00,1.94206077e-03,1.62028397e+02,8.00073624e+01,1.86643353e+01,2.26982728e-01,3.09350550e-01
5345803-S04-156I3-A-L-B-190,20.02.2020-06:00:35,9.00000000e+00,6.45578623e-01,8.95758820e+00,2.25355476e-03,2.84955444e+02,8.00601730e+01,1.88446026e+01,1.58336967e-01,3.58514041e-01
5345803-S04-156I3-A-L-B-190,20.02.2020-06:02:24,8.00000000e+00,6.47671998e-01,8.98326302e+00,1.96519168e-03,1.83510956e+02,7.99556351e+01,1.89351387e+01,2.14077294e-01,2.96286196e-01
5345803-S04-156I3-A-L-B-190,20.02.2020-06:02:26,1.90000000e+01,6.44031763e-01,8.93868732e+00,1.67047756e-03,2.71048126e+02,8.00923386e+01,1.87673168e+01,1.29853278e-01,3.70707512e-01
5345803-S04-156I3-A-L-B-190,20.02.2020-06:02:28,7.00000000e+00,6.48334503e-01,9.01312256e+00,1.96669996e-03,3.96990601e+02,8.02170715e+01,1.90796947e+01,6.81225732e-02,8.63742456e-02
5345803-S04-156I3-A-L-B-190,20.02.2020-06:02:30,9.00000000e+00,6.46167517e-01,8.96383762e+00,1.94619817e-03,1.13083771e+02,7.98941422e+01,1.88358078e+01,3.54558706e-01,4.25037742e-01
5345803-S04-156I3-A-L-B-190,20.02.2020-06:02:33,8.00000000e+00,6.49142444e-01,8.94766331e+00,1.93793490e-03,2.77455505e+02,8.01230927e+01,1.89425106e+01,1.02970265e-01,1.62807748e-01
5345803-S04-156I3-A-L-B-190,20.02.2020-06:02:35,9.00000000e+00,6.45179212e-01,8.95622826e+00,2.14632694e-03,1.63347122e+02,7.99421768e+01,1.88023300e+01,2.01440871e-01,2.84030437e-01
5345803-S04-156I3-A-L-B-190,20.02.2020-06:02:37,8.00000000e+00,6.45837367e-01,8.97601128e+00,1.93135033e-03,3.31524841e+02,8.01661911e+01,1.89159431e+01,7.06452429e-02,1.31024167e-01
5345803-S04-156I3-A-L-B-190,20.02.2020-06:02:39,2.00000000e+01,6.43857181e-01,8.92773056e+00,2.10314663e-03,1.19166656e+02,7.99206009e+01,1.86990509e+01,2.08019584e-01,2.44329527e-01
5345803-S04-156I3-A-L-B-190,20.02.2020-06:02:41,7.00000000e+00,6.48287892e-01,9.01932240e+00,1.75190682e-03,1.36074600e+02,7.99999542e+01,1.90397720e+01,1.88373640e-01,2.33498871e-01
5345803-S04-156I3-A-L-B-190,20.02.2020-06:02:43,1.90000000e+01,6.45615995e-01,8.92490101e+00,2.31770542e-03,1.01089340e+02,7.98082047e+01,1.87178288e+01,3.52808475e-01,6.71354175e-01
5345803-S04-156I3-A-L-B-190,20.02.2020-06:04:39,2.10000000e+01,6.42019749e-01,8.87374592e+00,1.47287454e-03,3.08669567e+01,8.01290588e+01,1.85812798e+01,1.03036702e+00,1.43946648e+00
5345803-S04-156I3-A-L-B-190,20.02.2020-06:04:41,1.90000000e+01,6.43699944e-01,8.93252754e+00,1.71411701e-03,2.81074352e+01,8.01778717e+01,1.87647400e+01,9.29952562e-01,1.18602383e+00
5345803-S04-156I3-A-L-B-190,20.02.2020-06:04:43,1.40000000e+01,6.42276883e-01,8.87845707e+00,2.03328347e-03,1.80660820e+01,7.99247742e+01,1.85511742e+01,1.49529135e+00,1.90930116e+00
5345803-S04-156I3-A-L-B-190,20.02.2020-06:04:45,9.00000000e+00,6.44345462e-01,8.93887901e+00,1.74888899e-03,2.62642517e+01,8.02201385e+01,1.88068218e+01,9.80491579e-01,1.26240563e+00
5345803-S04-156I3-A-L-B-190,20.02.2020-06:04:48,1.40000000e+01,6.42663479e-01,8.88532829e+00,1.63594203e-03,2.39701347e+01,8.01108627e+01,1.86199589e+01,1.33193529e+00,1.75412154e+00
5345803-S04-156I3-A-L-B-190,20.02.2020-06:04:50,2.40000000e+01,6.43709838e-01,8.90720940e+00,2.06352887e-03,1.72639275e+01,7.96520767e+01,1.85891323e+01,2.33878875e+00,2.87096643e+00
5345803-S04-156I3-A-L-B-190,20.02.2020-06:04:52,1.90000000e+01,6.44630492e-01,8.93482971e+00,1.96755282e-03,2.69171543e+01,8.00051193e+01,1.87562103e+01,1.10358298e+00,1.30840099e+00
5345803-S04-156I3-A-L-B-190,20.02.2020-06:04:54,2.00000000e+01,6.41631484e-01,8.86946392e+00,1.81449729e-03,9.67443085e+01,8.03454742e+01,1.86112137e+01,2.37108171e-01,3.79180342e-01
5345803-S04-156I3-A-L-B-190,20.02.2020-06:04:56,2.00000000e+01,6.43292665e-01,8.91229057e+00,1.83074130e-03,8.23477631e+01,8.01182785e+01,1.86964760e+01,3.87975097e-01,8.57985675e-01
5345803-S04-156I3-A-L-B-190,20.02.2020-06:04:58,2.00000000e+01,6.43375337e-01,8.92061520e+00,1.94011501e-03,1.31486038e+02,7.99859619e+01,1.86854324e+01,2.70404726e-01,6.74441814e-01
5345803-S04-156I3-A-L-B-190,20.02.2020-06:05:42,8.00000000e+00,6.46350503e-01,8.98355389e+00,2.03910004e-03,9.62502899e+01,8.00528641e+01,1.89200974e+01,2.82103717e-01,4.16940987e-01
5345803-S04-156I3-A-L-B-190,20.02.2020-06:05:44,2.00000000e+01,6.41738892e-01,8.88619614e+00,1.73857005e-03,4.81193314e+01,8.01670685e+01,1.86080303e+01,4.65236902e-01,8.52842093e-01
5345803-S04-156I3-A-L-B-190,20.02.2020-06:05:46,1.90000000e+01,6.44950688e-01,8.93536091e+00,1.62772241e-03,6.71779175e+01,8.01299591e+01,1.87959232e+01,3.70929569e-01,4.89479512e-01
5345803-S04-156I3-A-L-B-190,20.02.2020-06:05:48,1.90000000e+01,6.45579517e-01,8.93670940e+00,1.81404606e-03,4.85311623e+01,8.00350952e+01,1.87948151e+01,3.73223275e-01,4.99473959e-01
5345803-S04-156I3-A-L-B-190,20.02.2020-06:05:50,9.00000000e+00,6.45800352e-01,8.94982338e+00,2.04852922e-03,1.15100883e+02,8.02794266e+01,1.88863125e+01,1.72410786e-01,3.06772798e-01
5345803-S04-156I3-A-L-B-190,20.02.2020-06:05:52,9.00000000e+00,6.45990968e-01,8.96870804e+00,2.06012162e-03,3.60708580e+01,8.00955200e+01,1.88883839e+01,5.91079950e-01,6.92214251e-01
5345803-S04-156I3-A-L-B-190,20.02.2020-06:05:54,7.00000000e+00,6.46665990e-01,9.01697350e+00,1.95662770e-03,5.49135284e+01,8.03140411e+01,1.90617371e+01,3.44757974e-01,4.20284480e-01
5345803-S04-156I3-A-L-B-190,20.02.2020-06:05:56,2.00000000e+01,6.42122447e-01,8.87699699e+00,1.87020423e-03,2.15265289e+02,8.04606552e+01,1.86679955e+01,1.44686237e-01,2.11196572e-01
5345803-S04-156I3-A-L-B-190,20.02.2020-06:05:59,2.00000000e+01,6.42219484e-01,8.89226818e+00,1.75711175e-03,1.69481659e+02,8.04394150e+01,1.86979980e+01,1.59388080e-01,2.18679696e-01
5345803-S04-156I3-A-L-B-190,20.02.2020-06:06:01,7.00000000e+00,6.47317410e-01,8.94678879e+00,1.72424945e-03,1.91111908e+02,8.07121277e+01,1.90262642e+01,1.15465514e-01,1.53806448e-01
5345803-S04-156I3-A-L-B-190,20.02.2020-06:06:24,2.00000000e+00,6.40074968e-01,8.82503605e+00,1.78548507e-03,1.80592041e+02,7.99679947e+01,1.83862743e+01,2.44200483e-01,1.21572125e+00
5345803-S04-156I3-A-L-B-190,20.02.2020-06:06:26,2.00000000e+00,6.34762168e-01,8.77494431e+00,1.47087860e-03,4.61724579e+02,8.04815445e+01,1.82465973e+01,2.38798022e-01,1.89289296e+00
5345803-S04-156I3-A-L-B-190,20.02.2020-06:06:28,8.00000000e+00,6.46232724e-01,8.92775631e+00,1.82770530e-03,1.95207733e+02,8.05687103e+01,1.89202938e+01,9.96536911e-02,2.24265710e-01
5345803-S04-156I3-A-L-B-190,20.02.2020-06:06:30,8.00000000e+00,6.46560788e-01,8.93666840e+00,1.93243171e-03,2.64427277e+02,8.04133377e+01,1.89122524e+01,1.42749146e-01,2.71327078e-01
5345803-S04-156I3-A-L-B-190,20.02.2020-06:06:32,2.00000000e+00,6.39634430e-01,8.82501888e+00,2.03091698e-03,2.13388474e+02,7.99161224e+01,1.83616657e+01,1.95735559e-01,9.82206345e-01
5345803-S04-156I3-A-L-B-190,20.02.2020-06:06:35,3.00000000e+00,6.37257040e-01,8.81034374e+00,1.91775349e-03,6.66552429e+01,7.96108322e+01,1.81932316e+01,3.25282693e-01,5.64819455e-01
5345803-S04-156I3-A-L-B-190,20.02.2020-06:06:37,2.00000000e+01,6.41995609e-01,8.88336277e+00,1.83369534e-03,6.33985863e+01,8.01714783e+01,1.86105652e+01,3.55905533e-01,8.21389914e-01
5345803-S04-156I3-A-L-B-190,20.02.2020-06:06:39,3.00000000e+00,6.32251859e-01,8.65992260e+00,1.49464083e-03,7.18938751e+01,8.09900360e+01,1.80495300e+01,2.99643248e-01,8.74031782e-01
5345803-S04-156I3-A-L-B-190,20.02.2020-06:06:41,2.10000000e+01,6.38816893e-01,8.90613651e+00,1.71969505e-03,7.34931107e+01,7.99717941e+01,1.85196495e+01,2.95684248e-01,3.96374315e-01
5345803-S04-156I3-A-L-B-190,20.02.2020-06:06:43,1.90000000e+01,6.44609571e-01,8.92467594e+00,1.97427627e-03,4.98029137e+01,8.01005554e+01,1.87566357e+01,3.58703226e-01,4.69859004e-01
5345803-S04-156I3-A-L-B-190,20.02.2020-06:07:27,9.00000000e+00,6.44718051e-01,8.92690563e+00,1.97205739e-03,2.76078400e+02,8.02953110e+01,1.88101006e+01,1.26070321e-01,2.21289933e-01
5345803-S04-156I3-A-L-B-190,20.02.2020-06:07:29,9.00000000e+00,6.44195318e-01,8.94031334e+00,1.91142713e-03,1.40804581e+02,8.04777679e+01,1.88658504e+01,1.95714399e-01,3.09701294e-01
5345803-S04-156I3-A-L-B-190,20.02.2020-06:07:31,9.00000000e+00,6.45050049e-01,8.94524574e+00,2.08212668e-03,1.53899796e+02,8.02906418e+01,1.88573551e+01,2.10200652e-01,3.38145286e-01
5345803-S04-156I3-A-L-B-190,20.02.2020-06:07:33,9.00000000e+00,6.44560158e-01,8.94418335e+00,1.84499414e-03,1.42883835e+02,8.03561249e+01,1.88561630e+01,1.83458075e-01,2.98783094e-01
5345803-S04-156I3-A-L-B-190,20.02.2020-06:07:35,9.00000000e+00,6.44713163e-01,8.93713760e+00,1.90642057e-03,2.18888657e+02,8.04783478e+01,1.88744450e+01,1.82308257e-01,3.14663351e-01
5345803-S04-156I3-A-L-B-190,20.02.2020-06:07:37,2.00000000e+01,6.41034782e-01,8.93118858e+00,2.04094755e-03,1.96752106e+02,8.00319595e+01,1.86502419e+01,1.25776023e-01,2.33490869e-01
5345803-S04-156I3-A-L-B-190,20.02.2020-06:07:40,2.00000000e+01,6.42393291e-01,8.88629627e+00,2.01458158e-03,1.01413017e+02,8.02084885e+01,1.86368427e+01,2.83481121e-01,5.55862188e-01
5345803-S04-156I3-A-L-B-190,20.02.2020-06:07:42,2.00000000e+01,6.42956436e-01,8.87456894e+00,2.17539654e-03,7.94613037e+01,8.01808167e+01,1.86221371e+01,3.50638330e-01,7.15792239e-01
5345803-S04-156I3-A-L-B-190,20.02.2020-06:07:44,2.00000000e+01,6.42899275e-01,8.86762810e+00,1.86707708e-03,9.85193939e+01,8.02620850e+01,1.86247749e+01,2.82345682e-01,6.46989405e-01
5345803-S04-156I3-A-L-B-190,20.02.2020-06:07:46,2.00000000e+01,6.43264771e-01,8.89046764e+00,1.98401720e-03,8.18113556e+01,8.00041962e+01,1.86233311e+01,3.43495101e-01,5.85317552e-01
5345803-S04-156I3-A-L-B-190,20.02.2020-06:08:51,2.10000000e+01,6.41132593e-01,8.85753727e+00,1.96824572e-03,6.98237686e+01,8.00955505e+01,1.85139656e+01,3.58631462e-01,7.76899040e-01
5345803-S04-156I3-A-L-B-190,20.02.2020-06:08:53,9.00000000e+00,6.44889295e-01,8.95679474e+00,2.14071386e-03,4.91681137e+01,8.02044983e+01,1.88567429e+01,4.04876769e-01,4.92742419e-01
5345803-S04-156I3-A-L-B-190,20.02.2020-06:08:55,9.00000000e+00,6.45802200e-01,8.94580936e+00,1.91707513e-03,6.21770020e+01,8.03512039e+01,1.88947773e+01,3.25899988e-01,4.05746043e-01
5345803-S04-156I3-A-L-B-190,20.02.2020-06:08:57,9.00000000e+00,6.45046890e-01,8.93606758e+00,1.96916005e-03,5.74619408e+01,8.01640549e+01,1.88082180e+01,4.46181267e-01,6.01776540e-01
5345803-S04-156I3-A-L-B-190,20.02.2020-06:08:59,8.00000000e+00,6.46301508e-01,8.95986843e+00,1.87348132e-03,9.59429016e+01,8.03675690e+01,1.89429607e+01,2.28104472e-01,3.33158433e-01
5345803-S04-156I3-A-L-B-190,20.02.2020-06:09:01,8.00000000e+00,6.46291375e-01,8.94880772e+00,2.07799347e-03,8.29903030e+01,8.03282928e+01,1.89100304e+01,3.52920324e-01,5.54055631e-01
5345803-S04-156I3-A-L-B-190,20.02.2020-06:09:03,9.00000000e+00,6.45925879e-01,8.93756008e+00,1.72591012e-03,1.22798958e+02,8.02144394e+01,1.88488312e+01,1.82685375e-01,2.74304926e-01
5345803-S04-156I3-A-L-B-190,20.02.2020-06:09:05,1.90000000e+01,6.44274533e-01,8.90875435e+00,1.87384547e-03,1.13744469e+02,8.03444138e+01,1.87704124e+01,2.67277122e-01,3.94364864e-01
5345803-S04-156I3-A-L-B-190,20.02.2020-06:09:07,1.90000000e+01,6.44311309e-01,8.91683483e+00,1.84908230e-03,7.19875488e+01,8.02424316e+01,1.87646637e+01,3.40533704e-01,4.80594903e-01
5345803-S04-156I3-A-L-B-190,20.02.2020-06:09:11,9.00000000e+00,6.44837916e-01,8.93018913e+00,1.65622996e-03,2.63613300e+01,8.03109665e+01,1.88241901e+01,9.47993994e-01,1.10150933e+00
5345803-S04-156I3-A-L-B-190,20.02.2020-06:09:34,9.00000000e+00,6.45255506e-01,8.93720341e+00,1.63926848e-03,4.14979248e+02,8.04781113e+01,1.88904076e+01,5.08840755e-02,8.75057355e-02
5345803-S04-156I3-A-L-B-190,20.02.2020-06:09:36,2.00000000e+01,6.40691519e-01,8.89239407e+00,1.68630155e-03,7.65854721e+01,8.02321320e+01,1.86057091e+01,1.91325814e-01,3.70776713e-01
5345803-S04-156I3-A-L-B-190,20.02.2020-06:09:38,2.10000000e+01,6.40792012e-01,8.83746433e+00,1.36695034e-03,3.96489655e+02,8.03998413e+01,1.85323334e+01,5.98669723e-02,1.47963271e-01
5345803-S04-156I3-A-L-B-190,20.02.2020-06:09:40,2.10000000e+01,6.42759264e-01,8.88290024e+00,1.74317812e-03,2.57664642e+02,8.00142822e+01,1.85951977e+01,9.31811631e-02,1.45473927e-01
5345803-S04-156I3-A-L-B-190,20.02.2020-06:09:42,2.00000000e+00,6.37302220e-01,8.80754757e+00,1.85691437e-03,2.95571564e+02,8.00133438e+01,1.82807102e+01,1.01896368e-01,3.24397296e-01
5345803-S04-156I3-A-L-B-190,20.02.2020-06:09:44,2.00000000e+00,6.37329817e-01,8.80076885e+00,1.83584529e-03,2.34346954e+02,7.99655457e+01,1.82565193e+01,1.15561120e-01,3.18795502e-01
5345803-S04-156I3-A-L-B-190,20.02.2020-06:09:46,2.00000000e+00,6.35677993e-01,8.79485416e+00,1.70980126e-03,5.28044434e+02,8.04065399e+01,1.82973175e+01,9.99938548e-02,6.91607058e-01
5345803-S04-156I3-A-L-B-190,20.02.2020-06:09:48,9.00000000e+00,6.43694103e-01,8.95551872e+00,1.98629242e-03,5.36827202e+01,8.01974106e+01,1.88174515e+01,3.55734944e-01,5.18005967e-01
5345803-S04-156I3-A-L-B-190,20.02.2020-06:09:50,1.00000000e+00,6.37946367e-01,8.90413189e+00,1.65894569e-03,5.59531555e+01,7.99694061e+01,1.84896965e+01,3.74536991e-01,4.83012974e-01
5345803-S04-156I3-A-L-B-190,20.02.2020-06:09:52,2.00000000e+01,6.39602542e-01,8.92527866e+00,1.77494832e-03,2.98203918e+02,8.03008881e+01,1.86587467e+01,1.01439431e-01,3.11062843e-01
5345803-S04-156I3-A-L-B-190,20.02.2020-06:06:45,1.90000000e+01,6.43797517e-01,8.93977070e+00,1.92194281e-03,6.72011032e+01,8.00118027e+01,1.87438984e+01,3.20881367e-01,4.67565328e-01
5345803-S04-156I3-A-L-B-190,20.02.2020-06:06:47,2.10000000e+01,6.40944481e-01,8.91142941e+00,1.82220165e-03,1.03878227e+02,7.98920898e+01,1.85738430e+01,3.09959710e-01,8.28032494e-01
5345803-S04-156I3-A-L-B-190,20.02.2020-06:06:49,9.00000000e+00,6.46985888e-01,8.93673992e+00,2.01965519e-03,1.02664482e+02,8.02026138e+01,1.88752480e+01,2.35271394e-01,3.06044072e-01
5345803-S04-156I3-A-L-B-190,20.02.2020-06:06:51,2.10000000e+01,6.40550554e-01,8.92804146e+00,1.75669452e-03,6.72682877e+01,7.97878113e+01,1.85727558e+01,2.95124441e-01,4.28547651e-01
5345803-S04-156I3-A-L-B-190,20.02.2020-06:06:53,8.00000000e+00,6.46804273e-01,8.94910812e+00,1.72080297e-03,1.25016312e+02,8.03585739e+01,1.89328079e+01,1.54367074e-01,2.09166422e-01
5345803-S04-156I3-A-L-B-190,20.02.2020-06:06:55,2.00000000e+01,6.42207325e-01,8.87074471e+00,1.90160808e-03,1.57043655e+02,8.04291840e+01,1.86500149e+01,2.17474386e-01,5.55341065e-01
5345803-S04-156I3-A-L-B-190,20.02.2020-06:06:58,2.00000000e+01,6.42247975e-01,8.87413120e+00,1.83575507e-03,1.08185432e+02,8.04555359e+01,1.86644287e+01,1.86821565e-01,5.02816021e-01
5345803-S04-156I3-A-L-B-190,20.02.2020-06:07:00,2.00000000e+01,6.40220940e-01,8.93773651e+00,1.63829012e-03,1.30823853e+02,7.99664383e+01,1.86249619e+01,2.29406700e-01,3.55645090e-01
5345803-S04-156I3-A-L-B-190,20.02.2020-06:07:02,2.10000000e+01,6.39863372e-01,8.90653419e+00,1.86506473e-03,1.40232727e+02,7.98981934e+01,1.85337448e+01,1.86437815e-01,2.86535859e-01
5345803-S04-156I3-A-L-B-190,20.02.2020-06:07:04,9.00000000e+00,6.46703482e-01,8.95798206e+00,2.18069227e-03,8.63011169e+01,8.00427704e+01,1.88741627e+01,2.63870388e-01,3.44460845e-01
5345803-S04-156I3-A-L-B-190,20.02.2020-06:08:09,1.90000000e+01,6.43102884e-01,8.88671398e+00,1.81121973e-03,1.01687798e+02,8.05484238e+01,1.87373810e+01,2.36627460e-01,4.89963621e-01
5345803-S04-156I3-A-L-B-190,20.02.2020-06:08:11,2.00000000e+01,6.40324295e-01,8.90440273e+00,1.92321453e-03,1.50864761e+02,8.03441696e+01,1.86461582e+01,2.42656350e-01,5.15458107e-01
5345803-S04-156I3-A-L-B-190,20.02.2020-06:08:13,2.00000000e+01,6.41680717e-01,8.91149044e+00,1.67186989e-03,1.22699326e+02,8.02045593e+01,1.86680355e+01,3.28570276e-01,5.37590921e-01
5345803-S04-156I3-A-L-B-190,20.02.2020-06:08:15,2.00000000e+01,6.42456830e-01,8.87186050e+00,2.04032124e-03,9.08865891e+01,8.02862625e+01,1.86264496e+01,2.20881969e-01,3.40300560e-01
5345803-S04-156I3-A-L-B-190,20.02.2020-06:08:17,3.00000000e+00,6.39994442e-01,8.71870899e+00,1.73995772e-03,9.53355942e+01,7.98989334e+01,1.81467800e+01,3.17527384e-01,8.84832263e-01
5345803-S04-156I3-A-L-B-190,20.02.2020-06:08:19,2.00000000e+00,6.38814867e-01,8.76513386e+00,1.72497134e-03,8.75786438e+01,8.01652069e+01,1.82704678e+01,3.13748240e-01,7.33388603e-01
5345803-S04-156I3-A-L-B-190,20.02.2020-06:08:22,8.00000000e+00,6.46715999e-01,8.94729805e+00,2.16650986e-03,3.51015839e+02,8.03189240e+01,1.89170589e+01,7.75564685e-02,2.28604883e-01
5345803-S04-156I3-A-L-B-190,20.02.2020-06:08:24,8.00000000e+00,6.47079527e-01,8.93844223e+00,2.04238645e-03,2.11800919e+02,8.03467712e+01,1.89155121e+01,1.71459928e-01,3.35159838e-01
5345803-S04-156I3-A-L-B-190,20.02.2020-06:08:26,2.00000000e+00,6.39307737e-01,8.82224846e+00,1.92870782e-03,1.08395126e+02,7.99955139e+01,1.83647518e+01,3.29682976e-01,1.25322795e+00
5345803-S04-156I3-A-L-B-190,20.02.2020-06:08:28,9.00000000e+00,6.46696448e-01,8.92277718e+00,1.82275288e-03,1.77734909e+02,8.05099640e+01,1.89095135e+01,1.45722985e-01,3.17127496e-01
5345803-S04-156I3-A-L-B-190,20.02.2020-06:09:13,9.00000000e+00,6.44554496e-01,8.93237305e+00,1.84351823e-03,3.53015060e+01,8.02383575e+01,1.88035030e+01,7.04292357e-01,8.58912647e-01
5345803-S04-156I3-A-L-B-190,20.02.2020-06:09:15,1.90000000e+01,6.43214941e-01,8.91951370e+00,1.78439566e-03,4.21276131e+01,8.01216431e+01,1.87101517e+01,7.46527493e-01,8.73230517e-01
5345803-S04-156I3-A-L-B-190,20.02.2020-06:09:17,2.00000000e+01,6.41385913e-01,8.89324665e+00,1.75703701e-03,2.11305180e+01,8.04211884e+01,1.86715527e+01,1.22477925e+00,1.45284021e+00
5345803-S04-156I3-A-L-B-190,20.02.2020-06:09:19,1.40000000e+01,6.44536257e-01,8.93251038e+00,1.99980801e-03,1.83939171e+01,8.00020828e+01,1.87478886e+01,1.28216910e+00,1.49834681e+00
5345803-S04-156I3-A-L-B-190,20.02.2020-06:09:21,1.40000000e+01,6.42791331e-01,8.88270569e+00,1.69705972e-03,1.89343472e+01,8.02166367e+01,1.86427479e+01,1.35088718e+00,1.60081005e+00
5345803-S04-156I3-A-L-B-190,20.02.2020-06:09:23,1.00000000e+00,6.39256835e-01,8.83316994e+00,1.70936051e-03,3.13542664e+02,8.04075928e+01,1.84807339e+01,9.39646587e-02,3.65641654e-01
5345803-S04-156I3-A-L-B-190,20.02.2020-06:09:25,2.10000000e+01,6.41302586e-01,8.84169292e+00,1.59142341e-03,6.54651672e+02,8.04664917e+01,1.85713577e+01,4.78550903e-02,2.28627995e-01
5345803-S04-156I3-A-L-B-190,20.02.2020-06:09:27,2.00000000e+00,6.38097167e-01,8.81367207e+00,1.60454272e-03,1.32776917e+02,8.00264282e+01,1.83192348e+01,1.46367967e-01,2.52011478e-01
5345803-S04-156I3-A-L-B-190,20.02.2020-06:09:30,3.00000000e+00,6.36152029e-01,8.71333504e+00,1.47274975e-03,5.37860901e+02,8.03334579e+01,1.81247463e+01,2.05710754e-01,2.92647552e+00
5345803-S04-156I3-A-L-B-190,20.02.2020-06:09:32,2.00000000e+01,6.42919958e-01,8.87712097e+00,1.60117983e-03,6.74375977e+02,8.03848724e+01,1.86738358e+01,4.46657613e-02,9.59604010e-02
5345803-S04-156I3-A-L-B-190,20.02.2020-06:09:55,9.00000000e+00,6.43374383e-01,8.93890190e+00,2.07353709e-03,2.77741547e+02,8.03428268e+01,1.88072472e+01,8.98585171e-02,1.59180552e-01
5345803-S04-156I3-A-L-B-190,20.02.2020-06:09:57,2.00000000e+01,6.41512215e-01,8.90413570e+00,1.48313120e-03,1.54482590e+02,8.04001770e+01,1.86932125e+01,1.52576536e-01,4.30105090e-01
5345803-S04-156I3-A-L-B-190,20.02.2020-06:09:59,2.10000000e+01,6.39303148e-01,8.89893627e+00,1.91927876e-03,1.83610138e+02,8.01320877e+01,1.85558834e+01,1.48034289e-01,4.09602314e-01
5345803-S04-156I3-A-L-B-190,20.02.2020-06:10:01,1.00000000e+00,6.38832808e-01,8.84860134e+00,1.94107741e-03,1.85908371e+02,8.02212448e+01,1.84578629e+01,2.54265934e-01,9.27208245e-01
5345803-S04-156I3-A-L-B-190,20.02.2020-06:10:03,1.90000000e+01,6.42494857e-01,8.95186520e+00,1.77964964e-03,1.66524506e+02,8.02369308e+01,1.87839813e+01,2.10477278e-01,5.62810600e-01
5345803-S04-156I3-A-L-B-190,20.02.2020-06:10:05,1.90000000e+01,6.42756879e-01,8.95244694e+00,1.68581912e-03,2.99613861e+02,8.00997696e+01,1.87607403e+01,1.71935573e-01,4.26277339e-01
5345803-S04-156I3-A-L-B-190,20.02.2020-06:10:07,1.90000000e+01,6.45086586e-01,8.95712948e+00,2.10211636e-03,1.92665787e+02,7.98803101e+01,1.87869720e+01,1.78097099e-01,4.29958761e-01
5345803-S04-156I3-A-L-B-190,20.02.2020-06:10:09,1.90000000e+01,6.44407511e-01,8.94996166e+00,2.10889615e-03,2.75575745e+02,8.00791702e+01,1.87988605e+01,1.25150621e-01,3.14172179e-01
5345803-S04-156I3-A-L-B-190,20.02.2020-06:10:11,2.00000000e+01,6.41177297e-01,8.88375568e+00,1.64284708e-03,1.88315552e+02,8.03179245e+01,1.86216183e+01,2.45012045e-01,1.12505531e+00
5345803-S04-156I3-A-L-B-190,20.02.2020-06:10:13,2.00000000e+01,6.41370058e-01,8.90804768e+00,1.68039836e-03,2.00834106e+02,8.02767563e+01,1.86685791e+01,2.70319343e-01,8.69693339e-01
5345803-S04-156I3-A-L-B-190,20.02.2020-06:10:36,1.90000000e+01,6.41594589e-01,8.92259598e+00,1.75846543e-03,2.49603378e+02,8.02762985e+01,1.87055054e+01,1.08149849e-01,2.31951386e-01
5345803-S04-156I3-A-L-B-190,20.02.2020-06:10:39,9.00000000e+00,6.44204080e-01,8.94502354e+00,1.66615541e-03,4.04043823e+02,8.04236755e+01,1.88633595e+01,9.36487764e-02,1.47981763e-01
5345803-S04-156I3-A-L-B-190,20.02.2020-06:10:41,2.00000000e+01,6.39448106e-01,8.96428013e+00,1.81810046e-03,2.08962616e+02,8.00230713e+01,1.86709366e+01,9.53851640e-02,1.16799660e-01
5345803-S04-156I3-A-L-B-190,20.02.2020-06:10:43,8.00000000e+00,6.45369709e-01,8.99662209e+00,2.06655124e-03,8.18937988e+02,8.03653641e+01,1.89927197e+01,3.51815298e-02,5.42453043e-02
5345803-S04-156I3-A-L-B-190,20.02.2020-06:10:45,2.00000000e+01,6.38142824e-01,8.98435593e+00,1.97056658e-03,2.61714569e+02,7.97206955e+01,1.86039906e+01,5.55557050e-02,7.07461536e-02
5345803-S04-156I3-A-L-B-190,20.02.2020-06:10:47,7.00000000e+00,6.45967841e-01,8.99983311e+00,1.65619317e-03,3.91527130e+02,8.05739288e+01,1.90664616e+01,5.53113744e-02,7.66230002e-02
5345803-S04-156I3-A-L-B-190,20.02.2020-06:10:49,9.00000000e+00,6.43174410e-01,8.93145466e+00,1.49029936e-03,1.30641632e+02,8.06092148e+01,1.88480244e+01,2.42397487e-01,6.50629699e-01
5345803-S04-156I3-A-L-B-190,20.02.2020-06:10:51,1.00000000e+00,6.38350844e-01,8.84142303e+00,1.36433670e-03,2.62312714e+02,8.04360657e+01,1.84783249e+01,2.35087544e-01,1.80249262e+00
5345803-S04-156I3-A-L-B-190,20.02.2020-06:10:53,7.00000000e+00,6.46569848e-01,8.99594688e+00,1.62227219e-03,8.03611389e+02,8.04937973e+01,1.90570164e+01,2.76539680e-02,4.36612703e-02
5345803-S04-156I3-A-L-B-190,20.02.2020-06:10:55,1.90000000e+01,6.40820265e-01,8.93234921e+00,1.82058010e-03,5.07811890e+02,8.04883804e+01,1.87527637e+01,5.38539104e-02,1.23841733e-01
5345803-S04-156I3-A-L-B-190,20.02.2020-06:11:18,1.90000000e+01,6.39465094e-01,8.98074532e+00,1.85842358e-03,2.40836090e+02,8.00228500e+01,1.87056789e+01,8.72981623e-02,1.04845069e-01
5345803-S04-156I3-A-L-B-190,20.02.2020-06:11:26,7.00000000e+00,6.46139026e-01,9.00665760e+00,2.05158116e-03,1.45445328e+02,8.02972336e+01,1.90204334e+01,1.26968205e-01,1.57139033e-01
5345803-S04-156I3-A-L-B-190,20.02.2020-06:11:28,1.90000000e+01,6.41108274e-01,8.99614334e+00,1.81365525e-03,3.01022339e+02,7.97854996e+01,1.87301788e+01,7.49779567e-02,9.02896300e-02
5345803-S04-156I3-A-L-B-190,20.02.2020-06:11:30,7.00000000e+00,6.46036565e-01,8.99069405e+00,1.63802831e-03,5.72925476e+02,8.06045685e+01,1.90563717e+01,5.34624904e-02,7.39574879e-02
5345803-S04-156I3-A-L-B-190,20.02.2020-06:11:32,7.00000000e+00,6.46747172e-01,9.00126171e+00,1.63491000e-03,6.28434387e+02,8.05266266e+01,1.90812855e+01,4.37175296e-02,6.74590170e-02
5345803-S04-156I3-A-L-B-190,20.02.2020-06:11:34,8.00000000e+00,6.46157444e-01,9.00913048e+00,2.20132200e-03,1.52507233e+02,8.01254272e+01,1.89854870e+01,1.15026638e-01,1.49832845e-01
5345803-S04-156I3-A-L-B-190,20.02.2020-06:11:36,7.00000000e+00,6.45569861e-01,9.00677872e+00,1.87566434e-03,4.81313721e+02,8.04577713e+01,1.90419292e+01,4.70210798e-02,6.75034150e-02
5345803-S04-156I3-A-L-B-190,20.02.2020-06:11:38,2.00000000e+01,6.41722202e-01,8.90795898e+00,1.68212235e-03,2.08827820e+02,8.03141022e+01,1.86873302e+01,1.28808498e-01,2.81896234e-01
5345803-S04-156I3-A-L-B-190,20.02.2020-06:11:40,2.00000000e+01,6.40432179e-01,8.97408676e+00,1.90229807e-03,3.17910126e+02,7.98886719e+01,1.86886902e+01,7.26834163e-02,9.43200216e-02
5345803-S04-156I3-A-L-B-190,20.02.2020-06:11:42,9.00000000e+00,6.44168735e-01,8.94597340e+00,1.85049698e-03,1.24579910e+02,8.02485275e+01,1.88232441e+01,1.46396503e-01,2.06781343e-01
5345803-S04-156I3-A-L-B-190,20.02.2020-06:12:08,9.00000000e+00,6.44378364e-01,8.95028114e+00,1.43788382e-03,6.51853790e+01,8.03436203e+01,1.88607597e+01,2.84642249e-01,3.75148267e-01
5345803-S04-156I3-A-L-B-190,20.02.2020-06:12:10,1.90000000e+01,6.44083560e-01,8.93715000e+00,1.83043862e-03,1.65310806e+02,8.01307449e+01,1.87745972e+01,1.18376084e-01,1.76266432e-01
5345803-S04-156I3-A-L-B-190,20.02.2020-06:12:12,2.00000000e+01,6.41042769e-01,8.91354370e+00,1.90158968e-03,2.05890060e+02,8.02319565e+01,1.86601429e+01,1.70994774e-01,3.31894457e-01
5345803-S04-156I3-A-L-B-190,20.02.2020-06:12:14,7.00000000e+00,6.46874309e-01,9.01287651e+00,1.50888343e-03,3.30373352e+02,8.05456009e+01,1.91141682e+01,5.55708297e-02,7.68351108e-02
5345803-S04-156I3-A-L-B-190,20.02.2020-06:12:17,8.00000000e+00,6.46068275e-01,8.97811604e+00,1.78045791e-03,3.18746887e+02,8.04287491e+01,1.89891357e+01,7.10882246e-02,1.10965505e-01
5345803-S04-156I3-A-L-B-190,20.02.2020-06:12:19,7.00000000e+00,6.46825016e-01,9.00748158e+00,1.64427399e-03,2.03871140e+02,8.04394836e+01,1.90761032e+01,7.88410902e-02,1.06845602e-01
5345803-S04-156I3-A-L-B-190,20.02.2020-06:12:21,2.00000000e+01,6.39374733e-01,8.94351387e+00,1.83140452e-03,5.80129944e+02,8.00296173e+01,1.86270714e+01,4.19288315e-02,5.81223220e-02
5345803-S04-156I3-A-L-B-190,20.02.2020-06:12:23,2.10000000e+01,6.38229012e-01,8.85134506e+00,1.22874929e-03,2.89716644e+02,8.05456314e+01,1.85207253e+01,2.13166118e-01,1.68001223e+00
5345803-S04-156I3-A-L-B-190,20.02.2020-06:12:25,7.00000000e+00,6.45949125e-01,9.01464653e+00,1.47789496e-03,4.52545013e+02,8.05005951e+01,1.90799103e+01,5.01530431e-02,8.05025399e-02
5345803-S04-156I3-A-L-B-190,20.02.2020-06:12:27,1.90000000e+01,6.42554760e-01,8.93301105e+00,1.41792744e-03,1.81212448e+02,8.04141312e+01,1.87875671e+01,9.91919190e-02,1.91551745e-01
5345803-S04-156I3-A-L-B-190,20.02.2020-06:12:50,2.00000000e+01,6.41265333e-01,8.87451935e+00,1.54580665e-03,3.18953583e+02,8.04394989e+01,1.86329746e+01,1.56389683e-01,9.44993436e-01
5345803-S04-156I3-A-L-B-190,20.02.2020-06:12:52,7.00000000e+00,6.47294104e-01,8.97784615e+00,1.74483040e-03,1.01971954e+02,8.07027969e+01,1.90894127e+01,1.99849382e-01,3.29907089e-01
5345803-S04-156I3-A-L-B-190,20.02.2020-06:12:54,8.00000000e+00,6.44433737e-01,8.96875858e+00,1.68756291e-03,8.84103241e+01,8.03930893e+01,1.89129601e+01,2.65819699e-01,3.99541438e-01
5345803-S04-156I3-A-L-B-190,20.02.2020-06:12:56,7.00000000e+00,6.46990538e-01,8.96413803e+00,1.53913128e-03,1.74750229e+02,8.08615570e+01,1.90888042e+01,1.17868334e-01,2.13937432e-01
5345803-S04-156I3-A-L-B-190,20.02.2020-06:12:58,7.00000000e+00,6.45005643e-01,9.01769447e+00,1.64867600e-03,1.13469604e+02,8.06216660e+01,1.90871449e+01,1.94792077e-01,2.44227126e-01
5345803-S04-156I3-A-L-B-190,20.02.2020-06:13:00,1.90000000e+01,6.40492797e-01,8.99064445e+00,1.57356833e-03,1.00062477e+02,7.99543076e+01,1.87403278e+01,1.71817258e-01,2.03960434e-01
5345803-S04-156I3-A-L-B-190,20.02.2020-06:13:03,2.00000000e+01,6.40303314e-01,8.98332977e+00,1.71164866e-03,6.14114418e+01,7.98470993e+01,1.86944389e+01,2.38529548e-01,2.78901756e-01
5345803-S04-156I3-A-L-B-190,20.02.2020-06:13:05,1.90000000e+01,6.39921784e-01,8.98470402e+00,1.84507878e-03,6.85816345e+01,7.99158401e+01,1.87022438e+01,2.40747869e-01,2.83914208e-01
5345803-S04-156I3-A-L-B-190,20.02.2020-06:13:07,7.00000000e+00,6.46357417e-01,9.00171185e+00,1.52441405e-03,4.09047470e+01,8.03756485e+01,1.90349827e+01,4.56750989e-01,5.32585025e-01
5345803-S04-156I3-A-L-B-190,20.02.2020-06:13:09,7.00000000e+00,6.46202862e-01,9.01866436e+00,1.66882609e-03,1.01034927e+02,8.03746796e+01,1.90660439e+01,2.03744575e-01,2.48364925e-01
5345803-S04-156I3-A-L-B-190,20.02.2020-06:10:15,2.00000000e+01,6.41176939e-01,8.93229771e+00,1.72936148e-03,1.10945107e+02,8.01105652e+01,1.86750202e+01,3.21229190e-01,8.24297965e-01
5345803-S04-156I3-A-L-B-190,20.02.2020-06:10:18,2.00000000e+01,6.43157661e-01,8.88222599e+00,1.60262908e-03,1.41220840e+02,8.03612518e+01,1.86859932e+01,2.12904066e-01,6.20975792e-01
5345803-S04-156I3-A-L-B-190,20.02.2020-06:10:20,1.90000000e+01,6.42878890e-01,8.92685127e+00,1.88492960e-03,1.91282043e+02,8.00720291e+01,1.87041702e+01,2.17173085e-01,4.82670635e-01
5345803-S04-156I3-A-L-B-190,20.02.2020-06:10:22,2.00000000e+01,6.41313732e-01,8.90690422e+00,1.49447564e-03,5.64768066e+02,8.04025192e+01,1.86937828e+01,8.38830471e-02,2.98023254e-01
5345803-S04-156I3-A-L-B-190,20.02.2020-06:10:24,9.00000000e+00,6.44170940e-01,8.94538021e+00,1.56762509e-03,9.82118149e+01,8.05453873e+01,1.88916893e+01,1.69053257e-01,2.44653404e-01
5345803-S04-156I3-A-L-B-190,20.02.2020-06:10:26,1.90000000e+01,6.42928839e-01,8.93265915e+00,1.48681493e-03,1.67205154e+02,8.03373947e+01,1.87798271e+01,1.15277864e-01,1.59311339e-01
5345803-S04-156I3-A-L-B-190,20.02.2020-06:10:28,1.90000000e+01,6.41183734e-01,8.90253258e+00,1.66757440e-03,3.54454865e+02,8.06246109e+01,1.87324181e+01,9.35328305e-02,3.44663143e-01
5345803-S04-156I3-A-L-B-190,20.02.2020-06:10:30,9.00000000e+00,6.43730760e-01,8.92783546e+00,1.54643133e-03,1.86040207e+02,8.05713501e+01,1.88478260e+01,1.08783700e-01,1.68986619e-01
5345803-S04-156I3-A-L-B-190,20.02.2020-06:10:32,2.00000000e+01,6.41348481e-01,8.88699818e+00,1.58530264e-03,1.85665619e+02,8.03816299e+01,1.86481686e+01,1.51544765e-01,5.57035387e-01
5345803-S04-156I3-A-L-B-190,20.02.2020-06:10:34,2.10000000e+01,6.40035689e-01,8.89660740e+00,1.90624897e-03,4.32162476e+02,8.01253815e+01,1.85707283e+01,9.78691727e-02,2.80627787e-01
5345803-S04-156I3-A-L-B-190,20.02.2020-06:10:57,1.90000000e+01,6.41464293e-01,8.93702698e+00,1.43927243e-03,1.71723557e+02,8.02469330e+01,1.87251015e+01,1.03133038e-01,1.67196169e-01
5345803-S04-156I3-A-L-B-190,20.02.2020-06:11:00,2.00000000e+01,6.42307878e-01,8.92020226e+00,1.73030747e-03,1.00642212e+02,8.01504135e+01,1.86919212e+01,2.50027359e-01,3.30323189e-01
5345803-S04-156I3-A-L-B-190,20.02.2020-06:11:02,8.00000000e+00,6.45760298e-01,8.98545361e+00,1.83747231e-03,1.50080490e+02,8.03796310e+01,1.89839916e+01,1.75664380e-01,2.13808268e-01
5345803-S04-156I3-A-L-B-190,20.02.2020-06:11:04,8.00000000e+00,6.46000803e-01,8.95732689e+00,1.81047374e-03,2.02005600e+02,8.06829834e+01,1.90030632e+01,1.22464113e-01,3.06845486e-01
5345803-S04-156I3-A-L-B-190,20.02.2020-06:11:06,9.00000000e+00,6.42964065e-01,8.95709229e+00,1.56985421e-03,1.18572533e+02,8.03855820e+01,1.88435230e+01,1.32242829e-01,1.85948834e-01
5345803-S04-156I3-A-L-B-190,20.02.2020-06:11:08,2.10000000e+01,6.37680233e-01,8.96230030e+00,1.82574068e-03,3.32202789e+02,7.96103668e+01,1.85192032e+01,7.81576633e-02,1.16389267e-01
5345803-S04-156I3-A-L-B-190,20.02.2020-06:11:10,2.10000000e+01,6.40886247e-01,8.86007214e+00,1.74480898e-03,1.32538834e+02,8.03669357e+01,1.85748730e+01,2.36149967e-01,1.20066738e+00
5345803-S04-156I3-A-L-B-190,20.02.2020-06:11:12,2.00000000e+01,6.40248477e-01,8.96772099e+00,1.50465046e-03,1.62416275e+02,7.99411469e+01,1.86823368e+01,9.14345905e-02,1.10700481e-01
5345803-S04-156I3-A-L-B-190,20.02.2020-06:11:14,2.10000000e+01,6.40821278e-01,8.86961079e+00,1.94828107e-03,4.88550629e+02,8.02544098e+01,1.85669518e+01,1.60009831e-01,9.12626684e-01
5345803-S04-156I3-A-L-B-190,20.02.2020-06:11:16,1.90000000e+01,6.41458154e-01,9.01118183e+00,1.72323268e-03,2.28479568e+02,7.98765869e+01,1.87931595e+01,5.81304282e-02,7.19875917e-02
5345803-S04-156I3-A-L-B-190,20.02.2020-06:11:47,1.90000000e+01,6.40526474e-01,8.97107124e+00,1.49535039e-03,2.17773163e+02,8.00190506e+01,1.87156544e+01,7.19632953e-02,8.89265984e-02
5345803-S04-156I3-A-L-B-190,20.02.2020-06:11:49,2.00000000e+01,6.40772045e-01,8.90303993e+00,1.36559550e-03,3.59867401e+02,8.03837280e+01,1.86655254e+01,7.80195445e-02,2.46162817e-01
5345803-S04-156I3-A-L-B-190,20.02.2020-06:11:51,8.00000000e+00,6.45926893e-01,8.95519352e+00,1.81998638e-03,5.13454041e+02,8.04048080e+01,1.89308701e+01,5.44914044e-02,9.77756903e-02
5345803-S04-156I3-A-L-B-190,20.02.2020-06:11:53,8.00000000e+00,6.46292388e-01,8.95604610e+00,1.78714644e-03,1.46513947e+02,8.03394241e+01,1.89279804e+01,1.33851767e-01,1.87232301e-01
5345803-S04-156I3-A-L-B-190,20.02.2020-06:11:56,8.00000000e+00,6.46179914e-01,8.95823002e+00,1.91054458e-03,5.34777832e+02,8.03293610e+01,1.89269314e+01,5.00264578e-02,8.82309005e-02
5345803-S04-156I3-A-L-B-190,20.02.2020-06:11:58,8.00000000e+00,6.46180153e-01,8.97630501e+00,1.79980253e-03,2.59913361e+02,8.05463028e+01,1.90163441e+01,7.21937791e-02,1.01556934e-01
5345803-S04-156I3-A-L-B-190,20.02.2020-06:12:00,1.90000000e+01,6.42780602e-01,8.92415047e+00,1.39082968e-03,5.97115173e+02,8.04412918e+01,1.87818718e+01,5.60307316e-02,1.00111023e-01
5345803-S04-156I3-A-L-B-190,20.02.2020-06:12:02,9.00000000e+00,6.44450843e-01,8.94297028e+00,1.64524501e-03,9.11000214e+01,8.02999496e+01,1.88372307e+01,1.62225887e-01,2.23094955e-01
5345803-S04-156I3-A-L-B-190,20.02.2020-06:12:04,8.00000000e+00,6.46503031e-01,8.97083473e+00,1.78610254e-03,3.17962006e+02,8.04595642e+01,1.89937763e+01,5.80345765e-02,8.53721425e-02
5345803-S04-156I3-A-L-B-190,20.02.2020-06:12:06,8.00000000e+00,6.45657182e-01,8.96761131e+00,1.79051084e-03,3.25697601e+02,8.04479141e+01,1.89593620e+01,5.85951768e-02,9.02567655e-02
5345803-S04-156I3-A-L-B-190,20.02.2020-06:12:29,1.00000000e+00,6.37399495e-01,8.84051704e+00,1.73676258e-03,1.54949112e+02,8.03153152e+01,1.84212017e+01,2.87594855e-01,1.65795290e+00
5345803-S04-156I3-A-L-B-190,20.02.2020-06:12:31,2.00000000e+01,6.39442563e-01,8.96579838e+00,1.78147934e-03,2.46509674e+02,8.00030212e+01,1.86692600e+01,7.72906318e-02,9.53566879e-02
5345803-S04-156I3-A-L-B-190,20.02.2020-06:12:33,1.90000000e+01,6.40565574e-01,9.01430702e+00,1.84851442e-03,2.92065796e+02,7.98704376e+01,1.87720737e+01,6.01720810e-02,7.35611394e-02
5345803-S04-156I3-A-L-B-190,20.02.2020-06:12:35,2.00000000e+01,6.42352045e-01,8.89302826e+00,1.64387200e-03,1.67293167e+02,8.03420029e+01,1.86808071e+01,1.87536195e-01,7.15666890e-01
5345803-S04-156I3-A-L-B-190,20.02.2020-06:12:37,2.00000000e+01,6.40500009e-01,8.97176075e+00,1.52811024e-03,2.20723373e+02,7.99162140e+01,1.86922665e+01,8.08748305e-02,1.00151151e-01
5345803-S04-156I3-A-L-B-190,20.02.2020-06:12:40,1.90000000e+01,6.41245961e-01,9.01082325e+00,2.00560084e-03,3.23445129e+02,7.97594986e+01,1.87586575e+01,6.25049248e-02,7.66833648e-02
5345803-S04-156I3-A-L-B-190,20.02.2020-06:12:42,1.90000000e+01,6.41179442e-01,9.00405788e+00,1.94208126e-03,7.21920532e+02,7.97011337e+01,1.87289104e+01,3.30365039e-02,4.26650345e-02
5345803-S04-156I3-A-L-B-190,20.02.2020-06:12:44,7.00000000e+00,6.46291792e-01,9.01906204e+00,1.80924113e-03,1.19450859e+02,8.03508911e+01,1.90638618e+01,1.29105166e-01,1.59875065e-01
5345803-S04-156I3-A-L-B-190,20.02.2020-06:12:46,7.00000000e+00,6.45859182e-01,9.02059746e+00,1.86487753e-03,1.54232864e+02,8.04156799e+01,1.90697079e+01,1.07210487e-01,1.35657787e-01
5345803-S04-156I3-A-L-B-190,20.02.2020-06:12:48,2.00000000e+01,6.42065585e-01,8.89749813e+00,1.94408256e-03,5.53937378e+02,8.02707748e+01,1.86652985e+01,1.29085809e-01,5.83558977e-01
5345803-S04-156I3-A-L-B-190,20.02.2020-06:13:11,7.00000000e+00,6.46679580e-01,8.99983597e+00,1.58231647e-03,5.55887604e+01,8.06444321e+01,1.91041775e+01,3.90204430e-01,4.76441532e-01
5345803-S04-156I3-A-L-B-190,20.02.2020-06:13:13,1.90000000e+01,6.40759528e-01,9.01753616e+00,1.75509998e-03,7.84045944e+01,7.99060669e+01,1.87928619e+01,2.14385271e-01,2.49652967e-01
5345803-S04-156I3-A-L-B-190,20.02.2020-06:13:15,1.90000000e+01,6.40690923e-01,8.98605919e+00,1.81570498e-03,6.56432495e+01,7.98481445e+01,1.87116833e+01,2.88179338e-01,3.34613919e-01
5345803-S04-156I3-A-L-B-190,20.02.2020-06:13:17,8.00000000e+00,6.46238565e-01,9.00917721e+00,1.71617337e-03,7.73252563e+01,8.02131271e+01,1.90087528e+01,2.58379042e-01,3.06438982e-01
5345803-S04-156I3-A-L-B-190,20.02.2020-06:13:19,2.40000000e+01,6.40524685e-01,8.87899494e+00,1.64364383e-03,7.10574293e+00,7.97472229e+01,1.84605827e+01,2.86930346e+00,3.65088725e+00
5345803-S04-156I3-A-L-B-190,20.02.2020-06:13:21,2.40000000e+01,6.41893446e-01,8.93943501e+00,1.86989363e-03,9.42453671e+00,7.94751129e+01,1.85624104e+01,2.49359131e+00,3.03427315e+00
5345803-S04-156I3-A-L-B-190,20.02.2020-06:13:23,2.00000000e+01,6.39964521e-01,8.91870689e+00,1.59369828e-03,2.24780674e+01,8.01807327e+01,1.86276493e+01,1.11791801e+00,1.57661402e+00
5345803-S04-156I3-A-L-B-190,20.02.2020-06:13:25,8.00000000e+00,6.45764589e-01,8.98760700e+00,1.66110508e-03,3.59269333e+01,8.02166214e+01,1.89501572e+01,5.39960146e-01,6.38259947e-01
5345803-S04-156I3-A-L-B-190,20.02.2020-06:13:28,9.00000000e+00,6.45606399e-01,8.99707890e+00,1.99834304e-03,2.65556774e+01,7.99747391e+01,1.89082966e+01,7.76075780e-01,9.15645897e-01
5345803-S04-156I3-A-L-B-190,20.02.2020-06:13:30,8.00000000e+00,6.45417869e-01,8.99139500e+00,1.81139307e-03,3.17968464e+01,8.01466064e+01,1.89314308e+01,6.12757564e-01,7.19132602e-01
5345803-S04-156I3-A-L-B-190-CVDGW,20.02.2020-06:14:08,8.00000000e+00,6.45915210e-01,9.00439262e+00,1.89364585e-03,8.62193451e+01,8.01848984e+01,1.89824696e+01,3.57871294e-01,4.29683834e-01
5345803-S04-156I3-A-L-B-190-CVDGW,20.02.2020-06:14:10,2.40000000e+01,6.43568218e-01,8.89703178e+00,2.22292077e-03,9.08927536e+00,7.96496277e+01,1.85632381e+01,3.13889360e+00,3.88599086e+00
5345803-S04-156I3-A-L-B-190-CVDGW,20.02.2020-06:14:12,2.00000000e+01,6.42337739e-01,8.92974377e+00,2.16409215e-03,7.77421875e+01,7.99366608e+01,1.86628780e+01,3.74803066e-01,6.92085147e-01
5345803-S04-156I3-A-L-B-190-CVDGW,20.02.2020-06:14:15,9.00000000e+00,6.46124899e-01,8.94815445e+00,2.08701729e-03,1.99509766e+02,8.01434860e+01,1.88602905e+01,1.73727721e-01,3.64114791e-01
5345803-S04-156I3-A-L-B-190-CVDGW,20.02.2020-06:14:17,2.40000000e+01,6.42916739e-01,8.91177177e+00,2.19797692e-03,1.05702953e+01,7.96766663e+01,1.85814743e+01,2.34258699e+00,2.72390413e+00
5345803-S04-156I3-A-L-B-190-CVDGW,20.02.2020-06:14:19,1.90000000e+01,6.45407557e-01,8.93474102e+00,2.20296555e-03,1.66046967e+02,8.00650558e+01,1.87927017e+01,1.91234708e-01,5.05195916e-01
5345803-S04-156I3-A-L-B-190-CVDGW,20.02.2020-06:14:21,1.90000000e+01,6.43002808e-01,8.94360447e+00,2.06418103e-03,6.75804214e+01,8.01958694e+01,1.87718735e+01,3.67823720e-01,4.43269908e-01
5345803-S04-156I3-A-L-B-190-CVDGW,20.02.2020-06:14:23,8.00000000e+00,6.48800254e-01,8.98445702e+00,1.99924153e-03,1.80763123e+02,8.00980759e+01,1.90044441e+01,1.61413193e-01,2.77934313e-01
5345803-S04-156I3-A-L-B-190-CVDGW,20.02.2020-06:14:25,1.90000000e+01,6.44237041e-01,8.93422508e+00,2.13878695e-03,7.97538528e+01,7.99903412e+01,1.87400322e+01,3.50220382e-01,4.24191922e-01
5345803-S04-156I3-A-L-B-190-CVDGW,20.02.2020-06:14:27,8.00000000e+00,6.48526788e-01,9.02375412e+00,2.24417425e-03,2.20188553e+02,7.97693405e+01,1.90012131e+01,1.11185551e-01,1.43878058e-01
5345803-S04-156I3-A-L-B-190-CVDGW,20.02.2020-06:15:11,1.30000000e+01,6.29701316e-01,8.80238628e+00,1.75726751e-03,6.98474426e+01,7.96247177e+01,1.79644165e+01,6.88075721e-01,1.86357880e+00
5345803-S04-156I3-A-L-B-190-CVDGW,20.02.2020-06:15:13,7.00000000e+00,6.48403227e-01,9.01701832e+00,1.78177375e-03,1.69071838e+02,8.01812973e+01,1.90814514e+01,1.65155604e-01,2.05676913e-01
5345803-S04-156I3-A-L-B-190-CVDGW,20.02.2020-06:15:16,9.00000000e+00,6.45073891e-01,8.92612076e+00,1.72152033e-03,8.19106445e+01,8.02859268e+01,1.88166294e+01,4.51220959e-01,5.54083884e-01
5345803-S04-156I3-A-L-B-190-CVDGW,20.02.2020-06:15:18,7.00000000e+00,6.49445832e-01,9.02423763e+00,2.14001653e-03,1.61301422e+02,8.00657120e+01,1.90998631e+01,2.13045970e-01,2.48901173e-01
5345803-S04-156I3-A-L-B-190-CVDGW,20.02.2020-06:15:20,1.00000000e+00,6.39826298e-01,8.89365387e+00,2.02811160e-03,2.08044434e+02,7.98509445e+01,1.84949245e+01,1.76577866e-01,3.30985397e-01
5345803-S04-156I3-A-L-B-190-CVDGW,20.02.2020-06:15:22,8.00000000e+00,6.47664189e-01,8.98148537e+00,1.91154110e-03,1.71646713e+02,8.02477264e+01,1.90003242e+01,1.57783583e-01,2.68421829e-01
5345803-S04-156I3-A-L-B-190-CVDGW,20.02.2020-06:15:24,9.00000000e+00,6.42794788e-01,8.92595291e+00,1.82217511e-03,1.51245636e+02,8.05025711e+01,1.88003902e+01,1.57724723e-01,2.21487939e-01
5345803-S04-156I3-A-L-B-190-CVDGW,20.02.2020-06:15:26,2.40000000e+01,6.44482315e-01,8.96831703e+00,2.15044641e-03,1.40790534e+00,7.65811157e+01,1.80166435e+01,1.09994745e+01,
5345803-S04-156I3-A-L-B-190-CVDGW,20.02.2020-06:15:28,2.00000000e+01,6.45544052e-01,8.93260765e+00,1.86679501e-03,1.11310135e+02,7.95937729e+01,1.86815720e+01,2.90459186e-01,3.46720159e-01
5345803-S04-156I3-A-L-B-190-CVDGW,20.02.2020-06:15:30,1.90000000e+01,6.44017577e-01,8.90841961e+00,1.88806804e-03,1.63656403e+02,8.02564697e+01,1.87416859e+01,1.66053295e-01,3.24080437e-01
5345803-S04-156I3-A-L-B-190-CVDGW,20.02.2020-06:15:53,1.90000000e+01,6.43896580e-01,8.93094635e+00,1.96265685e-03,1.48515900e+02,8.02292557e+01,1.87791767e+01,1.34664536e-01,2.18159795e-01
5345803-S04-156I3-A-L-B-190-CVDGW,20.02.2020-06:15:56,1.90000000e+01,6.43994749e-01,8.92863560e+00,1.77085458e-03,1.84368683e+02,8.02843094e+01,1.87900658e+01,1.15675174e-01,1.46521226e-01
5345803-S04-156I3-A-L-B-190-CVDGW,20.02.2020-06:15:58,1.40000000e+01,6.26217365e-01,8.37153912e+00,1.40615797e-03,8.23634033e+01,7.86462708e+01,1.67818089e+01,3.27168196e-01,3.87314588e-01
5345803-S04-156I3-A-L-B-190-CVDGW,20.02.2020-06:16:00,1.90000000e+01,6.44022882e-01,8.96588421e+00,2.23738980e-03,4.84716797e+02,7.99191055e+01,1.87834454e+01,4.44751270e-02,7.51854554e-02
5345803-S04-156I3-A-L-B-190-CVDGW,20.02.2020-06:16:02,3.00000000e+00,6.38319850e-01,8.82100201e+00,1.73520995e-03,1.18392502e+02,7.92232513e+01,1.81567917e+01,2.59749621e-01,3.28916728e-01
5345803-S04-156I3-A-L-B-190-CVDGW,20.02.2020-06:16:04,2.00000000e+00,6.37389839e-01,8.81645107e+00,1.63953879e-03,3.13440460e+02,8.03470688e+01,1.83780384e+01,2.49212012e-01,1.89069867e+00
5345803-S04-156I3-A-L-B-190-CVDGW,20.02.2020-06:16:06,9.00000000e+00,6.44551516e-01,8.93837166e+00,1.83864194e-03,3.62181824e+02,8.02994690e+01,1.88303719e+01,1.09003641e-01,1.72721252e-01
5345803-S04-156I3-A-L-B-190-CVDGW,20.02.2020-06:16:08,9.00000000e+00,6.43942535e-01,8.92370129e+00,1.65304216e-03,2.22316803e+02,8.04037628e+01,1.88060970e+01,1.11044735e-01,1.88615575e-01
5345803-S04-156I3-A-L-B-190-CVDGW,20.02.2020-06:16:10,1.90000000e+01,6.44124925e-01,8.91298580e+00,1.87820324e-03,2.10571228e+02,8.03439941e+01,1.87748699e+01,1.14602193e-01,2.34634653e-01
5345803-S04-156I3-A-L-B-190-CVDGW,20.02.2020-06:16:12,2.00000000e+00,6.36358261e-01,8.78918743e+00,1.76567421e-03,4.09542938e+02,8.02987366e+01,1.82805538e+01,2.41949007e-01,2.52821779e+00
5345803-S04-156I3-A-L-B-190,20.02.2020-06:13:32,7.00000000e+00,6.47165418e-01,8.95915508e+00,1.77927979e-03,3.40890503e+02,8.06493683e+01,1.90332756e+01,5.95945828e-02,2.19671085e-01
5345803-S04-156I3-A-L-B-190,20.02.2020-06:13:34,1.90000000e+01,6.43178940e-01,8.96176434e+00,2.04355572e-03,1.34643066e+02,8.00797043e+01,1.87878895e+01,1.68004081e-01,3.28495115e-01
5345803-S04-156I3-A-L-B-190,20.02.2020-06:13:36,9.00000000e+00,6.46519363e-01,8.94180775e+00,1.85407826e-03,3.29706635e+02,8.03284760e+01,1.89019508e+01,1.09554261e-01,3.57766688e-01
5345803-S04-156I3-A-L-B-190,20.02.2020-06:13:38,8.00000000e+00,6.47376001e-01,8.94434071e+00,1.59253832e-03,2.90918152e+02,8.04689407e+01,1.89654617e+01,1.01808533e-01,2.75864810e-01
5345803-S04-156I3-A-L-B-190,20.02.2020-06:13:40,9.00000000e+00,6.45114422e-01,8.96648884e+00,1.69074512e-03,3.38304565e+02,8.00976944e+01,1.88585968e+01,7.66890571e-02,1.23620182e-01
5345803-S04-156I3-A-L-B-190-CVDGW,20.02.2020-06:13:57,1.90000000e+01,6.45891905e-01,8.91729355e+00,2.13166745e-03,1.79257843e+02,7.99742889e+01,1.87488003e+01,1.85559243e-01,2.37684235e-01
5345803-S04-156I3-A-L-B-190-CVDGW,20.02.2020-06:14:00,2.40000000e+01,6.43460929e-01,8.89658356e+00,1.72119658e-03,8.11952686e+00,7.96750183e+01,1.85651226e+01,3.41133547e+00,3.93665838e+00
5345803-S04-156I3-A-L-B-190-CVDGW,20.02.2020-06:14:02,8.00000000e+00,6.46238327e-01,8.98124790e+00,1.84041646e-03,8.99905090e+01,8.01922684e+01,1.89448891e+01,3.18740606e-01,4.42028612e-01
5345803-S04-156I3-A-L-B-190-CVDGW,20.02.2020-06:14:04,8.00000000e+00,6.46188796e-01,8.98982811e+00,1.90074823e-03,7.23718948e+01,8.01513062e+01,1.89518509e+01,3.80211592e-01,5.02838612e-01
5345803-S04-156I3-A-L-B-190-CVDGW,20.02.2020-06:14:06,2.40000000e+01,6.37382150e-01,8.85197926e+00,1.84003182e-03,8.45423317e+00,7.93568268e+01,1.82244644e+01,3.27770877e+00,3.88410926e+00
5345803-S04-156I3-A-L-B-190-CVDGW,20.02.2020-06:14:29,8.00000000e+00,6.48218036e-01,8.99034405e+00,2.31446396e-03,1.75358902e+02,8.00439301e+01,1.89869843e+01,1.79023474e-01,2.86914140e-01
5345803-S04-156I3-A-L-B-190-CVDGW,20.02.2020-06:14:31,1.90000000e+01,6.43992186e-01,8.93168640e+00,1.96407270e-03,9.27911301e+01,8.01361237e+01,1.87617168e+01,2.94615924e-01,3.61130446e-01
5345803-S04-156I3-A-L-B-190-CVDGW,20.02.2020-06:14:34,8.00000000e+00,6.47606373e-01,9.00803852e+00,2.09796405e-03,1.04798233e+02,7.99909973e+01,1.89938335e+01,2.18724415e-01,2.72834152e-01
5345803-S04-156I3-A-L-B-190-CVDGW,20.02.2020-06:14:36,1.90000000e+01,6.44191265e-01,8.92510605e+00,1.79156440e-03,8.98693771e+01,8.02028809e+01,1.87693119e+01,3.14088196e-01,3.86394501e-01
5345803-S04-156I3-A-L-B-190-CVDGW,20.02.2020-06:14:38,1.90000000e+01,6.42735422e-01,8.92903233e+00,1.94229791e-03,8.78875809e+01,8.00582047e+01,1.87013378e+01,3.27672154e-01,5.07286787e-01
5345803-S04-156I3-A-L-B-190-CVDGW,20.02.2020-06:14:40,1.90000000e+01,6.44790113e-01,8.97815323e+00,2.42518703e-03,2.04952835e+02,7.96507950e+01,1.87683334e+01,1.98244408e-01,4.04092163e-01
5345803-S04-156I3-A-L-B-190-CVDGW,20.02.2020-06:14:42,2.00000000e+01,6.42481625e-01,8.91692448e+00,2.17865664e-03,2.52058136e+02,8.00578995e+01,1.86685314e+01,1.70689121e-01,3.11829925e-01
5345803-S04-156I3-A-L-B-190-CVDGW,20.02.2020-06:14:44,1.90000000e+01,6.44482195e-01,8.94034004e+00,2.12172279e-03,9.59665604e+01,7.99720993e+01,1.87557163e+01,3.01447511e-01,5.81084251e-01
5345803-S04-156I3-A-L-B-190-CVDGW,20.02.2020-06:14:46,1.90000000e+01,6.44721389e-01,8.95901966e+00,2.15064478e-03,9.04648285e+01,7.96161575e+01,1.87181950e+01,2.76429176e-01,3.97956461e-01
5345803-S04-156I3-A-L-B-190-CVDGW,20.02.2020-06:14:48,2.00000000e+01,6.42000735e-01,8.89297485e+00,2.10303068e-03,1.69624023e+02,8.02612762e+01,1.86517200e+01,2.16810375e-01,3.60881835e-01
5345803-S04-156I3-A-L-B-190-CVDGW,20.02.2020-06:15:32,9.00000000e+00,6.48019016e-01,8.91859818e+00,1.74530561e-03,1.31237320e+02,8.00107574e+01,1.88218784e+01,2.50491381e-01,3.94675851e-01
5345803-S04-156I3-A-L-B-190-CVDGW,20.02.2020-06:15:35,1.90000000e+01,6.44066572e-01,8.95303440e+00,2.25050049e-03,1.13534973e+02,7.98112793e+01,1.87324886e+01,3.41658980e-01,7.15988457e-01
5345803-S04-156I3-A-L-B-190-CVDGW,20.02.2020-06:15:37,9.00000000e+00,6.44269407e-01,8.93966103e+00,1.80390361e-03,1.37197876e+02,8.03393326e+01,1.88341904e+01,1.96362242e-01,2.48892769e-01
5345803-S04-156I3-A-L-B-190-CVDGW,20.02.2020-06:15:39,8.00000000e+00,6.48730934e-01,8.98542976e+00,1.96291041e-03,1.08310028e+02,8.01493988e+01,1.90166454e+01,2.36644745e-01,3.23812544e-01
5345803-S04-156I3-A-L-B-190-CVDGW,20.02.2020-06:15:41,1.90000000e+01,6.43971622e-01,8.98348427e+00,2.01570336e-03,2.69339874e+02,7.95518341e+01,1.87323341e+01,1.71633407e-01,2.28679642e-01
5345803-S04-156I3-A-L-B-190-CVDGW,20.02.2020-06:15:43,1.90000000e+01,6.45193458e-01,8.95315933e+00,1.77774392e-03,1.10813683e+02,7.97888718e+01,1.87602577e+01,2.16684788e-01,3.46320093e-01
5345803-S04-156I3-A-L-B-190-CVDGW,20.02.2020-06:15:45,1.90000000e+01,6.45449400e-01,8.94930363e+00,2.28307722e-03,1.05302277e+02,7.98390121e+01,1.87714062e+01,2.67464250e-01,3.53801370e-01
5345803-S04-156I3-A-L-B-190-CVDGW,20.02.2020-06:15:47,7.00000000e+00,6.48622215e-01,8.98726082e+00,2.20157974e-03,8.39466019e+01,8.02898331e+01,1.90506554e+01,2.86458999e-01,3.94099563e-01
5345803-S04-156I3-A-L-B-190-CVDGW,20.02.2020-06:15:49,7.00000000e+00,6.48427665e-01,8.98816395e+00,2.02656700e-03,8.80344467e+01,8.02546463e+01,1.90385056e+01,2.52619684e-01,4.00319189e-01
5345803-S04-156I3-A-L-B-190-CVDGW,20.02.2020-06:15:51,2.10000000e+01,6.39524519e-01,8.83327866e+00,1.69677846e-03,2.42544876e+02,8.06222076e+01,1.85380478e+01,9.32411328e-02,4.35937256e-01
5345803-S04-156I3-A-L-B-190-CVDGW,20.02.2020-06:16:58,2.10000000e+01,6.40074909e-01,8.92393780e+00,1.85604452e-03,2.04794113e+02,7.97903824e+01,1.85510292e+01,2.04901099e-01,5.91525555e-01
5345803-S04-156I3-A-L-B-190-CVDGW,20.02.2020-06:17:00,2.00000000e+01,6.43151343e-01,8.90555000e+00,1.93503383e-03,8.76997375e+01,8.01288757e+01,1.86807022e+01,3.33342522e-01,8.54270577e-01
5345803-S04-156I3-A-L-B-190-CVDGW,20.02.2020-06:17:02,2.00000000e+01,6.42652750e-01,8.89582157e+00,1.98417995e-03,9.62785110e+01,8.02644501e+01,1.86773758e+01,2.69094765e-01,7.62084126e-01
5345803-S04-156I3-A-L-B-190-CVDGW,20.02.2020-06:17:04,1.90000000e+01,6.44740164e-01,8.91992760e+00,2.23891204e-03,2.39871933e+02,8.00091553e+01,1.87290592e+01,1.22796997e-01,4.57408756e-01
5345803-S04-156I3-A-L-B-190-CVDGW,20.02.2020-06:17:06,1.90000000e+01,6.43569589e-01,8.90119839e+00,1.84019597e-03,4.04735596e+02,8.03974686e+01,1.87463436e+01,8.06595609e-02,1.90296352e-01
5345803-S04-156I3-A-L-B-190-CVDGW,20.02.2020-06:17:08,2.00000000e+00,6.39496028e-01,8.79096222e+00,1.83208846e-03,1.24208473e+02,8.00080795e+01,1.83078918e+01,2.89874494e-01,1.65702426e+00
5345803-S04-156I3-A-L-B-190-CVDGW,20.02.2020-06:17:11,2.00000000e+00,6.39465332e-01,8.78851700e+00,1.74553727e-03,1.56502197e+02,7.98887711e+01,1.82746277e+01,2.40810111e-01,1.41062653e+00
5345803-S04-156I3-A-L-B-190-CVDGW,20.02.2020-06:17:13,1.90000000e+01,6.44029379e-01,8.92562675e+00,2.13511079e-03,3.45648956e+02,8.02483063e+01,1.87763195e+01,9.60894898e-02,2.00402945e-01
5345803-S04-156I3-A-L-B-190-CVDGW,20.02.2020-06:17:15,1.00000000e+00,6.39886320e-01,8.85749149e+00,1.69017666e-03,3.47766022e+02,7.99967422e+01,1.84550877e+01,8.53737220e-02,3.54630411e-01
5345803-S04-156I3-A-L-B-190-CVDGW,20.02.2020-06:17:17,1.90000000e+01,6.42635942e-01,8.94646835e+00,1.99736818e-03,1.61826996e+02,8.01939316e+01,1.87667198e+01,1.68212160e-01,2.75338441e-01
5345803-S04-156I3-A-L-B-190-CVDGW,20.02.2020-06:17:40,2.10000000e+01,6.42537117e-01,8.86828804e+00,1.76177954e-03,8.09596176e+01,8.01839600e+01,1.85975475e+01,3.13402385e-01,1.07375920e+00
5345803-S04-156I3-A-L-B-190-CVDGW,20.02.2020-06:17:42,2.10000000e+01,6.41216993e-01,8.88581848e+00,1.72999199e-03,5.47576141e+01,8.00788269e+01,1.85716457e+01,4.87495899e-01,1.28268242e+00
5345803-S04-156I3-A-L-B-190-CVDGW,20.02.2020-06:17:44,1.90000000e+01,6.44927084e-01,8.92965984e+00,2.05104705e-03,2.23143509e+02,8.01883316e+01,1.87969303e+01,1.76822320e-01,6.21677279e-01
5345803-S04-156I3-A-L-B-190-CVDGW,20.02.2020-06:17:46,1.90000000e+01,6.43336833e-01,8.95563793e+00,1.63758465e-03,1.31518295e+02,8.00214310e+01,1.87659874e+01,2.06952631e-01,3.07369739e-01
5345803-S04-156I3-A-L-B-190-CVDGW,20.02.2020-06:17:48,1.90000000e+01,6.40990853e-01,8.99809074e+00,1.57162384e-03,5.37632751e+01,7.98094788e+01,1.87364292e+01,2.95081168e-01,3.76566023e-01
5345803-S04-156I3-A-L-B-190-CVDGW,20.02.2020-06:17:50,8.00000000e+00,6.46567941e-01,8.99011421e+00,1.65630435e-03,1.00177780e+02,8.03307419e+01,1.90060253e+01,1.88724890e-01,2.46051028e-01
5345803-S04-156I3-A-L-B-190-CVDGW,20.02.2020-06:17:52,9.00000000e+00,6.45974159e-01,8.98409081e+00,2.13935459e-03,1.21393951e+02,8.00144577e+01,1.89011383e+01,1.63025498e-01,2.01463759e-01
5345803-S04-156I3-A-L-B-190-CVDGW,20.02.2020-06:17:54,9.00000000e+00,6.43685758e-01,8.97301674e+00,1.75401673e-03,2.23608643e+02,8.00037689e+01,1.88084507e+01,1.22573979e-01,1.93815753e-01
5345803-S04-156I3-A-L-B-190-CVDGW,20.02.2020-06:17:56,1.90000000e+01,6.43484473e-01,8.95997238e+00,1.90497597e-03,1.68775208e+02,8.00064163e+01,1.87758560e+01,1.70317039e-01,2.71941930e-01
5345803-S04-156I3-A-L-B-190-CVDGW,20.02.2020-06:17:59,1.90000000e+01,6.43521547e-01,8.96455479e+00,2.11310922e-03,1.20788826e+02,7.99769821e+01,1.87796288e+01,1.42104387e-01,1.98551610e-01
5345803-S04-156I3-A-L-B-190-CVDGW,20.02.2020-06:18:23,2.00000000e+00,6.38666570e-01,8.83531952e+00,1.46307971e-03,2.03824631e+02,7.94979858e+01,1.82592430e+01,1.11768037e-01,2.68209785e-01
5345803-S04-156I3-A-L-B-190-CVDGW,20.02.2020-06:18:25,1.40000000e+01,6.30773783e-01,8.47675133e+00,1.44862279e-03,1.68461899e+02,7.86693878e+01,1.71213913e+01,1.26612321e-01,1.62960470e-01
5345803-S04-156I3-A-L-B-190-CVDGW,20.02.2020-06:18:27,9.00000000e+00,6.46595657e-01,8.95258904e+00,1.86044525e-03,1.54385330e+02,7.99807129e+01,1.88450317e+01,2.00358957e-01,2.43996605e-01
5345803-S04-156I3-A-L-B-190-CVDGW,20.02.2020-06:18:29,1.40000000e+01,6.29631937e-01,8.44043255e+00,1.52946019e-03,1.25936615e+02,7.87051010e+01,1.70248985e+01,2.34887630e-01,2.90078193e-01
5345803-S04-156I3-A-L-B-190-CVDGW,20.02.2020-06:18:31,2.00000000e+01,6.42880261e-01,8.89318085e+00,1.94841728e-03,3.76920654e+02,8.03084488e+01,1.86886787e+01,1.39039084e-01,5.22076786e-01
5345803-S04-156I3-A-L-B-190-CVDGW,20.02.2020-06:18:33,9.00000000e+00,6.47115588e-01,8.94522381e+00,1.71367754e-03,2.76742249e+02,8.01119614e+01,1.88755951e+01,1.31622002e-01,2.13891670e-01
5345803-S04-156I3-A-L-B-190-CVDGW,20.02.2020-06:18:35,9.00000000e+00,6.47493660e-01,8.97201061e+00,2.10389611e-03,2.56330261e+02,7.99713287e+01,1.89099255e+01,1.39425993e-01,1.97780982e-01
5345803-S04-156I3-A-L-B-190-CVDGW,20.02.2020-06:18:37,2.00000000e+00,6.40130937e-01,8.87350941e+00,1.69510918e-03,2.57831421e+02,7.95325012e+01,1.83881931e+01,1.24004096e-01,2.30786100e-01
5345803-S04-156I3-A-L-B-190-CVDGW,20.02.2020-06:18:39,2.00000000e+00,6.38455868e-01,8.83034325e+00,1.69649418e-03,2.11367203e+02,7.95407410e+01,1.82527504e+01,1.81621507e-01,3.28824580e-01
5345803-S04-156I3-A-L-B-190-CVDGW,20.02.2020-06:18:42,9.00000000e+00,6.47076070e-01,8.96015453e+00,1.95460417e-03,2.54207077e+02,8.00670395e+01,1.88953438e+01,1.22439615e-01,1.95110649e-01
5345803-S04-156I3-A-L-B-190-CVDGW,20.02.2020-06:19:05,1.90000000e+01,6.43328726e-01,8.89585876e+00,1.66307227e-03,2.02094818e+02,8.04792099e+01,1.87471294e+01,1.38064623e-01,2.70848602e-01
5345803-S04-156I3-A-L-B-190-CVDGW,20.02.2020-06:19:07,2.00000000e+00,6.38511539e-01,8.79351044e+00,1.78319658e-03,4.06731293e+02,8.02079391e+01,1.83306789e+01,1.76218465e-01,1.79274929e+00
5345803-S04-156I3-A-L-B-190-CVDGW,20.02.2020-06:19:09,9.00000000e+00,6.44389987e-01,8.93776989e+00,1.82543800e-03,1.50824020e+02,8.02941208e+01,1.88231316e+01,1.93228945e-01,2.85569459e-01
5345803-S04-156I3-A-L-B-190-CVDGW,20.02.2020-06:19:11,2.00000000e+00,6.36462510e-01,8.81081867e+00,1.83306553e-03,2.90355530e+02,8.04440536e+01,1.83617134e+01,2.09899932e-01,2.10648704e+00
5345803-S04-156I3-A-L-B-190-CVDGW,20.02.2020-06:19:14,2.10000000e+01,6.41586065e-01,8.88187790e+00,1.92839594e-03,2.53411846e+01,7.99704971e+01,1.85489674e+01,9.95871186e-01,1.88719904e+00
5345803-S04-156I3-A-L-B-190-CVDGW,20.02.2020-06:19:16,2.00000000e+00,6.36354327e-01,8.80028343e+00,1.56059931e-03,6.13614349e+01,8.06837234e+01,1.83912735e+01,5.22979438e-01,1.86123931e+00
5345803-S04-156I3-A-L-B-190-CVDGW,20.02.2020-06:19:18,2.00000000e+01,6.41916096e-01,8.89191628e+00,1.79879274e-03,4.61219444e+01,8.04305725e+01,1.86863708e+01,5.72363377e-01,1.06449187e+00
5345803-S04-156I3-A-L-B-190-CVDGW,20.02.2020-06:19:20,2.10000000e+01,6.42127156e-01,8.89014053e+00,1.87149609e-03,3.81751671e+01,8.00165710e+01,1.85925846e+01,6.29212081e-01,1.16236794e+00
5345803-S04-156I3-A-L-B-190-CVDGW,20.02.2020-06:19:22,2.00000000e+01,6.41802669e-01,8.88049412e+00,1.87002344e-03,6.51599503e+01,8.01884689e+01,1.86029053e+01,4.07997936e-01,7.98926413e-01
5345803-S04-156I3-A-L-B-190-CVDGW,20.02.2020-06:19:24,2.00000000e+00,6.38847828e-01,8.80403328e+00,2.19481275e-03,1.08939804e+02,7.99014359e+01,1.82921124e+01,3.20751846e-01,1.12542868e+00
5345803-S04-156I3-A-L-B-190-CVDGW,20.02.2020-06:19:48,1.90000000e+01,6.43538177e-01,8.93818855e+00,1.93127058e-03,1.08593849e+02,8.01665039e+01,1.87692528e+01,2.23252922e-01,4.82079268e-01
5345803-S04-156I3-A-L-B-190-CVDGW,20.02.2020-06:19:50,1.90000000e+01,6.44492626e-01,8.90611935e+00,2.15484435e-03,1.34692230e+02,8.01137390e+01,1.87173195e+01,2.12750435e-01,6.86350584e-01
5345803-S04-156I3-A-L-B-190-CVDGW,20.02.2020-06:19:52,1.90000000e+01,6.42170787e-01,8.93088245e+00,1.98870664e-03,8.63716888e+01,8.02501907e+01,1.87335968e+01,2.44451597e-01,5.41655064e-01
5345803-S04-156I3-A-L-B-190-CVDGW,20.02.2020-06:19:54,1.90000000e+01,6.43719733e-01,8.93393707e+00,1.65038707e-03,1.43332092e+02,8.02707138e+01,1.87900124e+01,2.15367168e-01,4.29280788e-01
5345803-S04-156I3-A-L-B-190-CVDGW,20.02.2020-06:19:56,1.90000000e+01,6.43690169e-01,8.94436073e+00,1.79951382e-03,1.08385490e+02,8.01595840e+01,1.87850285e+01,1.87171072e-01,3.22751552e-01
5345803-S04-156I3-A-L-B-190-CVDGW,20.02.2020-06:19:58,1.90000000e+01,6.43152535e-01,8.93403435e+00,2.12715939e-03,1.28253265e+02,8.02023926e+01,1.87576790e+01,1.71956211e-01,3.82367969e-01
5345803-S04-156I3-A-L-B-190-CVDGW,20.02.2020-06:20:00,1.90000000e+01,6.44701779e-01,8.91757679e+00,1.96071761e-03,1.45146362e+02,8.01242371e+01,1.87499371e+01,1.83504120e-01,3.90540481e-01
5345803-S04-156I3-A-L-B-190-CVDGW,20.02.2020-06:20:02,1.90000000e+01,6.42841458e-01,8.93942070e+00,1.92438811e-03,1.00586456e+02,8.02288055e+01,1.87660885e+01,2.49204442e-01,4.58645284e-01
5345803-S04-156I3-A-L-B-190-CVDGW,20.02.2020-06:20:04,1.90000000e+01,6.43574059e-01,8.95229530e+00,1.95219961e-03,8.51174545e+01,8.01646042e+01,1.87994766e+01,2.35123396e-01,3.67559969e-01
5345803-S04-156I3-A-L-B-190-CVDGW,20.02.2020-06:20:07,1.90000000e+01,6.44099474e-01,8.92863941e+00,1.88830076e-03,5.02381439e+02,8.02888107e+01,1.87941818e+01,8.12200159e-02,1.51532680e-01
5345803-S04-156I3-A-L-B-190-CVDGW,20.02.2020-06:14:50,2.00000000e+01,6.45773828e-01,8.89154053e+00,2.42481031e-03,2.49380753e+02,7.98796997e+01,1.86691284e+01,2.91196346e-01,1.32584977e+00
5345803-S04-156I3-A-L-B-190-CVDGW,20.02.2020-06:14:52,9.00000000e+00,6.45994425e-01,8.90979195e+00,1.90801825e-03,8.16374283e+01,8.05155106e+01,1.88627968e+01,4.41107839e-01,6.83499813e-01
5345803-S04-156I3-A-L-B-190-CVDGW,20.02.2020-06:14:55,1.90000000e+01,6.47749305e-01,8.90026760e+00,2.37904117e-03,1.60854858e+02,7.97765961e+01,1.87204266e+01,1.66412503e-01,2.81119883e-01
5345803-S04-156I3-A-L-B-190-CVDGW,20.02.2020-06:14:57,1.90000000e+01,6.45553350e-01,8.92368984e+00,1.96486502e-03,4.68196526e+01,8.01324768e+01,1.87895050e+01,6.50465250e-01,1.03776932e+00
5345803-S04-156I3-A-L-B-190-CVDGW,20.02.2020-06:14:59,1.90000000e+01,6.45028472e-01,8.92798233e+00,2.06477079e-03,9.57648697e+01,7.99761887e+01,1.87466259e+01,3.89895171e-01,8.66584659e-01
5345803-S04-156I3-A-L-B-190-CVDGW,20.02.2020-06:15:01,1.00000000e+00,6.42040431e-01,8.82725906e+00,1.81824900e-03,1.70409317e+02,8.01828156e+01,1.84969330e+01,2.80254871e-01,7.28348374e-01
5345803-S04-156I3-A-L-B-190-CVDGW,20.02.2020-06:15:03,7.00000000e+00,6.47125959e-01,9.02832317e+00,2.28247978e-03,1.15089874e+02,8.01111374e+01,1.90510540e+01,2.63423324e-01,3.17689538e-01
5345803-S04-156I3-A-L-B-190-CVDGW,20.02.2020-06:15:05,2.00000000e+01,6.43152416e-01,8.90248871e+00,2.06091651e-03,1.82124146e+02,8.01632538e+01,1.86823235e+01,2.50529826e-01,4.15035695e-01
5345803-S04-156I3-A-L-B-190-CVDGW,20.02.2020-06:15:07,9.00000000e+00,6.44669414e-01,8.96159267e+00,1.88999309e-03,1.89773331e+02,7.99903030e+01,1.88100433e+01,1.90503791e-01,3.14191222e-01
5345803-S04-156I3-A-L-B-190-CVDGW,20.02.2020-06:15:09,7.00000000e+00,6.49055719e-01,9.01393890e+00,2.26997910e-03,1.47252625e+02,7.99386063e+01,1.90363369e+01,1.95597142e-01,2.37718374e-01
5345803-S04-156I3-A-L-B-190-CVDGW,20.02.2020-06:16:14,2.10000000e+01,6.39812529e-01,8.92095566e+00,1.91820902e-03,6.52793732e+01,7.97169189e+01,1.85201645e+01,3.92351270e-01,8.16070914e-01
5345803-S04-156I3-A-L-B-190-CVDGW,20.02.2020-06:16:16,1.90000000e+01,6.43311024e-01,8.91065216e+00,2.03915196e-03,1.26770836e+02,8.01630020e+01,1.87040081e+01,2.56903917e-01,6.18708968e-01
5345803-S04-156I3-A-L-B-190-CVDGW,20.02.2020-06:16:19,2.10000000e+01,6.40218556e-01,8.91569138e+00,1.68175844e-03,8.14520721e+01,7.98004227e+01,1.85403843e+01,3.57201070e-01,7.63369441e-01
5345803-S04-156I3-A-L-B-190-CVDGW,20.02.2020-06:16:21,2.10000000e+01,6.38728857e-01,8.91167164e+00,2.00947793e-03,1.18049347e+02,7.98596725e+01,1.85026283e+01,2.76438683e-01,7.20482409e-01
5345803-S04-156I3-A-L-B-190-CVDGW,20.02.2020-06:16:25,1.90000000e+01,6.42891347e-01,8.91979313e+00,1.73156988e-03,1.17120110e+02,8.02175751e+01,1.87237167e+01,2.89775819e-01,8.83850098e-01
5345803-S04-156I3-A-L-B-190-CVDGW,20.02.2020-06:16:27,2.10000000e+01,6.39433146e-01,8.91357708e+00,1.62159174e-03,9.59681854e+01,7.98750000e+01,1.85305462e+01,3.30979079e-01,7.74011374e-01
5345803-S04-156I3-A-L-B-190-CVDGW,20.02.2020-06:16:29,1.90000000e+01,6.43111587e-01,8.90457821e+00,1.66380440e-03,9.72333755e+01,8.02734375e+01,1.87112045e+01,2.98758864e-01,8.21170568e-01
5345803-S04-156I3-A-L-B-190-CVDGW,20.02.2020-06:16:31,2.10000000e+01,6.40752733e-01,8.92194080e+00,1.98980793e-03,1.04952744e+02,7.96979675e+01,1.85450191e+01,2.69549936e-01,6.54177964e-01
5345803-S04-156I3-A-L-B-190-CVDGW,20.02.2020-06:16:33,2.00000000e+01,6.42511368e-01,8.90144539e+00,1.95975066e-03,9.09639053e+01,8.02140274e+01,1.86733341e+01,3.35437685e-01,1.07159793e+00
5345803-S04-156I3-A-L-B-190-CVDGW,20.02.2020-06:16:35,2.00000000e+01,6.41809285e-01,8.89690781e+00,1.90560380e-03,7.90481567e+01,8.03440781e+01,1.86736469e+01,3.40066284e-01,1.23816538e+00
5345803-S04-156I3-A-L-B-190-CVDGW,20.02.2020-06:17:19,3.00000000e+00,6.37806416e-01,8.80674648e+00,1.54818664e-03,2.08389618e+02,7.93565750e+01,1.81433506e+01,2.04050556e-01,2.67818093e-01
5345803-S04-156I3-A-L-B-190-CVDGW,20.02.2020-06:17:21,2.00000000e+00,6.39958680e-01,8.86128712e+00,1.72503584e-03,2.05639023e+02,7.94905319e+01,1.83482361e+01,1.70027629e-01,2.62192041e-01
5345803-S04-156I3-A-L-B-190-CVDGW,20.02.2020-06:17:23,2.00000000e+00,6.39548242e-01,8.85816383e+00,1.88467302e-03,1.67063583e+02,7.95024033e+01,1.83327427e+01,1.41155288e-01,2.30995327e-01
5345803-S04-156I3-A-L-B-190-CVDGW,20.02.2020-06:17:25,9.00000000e+00,6.44349515e-01,8.94773579e+00,1.85604859e-03,1.53780777e+02,8.01886368e+01,1.88181839e+01,2.21834898e-01,3.52715641e-01
5345803-S04-156I3-A-L-B-190-CVDGW,20.02.2020-06:17:27,9.00000000e+00,6.47347271e-01,8.96449375e+00,2.22408865e-03,1.16543953e+02,7.99928207e+01,1.88948841e+01,2.17066854e-01,3.15793008e-01
5345803-S04-156I3-A-L-B-190-CVDGW,20.02.2020-06:17:29,1.90000000e+01,6.44108593e-01,8.97650623e+00,2.07475619e-03,1.04716995e+02,7.98491440e+01,1.87917347e+01,2.09234282e-01,3.60599458e-01
5345803-S04-156I3-A-L-B-190-CVDGW,20.02.2020-06:17:31,2.00000000e+01,6.42105997e-01,8.92417526e+00,2.18570349e-03,1.47301453e+02,8.01194839e+01,1.86871548e+01,2.15718567e-01,5.00092268e-01
5345803-S04-156I3-A-L-B-190-CVDGW,20.02.2020-06:17:33,2.10000000e+01,6.41407728e-01,8.89383411e+00,2.13001203e-03,1.71047897e+02,7.98379364e+01,1.85379925e+01,1.29287541e-01,2.15254217e-01
5345803-S04-156I3-A-L-B-190-CVDGW,20.02.2020-06:17:36,2.10000000e+01,6.40698969e-01,8.89491653e+00,2.04756926e-03,1.48075653e+02,8.01777954e+01,1.85985966e+01,2.24471316e-01,5.99186957e-01
5345803-S04-156I3-A-L-B-190-CVDGW,20.02.2020-06:17:38,2.10000000e+01,6.42732680e-01,8.89050674e+00,2.42144288e-03,1.14898354e+02,7.99261856e+01,1.85898609e+01,2.37296090e-01,8.72406006e-01
5345803-S04-156I3-A-L-B-190-CVDGW,20.02.2020-06:18:01,1.90000000e+01,6.43160164e-01,8.95694637e+00,2.04493362e-03,1.32877579e+02,7.99604111e+01,1.87492695e+01,1.72713220e-01,2.51759320e-01
5345803-S04-156I3-A-L-B-190-CVDGW,20.02.2020-06:18:03,9.00000000e+00,6.43780887e-01,8.95746613e+00,1.61175826e-03,1.06945259e+02,8.01341858e+01,1.88092422e+01,2.30699956e-01,3.18148017e-01
5345803-S04-156I3-A-L-B-190-CVDGW,20.02.2020-06:18:05,8.00000000e+00,6.46718442e-01,8.98541164e+00,1.56471785e-03,1.69787857e+02,8.03394012e+01,1.90025578e+01,1.37418509e-01,1.79422066e-01
5345803-S04-156I3-A-L-B-190-CVDGW,20.02.2020-06:18:07,8.00000000e+00,6.46822155e-01,8.99108028e+00,1.65043818e-03,8.14938431e+01,8.02239914e+01,1.89902744e+01,1.75263405e-01,2.19215602e-01
5345803-S04-156I3-A-L-B-190-CVDGW,20.02.2020-06:18:09,1.90000000e+01,6.41323328e-01,9.01527309e+00,2.01412244e-03,9.60857391e+01,7.97274246e+01,1.87626362e+01,1.91345081e-01,2.41136983e-01
5345803-S04-156I3-A-L-B-190-CVDGW,20.02.2020-06:18:11,9.00000000e+00,6.44504249e-01,8.97006321e+00,2.13471334e-03,1.77191864e+02,8.00543213e+01,1.88380661e+01,1.71880662e-01,2.82312185e-01
5345803-S04-156I3-A-L-B-190-CVDGW,20.02.2020-06:18:13,1.40000000e+01,6.24871492e-01,8.25371742e+00,7.24265643e-04,2.76864532e+02,7.83705978e+01,1.64521885e+01,1.28518075e-01,1.61804304e-01
5345803-S04-156I3-A-L-B-190-CVDGW,20.02.2020-06:18:16,9.00000000e+00,6.45138860e-01,8.95493698e+00,2.00504134e-03,1.35201263e+02,8.01557541e+01,1.88486652e+01,1.79060191e-01,2.17766717e-01
5345803-S04-156I3-A-L-B-190-CVDGW,20.02.2020-06:18:19,9.00000000e+00,6.47639453e-01,8.96546650e+00,2.12455564e-03,1.76136673e+02,7.99932404e+01,1.89055653e+01,1.88071638e-01,2.70755172e-01
5345803-S04-156I3-A-L-B-190-CVDGW,20.02.2020-06:18:21,2.00000000e+00,6.39475226e-01,8.84289455e+00,1.88385206e-03,2.20428284e+02,7.94471588e+01,1.82863388e+01,1.56517237e-01,3.12140703e-01
5345803-S04-156I3-A-L-B-190-CVDGW,20.02.2020-06:18:44,9.00000000e+00,6.45765483e-01,8.96877956e+00,2.06498825e-03,1.50650986e+02,7.99668579e+01,1.88516064e+01,1.92475438e-01,2.37079024e-01
5345803-S04-156I3-A-L-B-190-CVDGW,20.02.2020-06:18:46,1.90000000e+01,6.44303262e-01,8.96032810e+00,2.37141643e-03,1.10664963e+02,7.97955246e+01,1.87509365e+01,2.62682647e-01,3.85393649e-01
5345803-S04-156I3-A-L-B-190-CVDGW,20.02.2020-06:18:48,8.00000000e+00,6.45560622e-01,8.97933674e+00,1.98689546e-03,1.93233185e+02,8.01678314e+01,1.89152279e+01,1.77697837e-01,2.17652872e-01
5345803-S04-156I3-A-L-B-190-CVDGW,20.02.2020-06:18:50,9.00000000e+00,6.43394947e-01,8.95430279e+00,1.76743255e-03,2.71048859e+02,8.01981659e+01,1.88063297e+01,1.33147821e-01,2.39547133e-01
5345803-S04-156I3-A-L-B-190-CVDGW,20.02.2020-06:18:52,2.00000000e+01,6.43224478e-01,8.89973354e+00,1.67977065e-03,1.59507126e+02,7.99398804e+01,1.86265850e+01,3.06859404e-01,6.60115480e-01
5345803-S04-156I3-A-L-B-190-CVDGW,20.02.2020-06:18:54,2.00000000e+00,6.39174879e-01,8.78783607e+00,1.78841595e-03,2.77811554e+02,7.99749756e+01,1.82846203e+01,1.85923740e-01,1.54716289e+00
5345803-S04-156I3-A-L-B-190-CVDGW,20.02.2020-06:18:56,1.90000000e+01,6.43908143e-01,8.91482258e+00,2.27809325e-03,3.10180389e+02,8.01188583e+01,1.87198143e+01,8.26024711e-02,1.87546834e-01
5345803-S04-156I3-A-L-B-190-CVDGW,20.02.2020-06:18:58,9.00000000e+00,6.45446777e-01,8.93272018e+00,1.94213027e-03,4.23880676e+02,8.03217087e+01,1.88498230e+01,7.69951716e-02,1.74033135e-01
5345803-S04-156I3-A-L-B-190-CVDGW,20.02.2020-06:19:00,1.90000000e+01,6.43957853e-01,8.90996265e+00,1.84932363e-03,1.82265686e+02,8.03001785e+01,1.87534008e+01,1.27301201e-01,2.42755905e-01
5345803-S04-156I3-A-L-B-190-CVDGW,20.02.2020-06:19:03,1.90000000e+01,6.43011212e-01,8.88885021e+00,1.77238928e-03,2.16553268e+02,8.06232758e+01,1.87566280e+01,1.05538979e-01,2.68900543e-01
5345803-S04-156I3-A-L-B-190-CVDGW,20.02.2020-06:19:27,2.00000000e+00,6.38517797e-01,8.81036282e+00,2.13883305e-03,8.61006470e+01,7.99212570e+01,1.83003445e+01,4.31183279e-01,1.35929322e+00
5345803-S04-156I3-A-L-B-190-CVDGW,20.02.2020-06:19:29,9.00000000e+00,6.43381536e-01,8.95898533e+00,1.51506485e-03,1.12184250e+02,8.01539459e+01,1.88053989e+01,1.60731956e-01,2.20419556e-01
5345803-S04-156I3-A-L-B-190-CVDGW,20.02.2020-06:19:31,9.00000000e+00,6.43716514e-01,8.95678043e+00,1.69162813e-03,9.51540985e+01,8.01262283e+01,1.88040543e+01,2.38141388e-01,3.18646550e-01
5345803-S04-156I3-A-L-B-190-CVDGW,20.02.2020-06:19:33,2.00000000e+01,6.42595410e-01,8.91281414e+00,1.85226847e-03,8.73771591e+01,8.00527191e+01,1.86620255e+01,2.73371339e-01,7.09369540e-01
5345803-S04-156I3-A-L-B-190-CVDGW,20.02.2020-06:19:35,9.00000000e+00,6.42428041e-01,8.99589539e+00,1.75079214e-03,1.12426994e+02,7.99535828e+01,1.88077564e+01,1.76694721e-01,2.23604769e-01
5345803-S04-156I3-A-L-B-190-CVDGW,20.02.2020-06:19:37,1.90000000e+01,6.44692957e-01,8.91550159e+00,1.73015136e-03,3.91294250e+01,8.02765579e+01,1.87809525e+01,4.68863934e-01,9.67486918e-01
5345803-S04-156I3-A-L-B-190-CVDGW,20.02.2020-06:19:39,2.00000000e+01,6.42506540e-01,8.88342476e+00,2.08019628e-03,1.29532532e+02,8.02800674e+01,1.86507339e+01,2.24461883e-01,8.56469750e-01
5345803-S04-156I3-A-L-B-190-CVDGW,20.02.2020-06:19:41,2.00000000e+01,6.43463969e-01,8.88776684e+00,1.74301490e-03,2.47807190e+02,8.03207703e+01,1.86971302e+01,1.54813111e-01,8.21935773e-01
5345803-S04-156I3-A-L-B-190-CVDGW,20.02.2020-06:19:43,2.10000000e+01,6.41360760e-01,8.88671207e+00,1.67411705e-03,5.76890793e+01,8.01502457e+01,1.85942440e+01,4.24446195e-01,1.10470247e+00
5345803-S04-156I3-A-L-B-190-CVDGW,20.02.2020-06:19:46,2.00000000e+01,6.41718924e-01,8.88230419e+00,1.80668884e-03,1.15955811e+02,8.01796494e+01,1.86022224e+01,3.08019578e-01,1.08810687e+00
5345803-S04-156I3-A-L-B-190-CVDGW,20.02.2020-06:20:09,9.00000000e+00,6.44639850e-01,8.97791195e+00,2.05913256e-03,1.86774902e+02,7.99598465e+01,1.88362579e+01,2.05098525e-01,3.22035402e-01
5345803-S04-156I3-A-L-B-190-CVDGW,20.02.2020-06:20:11,1.90000000e+01,6.45335853e-01,8.92476654e+00,2.19394849e-03,5.30439835e+01,7.99415207e+01,1.87406769e+01,4.56777811e-01,6.08495772e-01
5345803-S04-156I3-A-L-B-190-CVDGW,20.02.2020-06:20:13,2.00000000e+00,6.35005593e-01,8.88860416e+00,1.79714733e-03,1.40982391e+02,7.97143631e+01,1.83137760e+01,1.97949633e-01,3.97755980e-01
5345803-S04-156I3-A-L-B-190-CVDGW,20.02.2020-06:20:15,2.00000000e+01,6.42489910e-01,8.91712761e+00,1.79453916e-03,1.71954559e+02,8.00033112e+01,1.86564693e+01,1.42670408e-01,2.42333397e-01
5345803-S04-156I3-A-L-B-190-CVDGW,20.02.2020-06:20:17,8.00000000e+00,6.44652843e-01,8.99854183e+00,2.04966427e-03,1.94756516e+02,8.01040421e+01,1.89139690e+01,1.01244450e-01,1.28101990e-01
5345803-S04-156I3-A-L-B-190-CVDGW,20.02.2020-06:20:19,1.90000000e+01,6.43383503e-01,8.91742706e+00,2.11825944e-03,2.16303543e+02,8.00769730e+01,1.87002449e+01,1.28720552e-01,3.54415536e-01
5345803-S04-156I3-A-L-B-190-CVDGW,20.02.2020-06:20:21,2.00000000e+00,6.34553909e-01,8.89353943e+00,1.96820823e-03,3.10300476e+02,7.97223587e+01,1.83127441e+01,1.18884362e-01,2.94671655e-01
5345803-S04-156I3-A-L-B-190-CVDGW,20.02.2020-06:20:23,2.00000000e+00,6.34479523e-01,8.89081478e+00,1.75699475e-03,2.65089569e+02,7.98228455e+01,1.83280621e+01,1.54876456e-01,3.59718829e-01
5345803-S04-156I3-A-L-B-190-CVDGW,20.02.2020-06:20:25,3.00000000e+00,6.33109033e-01,8.87521839e+00,1.94229768e-03,3.43644562e+02,7.95215836e+01,1.81874924e+01,1.37727797e-01,3.47037286e-01
5345803-S04-156I3-A-L-B-190-CVDGW,20.02.2020-06:20:27,3.00000000e+00,6.33606672e-01,8.88266182e+00,2.19298503e-03,1.52637344e+02,7.93463058e+01,1.81768970e+01,1.68061599e-01,3.65175873e-01
5345803-S04-156I3-A-L-B-190-CVDGW,20.02.2020-06:20:51,1.90000000e+01,6.46071613e-01,8.94740295e+00,2.21392512e-03,8.54703217e+01,7.98470535e+01,1.87874012e+01,2.68218309e-01,3.62020403e-01
5345803-S04-156I3-A-L-B-190-CVDGW,20.02.2020-06:20:53,8.00000000e+00,6.47301674e-01,8.96528244e+00,1.92384387e-03,1.78821960e+02,8.00667114e+01,1.89126740e+01,1.97259396e-01,2.70492584e-01
5345803-S04-156I3-A-L-B-190-CVDGW,20.02.2020-06:20:55,8.00000000e+00,6.46098316e-01,8.98092937e+00,1.77671097e-03,1.14045380e+02,8.01821213e+01,1.89377155e+01,2.30083689e-01,3.23008776e-01
5345803-S04-156I3-A-L-B-190-CVDGW,20.02.2020-06:20:57,1.90000000e+01,6.45450294e-01,8.91407871e+00,1.89502712e-03,6.41471100e+01,7.99347382e+01,1.87199631e+01,4.26789314e-01,5.57114899e-01
5345803-S04-156I3-A-L-B-190-CVDGW,20.02.2020-06:20:59,8.00000000e+00,6.46350086e-01,8.98596287e+00,1.94187171e-03,1.15881676e+02,8.01866684e+01,1.89567890e+01,2.60399103e-01,3.56903821e-01
5345803-S04-156I3-A-L-B-190-CVDGW,20.02.2020-06:21:01,2.00000000e+01,6.44044518e-01,8.90732479e+00,2.04791292e-03,5.24065056e+01,7.98365707e+01,1.86421185e+01,4.61918235e-01,5.55004716e-01
5345803-S04-156I3-A-L-B-190-CVDGW,20.02.2020-06:21:03,8.00000000e+00,6.47069037e-01,8.98011208e+00,1.83710037e-03,1.30797913e+02,8.02272644e+01,1.89751225e+01,1.87501252e-01,2.41524816e-01
5345803-S04-156I3-A-L-B-190-CVDGW,20.02.2020-06:21:05,9.00000000e+00,6.46225929e-01,8.94841766e+00,2.02037813e-03,6.09027443e+01,8.01395569e+01,1.88628693e+01,3.78162354e-01,4.58302587e-01
5345803-S04-156I3-A-L-B-190-CVDGW,20.02.2020-06:21:07,8.00000000e+00,6.46678746e-01,8.99323177e+00,1.65508827e-03,1.17925827e+02,8.02875595e+01,1.90056553e+01,1.91001415e-01,2.70940572e-01
5345803-S04-156I3-A-L-B-190-CVDGW,20.02.2020-06:21:09,1.90000000e+01,6.46477044e-01,8.93387794e+00,1.60132255e-03,7.07510071e+01,7.99477234e+01,1.87944412e+01,3.85187805e-01,4.52742457e-01
5345803-S04-156I3-A-L-B-190-CVDGW,20.02.2020-06:16:37,2.00000000e+01,6.41447246e-01,8.90070343e+00,2.05060514e-03,1.09867508e+02,8.02378998e+01,1.86464005e+01,2.55369127e-01,7.80357003e-01
5345803-S04-156I3-A-L-B-190-CVDGW,20.02.2020-06:16:39,2.10000000e+01,6.41518354e-01,8.88705730e+00,2.24635401e-03,2.51285095e+01,7.99495850e+01,1.85529709e+01,5.94464898e-01,1.16349578e+00
5345803-S04-156I3-A-L-B-190-CVDGW,20.02.2020-06:16:41,2.00000000e+01,6.42851412e-01,8.87891293e+00,1.77048286e-03,1.47190170e+02,8.02422485e+01,1.86424809e+01,1.96849942e-01,6.70283616e-01
5345803-S04-156I3-A-L-B-190-CVDGW,20.02.2020-06:16:43,2.00000000e+01,6.41922355e-01,8.89723110e+00,2.07251566e-03,1.47956161e+02,8.02684097e+01,1.86600266e+01,1.93624675e-01,6.81311488e-01
5345803-S04-156I3-A-L-B-190-CVDGW,20.02.2020-06:16:46,2.10000000e+01,6.40785098e-01,8.86786652e+00,1.60362932e-03,1.00196587e+02,8.03770523e+01,1.85906181e+01,3.14308852e-01,1.18567121e+00
5345803-S04-156I3-A-L-B-190-CVDGW,20.02.2020-06:16:48,2.00000000e+01,6.41794086e-01,8.89920807e+00,1.94771006e-03,1.05133873e+02,8.00714874e+01,1.86146622e+01,1.99683547e-01,9.30253923e-01
5345803-S04-156I3-A-L-B-190-CVDGW,20.02.2020-06:16:50,2.00000000e+01,6.41969621e-01,8.91811848e+00,1.81367132e-03,9.48190765e+01,8.02256927e+01,1.86952553e+01,2.81492800e-01,8.67388308e-01
5345803-S04-156I3-A-L-B-190-CVDGW,20.02.2020-06:16:52,1.90000000e+01,6.43442273e-01,8.91605854e+00,2.13948311e-03,7.06012878e+01,8.01815338e+01,1.87235012e+01,3.15816820e-01,6.86640382e-01
5345803-S04-156I3-A-L-B-190-CVDGW,20.02.2020-06:16:54,2.00000000e+01,6.43068492e-01,8.90503407e+00,1.89451489e-03,7.86871948e+01,8.01440430e+01,1.86807480e+01,3.14904481e-01,8.09594691e-01
5345803-S04-156I3-A-L-B-190-CVDGW,20.02.2020-06:16:56,1.90000000e+01,6.41791284e-01,8.91606426e+00,1.89380778e-03,1.15669762e+02,8.03710632e+01,1.87196159e+01,2.38893777e-01,8.26901257e-01
5345803-S04-156I3-A-L-B-190-CVDGW,20.02.2020-06:20:30,9.00000000e+00,6.45601869e-01,8.96052361e+00,2.01377459e-03,1.80746002e+02,8.00677261e+01,1.88532352e+01,1.48973167e-01,1.79760426e-01
5345803-S04-156I3-A-L-B-190-CVDGW,20.02.2020-06:20:32,2.00000000e+00,6.33583963e-01,8.88260746e+00,1.94767280e-03,2.62091705e+02,7.96421432e+01,1.82439041e+01,1.39194638e-01,3.38625997e-01
5345803-S04-156I3-A-L-B-190-CVDGW,20.02.2020-06:20:34,2.00000000e+00,6.33492291e-01,8.89037514e+00,1.86399661e-03,3.25976654e+02,7.97347183e+01,1.82784386e+01,1.21972315e-01,3.19246829e-01
5345803-S04-156I3-A-L-B-190-CVDGW,20.02.2020-06:20:36,9.00000000e+00,6.45567894e-01,8.98034573e+00,2.18399451e-03,6.52759323e+01,8.00611954e+01,1.88924046e+01,2.49877051e-01,3.10238272e-01
5345803-S04-156I3-A-L-B-190-CVDGW,20.02.2020-06:20:38,8.00000000e+00,6.46130502e-01,8.97207928e+00,1.85196137e-03,1.27247787e+02,8.02563705e+01,1.89375172e+01,1.52158841e-01,1.95688143e-01
5345803-S04-156I3-A-L-B-190-CVDGW,20.02.2020-06:20:40,9.00000000e+00,6.44947231e-01,8.94183159e+00,1.95177738e-03,2.01626373e+02,8.03399811e+01,1.88587341e+01,1.17043011e-01,2.02824265e-01
5345803-S04-156I3-A-L-B-190-CVDGW,20.02.2020-06:20:42,2.00000000e+00,6.34396613e-01,8.89632702e+00,2.18443270e-03,1.86012650e+02,7.95616455e+01,1.82770290e+01,1.94083706e-01,4.10178214e-01
5345803-S04-156I3-A-L-B-190-CVDGW,20.02.2020-06:20:44,1.90000000e+01,6.45274460e-01,8.93888760e+00,2.12383037e-03,7.75041275e+01,7.97275009e+01,1.87182941e+01,3.58149171e-01,4.80946869e-01
5345803-S04-156I3-A-L-B-190-CVDGW,20.02.2020-06:20:46,1.90000000e+01,6.45419657e-01,8.93416119e+00,1.83919049e-03,7.39923706e+01,8.00029602e+01,1.87772598e+01,4.86026168e-01,7.50706673e-01
5345803-S04-156I3-A-L-B-190-CVDGW,20.02.2020-06:20:48,1.90000000e+01,6.44965112e-01,8.92150402e+00,1.86290953e-03,1.23240097e+02,8.01051788e+01,1.87613945e+01,3.34804714e-01,5.33886671e-01
5345803-S04-156I3-A-L-B-190-CVDGW,20.02.2020-06:21:11,9.00000000e+00,6.43608212e-01,9.03017521e+00,1.96014112e-03,1.53498810e+02,7.97823715e+01,1.88736057e+01,1.57362670e-01,1.87259108e-01
5345803-S04-156I3-A-L-B-190-CVDGW,20.02.2020-06:21:13,9.00000000e+00,6.45933628e-01,8.95644283e+00,1.93190319e-03,6.59196854e+01,8.02534332e+01,1.88980618e+01,4.94606286e-01,5.91119647e-01
5345803-S04-156I3-A-L-B-190-CVDGW,20.02.2020-06:21:16,8.00000000e+00,6.46287799e-01,8.99202347e+00,2.03287113e-03,1.17966263e+02,8.01376038e+01,1.89561424e+01,2.51303643e-01,3.36462259e-01
5345803-S04-156I3-A-L-B-190-CVDGW,20.02.2020-06:21:18,8.00000000e+00,6.46885395e-01,9.00145054e+00,2.08718074e-03,1.44462875e+02,7.98766861e+01,1.89317207e+01,1.66262150e-01,2.08388701e-01
5345803-S04-156I3-A-L-B-190-CVDGW,20.02.2020-06:21:20,9.00000000e+00,6.47067428e-01,8.93883038e+00,1.98287447e-03,1.04761177e+02,8.01448593e+01,1.88684444e+01,3.13725054e-01,4.75459844e-01
5345803-S04-156I3-A-L-B-190-CVDGW,20.02.2020-06:21:22,9.00000000e+00,6.46546125e-01,8.97772598e+00,2.10846961e-03,1.46633514e+02,8.00092545e+01,1.89032402e+01,1.84061453e-01,2.26298660e-01
5345803-S04-156I3-A-L-B-190-CVDGW,20.02.2020-06:21:24,1.90000000e+01,6.44538283e-01,8.94413757e+00,2.02455348e-03,4.88600349e+01,8.00143814e+01,1.87752361e+01,5.19414723e-01,6.11225069e-01
5345803-S04-156I3-A-L-B-190-CVDGW,20.02.2020-06:21:26,8.00000000e+00,6.47948146e-01,8.99887180e+00,2.11946503e-03,1.94270416e+02,8.01199951e+01,1.90151367e+01,1.25461861e-01,1.53978318e-01
5345803-S04-156I3-A-L-B-190-CVDGW,20.02.2020-06:21:28,9.00000000e+00,6.43431067e-01,8.94161510e+00,1.95050461e-03,6.09489326e+01,8.03607635e+01,1.88188152e+01,4.58565265e-01,6.54368937e-01
5345803-S04-156I3-A-L-B-190-CVDGW,20.02.2020-06:21:30,1.90000000e+01,6.43177569e-01,8.92568111e+00,1.82009081e-03,1.00610779e+02,8.01448898e+01,1.87274361e+01,3.46725494e-01,8.62763047e-01
5345803-S04-156I3-A-L-B-190-CVDGW,20.02.2020-06:21:53,9.00000000e+00,6.45042896e-01,8.94680119e+00,1.83873484e-03,1.59342117e+02,8.01829376e+01,1.88351250e+01,2.28486702e-01,5.34372389e-01
5345803-S04-156I3-A-L-B-190-CVDGW,20.02.2020-06:21:55,9.00000000e+00,6.44368231e-01,8.94835091e+00,2.04525166e-03,4.83473816e+01,8.02104721e+01,1.88251476e+01,6.05435908e-01,7.09332407e-01
5345803-S04-156I3-A-L-B-190-CVDGW,20.02.2020-06:21:58,9.00000000e+00,6.46941721e-01,8.94601059e+00,1.89869991e-03,1.29623505e+02,8.01633377e+01,1.88842869e+01,2.50278890e-01,5.47325432e-01
5345803-S04-156I3-A-L-B-190-CVDGW,20.02.2020-06:22:00,9.00000000e+00,6.45819366e-01,8.96420288e+00,2.10454222e-03,4.05080795e+01,7.99781876e+01,1.88462315e+01,7.50421464e-01,8.79838705e-01
5345803-S04-156I3-A-L-B-190-CVDGW,20.02.2020-06:22:02,2.00000000e+01,6.43337250e-01,8.93731213e+00,2.36399309e-03,1.27850883e+02,7.98070068e+01,1.86774178e+01,2.47549295e-01,7.96756923e-01
5345803-S04-156I3-A-L-B-190-CVDGW,20.02.2020-06:22:04,2.40000000e+01,6.45396650e-01,8.96222878e+00,2.13274756e-03,1.04122667e+01,7.96548462e+01,1.87536201e+01,2.56035161e+00,2.93504214e+00
5345803-S04-156I3-A-L-B-190-CVDGW,20.02.2020-06:22:06,2.40000000e+01,6.44148648e-01,8.94362640e+00,1.80062011e-03,8.15751648e+00,7.96576843e+01,1.86791725e+01,3.36596799e+00,3.95130086e+00
5345803-S04-156I3-A-L-B-190-CVDGW,20.02.2020-06:22:08,9.00000000e+00,6.45546198e-01,8.95267773e+00,1.72819430e-03,6.85322189e+01,7.99549866e+01,1.88085804e+01,4.42778915e-01,5.94783962e-01
5345803-S04-156I3-A-L-B-190-CVDGW,20.02.2020-06:22:10,2.40000000e+01,6.38384581e-01,8.82137966e+00,2.03111791e-03,8.48679161e+00,7.96543808e+01,1.82582321e+01,3.60846853e+00,5.39116287e+00
5345803-S04-156I3-A-L-B-190-CVDGW,20.02.2020-06:22:12,1.90000000e+01,6.45378530e-01,8.95093822e+00,2.03798548e-03,5.58476372e+01,7.98409958e+01,1.87732391e+01,5.65198958e-01,7.97007918e-01
5345803-S04-156I3-A-L-B-190-CVDGW,20.02.2020-06:22:50,7.00000000e+00,6.50246859e-01,8.98526192e+00,2.26832950e-03,6.27445717e+01,8.00946579e+01,1.90477104e+01,3.45910549e-01,4.67015713e-01
5345803-S04-156I3-A-L-B-190-CVDGW,20.02.2020-06:22:52,2.40000000e+01,6.30003691e-01,8.79034042e+00,1.86540617e-03,6.34808540e+00,7.86635208e+01,1.77317810e+01,4.58604717e+00,5.94675446e+00
5345803-S04-156I3-A-L-B-190-CVDGW,20.02.2020-06:22:54,8.00000000e+00,6.46471500e-01,9.00487041e+00,2.16670241e-03,5.56769257e+01,7.98159866e+01,1.89124126e+01,4.21018839e-01,5.20474494e-01
5345803-S04-156I3-A-L-B-190-CVDGW,20.02.2020-06:22:56,9.00000000e+00,6.43187404e-01,8.93474960e+00,1.83241104e-03,1.73736893e+02,8.04585342e+01,1.88201122e+01,1.59716547e-01,3.11063319e-01
5345803-S04-156I3-A-L-B-190-CVDGW,20.02.2020-06:22:58,9.00000000e+00,6.46416843e-01,8.96391582e+00,1.97451445e-03,8.09682083e+01,8.01075821e+01,1.88935814e+01,3.22132677e-01,4.57933009e-01
5345803-S04-156I3-A-L-B-190-CVDGW,20.02.2020-06:23:00,8.00000000e+00,6.46815121e-01,8.95909214e+00,1.93272089e-03,1.66335327e+02,8.02233887e+01,1.89223614e+01,2.56387770e-01,5.82749903e-01
5345803-S04-156I3-A-L-B-190-CVDGW,20.02.2020-06:23:03,9.00000000e+00,6.45097554e-01,8.94994354e+00,2.01066374e-03,2.38871048e+02,8.02154007e+01,1.88509674e+01,1.39572144e-01,1.88683286e-01
5345803-S04-156I3-A-L-B-190-CVDGW,20.02.2020-06:23:05,9.00000000e+00,6.46611094e-01,8.96505356e+00,2.06950167e-03,1.54790131e+02,8.00449371e+01,1.88868752e+01,1.80620715e-01,3.15867901e-01
5345803-S04-156I3-A-L-B-190-CVDGW,20.02.2020-06:23:07,9.00000000e+00,6.43623471e-01,8.93442345e+00,1.72858569e-03,2.08906876e+02,8.03249435e+01,1.88009148e+01,1.65348455e-01,3.20225865e-01
5345803-S04-156I3-A-L-B-190-CVDGW,20.02.2020-06:23:09,9.00000000e+00,6.45991743e-01,8.94917393e+00,2.08260142e-03,1.08401382e+02,7.99621658e+01,1.88158855e+01,2.48765677e-01,5.35247862e-01
5345803-S04-156I3-A-L-B-190-CVDGW,20.02.2020-06:23:32,9.00000000e+00,6.44916594e-01,8.94438171e+00,1.89294049e-03,1.26152817e+02,8.00839767e+01,1.88031101e+01,2.45557174e-01,3.02674234e-01
5345803-S04-156I3-A-L-B-190-CVDGW,20.02.2020-06:23:34,9.00000000e+00,6.48945153e-01,8.92209148e+00,2.14758236e-03,2.51721558e+02,7.98159103e+01,1.88102398e+01,1.35248199e-01,1.98150516e-01
5345803-S04-156I3-A-L-B-190-CVDGW,20.02.2020-06:23:36,8.00000000e+00,6.48134828e-01,9.01586914e+00,2.11479049e-03,2.32289566e+02,7.98341141e+01,1.89885464e+01,1.19593345e-01,1.57435656e-01
5345803-S04-156I3-A-L-B-190-CVDGW,20.02.2020-06:23:38,1.90000000e+01,6.42536461e-01,8.92481518e+00,1.92827289e-03,1.99986221e+02,8.02814407e+01,1.87388248e+01,2.12010488e-01,4.90706444e-01
5345803-S04-156I3-A-L-B-190-CVDGW,20.02.2020-06:23:40,9.00000000e+00,6.44494891e-01,8.95946217e+00,2.07704026e-03,1.33538696e+02,8.01712265e+01,1.88430042e+01,2.27844507e-01,5.06413519e-01
5345803-S04-156I3-A-L-B-190-CVDGW,20.02.2020-06:23:42,9.00000000e+00,6.44232810e-01,8.94239235e+00,1.83090742e-03,1.61418701e+02,8.03276825e+01,1.88361435e+01,2.24803209e-01,3.84547412e-01
5345803-S04-156I3-A-L-B-190-CVDGW,20.02.2020-06:23:44,9.00000000e+00,6.45766675e-01,8.96489429e+00,1.97965791e-03,1.04276161e+02,8.01433105e+01,1.88850574e+01,2.30208591e-01,3.55463058e-01
5345803-S04-156I3-A-L-B-190-CVDGW,20.02.2020-06:23:46,9.00000000e+00,6.44704342e-01,8.95168304e+00,1.85749563e-03,1.04103104e+02,8.01417160e+01,1.88258305e+01,2.62023509e-01,3.23774725e-01
5345803-S04-156I3-A-L-B-190-CVDGW,20.02.2020-06:23:49,9.00000000e+00,6.46056771e-01,8.95269585e+00,2.03325273e-03,1.92165527e+02,7.99522247e+01,1.88228436e+01,2.14799970e-01,4.35209632e-01
5345803-S04-156I3-A-L-B-190-CVDGW,20.02.2020-06:23:51,1.90000000e+01,6.43370688e-01,8.89474010e+00,1.96461915e-03,3.17747437e+02,8.03023834e+01,1.87048054e+01,1.25660449e-01,2.04313293e-01
5345803-S04-156I3-A-L-B-190-CVDGW,20.02.2020-06:24:14,2.00000000e+01,6.42934501e-01,8.90464783e+00,2.11591041e-03,3.27298859e+02,8.00852814e+01,1.86623516e+01,1.06584020e-01,1.64641410e-01
5345803-S04-156I3-A-L-B-190-CVDGW,20.02.2020-06:24:16,9.00000000e+00,6.43899322e-01,8.94254398e+00,1.77587080e-03,2.67518005e+02,8.03862076e+01,1.88404293e+01,1.17042072e-01,1.65680110e-01
5345803-S04-156I3-A-L-B-190-CVDGW,20.02.2020-06:24:18,9.00000000e+00,6.45788431e-01,8.96259594e+00,2.19037454e-03,1.57455414e+02,7.98095245e+01,1.88022156e+01,1.98058754e-01,2.64644176e-01
5345803-S04-156I3-A-L-B-190-CVDGW,20.02.2020-06:24:20,1.90000000e+01,6.43575788e-01,8.93525028e+00,1.85674743e-03,2.23054688e+02,8.02150192e+01,1.87755356e+01,1.53112918e-01,3.75655055e-01
5345803-S04-156I3-A-L-B-190-CVDGW,20.02.2020-06:24:22,7.00000000e+00,6.47725701e-01,9.03418827e+00,2.18669698e-03,3.18551758e+02,7.98955231e+01,1.90297413e+01,1.09834164e-01,1.32039577e-01
5345803-S04-156I3-A-L-B-190-CVDGW,20.02.2020-06:24:24,9.00000000e+00,6.43950164e-01,8.94792843e+00,1.97257404e-03,3.35639557e+02,8.02882767e+01,1.88302937e+01,1.07977353e-01,2.41370931e-01
5345803-S04-156I3-A-L-B-190-CVDGW,20.02.2020-06:24:26,8.00000000e+00,6.47969604e-01,8.95430470e+00,1.91307743e-03,1.05282745e+02,8.01439362e+01,1.89272423e+01,2.51280516e-01,3.82611662e-01
5345803-S04-156I3-A-L-B-190-CVDGW,20.02.2020-06:24:28,9.00000000e+00,6.44746780e-01,8.94478893e+00,1.80937245e-03,1.21877861e+02,8.02771835e+01,1.88443680e+01,2.71575898e-01,3.31540883e-01
5345803-S04-156I3-A-L-B-190-CVDGW,20.02.2020-06:24:31,2.10000000e+01,6.43288732e-01,8.92403507e+00,2.46301829e-03,1.12128754e+02,7.95985336e+01,1.85995522e+01,2.59800792e-01,5.76449335e-01
5345803-S04-156I3-A-L-B-190-CVDGW,20.02.2020-06:24:33,3.00000000e+00,6.35288954e-01,8.79905796e+00,1.94241665e-03,1.92816498e+02,7.98561783e+01,1.81696358e+01,2.38635063e-01,9.83115435e-01
5345803-S04-156I3-A-L-B-190-CVDGW,20.02.2020-06:24:56,2.00000000e+01,6.44277215e-01,8.91135120e+00,1.79809472e-03,1.27329468e+02,7.97416687e+01,1.86351051e+01,2.45971054e-01,4.85263675e-01
5345803-S04-156I3-A-L-B-190-CVDGW,20.02.2020-06:24:58,1.90000000e+01,6.43808365e-01,8.92380142e+00,1.73342961e-03,1.10903572e+02,8.02261658e+01,1.87608604e+01,2.92423308e-01,4.53491181e-01
5345803-S04-156I3-A-L-B-190-CVDGW,20.02.2020-06:25:00,9.00000000e+00,6.46584272e-01,8.99614906e+00,2.13021343e-03,1.09944191e+02,7.97755966e+01,1.88878288e+01,2.05721572e-01,2.71482348e-01
5345803-S04-156I3-A-L-B-190-CVDGW,20.02.2020-06:25:02,1.00000000e+00,6.39005601e-01,8.85680962e+00,1.80993986e-03,1.13939629e+02,8.02305298e+01,1.84821224e+01,2.73727149e-01,5.34753799e-01
5345803-S04-156I3-A-L-B-190-CVDGW,20.02.2020-06:25:04,7.00000000e+00,6.48471475e-01,9.01862526e+00,1.85620401e-03,2.00995682e+02,8.01789474e+01,1.90863018e+01,1.12704679e-01,1.45670667e-01
5345803-S04-156I3-A-L-B-190-CVDGW,20.02.2020-06:25:07,8.00000000e+00,6.48775280e-01,8.94621372e+00,1.87544583e-03,1.45823959e+02,8.01100464e+01,1.89256477e+01,2.00177029e-01,3.07494730e-01
5345803-S04-156I3-A-L-B-190-CVDGW,20.02.2020-06:25:09,1.90000000e+01,6.45125687e-01,8.97033787e+00,2.07402650e-03,6.44273605e+01,7.97195663e+01,1.87779541e+01,4.73470092e-01,7.05005407e-01
5345803-S04-156I3-A-L-B-190-CVDGW,20.02.2020-06:25:11,1.90000000e+01,6.42704010e-01,8.92378235e+00,2.01160298e-03,1.07893585e+02,8.02132568e+01,1.87256260e+01,2.42045194e-01,3.59335572e-01
5345803-S04-156I3-A-L-B-190-CVDGW,20.02.2020-06:25:13,2.00000000e+01,6.44894302e-01,8.92717743e+00,2.16853386e-03,1.14950768e+02,7.94231567e+01,1.86114445e+01,2.18613729e-01,2.60355532e-01
5345803-S04-156I3-A-L-B-190-CVDGW,20.02.2020-06:25:15,2.00000000e+01,6.42834783e-01,8.92750454e+00,2.04586913e-03,1.31983887e+02,7.99938507e+01,1.86859951e+01,1.89248458e-01,2.24740490e-01
5345803-S04-156I3-A-L-B-190-CVDGW,20.02.2020-06:21:32,2.10000000e+01,6.41210377e-01,8.86461830e+00,1.78011856e-03,6.20831604e+01,8.01333542e+01,1.85397606e+01,4.71392751e-01,7.00711310e-01
5345803-S04-156I3-A-L-B-190-CVDGW,20.02.2020-06:21:34,1.90000000e+01,6.44631743e-01,8.93691158e+00,2.14059558e-03,2.37896469e+02,8.00602264e+01,1.87735386e+01,1.42277420e-01,2.78789073e-01
5345803-S04-156I3-A-L-B-190-CVDGW,20.02.2020-06:21:37,1.90000000e+01,6.44257843e-01,8.92814350e+00,1.98311359e-03,1.25785080e+02,8.00115051e+01,1.87328339e+01,2.04329938e-01,3.35911721e-01
5345803-S04-156I3-A-L-B-190-CVDGW,20.02.2020-06:21:39,1.90000000e+01,6.43812537e-01,8.92455006e+00,1.84008456e-03,4.94358559e+01,8.00777130e+01,1.87278366e+01,4.95357394e-01,5.89340270e-01
5345803-S04-156I3-A-L-B-190-CVDGW,20.02.2020-06:21:41,9.00000000e+00,6.45474434e-01,8.93575001e+00,1.87306455e-03,2.93059601e+02,8.02692032e+01,1.88446980e+01,1.46474734e-01,3.68322670e-01
5345803-S04-156I3-A-L-B-190-CVDGW,20.02.2020-06:21:43,9.00000000e+00,6.45288110e-01,8.95346642e+00,1.98319321e-03,2.23118851e+02,8.01334000e+01,1.88446732e+01,1.71281770e-01,5.13107657e-01
5345803-S04-156I3-A-L-B-190-CVDGW,20.02.2020-06:21:45,9.00000000e+00,6.44639432e-01,8.94558620e+00,1.89187448e-03,5.37365532e+01,8.02388535e+01,1.88339138e+01,5.01277506e-01,5.96553564e-01
5345803-S04-156I3-A-L-B-190-CVDGW,20.02.2020-06:21:47,1.90000000e+01,6.45646393e-01,8.90686512e+00,1.94510317e-03,9.12023315e+01,8.01802216e+01,1.87679615e+01,3.02483261e-01,6.10719025e-01
5345803-S04-156I3-A-L-B-190-CVDGW,20.02.2020-06:21:49,1.90000000e+01,6.44596338e-01,8.94552517e+00,1.98348658e-03,3.95853806e+01,8.00844803e+01,1.87962933e+01,6.42089307e-01,7.60621130e-01
5345803-S04-156I3-A-L-B-190-CVDGW,20.02.2020-06:21:51,2.00000000e+01,6.43224597e-01,8.91519547e+00,1.84941862e-03,1.18779907e+02,8.00859146e+01,1.86930351e+01,3.66080552e-01,9.30655181e-01
5345803-S04-156I3-A-L-B-190-CVDGW,20.02.2020-06:23:11,1.90000000e+01,6.45588875e-01,8.94188786e+00,1.87653420e-03,9.02876511e+01,7.98857880e+01,1.87708931e+01,3.07917774e-01,5.13137162e-01
5345803-S04-156I3-A-L-B-190-CVDGW,20.02.2020-06:23:13,2.10000000e+01,6.42131507e-01,8.88635063e+00,2.03336473e-03,2.17080566e+02,8.00767899e+01,1.85987720e+01,1.49346620e-01,3.11273277e-01
5345803-S04-156I3-A-L-B-190-CVDGW,20.02.2020-06:23:15,2.00000000e+01,6.42481327e-01,8.89133072e+00,2.00643693e-03,1.41921112e+02,8.00326614e+01,1.86090717e+01,1.93592861e-01,3.51518661e-01
5345803-S04-156I3-A-L-B-190-CVDGW,20.02.2020-06:23:17,2.00000000e+01,6.42229199e-01,8.90489006e+00,2.11923290e-03,2.19409012e+02,8.00434799e+01,1.86326580e+01,1.76085889e-01,3.55125874e-01
5345803-S04-156I3-A-L-B-190-CVDGW,20.02.2020-06:23:19,2.10000000e+01,6.42084837e-01,8.88245869e+00,1.82818435e-03,1.89978561e+02,8.01104660e+01,1.85970936e+01,1.43630669e-01,3.06287050e-01
5345803-S04-156I3-A-L-B-190-CVDGW,20.02.2020-06:23:21,1.00000000e+00,6.41101480e-01,8.86472893e+00,1.92162558e-03,1.18318459e+02,7.96827164e+01,1.84325981e+01,5.01647651e-01,1.45886397e+00
5345803-S04-156I3-A-L-B-190-CVDGW,20.02.2020-06:23:23,2.10000000e+01,6.41180515e-01,8.87339211e+00,1.97711634e-03,1.45875366e+02,8.01582642e+01,1.85630131e+01,1.59416288e-01,3.10106009e-01
5345803-S04-156I3-A-L-B-190-CVDGW,20.02.2020-06:23:26,9.00000000e+00,6.44498110e-01,8.96157360e+00,2.08498351e-03,6.92596359e+01,8.01243896e+01,1.88365288e+01,3.67955804e-01,7.28757739e-01
5345803-S04-156I3-A-L-B-190-CVDGW,20.02.2020-06:23:28,1.90000000e+01,6.43322289e-01,8.91853428e+00,1.82406488e-03,2.54585480e+02,8.01635513e+01,1.87210083e+01,1.34506717e-01,1.77740350e-01
5345803-S04-156I3-A-L-B-190-CVDGW,20.02.2020-06:23:30,8.00000000e+00,6.49302006e-01,8.96168327e+00,1.97040965e-03,9.58920822e+01,7.98912125e+01,1.89219341e+01,2.16221392e-01,2.96689540e-01
5345803-S04-156I3-A-L-B-190-CVDGW,20.02.2020-06:23:53,1.90000000e+01,6.46743059e-01,8.90273285e+00,2.27931188e-03,1.38012634e+02,8.00410538e+01,1.87585011e+01,2.36980140e-01,9.11899567e-01
5345803-S04-156I3-A-L-B-190-CVDGW,20.02.2020-06:23:55,1.90000000e+01,6.46838903e-01,8.91951466e+00,2.30192742e-03,2.40095154e+02,7.99266205e+01,1.87697735e+01,1.59459099e-01,6.87215686e-01
5345803-S04-156I3-A-L-B-190-CVDGW,20.02.2020-06:23:57,9.00000000e+00,6.43727839e-01,8.94798183e+00,1.97302294e-03,1.79661423e+02,8.02341232e+01,1.88112068e+01,1.89619839e-01,3.39503616e-01
5345803-S04-156I3-A-L-B-190-CVDGW,20.02.2020-06:23:59,1.90000000e+01,6.44415617e-01,8.93633652e+00,1.94947247e-03,1.42663300e+02,8.01177750e+01,1.87795277e+01,1.62382722e-01,2.08407626e-01
5345803-S04-156I3-A-L-B-190-CVDGW,20.02.2020-06:24:01,1.90000000e+01,6.46602631e-01,8.94419098e+00,1.92728231e-03,2.21104782e+02,7.98298264e+01,1.87920399e+01,1.20470852e-01,1.46447286e-01
5345803-S04-156I3-A-L-B-190-CVDGW,20.02.2020-06:24:03,9.00000000e+00,6.44934416e-01,8.95637321e+00,1.91023236e-03,1.98541382e+02,8.02191620e+01,1.88606224e+01,1.57114178e-01,2.05253154e-01
5345803-S04-156I3-A-L-B-190-CVDGW,20.02.2020-06:24:05,9.00000000e+00,6.44735575e-01,8.96952534e+00,1.87305035e-03,1.19253532e+02,7.99978104e+01,1.88303928e+01,2.53322363e-01,4.24689621e-01
5345803-S04-156I3-A-L-B-190-CVDGW,20.02.2020-06:24:07,9.00000000e+00,6.45545125e-01,8.95287704e+00,1.91789272e-03,1.62453705e+02,8.01941757e+01,1.88652363e+01,1.72596410e-01,2.24877760e-01
5345803-S04-156I3-A-L-B-190-CVDGW,20.02.2020-06:24:10,7.00000000e+00,6.47776842e-01,9.00288296e+00,1.90737040e-03,1.29098297e+02,8.01733398e+01,1.90312462e+01,2.26211727e-01,2.80441493e-01
5345803-S04-156I3-A-L-B-190-CVDGW,20.02.2020-06:24:12,2.00000000e+01,6.43072009e-01,8.91680241e+00,1.91807200e-03,2.26805389e+02,8.00515900e+01,1.86839581e+01,1.40614092e-01,3.06700200e-01
5345803-S04-156I3-A-L-B-190-CVDGW,20.02.2020-06:24:35,9.00000000e+00,6.45010710e-01,8.95764351e+00,2.14485428e-03,9.51426086e+01,8.00909119e+01,1.88353710e+01,1.96691439e-01,2.53099531e-01
5345803-S04-156I3-A-L-B-190-CVDGW,20.02.2020-06:24:37,2.10000000e+01,6.43297434e-01,8.87699986e+00,1.85838470e-03,1.24512070e+02,7.97627487e+01,1.85399418e+01,2.60994226e-01,5.27041852e-01
5345803-S04-156I3-A-L-B-190-CVDGW,20.02.2020-06:24:39,2.00000000e+01,6.42961085e-01,8.90577221e+00,1.98646961e-03,1.38041016e+02,7.98396759e+01,1.86082363e+01,2.77551651e-01,5.12640119e-01
5345803-S04-156I3-A-L-B-190-CVDGW,20.02.2020-06:24:41,2.10000000e+01,6.39946818e-01,8.87574196e+00,1.97797408e-03,1.45876114e+02,8.00458450e+01,1.85062103e+01,2.36560464e-01,4.57149267e-01
5345803-S04-156I3-A-L-B-190-CVDGW,20.02.2020-06:24:43,8.00000000e+00,6.48759961e-01,8.96960258e+00,2.13421742e-03,1.12584076e+02,8.01623993e+01,1.89870777e+01,2.48120040e-01,3.24442446e-01
5345803-S04-156I3-A-L-B-190-CVDGW,20.02.2020-06:24:45,9.00000000e+00,6.44564033e-01,8.95135117e+00,2.06443947e-03,1.46673538e+02,8.00941544e+01,1.88098660e+01,2.03909606e-01,2.60745615e-01
5345803-S04-156I3-A-L-B-190-CVDGW,20.02.2020-06:24:47,8.00000000e+00,6.48892164e-01,8.96452332e+00,2.17270176e-03,1.22011421e+02,8.00970154e+01,1.89647102e+01,2.17323154e-01,3.13918471e-01
5345803-S04-156I3-A-L-B-190-CVDGW,20.02.2020-06:24:50,2.00000000e+01,6.41529918e-01,8.91578770e+00,1.85485848e-03,1.99257019e+02,8.02336426e+01,1.86794186e+01,1.48142695e-01,2.16143385e-01
5345803-S04-156I3-A-L-B-190-CVDGW,20.02.2020-06:24:52,9.00000000e+00,6.46944940e-01,8.93151855e+00,1.94559747e-03,1.09843384e+02,8.00570145e+01,1.88287792e+01,2.67794758e-01,7.99790323e-01
5345803-S04-156I3-A-L-B-190-CVDGW,20.02.2020-06:24:54,2.00000000e+00,6.37793243e-01,8.83663750e+00,1.91542378e-03,7.74368591e+01,8.01400375e+01,1.83842850e+01,2.90557086e-01,5.46893537e-01
5345803-S04-156I3-A-L-B-190-CVDGW,20.02.2020-06:25:17,2.00000000e+01,6.44654274e-01,8.93408585e+00,2.19201786e-03,1.31517197e+02,7.94200745e+01,1.86181908e+01,1.30977109e-01,1.58488378e-01
5345803-S04-156I3-A-L-B-190-CVDGW,20.02.2020-06:25:19,9.00000000e+00,6.44960403e-01,8.96546841e+00,1.73464383e-03,1.23041901e+02,8.03246536e+01,1.89053669e+01,2.57999152e-01,3.22838634e-01
5345803-S04-156I3-A-L-B-190-CVDGW,20.02.2020-06:25:21,7.00000000e+00,6.49158478e-01,9.03555107e+00,2.15365598e-03,1.89981598e+02,8.01029510e+01,1.91242352e+01,1.41893417e-01,1.70736372e-01
5345803-S04-156I3-A-L-B-190-CVDGW,20.02.2020-06:25:23,9.00000000e+00,6.44454181e-01,8.95010757e+00,1.63836905e-03,1.36916794e+02,8.01432648e+01,1.88155766e+01,1.68056026e-01,2.11602360e-01
5345803-S04-156I3-A-L-B-190-CVDGW,20.02.2020-06:25:25,2.00000000e+01,6.42681658e-01,8.92186451e+00,2.15865555e-03,1.58113022e+02,7.99412537e+01,1.86574669e+01,1.73478559e-01,2.95883179e-01
5345803-S04-156I3-A-L-B-190-CVDGW,20.02.2020-06:25:28,2.00000000e+01,6.42385006e-01,8.92480946e+00,1.92184059e-03,1.58538422e+02,8.00697556e+01,1.86849976e+01,2.26793692e-01,3.33382875e-01
5345803-S04-156I3-A-L-B-190-CVDGW,20.02.2020-06:25:30,2.00000000e+01,6.43147230e-01,8.90523911e+00,1.79874536e-03,9.26243668e+01,8.00286865e+01,1.86565742e+01,3.06107253e-01,4.85477477e-01
5345803-S04-156I3-A-L-B-190-CVDGW,20.02.2020-06:25:32,1.30000000e+01,6.30786657e-01,8.78836346e+00,1.85104099e-03,1.65331863e+02,7.93652039e+01,1.79081554e+01,3.04039836e-01,8.56919169e-01
5345803-S04-156I3-A-L-B-190-CVDGW,20.02.2020-06:25:34,1.90000000e+01,6.45207405e-01,8.93519878e+00,2.02714070e-03,1.24373482e+02,8.00132217e+01,1.87756748e+01,2.09387317e-01,2.74919808e-01
5345803-S04-156I3-A-L-B-190-CVDGW,20.02.2020-06:25:36,1.30000000e+01,6.30455554e-01,8.80288506e+00,2.12080730e-03,1.39560318e+02,7.92161713e+01,1.78946629e+01,2.99154043e-01,8.19333553e-01
5345803-S04-156I3-A-L-B-190-CVDGW,20.02.2020-06:25:59,1.00000000e+00,6.38422608e-01,8.86124516e+00,1.95780164e-03,1.12639320e+02,8.03021088e+01,1.84909897e+01,2.96854109e-01,5.74153006e-01
5345803-S04-156I3-A-L-B-190-CVDGW,20.02.2020-06:26:01,2.00000000e+01,6.42322719e-01,8.91872597e+00,2.14976328e-03,1.12007736e+02,7.99157486e+01,1.86345406e+01,2.66261220e-01,4.53088015e-01
5345803-S04-156I3-A-L-B-190-CVDGW,20.02.2020-06:26:04,1.90000000e+01,6.45072997e-01,8.93185329e+00,2.11689644e-03,1.83072769e+02,8.01575165e+01,1.87985744e+01,1.53638214e-01,2.62842089e-01
5345803-S04-156I3-A-L-B-190-CVDGW,20.02.2020-06:26:06,2.10000000e+01,6.41934216e-01,8.91706181e+00,2.14430294e-03,7.72726364e+01,7.97668686e+01,1.85851059e+01,3.75634193e-01,6.15342081e-01
5345803-S04-156I3-A-L-B-190-CVDGW,20.02.2020-06:26:08,2.00000000e+01,6.41891241e-01,8.90966892e+00,1.70076580e-03,8.42014771e+01,8.02768173e+01,1.86871624e+01,3.50629777e-01,4.41510290e-01
5345803-S04-156I3-A-L-B-190-CVDGW,20.02.2020-06:26:10,9.00000000e+00,6.45628750e-01,8.95530891e+00,1.96855399e-03,1.29776962e+02,8.00018463e+01,1.88275433e+01,2.01955885e-01,2.62624294e-01
5345803-S04-156I3-A-L-B-190-CVDGW,20.02.2020-06:26:12,1.00000000e+00,6.38254046e-01,8.85804176e+00,1.80252118e-03,1.07317871e+02,8.01090698e+01,1.84350014e+01,3.16185355e-01,7.60610044e-01
5345803-S04-156I3-A-L-B-190-CVDGW,20.02.2020-06:26:14,1.90000000e+01,6.46337986e-01,8.89547539e+00,2.13276618e-03,7.91439438e+01,8.01676407e+01,1.87610931e+01,4.60186392e-01,1.26170301e+00
5345803-S04-156I3-A-L-B-190-CVDGW,20.02.2020-06:26:16,2.00000000e+01,6.42503321e-01,8.93509388e+00,2.10517645e-03,8.32564850e+01,7.99660339e+01,1.86857357e+01,3.01714063e-01,3.52725178e-01
5345803-S04-156I3-A-L-B-190-CVDGW,20.02.2020-06:26:18,1.90000000e+01,6.43785715e-01,8.94482422e+00,2.11469573e-03,1.04968964e+02,7.98657455e+01,1.87199154e+01,3.08202118e-01,6.12845898e-01
5345803-S04-156I3-A-L-B-190-CVDGW,20.02.2020-06:26:41,1.90000000e+01,6.42015278e-01,8.93019295e+00,2.04414828e-03,6.83705597e+01,8.02078781e+01,1.87177410e+01,3.00667495e-01,3.58041674e-01
5345803-S04-156I3-A-L-B-190-CVDGW,20.02.2020-06:26:44,9.00000000e+00,6.44341230e-01,8.95019150e+00,1.60514144e-03,8.66071091e+01,8.03163757e+01,1.88530903e+01,2.86465555e-01,3.46227080e-01
5345803-S04-156I3-A-L-B-190-CVDGW,20.02.2020-06:26:46,9.00000000e+00,6.44053102e-01,8.91683483e+00,1.79899519e-03,1.11174019e+02,8.04315414e+01,1.88013477e+01,2.87136883e-01,3.83438945e-01
5345803-S04-156I3-A-L-B-190-CVDGW,20.02.2020-06:26:48,2.00000000e+01,6.42973781e-01,8.87940884e+00,1.90267328e-03,6.61590118e+01,8.01543427e+01,1.86266422e+01,4.02947992e-01,6.74684405e-01
5345803-S04-156I3-A-L-B-190-CVDGW,20.02.2020-06:26:50,9.00000000e+00,6.44183218e-01,8.95177460e+00,1.79765304e-03,5.66916618e+01,8.02317200e+01,1.88319321e+01,4.98856008e-01,6.58935130e-01
5345803-S04-156I3-A-L-B-190-CVDGW,20.02.2020-06:26:52,9.00000000e+00,6.44552946e-01,8.95232296e+00,2.09576683e-03,6.21419716e+01,8.00900421e+01,1.88106194e+01,3.89779091e-01,4.61304218e-01
5345803-S04-156I3-A-L-B-190-CVDGW,20.02.2020-06:26:54,2.00000000e+01,6.42902553e-01,8.90843105e+00,1.97034306e-03,5.10981979e+01,8.01194687e+01,1.86773243e+01,5.15844643e-01,7.77414322e-01
5345803-S04-156I3-A-L-B-190-CVDGW,20.02.2020-06:26:56,9.00000000e+00,6.43530071e-01,8.94762611e+00,1.83333061e-03,4.41350861e+01,8.03847504e+01,1.88399849e+01,5.74275255e-01,6.85144782e-01
5345803-S04-156I3-A-L-B-190-CVDGW,20.02.2020-06:26:58,9.00000000e+00,6.46397173e-01,8.93449020e+00,1.95875624e-03,2.43540161e+02,8.01559067e+01,1.88423443e+01,7.37373158e-02,1.22710332e-01
5345803-S04-156I3-A-L-B-190-CVDGW,20.02.2020-06:27:00,9.00000000e+00,6.44883752e-01,8.93012905e+00,1.75456237e-03,1.41473160e+02,8.02883377e+01,1.88200970e+01,1.65697992e-01,2.72712469e-01
5345803-S04-156I3-A-L-B-190-CVDGW,20.02.2020-06:27:27,9.00000000e+00,6.44316971e-01,8.96432018e+00,1.85457140e-03,5.55688782e+01,8.00039291e+01,1.88086872e+01,3.57179850e-01,4.38621819e-01
5345803-S04-156I3-A-L-B-190-CVDGW,20.02.2020-06:27:29,9.00000000e+00,6.46305621e-01,8.97315121e+00,2.13467260e-03,1.76665833e+02,7.99761124e+01,1.88787556e+01,1.38980627e-01,1.72306389e-01
5345803-S04-156I3-A-L-B-190-CVDGW,20.02.2020-06:27:31,8.00000000e+00,6.47321463e-01,8.97713566e+00,1.89423154e-03,1.95524963e+02,8.02527390e+01,1.89822578e+01,1.37313515e-01,1.72766566e-01
5345803-S04-156I3-A-L-B-190-CVDGW,20.02.2020-06:27:33,9.00000000e+00,6.44274712e-01,8.95751381e+00,1.84147002e-03,2.30042099e+02,8.01354294e+01,1.88240604e+01,1.37603760e-01,1.98372439e-01
5345803-S04-156I3-A-L-B-190-CVDGW,20.02.2020-06:27:35,1.90000000e+01,6.42502189e-01,8.95160294e+00,1.94818142e-03,1.33600876e+02,7.99563599e+01,1.87179661e+01,2.22594336e-01,3.17427605e-01
5345803-S04-156I3-A-L-B-190-CVDGW,20.02.2020-06:27:37,1.90000000e+01,6.42475188e-01,8.95168781e+00,1.84520986e-03,1.63267166e+02,7.99862213e+01,1.87243481e+01,1.61211014e-01,2.81290263e-01
5345803-S04-156I3-A-L-B-190-CVDGW,20.02.2020-06:27:39,1.90000000e+01,6.41947031e-01,8.94491577e+00,1.85065344e-03,1.89133484e+02,8.00087509e+01,1.87000656e+01,1.63471922e-01,2.95211017e-01
5345803-S04-156I3-A-L-B-190-CVDGW,20.02.2020-06:27:41,9.00000000e+00,6.44425809e-01,8.96731949e+00,2.13768054e-03,1.12498154e+02,8.00743256e+01,1.88347168e+01,1.93944171e-01,2.29477480e-01
5345803-S04-156I3-A-L-B-190-CVDGW,20.02.2020-06:27:43,9.00000000e+00,6.44673526e-01,8.96128273e+00,1.79944409e-03,1.39286301e+02,8.02085800e+01,1.88608398e+01,1.39942780e-01,1.73793450e-01
5345803-S04-156I3-A-L-B-190-CVDGW,20.02.2020-06:27:45,2.10000000e+01,6.41012490e-01,8.89183331e+00,1.63340243e-03,9.15864639e+01,8.01227798e+01,1.85884857e+01,3.20843846e-01,5.41282177e-01
5345803-S04-156I3-A-L-B-190-CVDGW,20.02.2020-06:22:14,2.40000000e+01,6.44312501e-01,8.90066242e+00,2.17345823e-03,9.66503048e+00,7.95533905e+01,1.85698242e+01,3.03685832e+00,3.56640577e+00
5345803-S04-156I3-A-L-B-190-CVDGW,20.02.2020-06:22:16,1.90000000e+01,6.44847333e-01,8.93789673e+00,1.79899135e-03,5.71656990e+01,8.00159760e+01,1.87715073e+01,4.44243073e-01,6.44110620e-01
5345803-S04-156I3-A-L-B-190-CVDGW,20.02.2020-06:22:18,2.40000000e+01,6.43358350e-01,8.93055630e+00,1.94355857e-03,6.80177879e+00,7.95168152e+01,1.85960464e+01,3.69412541e+00,4.22222757e+00
5345803-S04-156I3-A-L-B-190-CVDGW,20.02.2020-06:22:20,1.90000000e+01,6.44833684e-01,8.93515396e+00,1.88992138e-03,2.15517883e+01,7.98522644e+01,1.87269573e+01,9.76041973e-01,1.23173904e+00
5345803-S04-156I3-A-L-B-190-CVDGW,20.02.2020-06:22:23,2.40000000e+01,6.43745363e-01,8.89415646e+00,1.89455703e-03,8.54945660e+00,7.95376968e+01,1.85362606e+01,2.98758698e+00,3.50644636e+00
5345803-S04-156I3-A-L-B-190-CVDGW,20.02.2020-06:22:25,9.00000000e+00,6.47428274e-01,8.96060848e+00,2.20289803e-03,9.78083649e+01,7.99959259e+01,1.88897934e+01,2.79947042e-01,3.91381562e-01
5345803-S04-156I3-A-L-B-190-CVDGW,20.02.2020-06:22:27,1.90000000e+01,6.44922674e-01,8.94245529e+00,1.96350692e-03,3.12557564e+01,7.97442932e+01,1.87194977e+01,6.99581027e-01,9.20160890e-01
5345803-S04-156I3-A-L-B-190-CVDGW,20.02.2020-06:22:29,2.40000000e+01,6.42381251e-01,8.90223217e+00,1.91378500e-03,9.33722973e+00,7.98554916e+01,1.85877457e+01,2.95896649e+00,3.44751453e+00
5345803-S04-156I3-A-L-B-190-CVDGW,20.02.2020-06:22:44,8.00000000e+00,6.47578895e-01,8.97517109e+00,1.99489808e-03,5.08995285e+01,8.01128464e+01,1.89525528e+01,5.41070402e-01,6.93935513e-01
5345803-S04-156I3-A-L-B-190-CVDGW,20.02.2020-06:22:48,2.40000000e+01,6.42732918e-01,8.90615368e+00,1.78760081e-03,6.21117163e+00,7.95744934e+01,1.85406437e+01,3.84406161e+00,4.38067579e+00
5345803-S04-156I3-A-L-B-190-CVDGW,20.02.2020-06:25:38,2.00000000e+01,6.43490672e-01,8.92795658e+00,2.01820512e-03,1.48559586e+02,7.99458694e+01,1.86947899e+01,1.62250459e-01,2.75575548e-01
5345803-S04-156I3-A-L-B-190-CVDGW,20.02.2020-06:25:40,2.00000000e+01,6.42357528e-01,8.88936138e+00,2.00660503e-03,1.36419449e+02,8.02309494e+01,1.86474533e+01,2.62952685e-01,4.28370088e-01
5345803-S04-156I3-A-L-B-190-CVDGW,20.02.2020-06:25:42,9.00000000e+00,6.45651162e-01,8.95711899e+00,1.90339377e-03,1.47299255e+02,8.00785980e+01,1.88500690e+01,1.90571144e-01,2.52003223e-01
5345803-S04-156I3-A-L-B-190-CVDGW,20.02.2020-06:25:45,2.10000000e+01,6.42007291e-01,8.87194347e+00,2.04977323e-03,2.19716965e+02,8.01305771e+01,1.85774956e+01,1.34686634e-01,1.81493312e-01
5345803-S04-156I3-A-L-B-190-CVDGW,20.02.2020-06:25:47,1.90000000e+01,6.43666863e-01,8.93216038e+00,1.94674858e-03,8.56870651e+01,8.00815125e+01,1.87404537e+01,3.18968952e-01,4.60653156e-01
5345803-S04-156I3-A-L-B-190-CVDGW,20.02.2020-06:25:49,1.90000000e+01,6.41515791e-01,8.91727448e+00,1.81362475e-03,8.04315033e+01,8.04441376e+01,1.87311344e+01,3.08041543e-01,4.06249225e-01
5345803-S04-156I3-A-L-B-190-CVDGW,20.02.2020-06:25:51,2.00000000e+01,6.42365277e-01,8.91619778e+00,1.95778161e-03,1.23602379e+02,8.00126266e+01,1.86530762e+01,2.35576674e-01,4.58606213e-01
5345803-S04-156I3-A-L-B-190-CVDGW,20.02.2020-06:25:53,1.90000000e+01,6.45393968e-01,8.93693638e+00,2.03165179e-03,1.55079056e+02,7.99976044e+01,1.87810898e+01,2.27260515e-01,3.00773948e-01
5345803-S04-156I3-A-L-B-190-CVDGW,20.02.2020-06:25:55,2.10000000e+01,6.39349580e-01,8.86508369e+00,1.80944928e-03,1.55176239e+02,8.02907333e+01,1.85232372e+01,2.16557086e-01,4.37160134e-01
5345803-S04-156I3-A-L-B-190-CVDGW,20.02.2020-06:25:57,1.90000000e+01,6.42102182e-01,8.99549198e+00,2.04081857e-03,1.57277817e+02,7.96367111e+01,1.87228775e+01,1.25797004e-01,1.46898761e-01
5345803-S04-156I3-A-L-B-190-CVDGW,20.02.2020-06:26:20,1.00000000e+00,6.38106644e-01,8.84834862e+00,1.95384189e-03,8.59886246e+01,8.02096481e+01,1.84336910e+01,2.87627786e-01,4.80620801e-01
5345803-S04-156I3-A-L-B-190-CVDGW,20.02.2020-06:26:23,7.00000000e+00,6.49731815e-01,8.98167515e+00,2.20269850e-03,2.02326019e+02,8.01720963e+01,1.90434189e+01,1.75471693e-01,2.77769387e-01
5345803-S04-156I3-A-L-B-190-CVDGW,20.02.2020-06:26:25,2.10000000e+01,6.42392337e-01,8.89801598e+00,2.20574182e-03,1.06553093e+02,7.98412170e+01,1.85759430e+01,2.40384281e-01,3.80450785e-01
5345803-S04-156I3-A-L-B-190-CVDGW,20.02.2020-06:26:27,9.00000000e+00,6.47394538e-01,8.95511341e+00,1.74605753e-03,1.01773506e+02,7.99875031e+01,1.88752365e+01,2.37084538e-01,3.25883508e-01
5345803-S04-156I3-A-L-B-190-CVDGW,20.02.2020-06:26:29,2.10000000e+01,6.40998721e-01,8.87493420e+00,1.98518042e-03,1.05387886e+02,8.01483307e+01,1.85586777e+01,2.76780248e-01,4.52035755e-01
5345803-S04-156I3-A-L-B-190-CVDGW,20.02.2020-06:26:31,2.00000000e+01,6.42547190e-01,8.90795135e+00,1.79430551e-03,1.30705994e+02,8.01026535e+01,1.86620770e+01,1.87453538e-01,3.62295121e-01
5345803-S04-156I3-A-L-B-190-CVDGW,20.02.2020-06:26:33,3.00000000e+00,6.34927154e-01,8.81060696e+00,1.72600488e-03,9.01938248e+01,7.98791351e+01,1.81883488e+01,4.20057505e-01,1.18226898e+00
5345803-S04-156I3-A-L-B-190-CVDGW,20.02.2020-06:26:35,1.40000000e+01,6.40103340e-01,8.85662270e+00,1.88975618e-03,1.43138762e+01,7.99509964e+01,1.84489784e+01,9.81644452e-01,1.17801619e+00
5345803-S04-156I3-A-L-B-190-CVDGW,20.02.2020-06:26:37,9.00000000e+00,6.44674897e-01,8.95288944e+00,1.91370433e-03,6.93184052e+01,8.02223206e+01,1.88464432e+01,3.24700803e-01,3.99519652e-01
5345803-S04-156I3-A-L-B-190-CVDGW,20.02.2020-06:26:39,8.00000000e+00,6.49096072e-01,8.96096325e+00,2.07198132e-03,1.15227936e+02,8.02709122e+01,1.90043087e+01,1.97680846e-01,2.88641244e-01
5345803-S04-156I3-A-L-B-190-CVDGW,20.02.2020-06:27:47,9.00000000e+00,6.44324541e-01,8.94815445e+00,1.97192677e-03,1.45536209e+02,8.01144333e+01,1.88009205e+01,1.39377102e-01,1.64959848e-01
5345803-S04-156I3-A-L-B-190-CVDGW,20.02.2020-06:27:50,2.40000000e+01,6.43171132e-01,8.94806957e+00,1.83932239e-03,1.18145208e+01,7.97236633e+01,1.86755466e+01,7.23306227e+00,2.82719374e+00
5345803-S04-156I3-A-L-B-190-CVDGW,20.02.2020-06:27:52,1.40000000e+01,6.44993126e-01,8.92759705e+00,1.79619750e-03,1.52057056e+01,7.98551025e+01,1.87164078e+01,7.39689171e-01,9.19948876e-01
5345803-S04-156I3-A-L-B-190-CVDGW,20.02.2020-06:27:54,1.90000000e+01,6.43812418e-01,8.95467186e+00,1.89171848e-03,1.63281067e+02,8.00623398e+01,1.87874374e+01,1.29343659e-01,1.67496115e-01
5345803-S04-156I3-A-L-B-190-CVDGW,20.02.2020-06:27:56,8.00000000e+00,6.46700203e-01,8.97198677e+00,1.86635950e-03,2.38881088e+02,8.02880554e+01,1.89615040e+01,1.04591846e-01,1.81131154e-01
5345803-S04-156I3-A-L-B-190-CVDGW,20.02.2020-06:27:58,2.10000000e+01,6.36722326e-01,8.85151768e+00,1.48400944e-03,1.78510880e+02,8.06463776e+01,1.85004749e+01,1.58129364e-01,1.01993775e+00
5345803-S04-156I3-A-L-B-190-CVDGW,20.02.2020-06:28:00,9.00000000e+00,6.48892701e-01,8.93582439e+00,1.98551081e-03,1.39874405e+02,8.00455627e+01,1.88918705e+01,1.58242837e-01,2.27626681e-01
5345803-S04-156I3-A-L-B-190-CVDGW,20.02.2020-06:28:02,9.00000000e+00,6.46620870e-01,8.91373730e+00,1.94582925e-03,9.69631271e+01,8.01511154e+01,1.88039589e+01,2.75261402e-01,1.08781946e+00
5345803-S04-156I3-A-L-B-190-CVDGW,20.02.2020-06:28:04,9.00000000e+00,6.49224341e-01,8.93163109e+00,1.91654242e-03,2.34664093e+02,8.01047134e+01,1.89066200e+01,1.01151183e-01,1.63691804e-01
5345803-S04-156I3-A-L-B-190-CVDGW,20.02.2020-06:28:06,8.00000000e+00,6.46258712e-01,9.05994511e+00,2.35480512e-03,3.05701752e+02,7.94360733e+01,1.89312763e+01,7.07920641e-02,8.22640061e-02
5345803-S04-156I3-A-L-B-190-CVDGW,20.02.2020-06:29:13,1.90000000e+01,6.45580471e-01,8.94131756e+00,2.05060723e-03,4.38042297e+01,7.99401093e+01,1.87822170e+01,6.53381586e-01,7.81731427e-01
5345803-S04-156I3-A-L-B-190-CVDGW,20.02.2020-06:29:15,2.00000000e+01,6.42633080e-01,8.89626312e+00,2.05926830e-03,8.15605011e+01,8.01510391e+01,1.86513405e+01,4.55319524e-01,9.62380946e-01
5345803-S04-156I3-A-L-B-190-CVDGW,20.02.2020-06:29:17,9.00000000e+00,6.46033108e-01,8.97023773e+00,2.05405266e-03,4.08818016e+01,7.97971649e+01,1.88224602e+01,5.72663486e-01,6.69724166e-01
5345803-S04-156I3-A-L-B-190-CVDGW,20.02.2020-06:29:19,1.90000000e+01,6.44320369e-01,8.94132900e+00,1.94125436e-03,5.39849243e+01,8.00566254e+01,1.87729015e+01,4.80693787e-01,8.19315970e-01
5345803-S04-156I3-A-L-B-190-CVDGW,20.02.2020-06:29:22,2.40000000e+01,6.40050709e-01,8.92179680e+00,1.77433819e-03,1.01799154e+01,7.92173309e+01,1.84126854e+01,2.63783288e+00,3.32646799e+00
5345803-S04-156I3-A-L-B-190-CVDGW,20.02.2020-06:29:24,1.90000000e+01,6.43693745e-01,8.98122311e+00,2.14330782e-03,1.08506447e+02,7.97295990e+01,1.87613697e+01,3.18077892e-01,4.85712945e-01
5345803-S04-156I3-A-L-B-190-CVDGW,20.02.2020-06:29:26,2.10000000e+01,6.40308201e-01,8.93769741e+00,1.91458315e-03,3.99954033e+01,7.95301895e+01,1.85257988e+01,6.49226606e-01,1.03239584e+00
5345803-S04-156I3-A-L-B-190-CVDGW,20.02.2020-06:29:28,2.00000000e+01,6.44080102e-01,8.89226627e+00,2.05945503e-03,2.46854725e+01,7.99810410e+01,1.86453075e+01,1.05972648e+00,1.48830092e+00
5345803-S04-156I3-A-L-B-190-CVDGW,20.02.2020-06:29:30,1.90000000e+01,6.43816829e-01,8.90281677e+00,1.88811589e-03,1.10418922e+02,8.03847351e+01,1.87539845e+01,2.50995010e-01,5.72342813e-01
5345803-S04-156I3-A-L-B-190-CVDGW,20.02.2020-06:29:32,1.00000000e+00,6.39364362e-01,8.85734272e+00,1.84323057e-03,1.01815880e+02,8.01457901e+01,1.84740791e+01,3.09972316e-01,8.86838078e-01
5345803-S04-156I3-A-L-B-190-CVDGW,20.02.2020-06:29:55,9.00000000e+00,6.44516706e-01,8.96597958e+00,1.92382000e-03,1.25288765e+02,8.00914841e+01,1.88385944e+01,3.37581336e-01,6.28311038e-01
5345803-S04-156I3-A-L-B-190-CVDGW,20.02.2020-06:29:58,8.00000000e+00,6.46147430e-01,8.98627853e+00,1.92068238e-03,8.93073807e+01,8.01572266e+01,1.89445534e+01,2.52872974e-01,3.28353763e-01
5345803-S04-156I3-A-L-B-190-CVDGW,20.02.2020-06:30:00,1.90000000e+01,6.43042505e-01,8.93444633e+00,2.08603335e-03,9.95855713e+01,8.02165375e+01,1.87586441e+01,2.94325262e-01,5.00571549e-01
5345803-S04-156I3-A-L-B-190-CVDGW,20.02.2020-06:30:02,9.00000000e+00,6.46279931e-01,8.93251419e+00,1.72484305e-03,3.78515778e+01,8.00661621e+01,1.88136730e+01,5.76977372e-01,6.86017275e-01
5345803-S04-156I3-A-L-B-190-CVDGW,20.02.2020-06:30:04,2.00000000e+01,6.42844200e-01,8.89210510e+00,1.73882733e-03,6.75109787e+01,8.00462723e+01,1.86243725e+01,3.45176101e-01,4.12628800e-01
5345803-S04-156I3-A-L-B-190-CVDGW,20.02.2020-06:30:06,2.10000000e+01,6.41513526e-01,8.90469265e+00,1.92603644e-03,7.44727554e+01,7.96313400e+01,1.85156517e+01,3.45006824e-01,5.71206093e-01
5345803-S04-156I3-A-L-B-190-CVDGW,20.02.2020-06:30:08,8.00000000e+00,6.46678865e-01,8.97623539e+00,1.93342089e-03,1.07675163e+02,8.01782227e+01,1.89439049e+01,2.54415572e-01,3.31964672e-01
5345803-S04-156I3-A-L-B-190-CVDGW,20.02.2020-06:30:10,9.00000000e+00,6.45866215e-01,8.96345234e+00,1.92636426e-03,6.62687378e+01,8.01943817e+01,1.88969650e+01,3.10019344e-01,3.85669559e-01
5345803-S04-156I3-A-L-B-190-CVDGW,20.02.2020-06:30:12,2.10000000e+01,6.41822040e-01,8.86036205e+00,1.81673386e-03,7.22820663e+01,8.00320587e+01,1.85250893e+01,4.28451300e-01,8.06758523e-01
5345803-S04-156I3-A-L-B-190-CVDGW,20.02.2020-06:30:14,8.00000000e+00,6.47069037e-01,8.99244022e+00,2.10350216e-03,1.09721588e+02,8.01886292e+01,1.89920216e+01,1.98408186e-01,2.56916940e-01
5345803-S04-156I3-A-L-B-190-CVDGW,20.02.2020-06:30:37,1.90000000e+01,6.45819843e-01,8.95848274e+00,2.04119668e-03,9.41965332e+01,7.98296051e+01,1.87992268e+01,2.97623962e-01,3.90831202e-01
5345803-S04-156I3-A-L-B-190-CVDGW,20.02.2020-06:30:40,1.90000000e+01,6.45741343e-01,8.96419811e+00,2.20247707e-03,7.91785583e+01,7.97216873e+01,1.87835083e+01,2.95102239e-01,3.55262369e-01
5345803-S04-156I3-A-L-B-190-CVDGW,20.02.2020-06:30:42,8.00000000e+00,6.48011982e-01,8.96925831e+00,1.90389017e-03,9.21751556e+01,8.02698059e+01,1.89898701e+01,3.63897294e-01,5.37546813e-01
5345803-S04-156I3-A-L-B-190-CVDGW,20.02.2020-06:30:44,8.00000000e+00,6.48521423e-01,8.97970486e+00,2.26052781e-03,1.28209381e+02,8.00286255e+01,1.89697647e+01,2.73553371e-01,3.56835902e-01
5345803-S04-156I3-A-L-B-190-CVDGW,20.02.2020-06:30:46,9.00000000e+00,6.45574093e-01,8.95791912e+00,2.04196363e-03,6.60577087e+01,7.99382095e+01,1.88164577e+01,4.00475740e-01,4.79999483e-01
5345803-S04-156I3-A-L-B-190-CVDGW,20.02.2020-06:30:48,1.90000000e+01,6.45542443e-01,8.94527817e+00,2.18775519e-03,2.60466042e+01,7.96269836e+01,1.87158298e+01,1.27703345e+00,1.50860810e+00
5345803-S04-156I3-A-L-B-190-CVDGW,20.02.2020-06:30:50,1.90000000e+01,6.45664454e-01,8.96077919e+00,2.08798121e-03,6.05217094e+01,7.98141479e+01,1.87958832e+01,4.61615354e-01,5.47250390e-01
5345803-S04-156I3-A-L-B-190-CVDGW,20.02.2020-06:30:52,2.00000000e+01,6.44091725e-01,8.91417408e+00,1.66232488e-03,1.64372635e+02,7.97719421e+01,1.86427174e+01,1.74582720e-01,2.19667569e-01
5345803-S04-156I3-A-L-B-190-CVDGW,20.02.2020-06:30:54,2.00000000e+01,6.44112527e-01,8.92904186e+00,1.91923068e-03,1.64306656e+02,7.97707901e+01,1.86741428e+01,1.32576123e-01,1.66995555e-01
5345803-S04-156I3-A-L-B-190-CVDGW,20.02.2020-06:30:56,9.00000000e+00,6.43504977e-01,8.98521233e+00,2.00990005e-03,1.27008400e+02,8.01171722e+01,1.88554134e+01,2.56237060e-01,3.25982720e-01
5345803-S04-156I3-A-L-B-190-CVDGW,20.02.2020-06:31:42,2.10000000e+01,6.41375542e-01,8.91421223e+00,2.00382015e-03,3.79475861e+02,7.97972946e+01,1.85700779e+01,1.18258707e-01,3.70813310e-01
5345803-S04-156I3-A-L-B-190-CVDGW,20.02.2020-06:31:44,9.00000000e+00,6.46458507e-01,8.96172428e+00,2.08346639e-03,1.56158386e+02,8.00901031e+01,1.88860550e+01,1.32109821e-01,1.87441185e-01
5345803-S04-156I3-A-L-B-190-CVDGW,20.02.2020-06:31:46,9.00000000e+00,6.45911753e-01,8.96321201e+00,2.11303541e-03,1.38225800e+02,8.00095673e+01,1.88542366e+01,1.47367209e-01,2.64684588e-01
5345803-S04-156I3-A-L-B-190-CVDGW,20.02.2020-06:31:48,9.00000000e+00,6.46489680e-01,8.95116138e+00,2.07427284e-03,1.39572845e+02,8.01459198e+01,1.88778515e+01,2.05229178e-01,2.77888894e-01
5345803-S04-156I3-A-L-B-190-CVDGW,20.02.2020-06:31:50,9.00000000e+00,6.45066798e-01,8.94869232e+00,2.03370489e-03,3.08403351e+02,8.01425781e+01,1.88303242e+01,6.74673691e-02,1.20915763e-01
5345803-S04-156I3-A-L-B-190-CVDGW,20.02.2020-06:31:52,9.00000000e+00,6.46313787e-01,8.95222092e+00,1.97405415e-03,1.05024513e+02,8.02525864e+01,1.89000702e+01,2.13134393e-01,3.47818941e-01
5345803-S04-156I3-A-L-B-190-CVDGW,20.02.2020-06:31:54,1.90000000e+01,6.45334423e-01,8.92814159e+00,2.14348966e-03,2.43789841e+02,7.98520584e+01,1.87267418e+01,1.55047789e-01,2.84255028e-01
5345803-S04-156I3-A-L-B-190-CVDGW,20.02.2020-06:31:57,1.90000000e+01,6.43987954e-01,8.94631958e+00,1.83907244e-03,3.36838806e+02,8.00819626e+01,1.87796307e+01,1.01598233e-01,2.81108439e-01
5345803-S04-156I3-A-L-B-190-CVDGW,20.02.2020-06:31:59,8.00000000e+00,6.46085441e-01,9.03629112e+00,2.19298806e-03,9.83142319e+01,7.97889633e+01,1.89606476e+01,1.84347451e-01,2.11744264e-01
5345803-S04-156I3-A-L-B-190-CVDGW,20.02.2020-06:32:01,1.90000000e+01,6.45659089e-01,8.94289684e+00,1.67480879e-03,1.28542465e+02,7.97765503e+01,1.87493801e+01,1.87891051e-01,2.33031765e-01
5345803-S04-156I3-A-L-B-190-CVDGW,20.02.2020-06:27:06,9.00000000e+00,6.46326423e-01,8.92047024e+00,1.87624269e-03,3.12654053e+02,8.03014145e+01,1.88448658e+01,6.71344176e-02,1.31253272e-01
5345803-S04-156I3-A-L-B-190-CVDGW,20.02.2020-06:27:08,9.00000000e+00,6.46560252e-01,8.93014145e+00,1.87213905e-03,3.00422211e+02,8.02362976e+01,1.88568192e+01,1.11264624e-01,1.62936792e-01
5345803-S04-156I3-A-L-B-190-CVDGW,20.02.2020-06:27:10,9.00000000e+00,6.46740794e-01,8.92245674e+00,1.86523283e-03,3.08180939e+02,8.02678604e+01,1.88532639e+01,8.89810845e-02,1.44907504e-01
5345803-S04-156I3-A-L-B-190-CVDGW,20.02.2020-06:27:12,2.00000000e+01,6.43127084e-01,8.91718960e+00,1.94779981e-03,2.48024551e+02,7.99426575e+01,1.86609421e+01,1.58451378e-01,3.69573504e-01
5345803-S04-156I3-A-L-B-190-CVDGW,20.02.2020-06:27:14,1.90000000e+01,6.44766271e-01,8.93201923e+00,2.04709405e-03,1.52147644e+02,8.00978622e+01,1.87760010e+01,1.75321519e-01,2.54297078e-01
5345803-S04-156I3-A-L-B-190-CVDGW,20.02.2020-06:27:16,2.00000000e+01,6.43087745e-01,8.89928627e+00,2.18627579e-03,2.40834366e+02,7.99417648e+01,1.86221294e+01,1.30362242e-01,3.74970138e-01
5345803-S04-156I3-A-L-B-190-CVDGW,20.02.2020-06:27:18,1.90000000e+01,6.44913673e-01,8.91557312e+00,1.86927069e-03,2.86261627e+02,7.99158173e+01,1.87031078e+01,9.01717916e-02,1.20867066e-01
5345803-S04-156I3-A-L-B-190-CVDGW,20.02.2020-06:27:20,8.00000000e+00,6.47627652e-01,8.99591732e+00,2.16861232e-03,1.06766777e+02,8.01238098e+01,1.90003967e+01,4.73270774e-01,5.95091045e-01
5345803-S04-156I3-A-L-B-190-CVDGW,20.02.2020-06:27:22,7.00000000e+00,6.47387862e-01,8.99982166e+00,1.85835781e-03,1.15312607e+02,8.02335587e+01,1.90276299e+01,2.31918007e-01,2.96287388e-01
5345803-S04-156I3-A-L-B-190-CVDGW,20.02.2020-06:27:25,8.00000000e+00,6.47086263e-01,8.99406528e+00,2.13998510e-03,1.81762009e+02,8.01518402e+01,1.89872437e+01,1.50107682e-01,2.04710945e-01
5345803-S04-156I3-A-L-B-190-CVDGW,20.02.2020-06:28:08,8.00000000e+00,6.46923244e-01,8.95758057e+00,2.00855965e-03,1.62778442e+02,8.02303314e+01,1.89239712e+01,1.94259390e-01,3.25570762e-01
5345803-S04-156I3-A-L-B-190-CVDGW,20.02.2020-06:28:10,9.00000000e+00,6.45330548e-01,8.98518372e+00,1.90233940e-03,9.81400375e+01,8.00340347e+01,1.88892212e+01,3.49702179e-01,4.29229409e-01
5345803-S04-156I3-A-L-B-190-CVDGW,20.02.2020-06:28:13,2.00000000e+00,6.38035297e-01,8.82776737e+00,2.10069562e-03,1.08209015e+02,7.97660522e+01,1.82870598e+01,3.76454115e-01,8.25862765e-01
5345803-S04-156I3-A-L-B-190-CVDGW,20.02.2020-06:28:15,9.00000000e+00,6.46569252e-01,8.97758961e+00,2.33979453e-03,1.29676163e+02,7.98569870e+01,1.88676548e+01,1.67263821e-01,2.13221952e-01
5345803-S04-156I3-A-L-B-190-CVDGW,20.02.2020-06:28:17,8.00000000e+00,6.47193372e-01,8.97529221e+00,2.05139932e-03,1.28601730e+02,7.99854431e+01,1.89114075e+01,2.30262816e-01,2.94138610e-01
5345803-S04-156I3-A-L-B-190-CVDGW,20.02.2020-06:28:19,2.00000000e+00,6.37477756e-01,8.80962276e+00,2.11992720e-03,1.28849457e+02,7.98158417e+01,1.82449074e+01,3.19916666e-01,8.98344278e-01
5345803-S04-156I3-A-L-B-190-CVDGW,20.02.2020-06:28:21,1.90000000e+01,6.44189835e-01,8.94637012e+00,2.12956034e-03,7.75035477e+01,7.97739410e+01,1.87133675e+01,3.69805813e-01,7.33617723e-01
5345803-S04-156I3-A-L-B-190-CVDGW,20.02.2020-06:28:23,8.00000000e+00,6.47246242e-01,8.97004795e+00,2.10885447e-03,1.12479965e+02,8.00712357e+01,1.89221745e+01,3.09881955e-01,5.05140662e-01
5345803-S04-156I3-A-L-B-190-CVDGW,20.02.2020-06:28:25,8.00000000e+00,6.47468626e-01,8.97492695e+00,1.66295154e-03,4.73499489e+01,8.01673508e+01,1.89617043e+01,5.12308419e-01,7.36411691e-01
5345803-S04-156I3-A-L-B-190-CVDGW,20.02.2020-06:28:27,9.00000000e+00,6.45459890e-01,8.94738770e+00,1.78373454e-03,5.82457581e+01,8.03246307e+01,1.88818455e+01,3.94918114e-01,7.19889700e-01
5345803-S04-156I3-A-L-B-190-CVDGW,20.02.2020-06:29:34,1.00000000e+00,6.39247358e-01,8.85726547e+00,2.26576813e-03,9.63645630e+01,8.01178970e+01,1.84641094e+01,4.14511949e-01,8.94094110e-01
5345803-S04-156I3-A-L-B-190-CVDGW,20.02.2020-06:29:36,9.00000000e+00,6.44187033e-01,8.98380470e+00,1.98221137e-03,1.58481003e+02,7.98460388e+01,1.88085728e+01,1.95278063e-01,3.71794224e-01
5345803-S04-156I3-A-L-B-190-CVDGW,20.02.2020-06:29:38,9.00000000e+00,6.45216107e-01,8.97665977e+00,2.09379639e-03,7.77017822e+01,7.99574203e+01,1.88498936e+01,3.61784577e-01,4.28060293e-01
5345803-S04-156I3-A-L-B-190-CVDGW,20.02.2020-06:29:40,7.00000000e+00,6.48750961e-01,8.98895550e+00,2.08977680e-03,7.32283401e+01,8.03388977e+01,1.90696754e+01,3.30624551e-01,5.06451547e-01
5345803-S04-156I3-A-L-B-190-CVDGW,20.02.2020-06:29:42,1.90000000e+01,6.45502269e-01,8.94777584e+00,2.01162975e-03,9.87555618e+01,7.98814697e+01,1.87797184e+01,2.46475816e-01,2.99319476e-01
5345803-S04-156I3-A-L-B-190-CVDGW,20.02.2020-06:29:45,7.00000000e+00,6.49125814e-01,9.00461674e+00,2.04707612e-03,2.88074818e+01,8.00933762e+01,1.90555248e+01,8.50192368e-01,1.04853797e+00
5345803-S04-156I3-A-L-B-190-CVDGW,20.02.2020-06:29:47,2.00000000e+01,6.44612014e-01,8.94119167e+00,2.24482897e-03,3.40271378e+01,7.96328583e+01,1.86816940e+01,6.53035760e-01,8.38740706e-01
5345803-S04-156I3-A-L-B-190-CVDGW,20.02.2020-06:29:49,1.90000000e+01,6.45103872e-01,8.97161579e+00,2.44948454e-03,3.42947235e+01,7.94929199e+01,1.87266006e+01,9.97828841e-01,1.31481063e+00
5345803-S04-156I3-A-L-B-190-CVDGW,20.02.2020-06:29:51,1.90000000e+01,6.45709634e-01,8.95791435e+00,2.43479107e-03,4.40862350e+01,7.96050873e+01,1.87419682e+01,6.07972324e-01,8.84092450e-01
5345803-S04-156I3-A-L-B-190-CVDGW,20.02.2020-06:29:53,1.90000000e+01,6.43541992e-01,8.94685555e+00,2.00680201e-03,3.22281761e+01,8.00669861e+01,1.87642403e+01,7.05819309e-01,8.87791514e-01
5345803-S04-156I3-A-L-B-190-CVDGW,20.02.2020-06:30:16,9.00000000e+00,6.46351397e-01,8.91732502e+00,1.90238748e-03,1.58658707e+02,8.02907486e+01,1.88364468e+01,1.59397885e-01,3.56430829e-01
5345803-S04-156I3-A-L-B-190-CVDGW,20.02.2020-06:30:19,8.00000000e+00,6.47724092e-01,8.96695137e+00,2.26198207e-03,1.40084290e+02,8.00691147e+01,1.89291039e+01,2.92988360e-01,3.74084800e-01
5345803-S04-156I3-A-L-B-190-CVDGW,20.02.2020-06:30:21,8.00000000e+00,6.48757041e-01,8.97959709e+00,2.39252928e-03,1.52840958e+02,7.98153610e+01,1.89258614e+01,2.67311871e-01,3.53690952e-01
5345803-S04-156I3-A-L-B-190-CVDGW,20.02.2020-06:30:23,2.10000000e+01,6.41273141e-01,8.86435127e+00,1.98398577e-03,9.16890411e+01,8.02052612e+01,1.85576534e+01,3.74438792e-01,9.67324615e-01
5345803-S04-156I3-A-L-B-190-CVDGW,20.02.2020-06:30:25,2.00000000e+01,6.42343283e-01,8.88253212e+00,1.93100912e-03,9.27175674e+01,8.03114090e+01,1.86513996e+01,3.41324091e-01,8.76099110e-01
5345803-S04-156I3-A-L-B-190-CVDGW,20.02.2020-06:30:27,9.00000000e+00,6.45734072e-01,8.95832443e+00,1.91752717e-03,7.36199188e+01,7.99661179e+01,1.88285427e+01,3.85378659e-01,4.94362682e-01
5345803-S04-156I3-A-L-B-190-CVDGW,20.02.2020-06:30:29,9.00000000e+00,6.44823968e-01,8.97327709e+00,2.17428431e-03,1.17371445e+02,8.00581055e+01,1.88550510e+01,2.78692335e-01,3.56554121e-01
5345803-S04-156I3-A-L-B-190-CVDGW,20.02.2020-06:30:31,9.00000000e+00,6.45138144e-01,8.95452213e+00,1.81908428e-03,1.02024681e+02,7.99984131e+01,1.88107738e+01,2.10847780e-01,2.66621232e-01
5345803-S04-156I3-A-L-B-190-CVDGW,20.02.2020-06:30:33,8.00000000e+00,6.48474813e-01,8.97424412e+00,1.93287432e-03,1.33122543e+02,8.02194214e+01,1.90020599e+01,2.19512194e-01,2.91799337e-01
5345803-S04-156I3-A-L-B-190-CVDGW,20.02.2020-06:30:35,9.00000000e+00,6.47011101e-01,8.96285915e+00,2.04488845e-03,1.04207321e+02,8.00852814e+01,1.89034538e+01,3.03731084e-01,4.01299328e-01
5345803-S04-156I3-A-L-B-190-CVDGW,20.02.2020-06:32:03,2.00000000e+01,6.44658446e-01,8.93143463e+00,1.74742180e-03,1.18810837e+02,7.96838074e+01,1.86745949e+01,2.01736614e-01,2.42073551e-01
5345803-S04-156I3-A-L-B-190-CVDGW,20.02.2020-06:32:05,2.10000000e+01,6.43666387e-01,8.91685390e+00,2.10194918e-03,1.42367599e+02,7.96075974e+01,1.85976124e+01,1.58762947e-01,1.95945084e-01
5345803-S04-156I3-A-L-B-190-CVDGW,20.02.2020-06:32:07,8.00000000e+00,6.46489680e-01,9.03123188e+00,2.42295512e-03,1.29386185e+02,7.96985703e+01,1.89404068e+01,1.86270624e-01,2.16661721e-01
5345803-S04-156I3-A-L-B-190-CVDGW,20.02.2020-06:32:09,8.00000000e+00,6.44501209e-01,9.04418182e+00,1.92599068e-03,8.85585861e+01,7.97784119e+01,1.89281693e+01,2.46525735e-01,3.13586086e-01
5345803-S04-156I3-A-L-B-190-CVDGW,20.02.2020-06:32:11,2.10000000e+01,6.43063724e-01,8.89703560e+00,1.82313053e-03,7.21431351e+01,7.96462708e+01,1.85479107e+01,2.99178153e-01,3.49336386e-01
5345803-S04-156I3-A-L-B-190-CVDGW,20.02.2020-06:32:14,1.90000000e+01,6.43582284e-01,8.95870495e+00,1.81273045e-03,1.29809021e+02,8.00586929e+01,1.87883224e+01,1.79623589e-01,3.94391954e-01
5345803-S04-156I3-A-L-B-190-CVDGW,20.02.2020-06:32:16,2.00000000e+01,6.41958714e-01,8.92499256e+00,1.72206375e-03,1.15201630e+02,7.99515076e+01,1.86454048e+01,2.30136245e-01,3.28769565e-01
5345803-S04-156I3-A-L-B-190-CVDGW,20.02.2020-06:32:18,1.90000000e+01,6.42749369e-01,8.93557739e+00,1.86489720e-03,1.24896599e+02,8.01984100e+01,1.87482281e+01,1.62496924e-01,2.46332929e-01
5345803-S04-156I3-A-L-B-190-CVDGW,20.02.2020-06:32:20,2.00000000e+01,6.42384410e-01,8.92770767e+00,2.12922506e-03,1.19680199e+02,7.99233780e+01,1.86568794e+01,2.14732572e-01,2.93261051e-01
5345803-S04-156I3-A-L-B-190-CVDGW,20.02.2020-06:32:22,2.10000000e+01,6.42275929e-01,8.92014217e+00,2.41467101e-03,1.49366730e+02,7.95207291e+01,1.85440235e+01,1.32951513e-01,1.66576937e-01
5345803-S04-156I3-A-L-B-190-CVDGW,20.02.2020-06:32:45,1.90000000e+01,6.45160794e-01,8.93187141e+00,2.10152473e-03,1.44316895e+02,7.99950333e+01,1.87630577e+01,1.50531337e-01,2.10138649e-01
5345803-S04-156I3-A-L-B-190-CVDGW,20.02.2020-06:32:47,9.00000000e+00,6.45689785e-01,8.94353104e+00,1.71832333e-03,1.21881554e+02,8.03521576e+01,1.88869019e+01,1.92125931e-01,4.00763899e-01
5345803-S04-156I3-A-L-B-190-CVDGW,20.02.2020-06:32:49,9.00000000e+00,6.45474434e-01,8.94414711e+00,1.83183013e-03,1.27449738e+02,8.02145615e+01,1.88495674e+01,2.03693241e-01,3.82733941e-01
5345803-S04-156I3-A-L-B-190-CVDGW,20.02.2020-06:32:51,7.00000000e+00,6.46705568e-01,9.04310036e+00,1.79608562e-03,1.79235062e+02,8.00687027e+01,1.90597401e+01,1.22718886e-01,1.46725252e-01
5345803-S04-156I3-A-L-B-190-CVDGW,20.02.2020-06:32:53,8.00000000e+00,6.46662295e-01,8.99986553e+00,2.00660597e-03,1.10398239e+02,8.01956863e+01,1.89974270e+01,2.76781827e-01,3.46433103e-01
5345803-S04-156I3-A-L-B-190-CVDGW,20.02.2020-06:32:55,9.00000000e+00,6.46560133e-01,8.96256638e+00,2.21210765e-03,1.32312592e+02,8.01117554e+01,1.88959064e+01,1.88058540e-01,2.78585613e-01
5345803-S04-156I3-A-L-B-190-CVDGW,20.02.2020-06:32:57,1.90000000e+01,6.45038843e-01,8.92791271e+00,1.91594393e-03,1.34284805e+02,8.01622009e+01,1.87903824e+01,1.75897464e-01,4.24854010e-01
5345803-S04-156I3-A-L-B-190-CVDGW,20.02.2020-06:33:00,2.10000000e+01,6.41215801e-01,8.92060852e+00,2.19154940e-03,8.46233368e+01,7.98114853e+01,1.85820789e+01,3.49480659e-01,6.62406445e-01
5345803-S04-156I3-A-L-B-190-CVDGW,20.02.2020-06:33:02,8.00000000e+00,6.46944106e-01,8.98061466e+00,2.08463869e-03,1.30612106e+02,8.01775436e+01,1.89607620e+01,1.61565542e-01,2.38939941e-01
5345803-S04-156I3-A-L-B-190-CVDGW,20.02.2020-06:33:04,9.00000000e+00,6.44913077e-01,8.93963242e+00,1.99258607e-03,1.15311577e+02,8.02140350e+01,1.88235474e+01,2.26633370e-01,3.62111241e-01
5345803-S04-156I3-A-L-B-190-CVDGW,20.02.2020-06:33:27,8.00000000e+00,6.46259427e-01,9.02589321e+00,2.36149319e-03,5.59328842e+01,7.99347076e+01,1.89785347e+01,4.86123741e-01,6.06957793e-01
5345803-S04-156I3-A-L-B-190-CVDGW,20.02.2020-06:33:29,9.00000000e+00,6.46921217e-01,8.97958088e+00,2.18614587e-03,1.12774284e+02,7.99556961e+01,1.89054527e+01,2.19110638e-01,2.76993185e-01
5345803-S04-156I3-A-L-B-190-CVDGW,20.02.2020-06:33:31,1.90000000e+01,6.43700778e-01,8.94796276e+00,2.08381913e-03,1.23545944e+02,8.01706161e+01,1.87954884e+01,3.10917616e-01,6.24825895e-01
5345803-S04-156I3-A-L-B-190-CVDGW,20.02.2020-06:33:33,1.90000000e+01,6.45421982e-01,8.94565487e+00,1.96362636e-03,4.39422646e+01,7.99569016e+01,1.87906590e+01,3.81430477e-01,4.74916846e-01
5345803-S04-156I3-A-L-B-190-CVDGW,20.02.2020-06:33:35,1.90000000e+01,6.44862235e-01,8.94740200e+00,1.77969527e-03,2.87254887e+01,8.00415421e+01,1.87979088e+01,5.70820749e-01,6.85325563e-01
5345803-S04-156I3-A-L-B-190-CVDGW,20.02.2020-06:33:37,9.00000000e+00,6.46924138e-01,8.94403839e+00,2.00756523e-03,6.38669243e+01,7.98721848e+01,1.88110390e+01,4.30693805e-01,5.58331251e-01
5345803-S04-156I3-A-L-B-190-CVDGW,20.02.2020-06:33:39,9.00000000e+00,6.44553661e-01,8.97117615e+00,1.93677086e-03,1.15545479e+02,8.02415771e+01,1.88859177e+01,2.06698284e-01,2.96250641e-01
5345803-S04-156I3-A-L-B-190-CVDGW,20.02.2020-06:33:41,2.00000000e+01,6.42467260e-01,8.94125557e+00,1.84191822e-03,8.54935074e+01,7.99744415e+01,1.86995392e+01,2.95325786e-01,3.45896453e-01
5345803-S04-156I3-A-L-B-190-CVDGW,20.02.2020-06:33:44,9.00000000e+00,6.43369853e-01,8.95259857e+00,1.91968947e-03,7.39005508e+01,8.01942673e+01,1.88011036e+01,3.75473589e-01,5.70257306e-01
5345803-S04-156I3-A-L-B-190-CVDGW,20.02.2020-06:33:46,9.00000000e+00,6.44077957e-01,8.95208454e+00,1.83131895e-03,1.12148682e+02,8.02192383e+01,1.88265762e+01,2.01505929e-01,2.51442194e-01
5345803-S04-156I3-A-L-B-190-CVDGW,20.02.2020-06:34:10,9.00000000e+00,6.46219015e-01,8.94741631e+00,2.02191249e-03,1.01820702e+02,8.01022415e+01,1.88517742e+01,2.20466033e-01,2.85070449e-01
5345803-S04-156I3-A-L-B-190-CVDGW,20.02.2020-06:34:13,9.00000000e+00,6.46274865e-01,8.95160007e+00,2.18846486e-03,1.02214821e+02,8.00770645e+01,1.88562908e+01,2.17457324e-01,2.85942197e-01
5345803-S04-156I3-A-L-B-190-CVDGW,20.02.2020-06:34:15,2.00000000e+01,6.40886366e-01,8.91286087e+00,1.97409070e-03,1.07520561e+02,8.00171890e+01,1.86042290e+01,2.85747349e-01,6.46269381e-01
5345803-S04-156I3-A-L-B-190-CVDGW,20.02.2020-06:34:17,2.00000000e+01,6.43292248e-01,8.91200352e+00,2.00969120e-03,1.20694458e+02,7.99831161e+01,1.86643200e+01,2.12546542e-01,2.62527764e-01
5345803-S04-156I3-A-L-B-190-CVDGW,20.02.2020-06:34:19,2.00000000e+01,6.44226432e-01,8.91934299e+00,2.23359838e-03,1.02739410e+02,7.98137436e+01,1.86672039e+01,2.15936646e-01,2.65728146e-01
5345803-S04-156I3-A-L-B-190-CVDGW,20.02.2020-06:34:21,8.00000000e+00,6.46831691e-01,8.97124767e+00,1.96377258e-03,9.83894348e+01,8.01758728e+01,1.89372997e+01,2.37341717e-01,3.32372725e-01
5345803-S04-156I3-A-L-B-190-CVDGW,20.02.2020-06:34:23,9.00000000e+00,6.45020604e-01,8.97090530e+00,1.94129173e-03,5.50059166e+01,7.99767303e+01,1.88366528e+01,3.80804956e-01,4.94169652e-01
5345803-S04-156I3-A-L-B-190-CVDGW,20.02.2020-06:34:25,1.90000000e+01,6.44128919e-01,8.94637775e+00,1.91647233e-03,1.36382492e+02,7.99746857e+01,1.87587013e+01,1.88232154e-01,3.11663091e-01
5345803-S04-156I3-A-L-B-190-CVDGW,20.02.2020-06:34:27,2.00000000e+01,6.43979430e-01,8.89901257e+00,2.16523581e-03,7.36409073e+01,7.98929977e+01,1.86360016e+01,3.53103459e-01,4.27679032e-01
5345803-S04-156I3-A-L-B-190-CVDGW,20.02.2020-06:34:29,2.10000000e+01,6.42265975e-01,8.87403393e+00,1.81399472e-03,1.08134521e+02,8.01199036e+01,1.85868855e+01,3.05726081e-01,7.00875759e-01
5345803-S04-156I3-A-L-B-190-CVDGW,20.02.2020-06:28:29,8.00000000e+00,6.48253918e-01,8.99539280e+00,2.17115902e-03,8.20489655e+01,8.00560226e+01,1.90015717e+01,3.36966097e-01,4.20029372e-01
5345803-S04-156I3-A-L-B-190-CVDGW,20.02.2020-06:28:31,9.00000000e+00,6.47903800e-01,8.98104000e+00,2.21362221e-03,9.71899033e+01,7.94684448e+01,1.88218403e+01,2.70440817e-01,3.19858372e-01
5345803-S04-156I3-A-L-B-190-CVDGW,20.02.2020-06:28:34,2.00000000e+01,6.44076288e-01,8.92348862e+00,2.14210805e-03,1.25721741e+02,7.98098297e+01,1.86706104e+01,3.53092015e-01,4.76627827e-01
5345803-S04-156I3-A-L-B-190-CVDGW,20.02.2020-06:28:36,9.00000000e+00,6.47846043e-01,8.97578907e+00,2.29207682e-03,1.22147552e+02,7.95090714e+01,1.88187752e+01,2.20749885e-01,2.60404259e-01
5345803-S04-156I3-A-L-B-190-CVDGW,20.02.2020-06:28:39,7.00000000e+00,6.48379743e-01,8.98130226e+00,1.91745872e-03,1.73216003e+02,8.03380661e+01,1.90423393e+01,2.14099377e-01,2.82959610e-01
5345803-S04-156I3-A-L-B-190-CVDGW,20.02.2020-06:28:42,9.00000000e+00,6.46420777e-01,8.95802879e+00,1.94851274e-03,2.57360916e+01,7.98099670e+01,1.88111382e+01,6.60293400e-01,9.17274535e-01
5345803-S04-156I3-A-L-B-190-CVDGW,20.02.2020-06:28:44,8.00000000e+00,6.49339437e-01,8.98940372e+00,2.07588566e-03,6.50310822e+01,8.00472946e+01,1.90186405e+01,4.07923907e-01,4.87934113e-01
5345803-S04-156I3-A-L-B-190-CVDGW,20.02.2020-06:28:46,9.00000000e+00,6.47095740e-01,8.94010067e+00,2.21504224e-03,8.49563065e+01,7.99181900e+01,1.88185768e+01,3.01054269e-01,4.09452677e-01
5345803-S04-156I3-A-L-B-190-CVDGW,20.02.2020-06:28:48,9.00000000e+00,6.46895289e-01,8.94291115e+00,2.17521586e-03,3.79594727e+01,7.98571091e+01,1.88042793e+01,7.14820445e-01,8.86416078e-01
5345803-S04-156I3-A-L-B-190-CVDGW,20.02.2020-06:28:50,9.00000000e+00,6.46385729e-01,8.94920349e+00,1.78451394e-03,9.87708054e+01,8.03116989e+01,1.89097233e+01,2.42205769e-01,4.37730074e-01
5345803-S04-156I3-A-L-B-190-CVDGW,20.02.2020-06:30:58,8.00000000e+00,6.45939171e-01,9.01834106e+00,2.00959691e-03,1.52851761e+02,8.00125504e+01,1.89717159e+01,1.42209277e-01,1.65617853e-01
5345803-S04-156I3-A-L-B-190-CVDGW,20.02.2020-06:31:00,9.00000000e+00,6.45991027e-01,8.94981956e+00,1.93963444e-03,7.55134125e+01,8.02761154e+01,1.88911037e+01,2.99738854e-01,3.54069144e-01
5345803-S04-156I3-A-L-B-190-CVDGW,20.02.2020-06:31:02,8.00000000e+00,6.45648479e-01,9.04470253e+00,2.19796877e-03,1.88235794e+02,7.97603073e+01,1.89586525e+01,1.31902635e-01,1.59825027e-01
5345803-S04-156I3-A-L-B-190-CVDGW,20.02.2020-06:31:05,9.00000000e+00,6.45038426e-01,8.96144009e+00,2.05713487e-03,1.25182541e+02,8.01382599e+01,1.88553028e+01,2.79578894e-01,3.76143962e-01
5345803-S04-156I3-A-L-B-190-CVDGW,20.02.2020-06:31:07,7.00000000e+00,6.47929847e-01,8.99720383e+00,1.83934951e-03,9.58892975e+01,8.03436432e+01,1.90641403e+01,2.94238269e-01,3.77227038e-01
5345803-S04-156I3-A-L-B-190-CVDGW,20.02.2020-06:31:09,7.00000000e+00,6.46542251e-01,8.99266720e+00,1.85437535e-03,1.53637787e+02,8.04355164e+01,1.90354633e+01,1.96541518e-01,2.41001114e-01
5345803-S04-156I3-A-L-B-190-CVDGW,20.02.2020-06:31:11,9.00000000e+00,6.44525707e-01,8.97343731e+00,1.85328803e-03,1.37957062e+02,8.01190796e+01,1.88610229e+01,2.28461772e-01,3.22814524e-01
5345803-S04-156I3-A-L-B-190-CVDGW,20.02.2020-06:31:13,7.00000000e+00,6.48449063e-01,9.01398182e+00,2.07396946e-03,1.17790497e+02,8.02915344e+01,1.91026001e+01,2.54636049e-01,3.45473289e-01
5345803-S04-156I3-A-L-B-190-CVDGW,20.02.2020-06:31:15,9.00000000e+00,6.45229280e-01,8.97716045e+00,1.99288689e-03,1.47817001e+02,7.99825134e+01,1.88572483e+01,1.99609250e-01,2.81901360e-01
5345803-S04-156I3-A-L-B-190-CVDGW,20.02.2020-06:31:17,7.00000000e+00,6.47289753e-01,8.99969769e+00,1.97212282e-03,1.05696777e+02,8.02570724e+01,1.90300598e+01,2.11623102e-01,2.69627303e-01
5345803-S04-156I3-A-L-B-190-CVDGW,20.02.2020-06:32:24,1.90000000e+01,6.43311918e-01,8.95815754e+00,2.27025454e-03,1.44046524e+02,7.97565079e+01,1.87083988e+01,1.52376264e-01,1.79350063e-01
5345803-S04-156I3-A-L-B-190-CVDGW,20.02.2020-06:32:26,2.00000000e+01,6.43279970e-01,8.93777370e+00,2.02237465e-03,1.49729019e+02,7.97758408e+01,1.86694260e+01,1.32614255e-01,1.70426041e-01
5345803-S04-156I3-A-L-B-190-CVDGW,20.02.2020-06:32:28,1.90000000e+01,6.42005682e-01,8.93988705e+00,1.97747652e-03,1.78180176e+02,8.01075821e+01,1.87143497e+01,1.53522253e-01,2.26550803e-01
5345803-S04-156I3-A-L-B-190-CVDGW,20.02.2020-06:32:30,1.90000000e+01,6.43322051e-01,8.94039154e+00,1.98469427e-03,1.36880966e+02,7.99255753e+01,1.87111683e+01,1.85464680e-01,3.00962657e-01
5345803-S04-156I3-A-L-B-190-CVDGW,20.02.2020-06:32:32,2.10000000e+01,6.41531587e-01,8.93267822e+00,2.15914403e-03,1.15388641e+02,7.96937561e+01,1.85889225e+01,2.59907931e-01,3.71856570e-01
5345803-S04-156I3-A-L-B-190-CVDGW,20.02.2020-06:32:34,9.00000000e+00,6.46059513e-01,8.95757294e+00,1.91951124e-03,1.74584915e+02,8.00650101e+01,1.88597450e+01,1.31143987e-01,1.60747901e-01
5345803-S04-156I3-A-L-B-190-CVDGW,20.02.2020-06:32:37,1.90000000e+01,6.43322825e-01,8.95971775e+00,1.72682188e-03,1.18202881e+02,8.00416031e+01,1.87788620e+01,1.88755319e-01,2.61139959e-01
5345803-S04-156I3-A-L-B-190-CVDGW,20.02.2020-06:32:39,1.90000000e+01,6.42961204e-01,8.95954609e+00,1.83456240e-03,1.53280273e+02,8.00437775e+01,1.87684555e+01,1.68108568e-01,2.58667499e-01
5345803-S04-156I3-A-L-B-190-CVDGW,20.02.2020-06:32:41,1.90000000e+01,6.45696402e-01,8.94297123e+00,2.30282079e-03,1.15553223e+02,7.97230682e+01,1.87380505e+01,2.12584376e-01,3.30151290e-01
5345803-S04-156I3-A-L-B-190-CVDGW,20.02.2020-06:32:43,9.00000000e+00,6.45140529e-01,8.95311260e+00,2.01328541e-03,1.39018250e+02,8.00632248e+01,1.88231201e+01,1.83979526e-01,2.28191972e-01
5345803-S04-156I3-A-L-B-190-CVDGW,20.02.2020-06:33:06,9.00000000e+00,6.45652652e-01,8.94188976e+00,1.99677004e-03,1.06369705e+02,8.02896118e+01,1.88676491e+01,2.35650167e-01,3.09877753e-01
5345803-S04-156I3-A-L-B-190-CVDGW,20.02.2020-06:33:08,9.00000000e+00,6.46282017e-01,8.94353294e+00,1.87409588e-03,1.08756042e+02,8.01847076e+01,1.88648319e+01,2.11211130e-01,2.82855481e-01
5345803-S04-156I3-A-L-B-190-CVDGW,20.02.2020-06:33:10,9.00000000e+00,6.46394908e-01,8.95253468e+00,2.04891246e-03,9.94104156e+01,8.01703186e+01,1.88837280e+01,2.09887594e-01,2.82654673e-01
5345803-S04-156I3-A-L-B-190-CVDGW,20.02.2020-06:33:12,1.90000000e+01,6.44030869e-01,8.95986271e+00,2.11905525e-03,9.08342285e+01,7.99582291e+01,1.87802505e+01,2.82837868e-01,4.29165035e-01
5345803-S04-156I3-A-L-B-190-CVDGW,20.02.2020-06:33:14,9.00000000e+00,6.44482434e-01,8.96600533e+00,1.81556097e-03,7.32115631e+01,8.00064240e+01,1.88176403e+01,3.10583562e-01,4.56018716e-01
5345803-S04-156I3-A-L-B-190-CVDGW,20.02.2020-06:33:16,1.90000000e+01,6.43853545e-01,8.94726658e+00,1.80890819e-03,5.51596146e+01,7.99894867e+01,1.87560139e+01,4.56369340e-01,6.76647663e-01
5345803-S04-156I3-A-L-B-190-CVDGW,20.02.2020-06:33:18,2.00000000e+01,6.42183483e-01,8.93759346e+00,2.15727743e-03,8.55772324e+01,7.99456635e+01,1.86769028e+01,3.03504884e-01,4.75720286e-01
5345803-S04-156I3-A-L-B-190-CVDGW,20.02.2020-06:33:20,2.00000000e+01,6.42151952e-01,8.93638897e+00,2.18729675e-03,8.42146149e+01,8.00058670e+01,1.86875305e+01,3.16254646e-01,5.24567902e-01
5345803-S04-156I3-A-L-B-190-CVDGW,20.02.2020-06:33:22,1.90000000e+01,6.43060923e-01,8.92307663e+00,1.56400306e-03,8.87821121e+01,8.02549438e+01,1.87442780e+01,2.79433727e-01,4.44182217e-01
5345803-S04-156I3-A-L-B-190-CVDGW,20.02.2020-06:33:25,8.00000000e+00,6.46910787e-01,9.01735497e+00,2.12728628e-03,7.09970322e+01,8.00503922e+01,1.90071602e+01,4.05913174e-01,4.97765809e-01
5345803-S04-156I3-A-L-B-190-CVDGW,20.02.2020-06:33:48,1.90000000e+01,6.42675400e-01,8.92587471e+00,1.78980385e-03,1.15006737e+02,8.03219757e+01,1.87545662e+01,3.02983165e-01,5.02545476e-01
5345803-S04-156I3-A-L-B-190-CVDGW,20.02.2020-06:33:50,9.00000000e+00,6.43923640e-01,8.96420670e+00,1.92446914e-03,1.21164726e+02,8.01786957e+01,1.88380280e+01,2.48456851e-01,3.91128272e-01
5345803-S04-156I3-A-L-B-190-CVDGW,20.02.2020-06:33:52,1.90000000e+01,6.43680692e-01,8.95152187e+00,1.99231249e-03,9.20334854e+01,8.01096420e+01,1.87880802e+01,2.24924415e-01,4.23071414e-01
5345803-S04-156I3-A-L-B-190-CVDGW,20.02.2020-06:33:54,1.90000000e+01,6.43729568e-01,8.95281410e+00,1.97000941e-03,1.01259758e+02,7.99783173e+01,1.87614117e+01,2.36698121e-01,2.86096513e-01
5345803-S04-156I3-A-L-B-190-CVDGW,20.02.2020-06:33:56,9.00000000e+00,6.44052386e-01,8.96848488e+00,2.04681302e-03,1.45930862e+02,8.00241318e+01,1.88144455e+01,2.13586986e-01,3.17641854e-01
5345803-S04-156I3-A-L-B-190-CVDGW,20.02.2020-06:34:00,9.00000000e+00,6.44339204e-01,8.96253395e+00,1.87309494e-03,8.21846161e+01,8.01120911e+01,1.88310108e+01,3.16015005e-01,4.63125169e-01
5345803-S04-156I3-A-L-B-190-CVDGW,20.02.2020-06:34:02,1.90000000e+01,6.44324124e-01,8.96428394e+00,2.14159279e-03,5.17624474e+01,7.98546448e+01,1.87737217e+01,4.63609010e-01,6.70171261e-01
5345803-S04-156I3-A-L-B-190-CVDGW,20.02.2020-06:34:04,2.10000000e+01,6.41954899e-01,8.91913891e+00,2.19766703e-03,2.79330383e+02,7.96330643e+01,1.85588512e+01,1.67704225e-01,4.31675643e-01
5345803-S04-156I3-A-L-B-190-CVDGW,20.02.2020-06:34:06,9.00000000e+00,6.46279573e-01,8.95669460e+00,2.15336867e-03,1.09274590e+02,8.01109695e+01,1.88751488e+01,2.28194699e-01,2.85978317e-01
5345803-S04-156I3-A-L-B-190-CVDGW,20.02.2020-06:34:08,9.00000000e+00,6.45983636e-01,8.94354725e+00,2.09042057e-03,1.48756805e+02,8.01605301e+01,1.88504658e+01,1.67485595e-01,2.32222736e-01
5345803-S04-156I3-A-L-B-190-CVDGW,20.02.2020-06:34:31,1.90000000e+01,6.43692672e-01,8.91962910e+00,1.89315947e-03,8.77242661e+01,8.00186615e+01,1.87002258e+01,2.83299387e-01,5.07723570e-01
5345803-S04-156I3-A-L-B-190-CVDGW,20.02.2020-06:34:33,1.90000000e+01,6.45623088e-01,8.91065598e+00,1.90389412e-03,1.32775192e+02,8.01621399e+01,1.87710361e+01,1.69434279e-01,2.66515076e-01
5345803-S04-156I3-A-L-B-190-CVDGW,20.02.2020-06:34:36,9.00000000e+00,6.45010173e-01,8.94307899e+00,2.00192467e-03,1.28876633e+02,8.01403427e+01,1.88163357e+01,1.74834102e-01,3.13047171e-01
5345803-S04-156I3-A-L-B-190-CVDGW,20.02.2020-06:34:38,9.00000000e+00,6.45387948e-01,8.93401146e+00,2.18366273e-03,1.71656540e+02,8.02062149e+01,1.88237247e+01,1.61292821e-01,2.31249765e-01
5345803-S04-156I3-A-L-B-190-CVDGW,20.02.2020-06:34:40,2.00000000e+01,6.43692791e-01,8.92639351e+00,2.16894038e-03,1.30348022e+02,7.99297485e+01,1.86936169e+01,2.42244869e-01,4.34997648e-01
5345803-S04-156I3-A-L-B-190-CVDGW,20.02.2020-06:34:42,1.90000000e+01,6.46299779e-01,8.91973209e+00,2.16040039e-03,1.19043121e+02,8.00255356e+01,1.87777939e+01,2.06469119e-01,2.88902551e-01
5345803-S04-156I3-A-L-B-190-CVDGW,20.02.2020-06:34:44,1.90000000e+01,6.44405901e-01,8.95409679e+00,2.03217147e-03,8.60388641e+01,7.99782104e+01,1.87837887e+01,2.90022075e-01,4.49122280e-01
5345803-S04-156I3-A-L-B-190-CVDGW,20.02.2020-06:34:46,1.90000000e+01,6.43747032e-01,8.94163895e+00,1.97430514e-03,9.41052475e+01,8.00240860e+01,1.87492237e+01,2.53717363e-01,4.11295086e-01
5345803-S04-156I3-A-L-B-190-CVDGW,20.02.2020-06:34:48,1.90000000e+01,6.43738747e-01,8.93749619e+00,1.92927103e-03,5.18555794e+01,7.99722900e+01,1.87281647e+01,4.61740702e-01,6.34866834e-01
5345803-S04-156I3-A-L-B-190-CVDGW,20.02.2020-06:34:50,9.00000000e+00,6.44203722e-01,8.95580196e+00,1.84277573e-03,1.31761703e+02,8.00900879e+01,1.88077412e+01,1.92766219e-01,3.05241048e-01
5345803-S04-156I3-A-L-B-190-CVDGW,20.02.2020-06:35:13,1.90000000e+01,6.43048942e-01,8.94724464e+00,1.98065047e-03,1.00009026e+02,8.02115021e+01,1.87845230e+01,2.97153920e-01,4.66848582e-01
5345803-S04-156I3-A-L-B-190-CVDGW,20.02.2020-06:35:15,2.00000000e+01,6.42425537e-01,8.88518047e+00,2.01708800e-03,1.32179276e+02,8.00898590e+01,1.86078758e+01,2.09115416e-01,5.95086038e-01
5345803-S04-156I3-A-L-B-190-CVDGW,20.02.2020-06:35:18,1.90000000e+01,6.44876778e-01,8.93552399e+00,1.99586549e-03,1.87991119e+02,8.00749741e+01,1.87812176e+01,1.58604443e-01,3.07379335e-01
5345803-S04-156I3-A-L-B-190-CVDGW,20.02.2020-06:35:20,1.90000000e+01,6.45301104e-01,8.92546844e+00,2.03104480e-03,1.19136787e+02,8.00393524e+01,1.87640762e+01,1.73891842e-01,2.21522316e-01
5345803-S04-156I3-A-L-B-190-CVDGW,20.02.2020-06:35:22,1.90000000e+01,6.44024670e-01,8.90415573e+00,2.07725214e-03,3.46442993e+02,8.01209564e+01,1.87012920e+01,8.50624666e-02,1.21546492e-01
5345803-S04-156I3-A-L-B-190-CVDGW,20.02.2020-06:35:24,2.00000000e+01,6.43407345e-01,8.92004776e+00,2.20895954e-03,1.13644806e+02,7.99200592e+01,1.86697788e+01,2.50153184e-01,4.39795613e-01
5345803-S04-156I3-A-L-B-190-CVDGW,20.02.2020-06:35:26,9.00000000e+00,6.44458652e-01,8.94884777e+00,1.73410110e-03,1.03814407e+02,8.01611328e+01,1.88172531e+01,2.48573646e-01,3.60598236e-01
5345803-S04-156I3-A-L-B-190-CVDGW,20.02.2020-06:35:28,2.00000000e+00,6.35944068e-01,8.77060223e+00,1.31782121e-03,9.73195038e+01,8.08274918e+01,1.83500633e+01,3.23238373e-01,9.88362253e-01
5345803-S04-156I3-A-L-B-190-CVDGW,20.02.2020-06:36:13,1.90000000e+01,6.42925858e-01,8.93403912e+00,1.68914523e-03,9.49792023e+01,8.00288544e+01,1.87105045e+01,2.12372109e-01,2.84437805e-01
5345803-S04-156I3-A-L-B-190-CVDGW,20.02.2020-06:36:16,9.00000000e+00,6.45328104e-01,8.94987202e+00,2.01054453e-03,1.64489777e+02,8.01192932e+01,1.88349590e+01,1.71689108e-01,2.33501732e-01
5345803-S04-156I3-A-L-B-190,20.02.2020-06:36:43,9.00000000e+00,6.44550920e-01,8.96228313e+00,1.78236351e-03,7.69732361e+01,8.03931274e+01,1.89027500e+01,2.60179281e-01,3.43160570e-01
5345803-S04-156I3-A-L-B-190,20.02.2020-06:36:45,9.00000000e+00,6.44224524e-01,8.95747471e+00,2.04640138e-03,1.46830963e+02,8.01837387e+01,1.88338604e+01,1.67581737e-01,2.57502496e-01
5345803-S04-156I3-A-L-B-190,20.02.2020-06:36:47,2.00000000e+01,6.41536891e-01,8.87781620e+00,1.61359692e-03,1.59516022e+02,8.04050751e+01,1.86398087e+01,1.96074679e-01,4.18525219e-01
5345803-S04-156I3-A-L-B-190,20.02.2020-06:36:49,9.00000000e+00,6.43894136e-01,8.94661999e+00,2.00876244e-03,2.89921600e+02,8.02237701e+01,1.88107758e+01,1.67618841e-01,2.67411172e-01
5345803-S04-156I3-A-L-B-190,20.02.2020-06:36:51,1.90000000e+01,6.42255545e-01,8.95374584e+00,2.00689328e-03,8.18764648e+01,7.98947525e+01,1.87008381e+01,2.75605500e-01,3.93110007e-01
5345803-S04-156I3-A-L-B-190,20.02.2020-06:36:54,2.00000000e+01,6.42910004e-01,8.89656162e+00,1.63218239e-03,1.81408997e+02,8.01235428e+01,1.86536007e+01,1.49917871e-01,4.21702713e-01
5345803-S04-156I3-A-L-B-190,20.02.2020-06:36:56,9.00000000e+00,6.46245241e-01,8.92306137e+00,1.65058405e-03,1.31910294e+02,8.02120514e+01,1.88269978e+01,1.37935430e-01,1.96060121e-01
5345803-S04-156I3-A-L-B-190,20.02.2020-06:36:58,2.00000000e+01,6.41270757e-01,8.90164185e+00,1.97397056e-03,1.33881577e+02,8.00705719e+01,1.86043568e+01,1.96409702e-01,4.03376698e-01
5345803-S04-156I3-A-L-B-190,20.02.2020-06:37:00,9.00000000e+00,6.45958900e-01,8.92470932e+00,1.98279694e-03,2.76778015e+02,8.02253418e+01,1.88252487e+01,9.67479721e-02,1.50225088e-01
5345803-S04-156I3-A-L-B-190,20.02.2020-06:37:02,2.10000000e+01,6.41560376e-01,8.89453030e+00,1.96236325e-03,1.33049484e+02,8.00232620e+01,1.85869007e+01,1.75593436e-01,4.30041611e-01
5345803-S04-156I3-A-L-B-190-CVDGW,20.02.2020-06:28:52,2.10000000e+01,6.40666842e-01,8.93530369e+00,2.04045884e-03,8.23360901e+01,7.97152710e+01,1.85743351e+01,3.95174503e-01,7.91002274e-01
5345803-S04-156I3-A-L-B-190-CVDGW,20.02.2020-06:28:54,7.00000000e+00,6.49972498e-01,9.00209522e+00,2.02180119e-03,1.13194817e+02,8.03223419e+01,1.91295681e+01,2.48910889e-01,4.41734433e-01
5345803-S04-156I3-A-L-B-190-CVDGW,20.02.2020-06:28:56,1.90000000e+01,6.43120944e-01,8.93513870e+00,1.92608021e-03,7.72831955e+01,7.99981079e+01,1.87112961e+01,4.03948963e-01,6.34370506e-01
5345803-S04-156I3-A-L-B-190-CVDGW,20.02.2020-06:28:59,2.10000000e+01,6.41044676e-01,8.92203903e+00,1.98014383e-03,1.03018867e+02,7.98918304e+01,1.85988026e+01,3.76843929e-01,8.04476738e-01
5345803-S04-156I3-A-L-B-190-CVDGW,20.02.2020-06:29:01,1.90000000e+01,6.44340515e-01,8.94470024e+00,2.23675324e-03,6.34574623e+01,7.99266663e+01,1.87500801e+01,4.07330573e-01,8.26154530e-01
5345803-S04-156I3-A-L-B-190-CVDGW,20.02.2020-06:29:03,8.00000000e+00,6.47470832e-01,8.97853756e+00,2.03205808e-03,1.13138390e+02,8.00664368e+01,1.89455185e+01,1.84140459e-01,2.49198109e-01
5345803-S04-156I3-A-L-B-190-CVDGW,20.02.2020-06:29:05,8.00000000e+00,6.46689236e-01,8.98590183e+00,1.95832504e-03,5.46230774e+01,8.02242050e+01,1.89754868e+01,4.52353984e-01,5.97299933e-01
5345803-S04-156I3-A-L-B-190-CVDGW,20.02.2020-06:29:07,8.00000000e+00,6.47201061e-01,8.98798943e+00,1.99982640e-03,1.11347137e+02,8.01945419e+01,1.89878941e+01,2.93210328e-01,4.09283727e-01
5345803-S04-156I3-A-L-B-190-CVDGW,20.02.2020-06:29:09,8.00000000e+00,6.47916794e-01,8.99054718e+00,2.06372840e-03,8.42887955e+01,7.99758759e+01,1.89624557e+01,3.56880635e-01,4.50151831e-01
5345803-S04-156I3-A-L-B-190-CVDGW,20.02.2020-06:29:11,1.90000000e+01,6.44556522e-01,8.94944382e+00,2.25165766e-03,4.37908936e+01,7.99723587e+01,1.87770424e+01,6.01435006e-01,9.84013557e-01
5345803-S04-156I3-A-L-B-190-CVDGW,20.02.2020-06:31:19,9.00000000e+00,6.46671891e-01,8.95568848e+00,2.03797128e-03,1.33493607e+02,8.00531311e+01,1.88708496e+01,1.67236179e-01,2.38842905e-01
5345803-S04-156I3-A-L-B-190-CVDGW,20.02.2020-06:31:21,9.00000000e+00,6.45547032e-01,8.95858192e+00,2.10609310e-03,2.49824249e+02,8.00860062e+01,1.88518505e+01,1.14755996e-01,2.19713196e-01
5345803-S04-156I3-A-L-B-190-CVDGW,20.02.2020-06:31:24,2.10000000e+01,6.41481698e-01,8.92618561e+00,2.20245612e-03,2.99887115e+02,7.96403427e+01,1.85615177e+01,1.20810352e-01,4.33871299e-01
5345803-S04-156I3-A-L-B-190-CVDGW,20.02.2020-06:31:26,8.00000000e+00,6.46232605e-01,8.99201775e+00,2.15205853e-03,1.13376740e+02,8.01463470e+01,1.89565773e+01,1.93289816e-01,2.81455636e-01
5345803-S04-156I3-A-L-B-190-CVDGW,20.02.2020-06:31:28,2.10000000e+01,6.41765475e-01,8.91509628e+00,1.97039521e-03,1.85971436e+02,7.97620087e+01,1.85749950e+01,1.83661535e-01,5.68104088e-01
5345803-S04-156I3-A-L-B-190-CVDGW,20.02.2020-06:31:30,8.00000000e+00,6.48256481e-01,8.99415398e+00,2.13557854e-03,1.69827805e+02,8.01082687e+01,1.90114288e+01,1.59648806e-01,2.11694419e-01
5345803-S04-156I3-A-L-B-190-CVDGW,20.02.2020-06:31:32,8.00000000e+00,6.47558689e-01,8.98847294e+00,2.10983865e-03,2.84744385e+02,8.01026993e+01,1.89776478e+01,7.16183931e-02,9.50682536e-02
5345803-S04-156I3-A-L-B-190-CVDGW,20.02.2020-06:31:34,2.10000000e+01,6.40903592e-01,8.92774677e+00,1.96737493e-03,1.39837784e+02,7.98135071e+01,1.85883636e+01,2.27999955e-01,5.41565359e-01
5345803-S04-156I3-A-L-B-190-CVDGW,20.02.2020-06:31:36,8.00000000e+00,6.48263395e-01,8.99950409e+00,2.26426311e-03,2.26878586e+02,7.99932480e+01,1.89956264e+01,1.06840543e-01,1.40017942e-01
5345803-S04-156I3-A-L-B-190-CVDGW,20.02.2020-06:31:38,2.10000000e+01,6.41700745e-01,8.91852951e+00,2.01730407e-03,2.14352600e+02,7.96704330e+01,1.85589409e+01,1.80567801e-01,4.79869127e-01
5345803-S04-156I3-A-L-B-190-CVDGW,20.02.2020-06:34:52,1.90000000e+01,6.43655419e-01,8.96761703e+00,1.98814995e-03,1.13293571e+02,7.98858795e+01,1.87685490e+01,1.92812964e-01,2.72993416e-01
5345803-S04-156I3-A-L-B-190-CVDGW,20.02.2020-06:34:54,1.90000000e+01,6.43615186e-01,8.92343903e+00,1.78520160e-03,6.45968933e+01,8.01913452e+01,1.87463284e+01,3.44757289e-01,5.27139962e-01
5345803-S04-156I3-A-L-B-190-CVDGW,20.02.2020-06:34:57,1.90000000e+01,6.43696010e-01,8.94578457e+00,2.18682992e-03,7.66400604e+01,7.99517822e+01,1.87394810e+01,3.95257413e-01,5.11958957e-01
5345803-S04-156I3-A-L-B-190-CVDGW,20.02.2020-06:34:59,1.90000000e+01,6.44737780e-01,8.93508911e+00,2.34556571e-03,1.71673401e+02,7.99082489e+01,1.87371635e+01,1.89723194e-01,2.64118582e-01
5345803-S04-156I3-A-L-B-190-CVDGW,20.02.2020-06:35:01,1.90000000e+01,6.45028710e-01,8.92574024e+00,2.01496575e-03,1.18261612e+02,8.00308075e+01,1.87547226e+01,1.91116318e-01,3.82438153e-01
5345803-S04-156I3-A-L-B-190-CVDGW,20.02.2020-06:35:03,1.90000000e+01,6.42836928e-01,8.94757462e+00,1.97735731e-03,8.16639862e+01,8.01953430e+01,1.87752399e+01,3.69594097e-01,5.49239099e-01
5345803-S04-156I3-A-L-B-190-CVDGW,20.02.2020-06:35:05,1.90000000e+01,6.43481135e-01,8.94075966e+00,1.89505133e-03,1.14434662e+02,8.01416245e+01,1.87671604e+01,2.59363413e-01,4.71629947e-01
5345803-S04-156I3-A-L-B-190-CVDGW,20.02.2020-06:35:07,1.90000000e+01,6.43162489e-01,8.97191334e+00,2.32224609e-03,9.70521240e+01,7.98551025e+01,1.87559319e+01,2.38028601e-01,3.37399781e-01
5345803-S04-156I3-A-L-B-190-CVDGW,20.02.2020-06:35:09,9.00000000e+00,6.45785868e-01,8.94156361e+00,1.98493525e-03,1.70355347e+02,8.02491226e+01,1.88613377e+01,1.61896676e-01,2.76123941e-01
5345803-S04-156I3-A-L-B-190-CVDGW,20.02.2020-06:35:11,2.10000000e+01,6.42655015e-01,8.88995171e+00,2.15608813e-03,1.51939285e+02,7.99322205e+01,1.85878601e+01,2.07585335e-01,4.42831665e-01
5345803-S04-156I3-A-L-B-190-CVDGW,20.02.2020-06:36:18,2.40000000e+01,6.41973436e-01,8.92083168e+00,1.95841305e-03,6.88900661e+00,7.95540848e+01,1.85444984e+01,,
5345803-S04-156I3-A-L-B-190-CVDGW,20.02.2020-06:36:20,2.00000000e+01,6.41278028e-01,8.91433620e+00,1.77020871e-03,1.12432083e+02,7.99757156e+01,1.86090260e+01,2.45201811e-01,3.29293162e-01
5345803-S04-156I3-A-L-B-190,20.02.2020-06:36:26,9.00000000e+00,6.44174576e-01,8.96055508e+00,2.11325521e-03,7.02251587e+01,8.00346603e+01,1.88038502e+01,3.15865517e-01,3.66968989e-01
5345803-S04-156I3-A-L-B-190,20.02.2020-06:36:28,2.00000000e+01,6.41629457e-01,8.93807125e+00,1.90416363e-03,1.26270988e+02,8.00022354e+01,1.86749897e+01,1.91577747e-01,3.09420884e-01
5345803-S04-156I3-A-L-B-190,20.02.2020-06:36:30,9.00000000e+00,6.42804027e-01,8.94936371e+00,2.10941862e-03,1.22469521e+02,8.04231339e+01,1.88313732e+01,2.07202539e-01,2.99287319e-01
5345803-S04-156I3-A-L-B-190,20.02.2020-06:36:33,1.90000000e+01,6.44514680e-01,8.90337753e+00,1.99598284e-03,2.48002533e+02,8.01514511e+01,1.87210045e+01,1.02035351e-01,1.73876077e-01
5345803-S04-156I3-A-L-B-190,20.02.2020-06:36:35,2.00000000e+01,6.41608179e-01,8.92161083e+00,1.91311422e-03,1.11813896e+02,7.98646088e+01,1.86079140e+01,2.74451882e-01,5.38058698e-01
5345803-S04-156I3-A-L-B-190,20.02.2020-06:36:37,2.10000000e+01,6.41190529e-01,8.91695309e+00,2.16663559e-03,1.56818146e+02,7.99038773e+01,1.85952320e+01,1.87721893e-01,4.42686826e-01
5345803-S04-156I3-A-L-B-190,20.02.2020-06:36:39,9.00000000e+00,6.45597398e-01,8.93972969e+00,2.05495348e-03,1.20586914e+02,8.02298203e+01,1.88474331e+01,2.04977378e-01,3.62653285e-01
5345803-S04-156I3-A-L-B-190,20.02.2020-06:36:41,9.00000000e+00,6.45080388e-01,8.95579433e+00,1.85393682e-03,8.21313629e+01,8.03082047e+01,1.88846130e+01,2.54441828e-01,3.17171305e-01
5345803-S04-156I3-A-L-B-190,20.02.2020-06:37:25,1.90000000e+01,6.44562781e-01,8.95716286e+00,2.00398662e-03,1.14976952e+02,7.99666138e+01,1.87920685e+01,3.38623226e-01,5.68934798e-01
5345803-S04-156I3-A-L-B-190,20.02.2020-06:37:27,9.00000000e+00,6.45912349e-01,8.97142220e+00,2.17048847e-03,1.62997253e+02,7.99628983e+01,1.88605194e+01,1.88720331e-01,3.20881128e-01
5345803-S04-156I3-A-L-B-190,20.02.2020-06:37:29,1.90000000e+01,6.44688487e-01,8.92611694e+00,2.04862119e-03,1.28670914e+02,8.01205826e+01,1.87666512e+01,1.97993502e-01,2.77089953e-01
5345803-S04-156I3-A-L-B-190,20.02.2020-06:37:31,8.00000000e+00,6.47147238e-01,8.97463703e+00,2.04078620e-03,1.00941231e+02,8.00072327e+01,1.89138279e+01,2.76750445e-01,3.41936797e-01
5345803-S04-156I3-A-L-B-190,20.02.2020-06:37:33,1.90000000e+01,6.41852796e-01,8.94250774e+00,1.94452913e-03,1.14592674e+02,8.02264023e+01,1.87431374e+01,3.31275851e-01,5.61047792e-01
5345803-S04-156I3-A-L-B-190,20.02.2020-06:37:35,2.00000000e+01,6.41023219e-01,8.92499638e+00,1.92898442e-03,7.94341736e+01,7.99959412e+01,1.86285896e+01,3.00817937e-01,3.53302360e-01
5345803-S04-156I3-A-L-B-190,20.02.2020-06:37:37,1.90000000e+01,6.42787218e-01,8.93068600e+00,1.91263668e-03,1.70728180e+02,8.01825333e+01,1.87353592e+01,2.46614426e-01,5.02480567e-01
5345803-S04-156I3-A-L-B-190,20.02.2020-06:37:40,2.00000000e+01,6.41928077e-01,8.92208385e+00,1.50614721e-03,8.69980698e+01,8.00871582e+01,1.86700630e+01,3.20915729e-01,3.74347001e-01
5345803-S04-156I3-A-L-B-190,20.02.2020-06:37:42,1.90000000e+01,6.43801928e-01,8.92018700e+00,2.01286492e-03,1.50465057e+02,8.02428741e+01,1.87569790e+01,2.72596419e-01,5.68002522e-01
5345803-S04-156I3-A-L-B-190,20.02.2020-06:37:44,1.90000000e+01,6.44657493e-01,8.93192482e+00,2.12028832e-03,1.09039902e+02,8.01562119e+01,1.87863083e+01,2.96810508e-01,5.92029989e-01
5345803-S04-156I3-A-L-B-190,20.02.2020-06:38:07,1.90000000e+01,6.42989755e-01,8.91750050e+00,1.86687231e-03,1.17859985e+02,8.04091187e+01,1.87664738e+01,2.13574409e-01,4.05607671e-01
5345803-S04-156I3-A-L-B-190,20.02.2020-06:38:09,8.00000000e+00,6.44680560e-01,8.95806313e+00,1.65418838e-03,2.37908279e+02,8.05343857e+01,1.89308548e+01,1.23683810e-01,2.92847961e-01
5345803-S04-156I3-A-L-B-190,20.02.2020-06:38:11,1.90000000e+01,6.41952097e-01,8.89001274e+00,1.69638568e-03,3.29418488e+02,8.05533752e+01,1.87119465e+01,1.36986464e-01,4.65305150e-01
5345803-S04-156I3-A-L-B-190,20.02.2020-06:38:13,9.00000000e+00,6.43665731e-01,8.92895126e+00,1.52200775e-03,3.30541504e+02,8.06364288e+01,1.88635025e+01,8.70722458e-02,3.74872178e-01
5345803-S04-156I3-A-L-B-190,20.02.2020-06:38:15,2.00000000e+01,6.40831709e-01,8.88773537e+00,1.93429680e-03,1.48163696e+02,8.04195328e+01,1.86434746e+01,2.29941800e-01,6.54278696e-01
5345803-S04-156I3-A-L-B-190,20.02.2020-06:38:17,9.00000000e+00,6.43410087e-01,8.93392372e+00,1.62973267e-03,2.10278259e+02,8.06043167e+01,1.88589954e+01,1.41691461e-01,3.70180845e-01
5345803-S04-156I3-A-L-B-190,20.02.2020-06:38:20,1.00000000e+00,6.39552772e-01,8.82396221e+00,1.87326805e-03,1.77705673e+02,8.02813263e+01,1.84410133e+01,3.25096428e-01,2.37887788e+00
5345803-S04-156I3-A-L-B-190,20.02.2020-06:38:22,8.00000000e+00,6.46822929e-01,9.01296139e+00,2.67117168e-03,1.00700128e+03,7.99431534e+01,1.89698715e+01,3.02819852e-02,4.42829914e-02
5345803-S04-156I3-A-L-B-190,20.02.2020-06:38:24,1.90000000e+01,6.39854252e-01,8.97044468e+00,1.79784105e-03,1.32496750e+02,8.01245728e+01,1.87193584e+01,1.68467030e-01,1.99767902e-01
5345803-S04-156I3-A-L-B-190,20.02.2020-06:38:26,2.00000000e+01,6.42114282e-01,8.86249542e+00,1.36187882e-03,2.19725281e+02,8.04453888e+01,1.86337261e+01,2.04089656e-01,1.07825577e+00
5345803-S04-156I3-A-L-B-190,20.02.2020-06:38:49,7.00000000e+00,6.46882534e-01,9.01433182e+00,1.69304432e-03,4.28349030e+02,8.04183350e+01,1.90872879e+01,4.72391956e-02,7.27314875e-02
5345803-S04-156I3-A-L-B-190,20.02.2020-06:38:51,1.90000000e+01,6.43812776e-01,8.94064331e+00,1.95278262e-03,3.46681763e+02,8.01065750e+01,1.87683773e+01,5.76223359e-02,1.08231485e-01
5345803-S04-156I3-A-L-B-190,20.02.2020-06:38:53,1.90000000e+01,6.42627418e-01,8.92931175e+00,1.71147287e-03,1.78995438e+02,8.01921463e+01,1.87300644e+01,1.29470035e-01,3.12491894e-01
5345803-S04-156I3-A-L-B-190,20.02.2020-06:38:55,7.00000000e+00,6.46200061e-01,9.01000881e+00,2.01689033e-03,1.27139793e+02,8.03562698e+01,1.90432987e+01,1.34153441e-01,1.68480799e-01
5345803-S04-156I3-A-L-B-190,20.02.2020-06:38:57,1.90000000e+01,6.42081439e-01,8.90266800e+00,1.55476120e-03,3.08878204e+02,8.05630722e+01,1.87446136e+01,9.56874564e-02,3.27684820e-01
5345803-S04-156I3-A-L-B-190,20.02.2020-06:38:59,1.90000000e+01,6.42566979e-01,8.93113899e+00,1.84980105e-03,1.91239944e+02,8.03537521e+01,1.87698841e+01,1.02550052e-01,1.54203564e-01
5345803-S04-156I3-A-L-B-190,20.02.2020-06:39:02,2.00000000e+01,6.40249550e-01,8.87074089e+00,1.58144941e-03,8.80087280e+01,8.05354843e+01,1.86177273e+01,2.06522211e-01,3.80502194e-01
5345803-S04-156I3-A-L-B-190,20.02.2020-06:39:04,2.10000000e+01,6.40919685e-01,8.87773228e+00,1.95299322e-03,1.95415161e+02,8.02086716e+01,1.85762138e+01,1.88796237e-01,4.68405277e-01
5345803-S04-156I3-A-L-B-190,20.02.2020-06:39:06,9.00000000e+00,6.45435214e-01,8.93996239e+00,2.05282331e-03,1.44811584e+02,8.02320938e+01,1.88437214e+01,2.13992536e-01,3.45426559e-01
5345803-S04-156I3-A-L-B-190,20.02.2020-06:39:08,2.10000000e+01,6.41420484e-01,8.91313362e+00,2.04485445e-03,1.84984909e+02,7.98881073e+01,1.85902653e+01,1.59127459e-01,4.23281342e-01
5345803-S04-156I3-A-L-B-190,20.02.2020-06:39:42,1.90000000e+01,6.45031452e-01,8.93663120e+00,1.70299970e-03,1.37282349e+02,8.01040115e+01,1.87948647e+01,1.60926044e-01,2.16977000e-01
5345803-S04-156I3-A-L-B-190,20.02.2020-06:39:44,8.00000000e+00,6.46819949e-01,8.97718716e+00,1.83550303e-03,1.05670990e+02,8.01791763e+01,1.89502735e+01,2.32047915e-01,3.34528744e-01
5345803-S04-156I3-A-L-B-190,20.02.2020-06:39:46,8.00000000e+00,6.46248817e-01,8.99715614e+00,2.18163710e-03,1.05311913e+02,8.01105957e+01,1.89594269e+01,2.73134500e-01,3.92286420e-01
5345803-S04-156I3-A-L-B-190,20.02.2020-06:39:48,7.00000000e+00,6.48212016e-01,9.00839710e+00,1.92072208e-03,7.01182938e+01,8.03430862e+01,1.90960388e+01,4.42187369e-01,5.40129066e-01
5345803-S04-156I3-A-L-B-190,20.02.2020-06:39:51,2.00000000e+01,6.41947567e-01,8.93067646e+00,2.08194833e-03,1.28930634e+02,7.99169464e+01,1.86488914e+01,2.60130316e-01,3.02066296e-01
5345803-S04-156I3-A-L-B-190,20.02.2020-06:39:53,2.00000000e+01,6.42597497e-01,8.88600731e+00,1.76552508e-03,1.30222900e+02,8.02071075e+01,1.86418400e+01,3.27277154e-01,8.11897933e-01
5345803-S04-156I3-A-L-B-190,20.02.2020-06:39:55,2.10000000e+01,6.41363740e-01,8.83924866e+00,1.76322565e-03,9.89872284e+01,8.02511292e+01,1.85182991e+01,3.67215514e-01,7.96708167e-01
5345803-S04-156I3-A-L-B-190,20.02.2020-06:39:57,1.90000000e+01,6.42287016e-01,8.93232155e+00,1.84728985e-03,1.03547394e+02,8.01093140e+01,1.87071095e+01,3.09969574e-01,5.74823260e-01
5345803-S04-156I3-A-L-B-190,20.02.2020-06:39:59,1.90000000e+01,6.42835677e-01,8.93924809e+00,1.96602335e-03,1.26861473e+02,8.02081757e+01,1.87607307e+01,2.44137347e-01,5.03010929e-01
5345803-S04-156I3-A-L-B-190,20.02.2020-06:40:01,1.90000000e+01,6.42534614e-01,8.92491055e+00,1.77883008e-03,1.17125977e+02,8.02558823e+01,1.87330055e+01,2.62035877e-01,3.15462500e-01
5345803-S04-156I3-A-L-B-190,20.02.2020-06:37:04,2.00000000e+01,6.41751826e-01,8.89750862e+00,1.90222426e-03,2.20702866e+02,8.00749817e+01,1.86106949e+01,1.40684158e-01,3.58145326e-01
5345803-S04-156I3-A-L-B-190,20.02.2020-06:37:06,2.10000000e+01,6.42715394e-01,8.88511086e+00,1.90294289e-03,2.39069260e+02,7.99916534e+01,1.85932961e+01,1.70586988e-01,4.38431889e-01
5345803-S04-156I3-A-L-B-190,20.02.2020-06:37:08,9.00000000e+00,6.46769345e-01,8.92700005e+00,1.94531772e-03,1.33171173e+02,8.01972275e+01,1.88470993e+01,1.24136925e-01,1.77135065e-01
5345803-S04-156I3-A-L-B-190,20.02.2020-06:37:10,1.90000000e+01,6.42135024e-01,8.95199680e+00,1.67478994e-03,1.58016006e+02,8.00172806e+01,1.87223454e+01,1.56806007e-01,2.64617831e-01
5345803-S04-156I3-A-L-B-190,20.02.2020-06:37:12,1.90000000e+01,6.42256141e-01,8.94297409e+00,1.73928158e-03,1.09568085e+02,8.01381454e+01,1.87352600e+01,1.90194473e-01,3.45280766e-01
5345803-S04-156I3-A-L-B-190,20.02.2020-06:37:14,9.00000000e+00,6.45423710e-01,8.97805500e+00,2.06406531e-03,1.12634132e+02,8.01472168e+01,1.89036560e+01,2.36374229e-01,3.30517799e-01
5345803-S04-156I3-A-L-B-190,20.02.2020-06:37:17,2.10000000e+01,6.41073644e-01,8.87935066e+00,1.78496924e-03,1.48062119e+02,8.02387772e+01,1.85910378e+01,1.78876668e-01,4.09658223e-01
5345803-S04-156I3-A-L-B-190,20.02.2020-06:37:19,8.00000000e+00,6.45804107e-01,8.97719097e+00,1.83300604e-03,9.87164917e+01,8.02218475e+01,1.89305878e+01,2.09590495e-01,2.63539135e-01
5345803-S04-156I3-A-L-B-190,20.02.2020-06:37:21,9.00000000e+00,6.46737993e-01,8.94560623e+00,1.76988845e-03,1.33021179e+02,8.00974274e+01,1.88619633e+01,2.93844193e-01,4.01883066e-01
5345803-S04-156I3-A-L-B-190,20.02.2020-06:37:23,8.00000000e+00,6.46820903e-01,8.97765636e+00,1.80814159e-03,1.71487747e+02,8.00117188e+01,1.89117107e+01,1.94461271e-01,2.95973867e-01
5345803-S04-156I3-A-L-B-190,20.02.2020-06:37:46,2.00000000e+01,6.42159581e-01,8.92954445e+00,2.04784540e-03,1.09227837e+02,7.99161835e+01,1.86525059e+01,2.89088249e-01,3.39389116e-01
5345803-S04-156I3-A-L-B-190,20.02.2020-06:37:48,1.90000000e+01,6.43690050e-01,8.95106220e+00,1.90788286e-03,8.58424683e+01,8.00158691e+01,1.87653942e+01,3.48526895e-01,5.96557379e-01
5345803-S04-156I3-A-L-B-190,20.02.2020-06:37:50,7.00000000e+00,6.48618400e-01,9.00197411e+00,1.80340221e-03,7.38709412e+01,8.03854828e+01,1.91044636e+01,4.20656174e-01,5.27633369e-01
5345803-S04-156I3-A-L-B-190,20.02.2020-06:37:52,7.00000000e+00,6.47143304e-01,9.01218891e+00,1.67082832e-03,8.78595810e+01,8.02484360e+01,1.90501118e+01,3.07387143e-01,3.78996193e-01
5345803-S04-156I3-A-L-B-190,20.02.2020-06:37:54,1.90000000e+01,6.44413531e-01,8.94718361e+00,1.96747039e-03,1.21681602e+02,7.98493423e+01,1.87392635e+01,2.02895656e-01,3.65557343e-01
5345803-S04-156I3-A-L-B-190,20.02.2020-06:37:56,1.90000000e+01,6.43824756e-01,8.95952892e+00,2.02891999e-03,1.29054581e+02,7.98662872e+01,1.87519550e+01,2.33835056e-01,3.35960805e-01
5345803-S04-156I3-A-L-B-190,20.02.2020-06:37:59,1.90000000e+01,6.43147528e-01,8.95949745e+00,2.51956284e-03,8.64913330e+01,7.98524933e+01,1.87289295e+01,3.45736027e-01,4.81768966e-01
5345803-S04-156I3-A-L-B-190,20.02.2020-06:38:01,1.90000000e+01,6.44496381e-01,8.95735550e+00,1.85704592e-03,1.05528786e+02,7.99816360e+01,1.87940674e+01,2.44607911e-01,3.72062385e-01
5345803-S04-156I3-A-L-B-190,20.02.2020-06:38:03,1.90000000e+01,6.43989027e-01,8.94348812e+00,2.18068203e-03,1.11220222e+02,7.98088150e+01,1.87096844e+01,2.74588346e-01,4.30531830e-01
5345803-S04-156I3-A-L-B-190,20.02.2020-06:38:05,8.00000000e+00,6.45251989e-01,8.95832825e+00,1.55067118e-03,3.41353027e+02,8.05440521e+01,1.89504700e+01,8.08300897e-02,2.25151002e-01
5345803-S04-156I3-A-L-B-190,20.02.2020-06:38:28,9.00000000e+00,6.45406365e-01,8.95521736e+00,2.20495951e-03,1.46146103e+02,8.00070953e+01,1.88221016e+01,1.57785863e-01,2.12199613e-01
5345803-S04-156I3-A-L-B-190,20.02.2020-06:38:30,1.90000000e+01,6.41262591e-01,8.98036098e+00,1.72024756e-03,1.61315521e+02,7.98465347e+01,1.87161255e+01,1.02420144e-01,1.25151098e-01
5345803-S04-156I3-A-L-B-190,20.02.2020-06:38:32,8.00000000e+00,6.44847035e-01,8.94248581e+00,1.38549728e-03,1.65835678e+02,8.06105042e+01,1.89206810e+01,1.02359734e-01,1.63315773e-01
5345803-S04-156I3-A-L-B-190,20.02.2020-06:38:34,9.00000000e+00,6.44143701e-01,8.97240257e+00,1.81478728e-03,2.29628586e+02,8.03465042e+01,1.89011707e+01,8.44047666e-02,1.25917539e-01
5345803-S04-156I3-A-L-B-190,20.02.2020-06:38:36,2.00000000e+01,6.40510261e-01,8.96872234e+00,1.58313429e-03,1.76938171e+02,7.99043732e+01,1.86834641e+01,1.12292357e-01,1.35805547e-01
5345803-S04-156I3-A-L-B-190,20.02.2020-06:38:38,7.00000000e+00,6.46907508e-01,9.01522636e+00,1.73300563e-03,3.52377930e+02,8.03114395e+01,1.90645428e+01,5.96134774e-02,8.42725486e-02
5345803-S04-156I3-A-L-B-190,20.02.2020-06:38:40,7.00000000e+00,6.46648586e-01,9.01359940e+00,1.35643233e-03,2.76187561e+02,8.04868927e+01,1.90951004e+01,5.92515953e-02,8.62044618e-02
5345803-S04-156I3-A-L-B-190,20.02.2020-06:38:43,1.00000000e+00,6.38137639e-01,8.85035801e+00,1.62440096e-03,1.34079910e+02,8.04538193e+01,1.84949036e+01,2.97945321e-01,1.84631479e+00
5345803-S04-156I3-A-L-B-190,20.02.2020-06:38:45,7.00000000e+00,6.45801008e-01,9.01240540e+00,1.88442832e-03,2.59407440e+02,8.04181824e+01,1.90512695e+01,7.01594204e-02,9.95663851e-02
5345803-S04-156I3-A-L-B-190,20.02.2020-06:38:47,2.00000000e+01,6.39876962e-01,8.96336365e+00,1.92405412e-03,2.71229858e+02,7.99343491e+01,1.86608391e+01,5.47691956e-02,7.40035251e-02
5345803-S04-156I3-A-L-B-190,20.02.2020-06:39:10,9.00000000e+00,6.45486176e-01,8.93006134e+00,1.63302408e-03,1.40452881e+02,8.03229828e+01,1.88456631e+01,1.79710358e-01,3.51574332e-01
5345803-S04-156I3-A-L-B-190,20.02.2020-06:39:12,9.00000000e+00,6.45012736e-01,8.92721081e+00,1.72644609e-03,1.48177841e+02,8.03842773e+01,1.88401947e+01,1.82887748e-01,3.91777068e-01
5345803-S04-156I3-A-L-B-190,20.02.2020-06:39:14,9.00000000e+00,6.44554496e-01,8.94144440e+00,1.80715974e-03,7.40972443e+01,8.04330139e+01,1.88682613e+01,3.00513387e-01,4.71770853e-01
5345803-S04-156I3-A-L-B-190,20.02.2020-06:39:16,2.10000000e+01,6.40785038e-01,8.89430523e+00,2.11311178e-03,2.44243713e+02,7.99015808e+01,1.85357399e+01,1.50842831e-01,4.31493282e-01
5345803-S04-156I3-A-L-B-190,20.02.2020-06:39:18,1.90000000e+01,6.43133163e-01,8.93539715e+00,1.82927377e-03,9.34190903e+01,8.01761246e+01,1.87538319e+01,3.05320710e-01,4.15588051e-01
5345803-S04-156I3-A-L-B-190,20.02.2020-06:39:20,9.00000000e+00,6.45758271e-01,8.95412064e+00,1.98229193e-03,1.25646400e+02,8.01316757e+01,1.88593769e+01,2.10500926e-01,4.23293471e-01
5345803-S04-156I3-A-L-B-190,20.02.2020-06:39:23,1.90000000e+01,6.43430948e-01,8.94512653e+00,1.97034935e-03,1.35954941e+02,8.01788254e+01,1.87835789e+01,2.53386557e-01,6.00327969e-01
5345803-S04-156I3-A-L-B-190,20.02.2020-06:39:25,8.00000000e+00,6.47134304e-01,8.97853088e+00,2.07503326e-03,1.66137619e+02,8.00683746e+01,1.89361172e+01,1.49771243e-01,2.08282024e-01
5345803-S04-156I3-A-L-B-190,20.02.2020-06:39:27,8.00000000e+00,6.46426737e-01,8.97900391e+00,1.58246211e-03,1.68827454e+02,8.02795486e+01,1.89662991e+01,2.42200553e-01,3.37310642e-01
5345803-S04-156I3-A-L-B-190,20.02.2020-06:39:29,9.00000000e+00,6.45798028e-01,8.96980286e+00,1.99223729e-03,1.45917175e+02,8.01077042e+01,1.88879185e+01,1.95699617e-01,2.77251571e-01
5345803-S04-156I3-A-L-B-190,20.02.2020-06:40:03,1.90000000e+01,6.41977966e-01,8.94100475e+00,1.79626909e-03,1.10644501e+02,8.03207169e+01,1.87656765e+01,3.21545392e-01,3.89785707e-01
5345803-S04-156I3-A-L-B-190,20.02.2020-06:40:05,8.00000000e+00,6.47253931e-01,8.97689342e+00,1.80453120e-03,9.61833572e+01,8.00605927e+01,1.89343243e+01,2.53425121e-01,3.10549170e-01
5345803-S04-156I3-A-L-B-190,20.02.2020-06:40:07,8.00000000e+00,6.46143734e-01,8.97957802e+00,1.58358086e-03,6.90156097e+01,8.01188049e+01,1.89212456e+01,3.18358213e-01,4.65802044e-01
5345803-S04-156I3-A-L-B-190,20.02.2020-06:40:10,1.90000000e+01,6.45152807e-01,8.94135571e+00,2.26408755e-03,1.47105133e+02,8.00332947e+01,1.87917347e+01,1.80173397e-01,2.53702402e-01
5345803-S04-156I3-A-L-B-190,20.02.2020-06:40:12,7.00000000e+00,6.48266733e-01,8.98510265e+00,1.60441909e-03,8.47616348e+01,8.03269806e+01,1.90444489e+01,4.44602609e-01,5.45673013e-01
5345803-S04-156I3-A-L-B-190,20.02.2020-06:40:14,2.00000000e+01,6.42265379e-01,8.91438484e+00,1.74517895e-03,1.22699249e+02,7.99684372e+01,1.86360855e+01,2.64348030e-01,4.80792761e-01
5345803-S04-156I3-A-L-B-190,20.02.2020-06:40:16,2.10000000e+01,6.39945626e-01,8.90093231e+00,1.97174144e-03,1.67208496e+02,8.00336151e+01,1.85558624e+01,2.65536964e-01,6.38229966e-01
5345803-S04-156I3-A-L-B-190,20.02.2020-06:40:18,2.10000000e+01,6.39722884e-01,8.89235306e+00,1.83362444e-03,2.99549164e+02,8.00785599e+01,1.85419350e+01,2.12638989e-01,5.27631462e-01
5345803-S04-156I3-A-L-B-190,20.02.2020-06:40:20,2.00000000e+01,6.41665161e-01,8.92521381e+00,2.00967770e-03,1.50930908e+02,8.00401688e+01,1.86580086e+01,1.85197070e-01,3.22552174e-01
5345803-S04-156I3-A-L-B-190,20.02.2020-06:40:22,2.00000000e+01,6.42280042e-01,8.91037750e+00,2.19080807e-03,8.87599792e+01,7.98576126e+01,1.86023197e+01,3.92457843e-01,7.01142490e-01
5345803-S04-156I3-A-L-B-190,20.02.2020-06:41:08,9.00000000e+00,6.47730887e-01,8.93188095e+00,1.75602955e-03,4.23281403e+01,8.01453247e+01,1.88732185e+01,9.77329135e-01,1.24341774e+00
5345803-S04-156I3-A-L-B-190,20.02.2020-06:41:10,9.00000000e+00,6.47305429e-01,8.95935154e+00,2.14643264e-03,1.09613701e+02,8.00615387e+01,1.88990498e+01,3.86739403e-01,5.57881534e-01
5345803-S04-156I3-A-L-B-190,20.02.2020-06:41:12,9.00000000e+00,6.47170365e-01,8.95865250e+00,2.17853184e-03,5.96264687e+01,7.99024277e+01,1.88560810e+01,5.48706472e-01,7.03953207e-01
5345803-S04-156I3-A-L-B-190,20.02.2020-06:41:14,9.00000000e+00,6.47384644e-01,8.94878578e+00,1.95403630e-03,1.55697235e+02,8.01607895e+01,1.89024773e+01,1.71240568e-01,2.70612866e-01
5345803-S04-156I3-A-L-B-190,20.02.2020-06:41:16,1.90000000e+01,6.45509124e-01,8.93888187e+00,2.09970470e-03,1.68817413e+02,7.99527969e+01,1.87780056e+01,2.03486234e-01,4.84777808e-01
5345803-S04-156I3-A-L-B-190,20.02.2020-06:41:19,1.90000000e+01,6.43343866e-01,8.92116165e+00,1.85626815e-03,1.47345337e+02,8.00491180e+01,1.87004185e+01,2.00927615e-01,4.37010020e-01
5345803-S04-156I3-A-L-B-190,20.02.2020-06:41:21,9.00000000e+00,6.47664487e-01,8.96074200e+00,2.40837503e-03,1.31143005e+02,7.98875351e+01,1.88713627e+01,1.53796777e-01,2.79728174e-01
5345803-S04-156I3-A-L-B-190,20.02.2020-06:41:23,9.00000000e+00,6.47444665e-01,8.91627502e+00,1.99422077e-03,1.46288269e+02,8.00278778e+01,1.88043175e+01,2.59514421e-01,3.72483611e-01
5345803-S04-156I3-A-L-B-190,20.02.2020-06:41:25,2.00000000e+01,6.42758548e-01,8.91399384e+00,2.00731587e-03,1.64622269e+02,8.00761337e+01,1.86746941e+01,3.22591186e-01,1.25801086e+00
5345803-S04-156I3-A-L-B-190,20.02.2020-06:41:27,1.90000000e+01,6.44393623e-01,8.96476650e+00,2.24850071e-03,1.66212753e+02,7.98467255e+01,1.87748966e+01,2.03447387e-01,3.81943613e-01
5345803-S04-156I3-A-L-B-190,20.02.2020-06:41:50,1.40000000e+01,6.46275103e-01,8.97620773e+00,2.02588527e-03,2.38435650e+01,7.99244156e+01,1.88720913e+01,1.31437004e+00,1.83718836e+00
5345803-S04-156I3-A-L-B-190,20.02.2020-06:41:52,1.00000000e+00,6.37252986e-01,8.81845951e+00,1.78118097e-03,7.68543625e+01,8.07849808e+01,1.84784451e+01,4.29341525e-01,1.52129722e+00
5345803-S04-156I3-A-L-B-190,20.02.2020-06:41:54,9.00000000e+00,6.45611882e-01,8.93384361e+00,1.96196930e-03,2.93902130e+02,8.03401642e+01,1.88613510e+01,2.01322362e-01,6.53199434e-01
5345803-S04-156I3-A-L-B-190,20.02.2020-06:41:56,8.00000000e+00,6.47631526e-01,8.96490097e+00,2.13094824e-03,1.88148163e+02,8.00440979e+01,1.89161606e+01,1.70177713e-01,2.37689212e-01
5345803-S04-156I3-A-L-B-190,20.02.2020-06:41:58,2.00000000e+01,6.43820047e-01,8.90592766e+00,1.88686280e-03,1.60558655e+02,7.99591064e+01,1.86612949e+01,2.66619802e-01,5.92833996e-01
5345803-S04-156I3-A-L-B-190,20.02.2020-06:42:01,1.90000000e+01,6.44203305e-01,8.93113422e+00,2.18325760e-03,1.26860283e+02,7.98548126e+01,1.87008305e+01,2.41755858e-01,5.00518918e-01
5345803-S04-156I3-A-L-B-190,20.02.2020-06:42:03,9.00000000e+00,6.46171808e-01,8.96515083e+00,2.28674524e-03,1.29586349e+02,7.98995209e+01,1.88399582e+01,2.17929468e-01,2.93893397e-01
5345803-S04-156I3-A-L-B-190,20.02.2020-06:42:05,9.00000000e+00,6.45815849e-01,8.96051693e+00,2.09744740e-03,1.91569672e+02,8.01053009e+01,1.88683186e+01,1.56697348e-01,2.15094015e-01
5345803-S04-156I3-A-L-B-190,20.02.2020-06:42:07,9.00000000e+00,6.45336270e-01,8.95356560e+00,2.06194189e-03,1.30870941e+02,7.99968643e+01,1.88141785e+01,1.92256495e-01,3.39766860e-01
5345803-S04-156I3-A-L-B-190,20.02.2020-06:42:09,8.00000000e+00,6.47581220e-01,8.95517731e+00,1.84173719e-03,1.10341003e+02,8.01752243e+01,1.89251289e+01,2.28550464e-01,3.50410014e-01
5345803-S04-156I3-A-L-B-190,20.02.2020-06:42:32,9.00000000e+00,6.46979392e-01,8.95069122e+00,2.39618588e-03,1.72602081e+02,7.97973938e+01,1.88090096e+01,1.45083979e-01,1.88481733e-01
5345803-S04-156I3-A-L-B-190,20.02.2020-06:42:34,9.00000000e+00,6.47453368e-01,8.94599724e+00,2.27820897e-03,1.44506454e+02,8.00846329e+01,1.88806381e+01,1.82915643e-01,3.12287360e-01
5345803-S04-156I3-A-L-B-190,20.02.2020-06:42:36,1.90000000e+01,6.46210670e-01,8.87971497e+00,1.86782575e-03,2.40114334e+02,8.01495743e+01,1.87199459e+01,1.70960143e-01,5.08647203e-01
5345803-S04-156I3-A-L-B-190,20.02.2020-06:42:38,8.00000000e+00,6.47257388e-01,8.98347569e+00,2.07979023e-03,1.41081589e+02,8.00110474e+01,1.89365807e+01,1.65275007e-01,2.37845495e-01
5345803-S04-156I3-A-L-B-190,20.02.2020-06:42:40,1.90000000e+01,6.45368576e-01,8.94493294e+00,2.07434734e-03,4.03016846e+02,7.98863068e+01,1.87710018e+01,1.07636221e-01,2.18497366e-01
5345803-S04-156I3-A-L-B-190,20.02.2020-06:42:42,1.90000000e+01,6.46314025e-01,8.91807461e+00,2.08418537e-03,1.46273041e+02,7.98961411e+01,1.87443638e+01,1.87359095e-01,3.15430582e-01
5345803-S04-156I3-A-L-B-190,20.02.2020-06:42:45,1.90000000e+01,6.44441426e-01,8.93821716e+00,2.13177758e-03,1.59613464e+02,7.98146591e+01,1.87131634e+01,2.08869979e-01,3.45301241e-01
5345803-S04-156I3-A-L-B-190,20.02.2020-06:42:47,1.90000000e+01,6.45174325e-01,8.90968418e+00,2.05753534e-03,1.19573723e+02,7.99385910e+01,1.87036381e+01,2.12849677e-01,3.15364063e-01
5345803-S04-156I3-A-L-B-190,20.02.2020-06:42:49,1.90000000e+01,6.45514548e-01,8.89895821e+00,1.89649162e-03,1.69814331e+02,8.01152191e+01,1.87322712e+01,1.93109021e-01,2.87867010e-01
5345803-S04-156I3-A-L-B-190,20.02.2020-06:42:51,1.40000000e+01,6.44395769e-01,8.96007252e+00,1.79241877e-03,1.47736731e+01,7.96926804e+01,1.87289238e+01,1.58237684e+00,1.92630184e+00
5345803-S04-156I3-A-L-B-190,20.02.2020-06:40:26,2.00000000e+01,6.43104255e-01,8.88571930e+00,1.85633916e-03,2.08000488e+02,8.02696304e+01,1.86704769e+01,1.30506456e-01,3.18834692e-01
5345803-S04-156I3-A-L-B-190,20.02.2020-06:40:28,1.90000000e+01,6.45178676e-01,8.89458466e+00,1.73623278e-03,2.24674240e+02,8.01287766e+01,1.87164879e+01,1.81639314e-01,4.08342987e-01
5345803-S04-156I3-A-L-B-190,20.02.2020-06:40:30,1.90000000e+01,6.45963907e-01,8.91951180e+00,2.11547641e-03,1.39180359e+02,7.98646851e+01,1.87298527e+01,1.58107743e-01,2.75622070e-01
5345803-S04-156I3-A-L-B-190,20.02.2020-06:40:32,1.90000000e+01,6.45957887e-01,8.91476917e+00,1.90964644e-03,1.12555496e+02,7.99912796e+01,1.87493916e+01,1.82918832e-01,2.89655209e-01
5345803-S04-156I3-A-L-B-190,20.02.2020-06:40:34,9.00000000e+00,6.45446420e-01,8.92872620e+00,1.96477631e-03,2.65449738e+02,8.02456360e+01,1.88235397e+01,1.07270785e-01,2.39448160e-01
5345803-S04-156I3-A-L-B-190,20.02.2020-06:40:37,2.10000000e+01,6.43021882e-01,8.89658356e+00,1.72135071e-03,1.49435410e+02,7.98411407e+01,1.85911369e+01,1.50272310e-01,2.40453064e-01
5345803-S04-156I3-A-L-B-190,20.02.2020-06:40:39,1.90000000e+01,6.46075845e-01,8.93117523e+00,2.27393070e-03,2.20702728e+02,7.98318710e+01,1.87498837e+01,1.31299913e-01,2.20858291e-01
5345803-S04-156I3-A-L-B-190,20.02.2020-06:40:41,2.00000000e+01,6.44671559e-01,8.93223286e+00,2.41657044e-03,1.58242676e+02,7.95899582e+01,1.86546459e+01,1.88033298e-01,3.16569746e-01
5345803-S04-156I3-A-L-B-190,20.02.2020-06:40:43,9.00000000e+00,6.44845843e-01,8.97973537e+00,1.96701009e-03,1.38692017e+02,7.98847046e+01,1.88283939e+01,3.70692164e-01,4.78811562e-01
5345803-S04-156I3-A-L-B-190,20.02.2020-06:40:45,1.90000000e+01,6.44848764e-01,8.94109344e+00,1.75496296e-03,1.09531837e+02,7.99951172e+01,1.87733688e+01,3.11020494e-01,4.70920593e-01
5345803-S04-156I3-A-L-B-190,20.02.2020-06:41:29,1.90000000e+01,6.43673658e-01,8.92943096e+00,1.81423198e-03,2.50980240e+02,8.01120300e+01,1.87420654e+01,1.84389904e-01,4.92787242e-01
5345803-S04-156I3-A-L-B-190,20.02.2020-06:41:31,9.00000000e+00,6.46390676e-01,8.97283840e+00,1.90871360e-03,1.67299896e+02,8.00516281e+01,1.88984108e+01,1.49796501e-01,2.15641320e-01
5345803-S04-156I3-A-L-B-190,20.02.2020-06:41:33,1.90000000e+01,6.43276811e-01,8.92002392e+00,1.84110820e-03,1.14194038e+02,8.00711670e+01,1.87012329e+01,2.71808743e-01,6.03743851e-01
5345803-S04-156I3-A-L-B-190,20.02.2020-06:41:35,9.00000000e+00,6.46640599e-01,8.95809269e+00,2.32186634e-03,9.83019257e+01,7.99633789e+01,1.88538399e+01,2.08785549e-01,3.34684879e-01
5345803-S04-156I3-A-L-B-190,20.02.2020-06:41:38,1.90000000e+01,6.44329071e-01,8.92880249e+00,2.03289976e-03,1.27954597e+02,7.99220581e+01,1.87153435e+01,2.66291738e-01,5.71099877e-01
5345803-S04-156I3-A-L-B-190,20.02.2020-06:41:40,1.90000000e+01,6.44033432e-01,8.93051624e+00,2.13508471e-03,1.12368820e+02,7.99237366e+01,1.87107410e+01,2.58893281e-01,5.91234803e-01
5345803-S04-156I3-A-L-B-190,20.02.2020-06:41:42,9.00000000e+00,6.45281374e-01,8.95374966e+00,1.80740678e-03,1.66035736e+02,8.00690994e+01,1.88299522e+01,1.44364163e-01,2.93351203e-01
5345803-S04-156I3-A-L-B-190,20.02.2020-06:41:44,2.00000000e+01,6.42829180e-01,8.90589619e+00,1.93457957e-03,1.03743301e+02,8.00789948e+01,1.86604462e+01,4.67948794e-01,1.31886315e+00
5345803-S04-156I3-A-L-B-190,20.02.2020-06:41:46,9.00000000e+00,6.47842169e-01,8.95510674e+00,1.95587380e-03,1.29457550e+02,7.99845886e+01,1.88875866e+01,2.09735960e-01,2.82521427e-01
5345803-S04-156I3-A-L-B-190,20.02.2020-06:41:48,2.00000000e+01,6.42240763e-01,8.90125084e+00,1.99704268e-03,1.58451492e+02,8.01522217e+01,1.86506805e+01,3.85077685e-01,1.25787735e+00
5345803-S04-156I3-A-L-B-190,20.02.2020-06:42:11,2.00000000e+01,6.42387033e-01,8.88568306e+00,1.98897393e-03,1.22109467e+02,8.01063538e+01,1.86116447e+01,4.86372918e-01,1.47660172e+00
5345803-S04-156I3-A-L-B-190,20.02.2020-06:42:13,1.90000000e+01,6.44667089e-01,8.95053482e+00,1.85042340e-03,9.75450211e+01,7.99986725e+01,1.87887325e+01,3.33492368e-01,5.04897535e-01
5345803-S04-156I3-A-L-B-190,20.02.2020-06:42:15,1.90000000e+01,6.44174635e-01,8.94884872e+00,2.20677443e-03,8.89995270e+01,7.99065857e+01,1.87492352e+01,3.64660889e-01,5.33225238e-01
5345803-S04-156I3-A-L-B-190,20.02.2020-06:42:17,8.00000000e+00,6.47370219e-01,8.97151661e+00,1.90797274e-03,3.80298676e+02,8.02141190e+01,1.89626751e+01,7.66506121e-02,9.15531963e-02
5345803-S04-156I3-A-L-B-190,20.02.2020-06:42:19,9.00000000e+00,6.47443235e-01,8.97154045e+00,2.07595807e-03,2.83061218e+02,7.99774628e+01,1.89089127e+01,1.20742574e-01,1.63464442e-01
5345803-S04-156I3-A-L-B-190,20.02.2020-06:42:21,9.00000000e+00,6.46984100e-01,8.96794701e+00,2.10326794e-03,2.04984146e+02,8.00409088e+01,1.89029179e+01,1.33300558e-01,1.95944324e-01
5345803-S04-156I3-A-L-B-190,20.02.2020-06:42:24,8.00000000e+00,6.48292243e-01,8.95025826e+00,1.99103914e-03,2.74880402e+02,8.02425690e+01,1.89514046e+01,8.49181488e-02,1.43429682e-01
5345803-S04-156I3-A-L-B-190,20.02.2020-06:42:26,9.00000000e+00,6.45848036e-01,8.94987106e+00,2.06424785e-03,2.19888947e+02,8.01428986e+01,1.88556862e+01,1.61728129e-01,2.09220499e-01
5345803-S04-156I3-A-L-B-190,20.02.2020-06:42:28,9.00000000e+00,6.47229791e-01,8.96636295e+00,1.88298430e-03,2.25798752e+02,7.99360580e+01,1.88819885e+01,9.99097377e-02,1.59689307e-01
5345803-S04-156I3-A-L-B-190,20.02.2020-06:42:30,8.00000000e+00,6.49374843e-01,8.95039368e+00,1.95276481e-03,1.71945190e+02,8.01479797e+01,1.89609623e+01,1.22539863e-01,1.85950384e-01
5345803-S04-156I3-A-L-B-190,20.02.2020-06:42:53,1.90000000e+01,6.43659174e-01,8.94971180e+00,1.79665163e-03,1.92232712e+02,7.99721603e+01,1.87514153e+01,1.75745726e-01,3.73503745e-01
5345803-S04-156I3-A-L-B-190,20.02.2020-06:42:55,2.10000000e+01,6.42409265e-01,8.89241219e+00,1.85364787e-03,1.10185013e+02,7.98704147e+01,1.85715218e+01,4.11055654e-01,7.28317678e-01
5345803-S04-156I3-A-L-B-190,20.02.2020-06:42:57,2.10000000e+01,6.41386271e-01,8.90080547e+00,2.21998966e-03,8.92058945e+01,7.97081909e+01,1.85217552e+01,3.53362143e-01,8.77756476e-01
5345803-S04-156I3-A-L-B-190,20.02.2020-06:42:59,2.10000000e+01,6.42075181e-01,8.88611794e+00,1.86790305e-03,1.02500237e+02,7.99152451e+01,1.85591373e+01,3.68555039e-01,7.00754642e-01
5345803-S04-156I3-A-L-B-190,20.02.2020-06:43:01,1.90000000e+01,6.45412087e-01,8.95597172e+00,2.12138752e-03,1.25971016e+02,7.98554840e+01,1.87881813e+01,2.12773457e-01,2.56481439e-01
5345803-S04-156I3-A-L-B-190,20.02.2020-06:43:04,1.90000000e+01,6.43614829e-01,8.95626354e+00,2.00261152e-03,1.32816650e+02,8.00478210e+01,1.87815990e+01,2.48503104e-01,4.65248972e-01
5345803-S04-156I3-A-L-B-190,20.02.2020-06:43:06,9.00000000e+00,6.46622717e-01,8.95765972e+00,2.31304858e-03,1.02515930e+02,7.99315491e+01,1.88449039e+01,2.94289917e-01,3.89985412e-01
5345803-S04-156I3-A-L-B-190,20.02.2020-06:43:08,2.10000000e+01,6.43524051e-01,8.89057159e+00,1.84743130e-03,2.00941757e+02,7.97823105e+01,1.85793819e+01,2.06927836e-01,7.37779617e-01
5345803-S04-156I3-A-L-B-190,20.02.2020-06:43:10,9.00000000e+00,6.47245526e-01,8.95425510e+00,1.97967724e-03,2.22816803e+02,7.99227753e+01,1.88538189e+01,1.56577319e-01,2.19781011e-01
5345803-S04-156I3-A-L-B-190,20.02.2020-06:43:12,1.90000000e+01,6.46064699e-01,8.94377327e+00,2.14980054e-03,1.46099854e+02,7.98139725e+01,1.87718010e+01,1.71785027e-01,2.53606021e-01
5345803-S04-156I3-A-L-B-190,20.02.2020-06:43:35,9.00000000e+00,6.46224082e-01,8.95829678e+00,2.16556271e-03,2.44048904e+02,7.98780746e+01,1.88220253e+01,2.30916172e-01,3.08090091e-01
5345803-S04-156I3-A-L-B-190,20.02.2020-06:43:37,2.00000000e+01,6.43645883e-01,8.91135502e+00,2.32136133e-03,1.46936386e+02,7.97836456e+01,1.86266518e+01,2.90220290e-01,5.95804691e-01
5345803-S04-156I3-A-L-B-190,20.02.2020-06:43:39,8.00000000e+00,6.48943961e-01,9.01654625e+00,2.64950027e-03,1.02860741e+02,7.95621262e+01,1.89488983e+01,2.96382636e-01,3.55885863e-01
5345803-S04-156I3-A-L-B-190,20.02.2020-06:43:41,8.00000000e+00,6.49140120e-01,9.00567055e+00,2.28105043e-03,1.39687836e+02,7.96846085e+01,1.89609070e+01,3.13082427e-01,3.68401825e-01
5345803-S04-156I3-A-L-B-190,20.02.2020-06:43:43,2.10000000e+01,6.41422153e-01,8.89381790e+00,1.65377161e-03,2.17582962e+02,8.00120468e+01,1.85788040e+01,1.82610542e-01,5.15566707e-01
5345803-S04-156I3-A-L-B-190,20.02.2020-06:43:45,9.00000000e+00,6.47035003e-01,8.94424438e+00,2.08005868e-03,1.26931389e+02,8.01505661e+01,1.88802719e+01,1.53834760e-01,2.67733455e-01
5345803-S04-156I3-A-L-B-190,20.02.2020-06:43:47,1.90000000e+01,6.45391643e-01,8.95004272e+00,1.95121090e-03,1.76656448e+02,7.98872299e+01,1.87826138e+01,1.69150501e-01,2.09082752e-01
5345803-S04-156I3-A-L-B-190,20.02.2020-06:43:49,2.00000000e+01,6.45711958e-01,8.92658329e+00,2.38538254e-03,1.75524963e+02,7.95131912e+01,1.86549244e+01,1.56525612e-01,2.48395696e-01
5345803-S04-156I3-A-L-B-190,20.02.2020-06:43:52,2.10000000e+01,6.43924952e-01,8.89068127e+00,2.47094408e-03,1.72741333e+02,7.96755981e+01,1.85663204e+01,2.50160992e-01,5.90679467e-01
5345803-S04-156I3-A-L-B-190,20.02.2020-06:43:54,9.00000000e+00,6.46817267e-01,8.96169376e+00,2.17294996e-03,1.61581207e+02,8.00017853e+01,1.88756351e+01,1.88856155e-01,2.83345580e-01
5345803-S04-156I3-A-L-B-190,20.02.2020-06:44:17,1.90000000e+01,6.46322906e-01,8.93536377e+00,1.86856638e-03,9.45628052e+01,7.98711243e+01,1.87750797e+01,3.65688682e-01,4.85430956e-01
5345803-S04-156I3-A-L-B-190,20.02.2020-06:44:19,1.90000000e+01,6.45565271e-01,8.93888378e+00,2.29013572e-03,1.06894478e+02,7.98024445e+01,1.87443275e+01,3.70237827e-01,6.16193831e-01
5345803-S04-156I3-A-L-B-190,20.02.2020-06:44:21,2.10000000e+01,6.42506719e-01,8.89099312e+00,1.92597299e-03,1.04340683e+02,7.98368073e+01,1.85635624e+01,4.04609144e-01,7.95397580e-01
5345803-S04-156I3-A-L-B-190,20.02.2020-06:44:23,1.90000000e+01,6.45186901e-01,8.92743206e+00,2.22708541e-03,1.17858421e+02,7.98381729e+01,1.87177162e+01,3.82758260e-01,6.17493153e-01
5345803-S04-156I3-A-L-B-190,20.02.2020-06:44:25,9.00000000e+00,6.45494819e-01,8.96549225e+00,2.13516969e-03,1.18160561e+02,7.98676300e+01,1.88134270e+01,2.26670966e-01,2.74169028e-01
5345803-S04-156I3-A-L-B-190,20.02.2020-06:44:27,9.00000000e+00,6.45136476e-01,8.94415474e+00,1.72033592e-03,2.82427521e+02,8.01150360e+01,1.88163395e+01,1.69896066e-01,2.21318319e-01
5345803-S04-156I3-A-L-B-190,20.02.2020-06:44:29,1.90000000e+01,6.44982040e-01,8.93521690e+00,1.81178574e-03,1.37777664e+02,8.00383453e+01,1.87750454e+01,2.46954545e-01,2.94600278e-01
5345803-S04-156I3-A-L-B-190,20.02.2020-06:44:32,9.00000000e+00,6.45074010e-01,8.96151924e+00,1.91421364e-03,1.17010651e+02,7.99336472e+01,1.88083630e+01,2.61688471e-01,3.08128625e-01
5345803-S04-156I3-A-L-B-190,20.02.2020-06:44:34,9.00000000e+00,6.44549489e-01,8.96322632e+00,1.96216395e-03,5.66033859e+01,8.00387802e+01,1.88213711e+01,5.30951142e-01,6.70767009e-01
5345803-S04-156I3-A-L-B-190,20.02.2020-06:44:36,2.00000000e+01,6.44558609e-01,8.93436146e+00,2.23834394e-03,1.54440735e+02,7.96887436e+01,1.86789780e+01,1.60945833e-01,2.36340553e-01
5345803-S04-156I3-A-L-B-190,20.02.2020-06:44:59,9.00000000e+00,6.48628175e-01,8.94105339e+00,2.08657864e-03,2.85654755e+02,7.99629822e+01,1.88757267e+01,7.74552748e-02,2.26502374e-01
5345803-S04-156I3-A-L-B-190,20.02.2020-06:45:01,9.00000000e+00,6.45256758e-01,8.98436165e+00,2.24806438e-03,1.00633224e+02,7.99651031e+01,1.88690681e+01,2.14360401e-01,3.11338335e-01
5345803-S04-156I3-A-L-B-190,20.02.2020-06:45:03,1.90000000e+01,6.43384337e-01,8.95039940e+00,1.78070634e-03,1.19093796e+02,7.99309769e+01,1.87351933e+01,2.62693435e-01,5.41404843e-01
5345803-S04-156I3-A-L-B-190,20.02.2020-06:45:05,9.00000000e+00,6.48763835e-01,8.95577240e+00,2.42419075e-03,2.39039139e+02,7.98257904e+01,1.88783092e+01,1.09048747e-01,2.50332683e-01
5345803-S04-156I3-A-L-B-190,20.02.2020-06:45:08,8.00000000e+00,6.49441719e-01,8.97144222e+00,2.25458271e-03,3.36640076e+02,7.99229736e+01,1.89541492e+01,8.31780955e-02,1.31363615e-01
5345803-S04-156I3-A-L-B-190,20.02.2020-06:45:10,9.00000000e+00,6.48355663e-01,8.93735600e+00,2.59998208e-03,2.17323303e+02,7.97635498e+01,1.88129578e+01,1.04576997e-01,2.31207728e-01
5345803-S04-156I3-A-L-B-190,20.02.2020-06:45:12,8.00000000e+00,6.45857632e-01,8.98764706e+00,1.74750842e-03,1.14650269e+02,8.01943359e+01,1.89477062e+01,2.19241038e-01,3.08277696e-01
5345803-S04-156I3-A-L-B-190,20.02.2020-06:45:14,9.00000000e+00,6.45735860e-01,8.98766899e+00,2.10926100e-03,1.28304901e+02,8.00392990e+01,1.89075584e+01,1.97634950e-01,2.89786160e-01
5345803-S04-156I3-A-L-B-190,20.02.2020-06:45:16,8.00000000e+00,6.49167240e-01,8.95388222e+00,2.13466538e-03,3.82370697e+02,8.00223465e+01,1.89325638e+01,9.80981141e-02,1.62369996e-01
5345803-S04-156I3-A-L-B-190,20.02.2020-06:45:18,7.00000000e+00,6.47724211e-01,9.00538445e+00,1.95759838e-03,3.31353912e+02,8.02624893e+01,1.90561523e+01,7.21692368e-02,8.69105682e-02
5345803-S04-156I3-A-L-B-190,20.02.2020-06:45:41,8.00000000e+00,6.48357868e-01,8.95533180e+00,2.21061264e-03,2.08308945e+02,8.01268845e+01,1.89367275e+01,1.46979079e-01,2.64028847e-01
5345803-S04-156I3-A-L-B-190,20.02.2020-06:45:43,2.00000000e+00,6.36871994e-01,8.77961445e+00,1.77626428e-03,7.36570282e+01,8.04965973e+01,1.83204155e+01,3.06288004e-01,8.64977360e-01
5345803-S04-156I3-A-L-B-190,20.02.2020-06:45:45,2.10000000e+01,6.45426571e-01,8.85617161e+00,2.19193147e-03,9.02769012e+01,7.97565536e+01,1.85562172e+01,5.66131413e-01,2.21626163e+00
5345803-S04-156I3-A-L-B-190,20.02.2020-06:45:48,9.00000000e+00,6.46762252e-01,8.95089245e+00,1.92890724e-03,3.28615692e+02,8.00754852e+01,1.88686466e+01,9.84839574e-02,1.70418262e-01
5345803-S04-156I3-A-L-B-190,20.02.2020-06:45:50,8.00000000e+00,6.48467600e-01,8.95052338e+00,2.14431249e-03,2.34405716e+02,8.01246262e+01,1.89292297e+01,1.05628110e-01,1.82818800e-01
5345803-S04-156I3-A-L-B-190,20.02.2020-06:45:52,8.00000000e+00,6.49088681e-01,8.96580219e+00,2.17646430e-03,1.76730270e+02,8.00532684e+01,1.89628010e+01,1.19114228e-01,1.69469789e-01
5345803-S04-156I3-A-L-B-190,20.02.2020-06:45:54,8.00000000e+00,6.47485971e-01,8.98352432e+00,1.89058122e-03,2.70404938e+02,8.00881348e+01,1.89616222e+01,1.12591937e-01,1.81768700e-01
5345803-S04-156I3-A-L-B-190,20.02.2020-06:45:56,2.00000000e+01,6.45077825e-01,8.92029762e+00,2.19044322e-03,1.08224319e+02,7.96957474e+01,1.86662369e+01,2.92473763e-01,5.28960049e-01
5345803-S04-156I3-A-L-B-190,20.02.2020-06:45:58,2.00000000e+01,6.44126356e-01,8.91069508e+00,2.17207661e-03,6.12315598e+01,7.99226303e+01,1.86716480e+01,6.60770774e-01,1.12192953e+00
5345803-S04-156I3-A-L-B-190,20.02.2020-06:46:00,8.00000000e+00,6.48156703e-01,8.94949818e+00,2.04238459e-03,1.94782623e+02,8.01836548e+01,1.89319229e+01,1.63711801e-01,2.58016795e-01
5345803-S04-156I3-A-L-B-190,20.02.2020-06:40:47,8.00000000e+00,6.47287250e-01,8.97212219e+00,2.25602277e-03,7.32798538e+01,8.00649185e+01,1.89262562e+01,4.14488286e-01,5.07391334e-01
5345803-S04-156I3-A-L-B-190,20.02.2020-06:40:49,8.00000000e+00,6.47763252e-01,8.98375511e+00,1.89927639e-03,1.13688629e+02,8.02189636e+01,1.90012169e+01,2.74618536e-01,3.51811796e-01
5345803-S04-156I3-A-L-B-190,20.02.2020-06:40:51,1.00000000e+00,6.42326295e-01,8.83716106e+00,1.79823476e-03,1.85921234e+02,7.98341064e+01,1.84453602e+01,2.34124571e-01,3.33937079e-01
5345803-S04-156I3-A-L-B-190,20.02.2020-06:40:53,8.00000000e+00,6.47181034e-01,8.96276093e+00,1.57826464e-03,1.00481865e+02,8.01578903e+01,1.89253559e+01,3.34241182e-01,4.16138023e-01
5345803-S04-156I3-A-L-B-190,20.02.2020-06:40:55,1.90000000e+01,6.43456817e-01,8.94629765e+00,1.96688739e-03,8.39000320e+01,8.01739655e+01,1.87856522e+01,3.19373786e-01,4.61724997e-01
5345803-S04-156I3-A-L-B-190,20.02.2020-06:40:57,2.00000000e+01,6.43916011e-01,8.94035912e+00,2.22728937e-03,7.74522552e+01,7.97726059e+01,1.86925316e+01,3.95984173e-01,4.71692175e-01
5345803-S04-156I3-A-L-B-190,20.02.2020-06:40:59,2.00000000e+01,6.41107857e-01,8.97374630e+00,1.99694117e-03,1.29881958e+02,7.96848068e+01,1.86599560e+01,2.32345760e-01,2.80926257e-01
5345803-S04-156I3-A-L-B-190,20.02.2020-06:41:02,2.00000000e+01,6.45020306e-01,8.92877197e+00,1.97291235e-03,2.74747887e+01,7.96415100e+01,1.86695919e+01,1.03437424e+00,1.26095378e+00
5345803-S04-156I3-A-L-B-190,20.02.2020-06:41:04,9.00000000e+00,6.45197093e-01,8.95863724e+00,2.28202250e-03,8.48290176e+01,7.99360199e+01,1.88064613e+01,3.12565863e-01,5.26607454e-01
5345803-S04-156I3-A-L-B-190,20.02.2020-06:41:06,8.00000000e+00,6.47899806e-01,8.96877575e+00,2.13585724e-03,1.15808182e+02,8.02309418e+01,1.89763680e+01,2.60712177e-01,3.79438251e-01
5345803-S04-156I3-A-L-B-190,20.02.2020-06:43:14,9.00000000e+00,6.47083998e-01,8.96263981e+00,2.13063369e-03,1.05001045e+02,7.98883286e+01,1.88586311e+01,2.40509674e-01,3.02435786e-01
5345803-S04-156I3-A-L-B-190,20.02.2020-06:43:16,2.00000000e+01,6.44601345e-01,8.90705585e+00,1.93177874e-03,1.90779099e+02,7.98460770e+01,1.86598949e+01,1.99920073e-01,4.70730424e-01
5345803-S04-156I3-A-L-B-190,20.02.2020-06:43:18,2.00000000e+01,6.44765437e-01,8.90034962e+00,2.02052295e-03,1.45590500e+02,7.97917786e+01,1.86379070e+01,2.56109446e-01,4.91915345e-01
5345803-S04-156I3-A-L-B-190,20.02.2020-06:43:20,9.00000000e+00,6.46935821e-01,8.95393181e+00,1.86420570e-03,1.53850677e+02,8.00181427e+01,1.88666000e+01,1.97608083e-01,2.71091610e-01
5345803-S04-156I3-A-L-B-190,20.02.2020-06:43:22,1.40000000e+01,6.46149158e-01,8.93364716e+00,1.97843136e-03,2.93566227e+01,7.96804657e+01,1.87216301e+01,1.35111201e+00,1.62583995e+00
5345803-S04-156I3-A-L-B-190,20.02.2020-06:43:24,2.10000000e+01,6.44538879e-01,8.89761829e+00,2.52445182e-03,1.69966248e+02,7.96160736e+01,1.85846252e+01,1.93338126e-01,4.83716965e-01
5345803-S04-156I3-A-L-B-190,20.02.2020-06:43:26,1.90000000e+01,6.46160305e-01,8.94852638e+00,1.87496969e-03,1.52441238e+02,7.98042679e+01,1.87822723e+01,1.81313857e-01,2.60799766e-01
5345803-S04-156I3-A-L-B-190,20.02.2020-06:43:29,2.00000000e+01,6.42574072e-01,8.89826012e+00,2.11093528e-03,1.46906647e+02,8.00232697e+01,1.86240788e+01,3.18264127e-01,6.73312783e-01
5345803-S04-156I3-A-L-B-190,20.02.2020-06:43:31,8.00000000e+00,6.49170399e-01,9.01158047e+00,2.16745771e-03,1.43542404e+02,7.97168121e+01,1.89819031e+01,2.97583520e-01,3.53045553e-01
5345803-S04-156I3-A-L-B-190,20.02.2020-06:43:33,1.90000000e+01,6.46263719e-01,8.95619392e+00,2.19049980e-03,1.96812485e+02,7.96640244e+01,1.87683315e+01,2.66273230e-01,3.38241905e-01
5345803-S04-156I3-A-L-B-190,20.02.2020-06:43:56,2.00000000e+01,6.44123018e-01,8.89535141e+00,2.33475817e-03,2.25622894e+02,7.97550507e+01,1.86003170e+01,2.16760695e-01,4.69833910e-01
5345803-S04-156I3-A-L-B-190,20.02.2020-06:43:58,2.10000000e+01,6.42559588e-01,8.89519501e+00,2.16336618e-03,1.60417313e+02,7.98621292e+01,1.85797539e+01,2.78322965e-01,7.68091500e-01
5345803-S04-156I3-A-L-B-190,20.02.2020-06:44:00,2.00000000e+01,6.45030320e-01,8.90990639e+00,1.87970873e-03,2.22133591e+02,7.97780685e+01,1.86623783e+01,1.82677969e-01,5.15765071e-01
5345803-S04-156I3-A-L-B-190,20.02.2020-06:44:02,9.00000000e+00,6.47129059e-01,8.96096897e+00,1.93083077e-03,1.97324097e+02,7.99900970e+01,1.88804493e+01,1.88933626e-01,2.49835372e-01
5345803-S04-156I3-A-L-B-190,20.02.2020-06:44:04,1.90000000e+01,6.46004558e-01,8.93041897e+00,1.90892420e-03,2.02348038e+02,7.99114227e+01,1.87649117e+01,1.69417202e-01,2.57772297e-01
5345803-S04-156I3-A-L-B-190,20.02.2020-06:44:06,1.90000000e+01,6.46921158e-01,8.96674156e+00,2.57028709e-03,1.40894836e+02,7.96217575e+01,1.87995701e+01,2.25453570e-01,3.19008917e-01
5345803-S04-156I3-A-L-B-190,20.02.2020-06:44:09,1.90000000e+01,6.46129787e-01,8.93400002e+00,2.03298382e-03,1.00925385e+02,7.97326736e+01,1.87340755e+01,3.13838005e-01,4.33286995e-01
5345803-S04-156I3-A-L-B-190,20.02.2020-06:44:11,1.90000000e+01,6.46228075e-01,8.94680309e+00,2.02258304e-03,1.13955872e+02,7.98538895e+01,1.87923012e+01,2.03422099e-01,2.74894059e-01
5345803-S04-156I3-A-L-B-190,20.02.2020-06:44:13,2.00000000e+01,6.45012438e-01,8.90331650e+00,2.29454902e-03,1.73358917e+02,7.96335373e+01,1.86142731e+01,1.92839071e-01,4.47966576e-01
5345803-S04-156I3-A-L-B-190,20.02.2020-06:44:15,1.90000000e+01,6.45582080e-01,8.94218349e+00,2.09844252e-03,1.30137451e+02,7.98457642e+01,1.87619133e+01,2.47931600e-01,3.33446562e-01
5345803-S04-156I3-A-L-B-190,20.02.2020-06:44:38,9.00000000e+00,6.46400571e-01,8.95993710e+00,2.13361951e-03,1.86809860e+02,7.99400787e+01,1.88452320e+01,1.57415017e-01,1.95242956e-01
5345803-S04-156I3-A-L-B-190,20.02.2020-06:44:40,9.00000000e+00,6.43415272e-01,9.03297424e+00,2.06986303e-03,1.44608978e+02,7.96697693e+01,1.88471584e+01,1.89493209e-01,2.26896569e-01
5345803-S04-156I3-A-L-B-190,20.02.2020-06:44:42,2.10000000e+01,6.43692255e-01,8.88567543e+00,1.98827987e-03,7.59363937e+01,7.97302933e+01,1.85618954e+01,3.32881182e-01,5.25607765e-01
5345803-S04-156I3-A-L-B-190,20.02.2020-06:44:44,9.00000000e+00,6.47744775e-01,8.95269394e+00,2.17152433e-03,1.02315979e+02,8.00185928e+01,1.88876858e+01,2.27531821e-01,3.60322416e-01
5345803-S04-156I3-A-L-B-190,20.02.2020-06:44:46,8.00000000e+00,6.49110138e-01,8.94594669e+00,2.01040367e-03,2.45967514e+02,8.01952133e+01,1.89549809e+01,1.09770089e-01,1.81705147e-01
5345803-S04-156I3-A-L-B-190,20.02.2020-06:44:48,8.00000000e+00,6.46013558e-01,8.97001553e+00,1.94421201e-03,8.05674515e+01,8.02139664e+01,1.89197350e+01,2.75526196e-01,3.52358848e-01
5345803-S04-156I3-A-L-B-190,20.02.2020-06:44:50,2.00000000e+01,6.41908586e-01,8.93932724e+00,2.10156641e-03,5.01769257e+01,7.98867111e+01,1.86587601e+01,5.43053985e-01,8.95845115e-01
5345803-S04-156I3-A-L-B-190,20.02.2020-06:44:52,9.00000000e+00,6.48513377e-01,8.95521450e+00,2.14797747e-03,2.61194122e+02,7.99219513e+01,1.88925781e+01,1.27902925e-01,2.50939012e-01
5345803-S04-156I3-A-L-B-190,20.02.2020-06:44:55,9.00000000e+00,6.48193836e-01,8.95346546e+00,2.18944787e-03,3.66595703e+02,8.00287857e+01,1.89048176e+01,8.98584276e-02,2.03447625e-01
5345803-S04-156I3-A-L-B-190,20.02.2020-06:44:57,9.00000000e+00,6.47914708e-01,8.96969986e+00,2.38153012e-03,1.14083694e+02,7.98449249e+01,1.88874454e+01,1.79001316e-01,3.11009496e-01
5345803-S04-156I3-A-L-B-190,20.02.2020-06:46:02,9.00000000e+00,6.46598697e-01,8.94007778e+00,1.76080829e-03,1.72968765e+02,8.03568573e+01,1.89072914e+01,1.80905789e-01,2.72397906e-01
5345803-S04-156I3-A-L-B-190,20.02.2020-06:46:04,8.00000000e+00,6.49199903e-01,8.94603634e+00,2.02859472e-03,1.36889328e+02,8.02118759e+01,1.89617329e+01,1.95158333e-01,2.89438456e-01
5345803-S04-156I3-A-L-B-190,20.02.2020-06:46:06,1.90000000e+01,6.43780649e-01,8.91063690e+00,1.69812457e-03,1.73133591e+02,8.01886826e+01,1.87236252e+01,2.02186495e-01,3.75819832e-01
5345803-S04-156I3-A-L-B-190,20.02.2020-06:46:08,2.00000000e+00,6.37973905e-01,8.77345467e+00,1.47606677e-03,2.00754395e+02,8.06728287e+01,1.83793888e+01,1.09984294e-01,1.78249761e-01
5345803-S04-156I3-A-L-B-190,20.02.2020-06:46:10,9.00000000e+00,6.47644997e-01,8.94979000e+00,2.19637132e-03,3.11094742e+01,7.99650040e+01,1.88660069e+01,1.12665260e+00,1.36115897e+00
5345803-S04-156I3-A-L-B-190,20.02.2020-06:46:13,1.40000000e+01,6.42559052e-01,8.89570999e+00,1.95422559e-03,1.87642231e+01,7.97973557e+01,1.85657444e+01,1.45988798e+00,1.77424622e+00
5345803-S04-156I3-A-L-B-190,20.02.2020-06:46:15,2.00000000e+01,6.46028996e-01,8.88680935e+00,2.15404946e-03,1.30748077e+02,7.99661789e+01,1.86867790e+01,2.78389871e-01,8.50108743e-01
5345803-S04-156I3-A-L-B-190,20.02.2020-06:46:17,8.00000000e+00,6.47582293e-01,8.98457146e+00,1.95690361e-03,1.47412613e+02,8.01246643e+01,1.89753036e+01,1.63425103e-01,1.90403625e-01
5345803-S04-156I3-A-L-B-190,20.02.2020-06:46:19,2.00000000e+01,6.43621922e-01,8.90282917e+00,2.06583063e-03,3.32495056e+02,7.99260483e+01,1.86413536e+01,1.39509439e-01,2.93355674e-01
5345803-S04-156I3-A-L-B-190,20.02.2020-06:46:21,8.00000000e+00,6.47791982e-01,8.96144772e+00,1.85260852e-03,2.22345154e+02,8.02834854e+01,1.89701233e+01,1.30499408e-01,1.73012793e-01
5345803-S04-156I3-A-L-B-190,20.02.2020-06:46:44,8.00000000e+00,6.48243964e-01,8.99113560e+00,2.35877722e-03,1.06953690e+02,7.98156357e+01,1.89352570e+01,2.95490474e-01,3.80615890e-01
5345803-S04-156I3-A-L-B-190,20.02.2020-06:46:46,1.90000000e+01,6.45506978e-01,8.95158672e+00,2.22197571e-03,1.55866821e+02,7.96706772e+01,1.87382793e+01,2.42080450e-01,3.60861808e-01
5345803-S04-156I3-A-L-B-190,20.02.2020-06:46:48,1.90000000e+01,6.43582284e-01,8.95609665e+00,2.20648339e-03,1.46084671e+02,7.97271118e+01,1.87050591e+01,3.24057043e-01,4.63000596e-01
5345803-S04-156I3-A-L-B-190,20.02.2020-06:46:50,2.10000000e+01,6.41989827e-01,8.87880039e+00,1.77610829e-03,4.91483078e+01,7.98573914e+01,1.85279675e+01,9.02203262e-01,1.36281502e+00
5345803-S04-156I3-A-L-B-190,20.02.2020-06:46:53,2.00000000e+01,6.42902136e-01,8.92960835e+00,1.83599116e-03,4.10462151e+01,7.98170242e+01,1.86510372e+01,5.69915771e-01,7.95814812e-01
5345803-S04-156I3-A-L-B-190,20.02.2020-06:46:55,2.00000000e+01,6.43084228e-01,8.92974377e+00,2.10699160e-03,6.50539856e+01,7.97511292e+01,1.86412010e+01,5.67532599e-01,8.20085585e-01
5345803-S04-156I3-A-L-B-190,20.02.2020-06:46:57,1.00000000e+00,6.40863836e-01,8.86692619e+00,2.05516396e-03,6.54130630e+01,7.99200974e+01,1.84852390e+01,6.06175661e-01,9.89955664e-01
5345803-S04-156I3-A-L-B-190,20.02.2020-06:46:59,2.00000000e+01,6.42091393e-01,8.90925789e+00,1.98258646e-03,6.58732147e+01,8.00108032e+01,1.86301880e+01,6.55544460e-01,9.79104578e-01
5345803-S04-156I3-A-L-B-190,20.02.2020-06:47:01,1.90000000e+01,6.45814180e-01,8.95534706e+00,1.98061159e-03,5.38996162e+01,7.98322449e+01,1.87931042e+01,7.77938604e-01,9.73900378e-01
5345803-S04-156I3-A-L-B-190,20.02.2020-06:47:03,1.90000000e+01,6.45310760e-01,8.95166683e+00,2.09783553e-03,4.60967674e+01,7.98306046e+01,1.87703533e+01,7.58043706e-01,9.72511530e-01
5345803-S04-156I3-A-L-B-190,20.02.2020-06:47:26,9.00000000e+00,6.46668375e-01,8.95325470e+00,1.91762333e-03,1.36505096e+02,7.99381943e+01,1.88385334e+01,2.26653889e-01,3.38429451e-01
5345803-S04-156I3-A-L-B-190,20.02.2020-06:47:28,9.00000000e+00,6.45896435e-01,8.95207596e+00,1.89664343e-03,1.43355392e+02,7.98883057e+01,1.88018265e+01,2.38114506e-01,3.53430212e-01
5345803-S04-156I3-A-L-B-190,20.02.2020-06:47:30,1.00000000e+00,6.40364945e-01,8.84725952e+00,1.67035451e-03,1.14351028e+02,8.00866318e+01,1.84682827e+01,3.60735685e-01,7.75236964e-01
5345803-S04-156I3-A-L-B-190,20.02.2020-06:47:32,9.00000000e+00,6.45330012e-01,8.95379257e+00,1.96146057e-03,6.77692795e+01,7.99463425e+01,1.88025894e+01,3.71050149e-01,5.17672956e-01
5345803-S04-156I3-A-L-B-190,20.02.2020-06:47:34,2.00000000e+01,6.42456114e-01,8.93021297e+00,1.97107461e-03,8.04833221e+01,7.98146362e+01,1.86388054e+01,3.93486708e-01,6.59203887e-01
5345803-S04-156I3-A-L-B-190,20.02.2020-06:47:37,2.00000000e+01,6.42401516e-01,8.94547272e+00,1.78485026e-03,6.20339699e+01,7.98630447e+01,1.86803894e+01,6.07576668e-01,9.00966048e-01
5345803-S04-156I3-A-L-B-190,20.02.2020-06:47:39,9.00000000e+00,6.45157516e-01,8.96755886e+00,1.69486518e-03,7.18998489e+01,7.99645920e+01,1.88307648e+01,4.57692116e-01,6.08600378e-01
5345803-S04-156I3-A-L-B-190,20.02.2020-06:47:41,2.10000000e+01,6.40686512e-01,8.88387489e+00,1.90736155e-03,9.36079407e+01,8.00710297e+01,1.85504169e+01,4.24802750e-01,8.41803014e-01
5345803-S04-156I3-A-L-B-190,20.02.2020-06:47:43,9.00000000e+00,6.45009756e-01,8.95014572e+00,1.88305869e-03,1.05875427e+02,8.00487137e+01,1.88096600e+01,3.74007136e-01,5.36117256e-01
5345803-S04-156I3-A-L-B-190,20.02.2020-06:47:45,1.90000000e+01,6.44504845e-01,8.93710995e+00,2.15622946e-03,7.39477921e+01,7.98459854e+01,1.87200317e+01,4.50464785e-01,5.79463899e-01
5345803-S04-156I3-A-L-B-190,20.02.2020-06:48:08,2.10000000e+01,6.42730355e-01,8.91376209e+00,1.99892814e-03,6.88149490e+01,7.97171402e+01,1.85896740e+01,6.85761869e-01,9.87113059e-01
5345803-S04-156I3-A-L-B-190,20.02.2020-06:48:10,9.00000000e+00,6.45244598e-01,8.95680809e+00,1.89676171e-03,1.48867538e+02,8.00321808e+01,1.88266239e+01,2.23715320e-01,3.31764609e-01
5345803-S04-156I3-A-L-B-190,20.02.2020-06:48:12,1.00000000e+00,6.40564144e-01,8.85981655e+00,2.03339709e-03,1.56011383e+02,7.99948273e+01,1.84790421e+01,2.24025145e-01,5.12778759e-01
5345803-S04-156I3-A-L-B-190,20.02.2020-06:48:14,2.00000000e+01,6.44243240e-01,8.91714478e+00,1.98232359e-03,1.16823990e+02,7.98934479e+01,1.86817284e+01,2.34106675e-01,2.81964540e-01
5345803-S04-156I3-A-L-B-190,20.02.2020-06:48:16,9.00000000e+00,6.45118952e-01,8.94451809e+00,1.92048796e-03,1.44330109e+02,8.00686264e+01,1.88056908e+01,1.43556982e-01,1.79503992e-01
5345803-S04-156I3-A-L-B-190,20.02.2020-06:48:18,1.90000000e+01,6.44741178e-01,8.94498825e+00,2.11743661e-03,1.10165901e+02,7.99262390e+01,1.87622433e+01,2.72069931e-01,3.87987077e-01
5345803-S04-156I3-A-L-B-190,20.02.2020-06:48:20,1.00000000e+00,6.40178859e-01,8.87256527e+00,1.81967067e-03,1.01691048e+02,7.98845139e+01,1.84689960e+01,2.80396312e-01,5.00580609e-01
5345803-S04-156I3-A-L-B-190,20.02.2020-06:48:23,2.10000000e+01,6.40227556e-01,8.87654114e+00,1.98250078e-03,1.13758125e+02,8.00899963e+01,1.85262108e+01,2.82013714e-01,4.73616302e-01
5345803-S04-156I3-A-L-B-190,20.02.2020-06:48:25,2.00000000e+01,6.40431046e-01,8.88111591e+00,1.70111237e-03,1.15898788e+02,8.03565674e+01,1.86033630e+01,2.22162336e-01,4.16789770e-01
5345803-S04-156I3-A-L-B-190,20.02.2020-06:48:35,1.90000000e+01,6.42912924e-01,8.92471504e+00,1.88521936e-03,1.03050484e+02,8.01894760e+01,1.87281151e+01,3.74856651e-01,5.79043567e-01
5345803-S04-156I3-A-L-B-190,20.02.2020-06:45:20,8.00000000e+00,6.49021447e-01,8.95135689e+00,2.03549583e-03,4.63943451e+02,8.02505646e+01,1.89769421e+01,6.74584061e-02,1.26121268e-01
5345803-S04-156I3-A-L-B-190,20.02.2020-06:45:22,1.90000000e+01,6.43069148e-01,8.95698452e+00,2.12231907e-03,1.48709198e+02,7.99286499e+01,1.87392464e+01,2.32269749e-01,5.12556911e-01
5345803-S04-156I3-A-L-B-190,20.02.2020-06:45:24,1.90000000e+01,6.45527065e-01,8.95370865e+00,2.02386989e-03,1.05451912e+02,7.98399734e+01,1.87831306e+01,2.43968159e-01,4.08718169e-01
5345803-S04-156I3-A-L-B-190,20.02.2020-06:45:26,8.00000000e+00,6.47340834e-01,8.98304558e+00,2.04973272e-03,1.57492844e+02,7.99672012e+01,1.89277363e+01,1.39751881e-01,1.97382778e-01
5345803-S04-156I3-A-L-B-190,20.02.2020-06:45:29,8.00000000e+00,6.47485912e-01,8.98607349e+00,1.97121478e-03,1.77305740e+02,7.99426804e+01,1.89325542e+01,1.80791289e-01,2.57293314e-01
5345803-S04-156I3-A-L-B-190,20.02.2020-06:45:31,8.00000000e+00,6.48485959e-01,8.96446609e+00,2.12368462e-03,1.83903549e+02,8.01738892e+01,1.89709091e+01,1.59987122e-01,2.47722700e-01
5345803-S04-156I3-A-L-B-190,20.02.2020-06:45:33,9.00000000e+00,6.47150993e-01,8.96839046e+00,2.17958004e-03,1.51138962e+02,7.99011688e+01,1.88757172e+01,1.74631298e-01,2.40910307e-01
5345803-S04-156I3-A-L-B-190,20.02.2020-06:45:35,9.00000000e+00,6.46483302e-01,8.94667053e+00,2.22954736e-03,2.07894028e+02,7.99366989e+01,1.88189411e+01,1.32705569e-01,1.87429175e-01
5345803-S04-156I3-A-L-B-190,20.02.2020-06:45:37,8.00000000e+00,6.50749445e-01,8.97287750e+00,2.32581189e-03,1.63541809e+02,7.99464188e+01,1.90009251e+01,1.96146429e-01,3.16615701e-01
5345803-S04-156I3-A-L-B-190,20.02.2020-06:45:39,1.90000000e+01,6.44996405e-01,8.95857048e+00,2.06427276e-03,1.46808517e+02,7.99204178e+01,1.87968006e+01,1.53595433e-01,2.32685462e-01
5345803-S04-156I3-A-L-B-190,20.02.2020-06:46:23,1.90000000e+01,6.44812584e-01,8.94039249e+00,2.08972115e-03,5.74962616e+01,7.97437592e+01,1.87118607e+01,4.14642900e-01,5.16820729e-01
5345803-S04-156I3-A-L-B-190,20.02.2020-06:46:25,1.90000000e+01,6.44721091e-01,8.94505405e+00,2.05244171e-03,4.25308151e+01,7.97681274e+01,1.87246799e+01,5.63767672e-01,6.53299868e-01
5345803-S04-156I3-A-L-B-190,20.02.2020-06:46:27,9.00000000e+00,6.47320867e-01,8.94682503e+00,2.00435845e-03,1.60707092e+02,7.99625549e+01,1.88497410e+01,1.52600959e-01,2.68372744e-01
5345803-S04-156I3-A-L-B-190,20.02.2020-06:46:29,2.10000000e+01,6.42211378e-01,8.85630798e+00,1.88916479e-03,1.56440811e+02,7.99728470e+01,1.85141354e+01,1.98352039e-01,4.47549850e-01
5345803-S04-156I3-A-L-B-190,20.02.2020-06:46:32,1.90000000e+01,6.45120144e-01,8.94779682e+00,1.95979048e-03,3.01413483e+02,7.99668121e+01,1.87886982e+01,1.24438725e-01,2.22868145e-01
5345803-S04-156I3-A-L-B-190,20.02.2020-06:46:34,1.00000000e+00,6.41279995e-01,8.86848545e+00,2.04642816e-03,7.22222824e+01,7.98051147e+01,1.84738770e+01,5.40192962e-01,8.23845088e-01
5345803-S04-156I3-A-L-B-190,20.02.2020-06:46:36,1.00000000e+00,6.41264915e-01,8.86558151e+00,1.94020802e-03,6.13687096e+01,7.97608414e+01,1.84571476e+01,4.72671658e-01,7.71970391e-01
5345803-S04-156I3-A-L-B-190,20.02.2020-06:46:38,1.90000000e+01,6.45399332e-01,8.94827175e+00,2.14832393e-03,4.09988098e+01,7.96963654e+01,1.87342548e+01,6.52613103e-01,8.26898515e-01
5345803-S04-156I3-A-L-B-190,20.02.2020-06:46:40,2.00000000e+01,6.42714143e-01,8.92212868e+00,1.93967426e-03,7.06778183e+01,7.99148865e+01,1.86528091e+01,4.27939683e-01,7.11580753e-01
5345803-S04-156I3-A-L-B-190,20.02.2020-06:46:42,2.00000000e+01,6.42488956e-01,8.92638969e+00,2.17262004e-03,5.36160202e+01,7.97394333e+01,1.86142216e+01,7.52958417e-01,1.01411450e+00
5345803-S04-156I3-A-L-B-190,20.02.2020-06:47:05,1.90000000e+01,6.44610226e-01,8.93937874e+00,1.91471516e-03,8.11689835e+01,8.00165176e+01,1.87678432e+01,3.71309698e-01,5.18353224e-01
5345803-S04-156I3-A-L-B-190,20.02.2020-06:47:07,2.10000000e+01,6.41441166e-01,8.86353874e+00,1.82295800e-03,9.91187592e+01,7.99596634e+01,1.85039768e+01,3.80902767e-01,7.95984089e-01
5345803-S04-156I3-A-L-B-190,20.02.2020-06:47:09,9.00000000e+00,6.45984530e-01,8.95450687e+00,2.00733473e-03,8.89139938e+01,7.98676071e+01,1.88046246e+01,3.99440348e-01,5.33491671e-01
5345803-S04-156I3-A-L-B-190,20.02.2020-06:47:11,2.00000000e+01,6.44133568e-01,8.91342354e+00,2.11577234e-03,2.29345062e+02,7.98577271e+01,1.86624050e+01,1.89394251e-01,2.90890574e-01
5345803-S04-156I3-A-L-B-190,20.02.2020-06:47:13,1.90000000e+01,6.45107806e-01,8.92481232e+00,1.95471314e-03,1.73533859e+02,7.98881912e+01,1.87216511e+01,1.59703255e-01,1.92460611e-01
5345803-S04-156I3-A-L-B-190,20.02.2020-06:47:15,1.00000000e+00,6.40164554e-01,8.84049511e+00,1.76146440e-03,8.60490341e+01,7.99599304e+01,1.84192028e+01,3.75128984e-01,8.02760541e-01
5345803-S04-156I3-A-L-B-190,20.02.2020-06:47:18,1.90000000e+01,6.45356655e-01,8.92845631e+00,2.08517094e-03,9.42976379e+01,7.98864975e+01,1.87361259e+01,2.35527635e-01,3.53731751e-01
5345803-S04-156I3-A-L-B-190,20.02.2020-06:47:20,2.00000000e+01,6.44275188e-01,8.88582993e+00,2.10606470e-03,1.01904732e+02,7.99005966e+01,1.86187115e+01,4.13177162e-01,8.56067896e-01
5345803-S04-156I3-A-L-B-190,20.02.2020-06:47:22,1.90000000e+01,6.45830810e-01,8.93043900e+00,1.83458987e-03,1.15806793e+02,8.00750046e+01,1.87983055e+01,2.77258128e-01,5.18834174e-01
5345803-S04-156I3-A-L-B-190,20.02.2020-06:47:24,9.00000000e+00,6.46314263e-01,8.96266174e+00,2.19870498e-03,1.19869331e+02,7.98104477e+01,1.88178787e+01,2.39366055e-01,3.25969577e-01
5345803-S04-156I3-A-L-B-190,20.02.2020-06:48:37,9.00000000e+00,6.43546820e-01,8.92845726e+00,1.80950598e-03,8.21759491e+01,8.04459381e+01,1.88144207e+01,2.84188241e-01,4.21176642e-01
5345803-S04-156I3-A-L-B-190,20.02.2020-06:48:39,9.00000000e+00,6.43762171e-01,8.95339966e+00,1.70401682e-03,1.17386314e+02,8.04109955e+01,1.88650970e+01,2.92411804e-01,3.75943452e-01
5345803-S04-156I3-A-L-B-190,20.02.2020-06:48:41,1.90000000e+01,6.43900931e-01,8.93124866e+00,1.83776335e-03,9.62975235e+01,8.03031998e+01,1.87972469e+01,2.48403013e-01,3.25363666e-01
5345803-S04-156I3-A-L-B-190,20.02.2020-06:48:43,1.90000000e+01,6.42320275e-01,8.91062164e+00,1.92145328e-03,6.43183670e+01,8.04195633e+01,1.87349072e+01,3.32202435e-01,4.70875978e-01
5345803-S04-156I3-A-L-B-190,20.02.2020-06:48:45,1.90000000e+01,6.41980708e-01,8.90513325e+00,1.73928286e-03,9.32249680e+01,8.04098358e+01,1.87112045e+01,2.96723545e-01,4.97564584e-01
5345803-S04-156I3-A-L-B-190,20.02.2020-06:48:47,2.00000000e+00,6.36448801e-01,8.79869270e+00,1.82080164e-03,6.35384140e+01,7.99092178e+01,1.82141418e+01,4.51218367e-01,8.46944451e-01
5345803-S04-156I3-A-L-B-190,20.02.2020-06:48:49,1.90000000e+01,6.43820465e-01,8.95889473e+00,2.28559971e-03,6.62505951e+01,7.99600830e+01,1.87725220e+01,3.20983529e-01,4.26148176e-01
5345803-S04-156I3-A-L-B-190,20.02.2020-06:48:51,1.00000000e+00,6.37719870e-01,8.85261059e+00,1.80848222e-03,6.12183990e+01,8.03740845e+01,1.84691772e+01,4.55911636e-01,9.02963102e-01
5345803-S04-156I3-A-L-B-190,20.02.2020-06:48:53,2.00000000e+00,6.34999990e-01,8.90250683e+00,1.82738004e-03,4.81804047e+01,7.97374573e+01,1.83475742e+01,5.28514266e-01,8.97333920e-01
5345803-S04-156I3-A-L-B-190,20.02.2020-06:48:56,2.00000000e+00,6.39260530e-01,8.84997463e+00,2.18470977e-03,2.18259598e+02,7.98336716e+01,1.83838406e+01,1.14929177e-01,1.90011904e-01
5345803-S04-156I3-A-L-B-190,20.02.2020-06:49:19,2.10000000e+01,6.41356766e-01,8.87319088e+00,2.24020216e-03,6.71827316e+01,8.01301651e+01,1.85611858e+01,3.44500035e-01,4.35787052e-01
5345803-S04-156I3-A-L-B-190,20.02.2020-06:49:21,2.10000000e+01,6.41254067e-01,8.87398815e+00,2.10247072e-03,1.02117096e+02,8.00298920e+01,1.85366573e+01,2.60467052e-01,3.65768254e-01
5345803-S04-156I3-A-L-B-190,20.02.2020-06:49:23,3.00000000e+00,6.35784745e-01,8.81373882e+00,2.46439688e-03,1.13275734e+02,7.96298523e+01,1.81625328e+01,3.57592434e-01,9.65928674e-01
5345803-S04-156I3-A-L-B-190,20.02.2020-06:49:25,2.00000000e+00,6.37789786e-01,8.82948971e+00,2.00493983e-03,5.88278542e+01,7.97638245e+01,1.82830772e+01,4.70105082e-01,8.93945992e-01
5345803-S04-156I3-A-L-B-190,20.02.2020-06:49:27,1.90000000e+01,6.43697262e-01,8.93145084e+00,1.92162767e-03,7.33855820e+01,8.02433701e+01,1.87777271e+01,3.05116117e-01,4.46956754e-01
5345803-S04-156I3-A-L-B-190,20.02.2020-06:49:29,9.00000000e+00,6.44633532e-01,8.94917965e+00,1.84384303e-03,6.90026703e+01,8.01761780e+01,1.88265896e+01,3.05777580e-01,3.89123380e-01
5345803-S04-156I3-A-L-B-190,20.02.2020-06:49:31,3.00000000e+00,6.36350811e-01,8.78715801e+00,1.98317668e-03,3.83914528e+01,7.97440720e+01,1.81498737e+01,7.01925874e-01,1.18553734e+00
5345803-S04-156I3-A-L-B-190,20.02.2020-06:49:33,1.90000000e+01,6.43156588e-01,8.92134953e+00,1.63150299e-03,3.94124489e+01,8.01532822e+01,1.87196960e+01,4.76930499e-01,5.83458066e-01
5345803-S04-156I3-A-L-B-190,20.02.2020-06:49:35,1.90000000e+01,6.43955946e-01,8.93461037e+00,1.79868529e-03,4.78992157e+01,8.01358261e+01,1.87667332e+01,5.29697478e-01,6.46533430e-01
5345803-S04-156I3-A-L-B-190,20.02.2020-06:49:37,3.00000000e+00,6.36735737e-01,8.78941822e+00,1.58976088e-03,4.43033714e+01,7.98767242e+01,1.81957436e+01,6.14479601e-01,1.00343347e+00
5345803-S04-156I3-A-L-B-190,20.02.2020-06:50:12,2.00000000e+00,6.34637415e-01,8.88945770e+00,1.88010628e-03,1.60429901e+02,7.96893616e+01,1.82991734e+01,2.48990074e-01,5.38999021e-01
5345803-S04-156I3-A-L-B-190,20.02.2020-06:50:14,2.00000000e+01,6.41287744e-01,8.92314434e+00,1.97535730e-03,2.54169403e+02,7.99972839e+01,1.86327209e+01,9.84016061e-02,2.29644522e-01
5345803-S04-156I3-A-L-B-190,20.02.2020-06:50:16,1.30000000e+01,6.35581911e-01,8.62937737e+00,1.61594164e-03,1.04282585e+02,7.90922165e+01,1.76569176e+01,2.19508916e-01,2.62860835e-01
5345803-S04-156I3-A-L-B-190,20.02.2020-06:50:18,9.00000000e+00,6.44974768e-01,8.92454910e+00,1.70986471e-03,1.16667442e+02,8.02992859e+01,1.88135567e+01,2.52623618e-01,3.21974993e-01
5345803-S04-156I3-A-L-B-190,20.02.2020-06:50:20,1.90000000e+01,6.44731939e-01,8.91377926e+00,1.89849338e-03,5.97845039e+01,8.01547775e+01,1.87499752e+01,3.58718425e-01,4.76723880e-01
5345803-S04-156I3-A-L-B-190,20.02.2020-06:50:22,1.90000000e+01,6.44986928e-01,8.91363811e+00,1.82912662e-03,1.29669052e+02,8.01410599e+01,1.87538815e+01,2.20036939e-01,3.31185669e-01
5345803-S04-156I3-A-L-B-190,20.02.2020-06:50:25,9.00000000e+00,6.45550668e-01,8.95916462e+00,1.82890776e-03,2.45103806e+02,8.00370026e+01,1.88416481e+01,8.01866502e-02,1.00887999e-01
5345803-S04-156I3-A-L-B-190,20.02.2020-06:50:27,9.00000000e+00,6.45034313e-01,8.95337105e+00,1.97040779e-03,7.56097717e+02,8.00189209e+01,1.88101521e+01,3.53843533e-02,5.72010987e-02
5345803-S04-156I3-A-L-B-190,20.02.2020-06:50:29,2.10000000e+01,6.43348038e-01,8.89487648e+00,2.49293284e-03,7.84513321e+01,7.95455856e+01,1.85281563e+01,4.83919859e-01,6.96041346e-01
5345803-S04-156I3-A-L-B-190,20.02.2020-06:50:31,9.00000000e+00,6.47393286e-01,8.94928646e+00,2.17545801e-03,8.40404587e+01,7.97712326e+01,1.88119183e+01,3.30936939e-01,4.57271397e-01
5345803-S04-156I3-A-L-B-190,20.02.2020-06:51:15,2.40000000e+01,6.46267891e-01,8.95438004e+00,1.95809407e-03,8.69216251e+00,7.93000412e+01,1.86789169e+01,3.79088497e+00,4.36145496e+00
5345803-S04-156I3-A-L-B-190,20.02.2020-06:51:18,1.40000000e+01,6.44341290e-01,8.95284367e+00,1.92121463e-03,1.29479685e+01,7.98307953e+01,1.87446632e+01,1.67601550e+00,2.13146162e+00
5345803-S04-156I3-A-L-B-190,20.02.2020-06:51:20,2.40000000e+01,6.46335006e-01,8.94073486e+00,1.98499858e-03,9.77977467e+00,7.94025497e+01,1.86765003e+01,2.96026516e+00,3.42822218e+00
5345803-S04-156I3-A-L-B-190,20.02.2020-06:51:22,7.00000000e+00,6.51152253e-01,9.01052284e+00,1.93919684e-03,1.81543991e+02,8.02591934e+01,1.91671486e+01,2.37404674e-01,2.86957920e-01
5345803-S04-156I3-A-L-B-190,20.02.2020-06:51:24,9.00000000e+00,6.46559238e-01,8.95983505e+00,1.94911170e-03,1.07187744e+02,8.00526352e+01,1.88761826e+01,2.67271876e-01,4.16525334e-01
5345803-S04-156I3-A-L-B-190,20.02.2020-06:51:26,2.40000000e+01,6.47853911e-01,8.99477673e+00,2.09798897e-03,1.56841116e+01,7.95252914e+01,1.88626614e+01,2.37102866e+00,2.77733660e+00
5345803-S04-156I3-A-L-B-190,20.02.2020-06:51:28,1.90000000e+01,6.44119203e-01,8.91005898e+00,1.87274511e-03,1.45567795e+02,8.01027603e+01,1.87121849e+01,2.01992735e-01,6.70981109e-01
5345803-S04-156I3-A-L-B-190,20.02.2020-06:51:30,2.40000000e+01,6.42805755e-01,8.92252731e+00,2.18748394e-03,9.35763073e+00,7.92139511e+01,1.84926662e+01,2.92831635e+00,3.45781732e+00
5345803-S04-156I3-A-L-B-190,20.02.2020-06:51:32,8.00000000e+00,6.46293402e-01,9.00958538e+00,2.12439662e-03,6.55747528e+01,8.01387787e+01,1.89936047e+01,3.82002681e-01,5.13472855e-01
5345803-S04-156I3-A-L-B-190,20.02.2020-06:51:34,1.40000000e+01,6.38113737e-01,8.96759319e+00,2.34385976e-03,1.48153830e+01,7.86029358e+01,1.83080864e+01,1.74403882e+00,2.04167819e+00
5345803-S04-156I3-A-L-B-190,20.02.2020-06:52:18,3.00000000e+00,6.31752670e-01,8.83365440e+00,1.88016694e-03,1.10610802e+02,7.94486008e+01,1.80469551e+01,3.75227302e-01,1.02685153e+00
5345803-S04-156I3-A-L-B-190,20.02.2020-06:52:20,1.90000000e+01,6.42929137e-01,8.90165710e+00,1.93984900e-03,1.60534790e+02,8.03579636e+01,1.87194500e+01,1.69220865e-01,3.89970660e-01
5345803-S04-156I3-A-L-B-190,20.02.2020-06:52:22,1.90000000e+01,6.44121945e-01,8.95266533e+00,2.05919007e-03,1.38197800e+02,8.00841141e+01,1.87973652e+01,2.15983853e-01,2.69896239e-01
5345803-S04-156I3-A-L-B-190,20.02.2020-06:52:24,3.00000000e+00,6.31414950e-01,8.83453083e+00,2.06179288e-03,1.12467758e+02,7.93332672e+01,1.80129089e+01,4.13677335e-01,1.10294962e+00
5345803-S04-156I3-A-L-B-190,20.02.2020-06:52:26,1.90000000e+01,6.43742383e-01,8.90234375e+00,1.89059309e-03,1.12935608e+02,8.01900024e+01,1.87053947e+01,2.42452219e-01,5.05828261e-01
5345803-S04-156I3-A-L-B-190,20.02.2020-06:52:29,1.90000000e+01,6.43717527e-01,8.94675732e+00,1.62074273e-03,8.57060242e+01,8.01411362e+01,1.87865334e+01,2.62918144e-01,4.01516587e-01
5345803-S04-156I3-A-L-B-190,20.02.2020-06:52:31,1.90000000e+01,6.43147171e-01,8.90455627e+00,1.83264539e-03,9.16760330e+01,8.03762131e+01,1.87361507e+01,2.62459099e-01,5.27919948e-01
5345803-S04-156I3-A-L-B-190,20.02.2020-06:52:33,1.90000000e+01,6.44477308e-01,8.93141270e+00,1.83464296e-03,1.19977882e+02,8.01020126e+01,1.87672844e+01,1.75046593e-01,3.41872483e-01
5345803-S04-156I3-A-L-B-190,20.02.2020-06:52:35,9.00000000e+00,6.45042479e-01,8.92669106e+00,1.83703634e-03,8.05171738e+01,8.02616959e+01,1.88112373e+01,2.20299512e-01,3.12899083e-01
5345803-S04-156I3-A-L-B-190,20.02.2020-06:52:37,1.90000000e+01,6.43979609e-01,8.90394497e+00,1.65910868e-03,9.50127716e+01,8.03196182e+01,1.87459049e+01,2.89245009e-01,5.77154219e-01
5345803-S04-156I3-A-L-B-190,20.02.2020-06:47:47,1.90000000e+01,6.44098520e-01,8.95697594e+00,2.03186716e-03,1.21613907e+02,7.99723206e+01,1.87794819e+01,3.05436254e-01,5.02133667e-01
5345803-S04-156I3-A-L-B-190,20.02.2020-06:47:49,1.90000000e+01,6.45118296e-01,8.93881226e+00,2.10611220e-03,1.52874252e+02,7.99568329e+01,1.87674370e+01,2.21645474e-01,2.90330946e-01
5345803-S04-156I3-A-L-B-190,20.02.2020-06:47:51,9.00000000e+00,6.45214975e-01,8.94667530e+00,1.83518603e-03,7.92629318e+01,8.00865173e+01,1.88172321e+01,3.04356128e-01,3.67908090e-01
5345803-S04-156I3-A-L-B-190,20.02.2020-06:47:53,2.10000000e+01,6.41628683e-01,8.88400936e+00,1.81069912e-03,3.14358864e+01,7.98908157e+01,1.85361633e+01,9.00689602e-01,1.32067585e+00
5345803-S04-156I3-A-L-B-190,20.02.2020-06:47:55,2.00000000e+01,6.44370139e-01,8.91802883e+00,1.83393911e-03,7.74485245e+01,7.98925858e+01,1.86870594e+01,5.30715466e-01,7.18083918e-01
5345803-S04-156I3-A-L-B-190,20.02.2020-06:47:57,8.00000000e+00,6.47891939e-01,8.97015476e+00,1.83463283e-03,7.34859314e+01,8.01961288e+01,1.89708195e+01,4.49480921e-01,5.31193733e-01
5345803-S04-156I3-A-L-B-190,20.02.2020-06:48:00,1.00000000e+00,6.40737414e-01,8.84811687e+00,1.99013506e-03,4.94817543e+01,7.97634964e+01,1.84062500e+01,7.75839567e-01,1.22280097e+00
5345803-S04-156I3-A-L-B-190,20.02.2020-06:48:02,2.00000000e+01,6.43898070e-01,8.92089939e+00,2.04027654e-03,7.10553436e+01,7.96806183e+01,1.86298199e+01,4.24341023e-01,4.98953164e-01
5345803-S04-156I3-A-L-B-190,20.02.2020-06:48:04,2.00000000e+01,6.45170093e-01,8.92861271e+00,1.97434425e-03,3.04991817e+01,7.97534790e+01,1.86998482e+01,1.13438523e+00,1.40356636e+00
5345803-S04-156I3-A-L-B-190,20.02.2020-06:48:06,8.00000000e+00,6.47748649e-01,8.99407005e+00,2.19779462e-03,1.33684311e+02,8.00630569e+01,1.89856339e+01,2.45234549e-01,3.13054055e-01
5345803-S04-156I3-A-L-B-190,20.02.2020-06:48:58,1.00000000e+00,6.37585938e-01,8.83798409e+00,1.95198401e-03,1.14475197e+02,8.02366486e+01,1.84032669e+01,2.90980488e-01,5.58374286e-01
5345803-S04-156I3-A-L-B-190,20.02.2020-06:49:00,2.00000000e+00,6.36924267e-01,8.81439590e+00,1.81512069e-03,5.06323624e+01,7.97773056e+01,1.82301369e+01,4.60932076e-01,6.35563493e-01
5345803-S04-156I3-A-L-B-190,20.02.2020-06:49:02,3.00000000e+00,6.37852013e-01,8.77550220e+00,1.96809554e-03,6.20931435e+01,7.97901993e+01,1.81790695e+01,4.46645647e-01,8.32755923e-01
5345803-S04-156I3-A-L-B-190,20.02.2020-06:49:04,1.00000000e+00,6.39001250e-01,8.85860729e+00,2.25869077e-03,5.44708176e+01,7.99963913e+01,1.84318008e+01,4.33175325e-01,5.14196157e-01
5345803-S04-156I3-A-L-B-190,20.02.2020-06:49:06,2.00000000e+01,6.42528296e-01,8.91954422e+00,2.35343492e-03,7.53577881e+01,8.01340256e+01,1.86931305e+01,2.93814808e-01,3.53520006e-01
5345803-S04-156I3-A-L-B-190,20.02.2020-06:49:08,2.00000000e+00,6.38023913e-01,8.83414650e+00,2.11510225e-03,6.95684052e+01,7.98928757e+01,1.83290443e+01,3.68034065e-01,5.46262324e-01
5345803-S04-156I3-A-L-B-190,20.02.2020-06:49:10,2.00000000e+00,6.39037669e-01,8.83169746e+00,1.88134413e-03,6.24526215e+01,7.99488602e+01,1.83659363e+01,3.92747343e-01,5.82343280e-01
5345803-S04-156I3-A-L-B-190,20.02.2020-06:49:12,2.00000000e+01,6.43251300e-01,8.91807461e+00,2.28552008e-03,5.60714226e+01,8.00740814e+01,1.86970863e+01,4.49821919e-01,5.33750176e-01
5345803-S04-156I3-A-L-B-190,20.02.2020-06:49:14,2.00000000e+01,6.41747952e-01,8.89116669e+00,2.10743607e-03,1.12628975e+02,8.02991486e+01,1.86493816e+01,3.24739516e-01,3.93126845e-01
5345803-S04-156I3-A-L-B-190,20.02.2020-06:49:17,1.00000000e+00,6.39637351e-01,8.88191319e+00,1.97732146e-03,6.77969437e+01,7.99770355e+01,1.84942131e+01,3.79818410e-01,5.58997929e-01
5345803-S04-156I3-A-L-B-190,20.02.2020-06:49:39,1.90000000e+01,6.43036008e-01,8.93034744e+00,1.94451236e-03,5.61956635e+01,8.02648849e+01,1.87611504e+01,5.31003058e-01,7.05583096e-01
5345803-S04-156I3-A-L-B-190,20.02.2020-06:49:42,2.00000000e+00,6.36822104e-01,8.82852745e+00,2.02353066e-03,3.67121811e+01,7.97560272e+01,1.82515621e+01,7.76105583e-01,1.23867679e+00
5345803-S04-156I3-A-L-B-190,20.02.2020-06:49:44,2.00000000e+01,6.42461002e-01,8.91339874e+00,1.66169647e-03,6.10954361e+01,8.01934891e+01,1.86921558e+01,4.42197025e-01,6.35628223e-01
5345803-S04-156I3-A-L-B-190,20.02.2020-06:49:46,2.10000000e+01,6.39322340e-01,8.87124443e+00,2.03275238e-03,4.04666862e+01,8.01874313e+01,1.85114727e+01,5.59506595e-01,8.57591212e-01
5345803-S04-156I3-A-L-B-190,20.02.2020-06:49:48,2.10000000e+01,6.40685380e-01,8.89460087e+00,2.04882817e-03,5.27435646e+01,7.99724197e+01,1.85499058e+01,5.28421402e-01,7.37778366e-01
5345803-S04-156I3-A-L-B-190,20.02.2020-06:50:00,2.10000000e+01,6.39794409e-01,8.88402653e+00,2.06599664e-03,4.63620529e+01,8.01010437e+01,1.85318470e+01,5.76383650e-01,8.66344273e-01
5345803-S04-156I3-A-L-B-190,20.02.2020-06:50:04,2.00000000e+00,6.38153374e-01,8.84122562e+00,1.87275431e-03,3.32638206e+01,8.00947876e+01,1.83938217e+01,9.36284184e-01,1.28822207e+00
5345803-S04-156I3-A-L-B-190,20.02.2020-06:50:06,1.00000000e+00,6.39457822e-01,8.85453796e+00,1.88679725e-03,2.77661476e+01,8.00385056e+01,1.84462032e+01,8.28637183e-01,1.07191384e+00
5345803-S04-156I3-A-L-B-190,20.02.2020-06:50:08,2.10000000e+01,6.39357984e-01,8.90328217e+00,2.03690398e-03,3.17360363e+01,8.00446548e+01,1.85462780e+01,8.63974571e-01,1.08602953e+00
5345803-S04-156I3-A-L-B-190,20.02.2020-06:50:10,9.00000000e+00,6.45138919e-01,8.97536182e+00,1.80797256e-03,2.14583450e+02,8.00519943e+01,1.88672047e+01,9.88798663e-02,1.20559037e-01
5345803-S04-156I3-A-L-B-190,20.02.2020-06:50:33,1.90000000e+01,6.44098520e-01,8.98628616e+00,2.07545538e-03,6.72223206e+01,7.95395813e+01,1.87389832e+01,3.94183040e-01,4.55060244e-01
5345803-S04-156I3-A-L-B-190,20.02.2020-06:50:35,1.90000000e+01,6.45348728e-01,8.90294647e+00,1.80957851e-03,1.71978729e+02,8.00914154e+01,1.87302856e+01,2.42029503e-01,5.23211002e-01
5345803-S04-156I3-A-L-B-190,20.02.2020-06:50:37,9.00000000e+00,6.46614373e-01,8.95318508e+00,1.74496998e-03,1.35840103e+02,8.00840988e+01,1.88711948e+01,2.44032338e-01,3.46384734e-01
5345803-S04-156I3-A-L-B-190,20.02.2020-06:50:39,9.00000000e+00,6.48041964e-01,8.95218468e+00,2.16833153e-03,1.35905197e+02,7.98835602e+01,1.88633919e+01,1.61060527e-01,2.59856313e-01
5345803-S04-156I3-A-L-B-190,20.02.2020-06:50:41,2.00000000e+01,6.43337429e-01,8.90979099e+00,2.20460282e-03,7.23525238e+01,7.98942032e+01,1.86402531e+01,4.09405112e-01,6.21625662e-01
5345803-S04-156I3-A-L-B-190,20.02.2020-06:50:43,2.40000000e+01,6.20329380e-01,8.80430031e+00,-3.19867366e-04,1.37380511e-01,4.75611229e+01,1.05730324e+01,,
5345803-S04-156I3-A-L-B-190,20.02.2020-06:50:46,2.00000000e+01,6.43518686e-01,8.92398357e+00,2.00744951e-03,3.11405697e+01,7.98123779e+01,1.86560783e+01,1.00675106e+00,1.26013410e+00
5345803-S04-156I3-A-L-B-190,20.02.2020-06:50:48,9.00000000e+00,6.47483230e-01,8.95350838e+00,2.02925550e-03,1.25369133e+02,8.00478745e+01,1.88886871e+01,1.97727427e-01,2.60162055e-01
5345803-S04-156I3-A-L-B-190,20.02.2020-06:50:50,2.00000000e+00,6.38427734e-01,8.96327782e+00,2.19349028e-03,1.00001350e+02,7.89631729e+01,1.83921852e+01,3.08659792e-01,4.03881162e-01
5345803-S04-156I3-A-L-B-190,20.02.2020-06:50:52,1.40000000e+01,6.42402530e-01,8.93866634e+00,1.79504231e-03,1.45967016e+01,7.98145599e+01,1.86548729e+01,1.41924703e+00,1.72164679e+00
5345803-S04-156I3-A-L-B-190,20.02.2020-06:51:36,7.00000000e+00,6.49515390e-01,8.99727535e+00,1.97071722e-03,6.87783966e+01,8.02901764e+01,1.90982265e+01,3.80575657e-01,4.80615705e-01
5345803-S04-156I3-A-L-B-190,20.02.2020-06:51:38,2.40000000e+01,6.43785894e-01,8.98679161e+00,2.07146094e-03,8.24622440e+00,7.91381989e+01,1.86364193e+01,3.03481793e+00,3.45415449e+00
5345803-S04-156I3-A-L-B-190,20.02.2020-06:51:41,9.00000000e+00,6.45959318e-01,8.96458721e+00,2.05841893e-03,1.24519653e+02,7.97983170e+01,1.88087273e+01,2.02559993e-01,3.32013100e-01
5345803-S04-156I3-A-L-B-190,20.02.2020-06:51:43,2.40000000e+01,6.42375946e-01,8.92103386e+00,2.12304946e-03,7.41849422e+00,7.91827164e+01,1.84699192e+01,3.70106864e+00,4.32526588e+00
5345803-S04-156I3-A-L-B-190,20.02.2020-06:51:45,2.40000000e+01,6.45118773e-01,8.93411541e+00,1.91724999e-03,8.68621731e+00,7.93628235e+01,1.86182384e+01,3.72569227e+00,4.29295015e+00
5345803-S04-156I3-A-L-B-190,20.02.2020-06:51:47,2.00000000e+01,6.43636823e-01,8.92800522e+00,1.91807211e-03,1.31942078e+02,7.98178253e+01,1.86691875e+01,2.29904860e-01,3.97890300e-01
5345803-S04-156I3-A-L-B-190,20.02.2020-06:51:49,8.00000000e+00,6.47689104e-01,8.99492645e+00,1.81220623e-03,2.28757019e+02,8.01416550e+01,1.90043335e+01,1.39623970e-01,1.70620590e-01
5345803-S04-156I3-A-L-B-190,20.02.2020-06:51:51,1.90000000e+01,6.44192338e-01,8.91631699e+00,1.79422239e-03,1.37620834e+02,8.04123993e+01,1.87998447e+01,1.79654032e-01,2.75308341e-01
5345803-S04-156I3-A-L-B-190,20.02.2020-06:51:53,1.90000000e+01,6.43646002e-01,8.93679428e+00,1.77859026e-03,1.99828537e+02,8.02761841e+01,1.87951469e+01,1.27197787e-01,2.34269381e-01
5345803-S04-156I3-A-L-B-190,20.02.2020-06:51:55,3.00000000e+00,6.30793691e-01,8.82044506e+00,1.79013109e-03,1.83082840e+02,7.96169815e+01,1.80307484e+01,3.44830632e-01,1.22471321e+00
5345803-S04-156I3-A-L-B-190,20.02.2020-06:52:39,1.90000000e+01,6.44201338e-01,8.90587521e+00,1.80130091e-03,1.30143341e+02,8.01813583e+01,1.87241383e+01,1.94796413e-01,4.04212356e-01
5345803-S04-156I3-A-L-B-190,20.02.2020-06:52:41,9.00000000e+00,6.45557106e-01,8.92749023e+00,1.87699962e-03,3.38991089e+01,8.01674652e+01,1.88058243e+01,4.18015033e-01,5.22759914e-01
5345803-S04-156I3-A-L-B-190,20.02.2020-06:52:43,2.00000000e+00,6.37350976e-01,8.86193371e+00,1.94710190e-03,2.00302917e+02,7.97965775e+01,1.83451633e+01,2.17452556e-01,9.60754156e-01
5345803-S04-156I3-A-L-B-190,20.02.2020-06:52:45,2.00000000e+00,6.37739778e-01,8.84921837e+00,1.83119613e-03,1.70344833e+02,7.98372040e+01,1.83393497e+01,2.45076910e-01,9.95694578e-01
5345803-S04-156I3-A-L-B-190,20.02.2020-06:52:47,1.90000000e+01,6.44310951e-01,8.91364193e+00,2.17089057e-03,1.52645935e+02,8.00093307e+01,1.87034416e+01,2.17456892e-01,3.20727825e-01
5345803-S04-156I3-A-L-B-190,20.02.2020-06:52:49,1.90000000e+01,6.45466268e-01,8.88471127e+00,2.01615551e-03,6.75515900e+01,8.02874603e+01,1.87410889e+01,2.95804083e-01,7.02237546e-01
5345803-S04-156I3-A-L-B-190,20.02.2020-06:52:52,1.90000000e+01,6.44630790e-01,8.92882347e+00,1.69335247e-03,1.13260796e+02,8.02241745e+01,1.87949295e+01,1.81925222e-01,3.14964145e-01
5345803-S04-156I3-A-L-B-190,20.02.2020-06:52:54,2.10000000e+01,6.39464259e-01,8.91377068e+00,2.21804460e-03,4.25404663e+01,7.97401810e+01,1.85005722e+01,4.86916989e-01,6.41979396e-01
5345803-S04-156I3-A-L-B-190,20.02.2020-06:52:56,1.90000000e+01,6.43601358e-01,8.91566086e+00,1.74973125e-03,8.44483871e+01,8.01069794e+01,1.87098808e+01,2.04958320e-01,4.05810773e-01
5345803-S04-156I3-A-L-B-190,20.02.2020-06:52:58,1.90000000e+01,6.45687401e-01,8.91329002e+00,1.86589092e-03,7.12416077e+01,8.02105408e+01,1.87897930e+01,3.03321242e-01,4.84212250e-01
5345803-S04-156I3-A-L-B-190,20.02.2020-06:53:21,1.90000000e+01,6.46833181e-01,8.90940189e+00,1.96327525e-03,1.43276001e+02,8.00922394e+01,1.87871742e+01,2.09059328e-01,2.69839734e-01
5345803-S04-156I3-A-L-B-190,20.02.2020-06:53:23,9.00000000e+00,6.46484673e-01,8.91563606e+00,1.84012437e-03,3.86874634e+02,8.02511139e+01,1.88274651e+01,4.16945964e-02,7.95640871e-02
5345803-S04-156I3-A-L-B-190,20.02.2020-06:53:25,9.00000000e+00,6.46485329e-01,8.91284847e+00,1.97880226e-03,1.29689560e+02,8.03433228e+01,1.88432255e+01,2.51464486e-01,5.87631583e-01
5345803-S04-156I3-A-L-B-190,20.02.2020-06:53:27,9.00000000e+00,6.45985186e-01,8.92685890e+00,1.83529826e-03,1.74175522e+02,8.04015732e+01,1.88719158e+01,1.90975189e-01,5.70742786e-01
5345803-S04-156I3-A-L-B-190,20.02.2020-06:53:29,1.90000000e+01,6.43174648e-01,8.93189430e+00,1.98519905e-03,1.02318474e+02,7.99911575e+01,1.87044373e+01,2.58114278e-01,4.82525498e-01
5345803-S04-156I3-A-L-B-190,20.02.2020-06:53:31,9.00000000e+00,6.44714653e-01,8.92850685e+00,1.89597486e-03,1.23536087e+02,8.02652283e+01,1.88063278e+01,1.72090068e-01,2.30113670e-01
5345803-S04-156I3-A-L-B-190,20.02.2020-06:53:34,9.00000000e+00,6.46745443e-01,8.92471027e+00,1.82421389e-03,1.02856216e+02,8.01104584e+01,1.88211823e+01,2.11628973e-01,4.05290812e-01
5345803-S04-156I3-A-L-B-190,20.02.2020-06:53:36,1.90000000e+01,6.45851016e-01,8.91017628e+00,1.88935793e-03,7.49926529e+01,8.01771851e+01,1.87801743e+01,3.57660413e-01,6.02507234e-01
5345803-S04-156I3-A-L-B-190,20.02.2020-06:53:38,1.90000000e+01,6.43660903e-01,8.91870975e+00,1.75415899e-03,4.35546722e+01,8.02481079e+01,1.87509880e+01,5.09305298e-01,6.92067266e-01
5345803-S04-156I3-A-L-B-190,20.02.2020-06:53:40,1.90000000e+01,6.43706560e-01,8.91918087e+00,1.93347444e-03,1.17945435e+02,8.02680130e+01,1.87579594e+01,2.55921751e-01,3.79263282e-01
5345803-S04-156I3-A-L-B-190,20.02.2020-06:54:03,9.00000000e+00,6.46716297e-01,8.95529175e+00,2.02889671e-03,1.81802399e+02,8.01164398e+01,1.88862343e+01,1.43309474e-01,1.88871294e-01
5345803-S04-156I3-A-L-B-190,20.02.2020-06:54:05,1.90000000e+01,6.43082023e-01,8.93587875e+00,1.92532327e-03,8.01517258e+01,7.99780960e+01,1.87070312e+01,2.53179491e-01,3.78944665e-01
5345803-S04-156I3-A-L-B-190,20.02.2020-06:54:07,9.00000000e+00,6.46139503e-01,8.93116188e+00,1.83413213e-03,8.84845734e+01,8.01760254e+01,1.88325424e+01,3.58847469e-01,6.77541316e-01
5345803-S04-156I3-A-L-B-190,20.02.2020-06:54:09,2.10000000e+01,6.40044510e-01,8.91418839e+00,1.70180970e-03,7.09936981e+01,7.99824600e+01,1.85744915e+01,3.72527450e-01,5.19915283e-01
5345803-S04-156I3-A-L-B-190,20.02.2020-06:54:11,9.00000000e+00,6.46635532e-01,8.90847111e+00,1.78709358e-03,7.55461273e+01,8.04049835e+01,1.88528004e+01,3.15669775e-01,7.12653339e-01
5345803-S04-156I3-A-L-B-190,20.02.2020-06:54:13,1.90000000e+01,6.46274924e-01,8.93000603e+00,2.14810902e-03,1.45761215e+02,7.99037170e+01,1.87700863e+01,2.12394595e-01,3.40391099e-01
5345803-S04-156I3-A-L-B-190,20.02.2020-06:54:15,9.00000000e+00,6.46555066e-01,8.92502689e+00,1.70827354e-03,3.55496979e+01,8.02665024e+01,1.88529625e+01,6.48908138e-01,8.55567098e-01
5345803-S04-156I3-A-L-B-190,20.02.2020-06:54:17,1.90000000e+01,6.45751774e-01,8.92366314e+00,2.06419919e-03,6.62295837e+01,8.01365509e+01,1.87961826e+01,3.79773349e-01,6.12786651e-01
5345803-S04-156I3-A-L-B-190,20.02.2020-06:54:20,1.90000000e+01,6.45535588e-01,8.91230869e+00,1.93971978e-03,5.10947571e+01,8.00414581e+01,1.87437115e+01,5.42898238e-01,8.85079384e-01
5345803-S04-156I3-A-L-B-190,20.02.2020-06:54:22,1.90000000e+01,6.46050394e-01,8.90086746e+00,1.75097550e-03,4.87973137e+01,8.02595139e+01,1.87856159e+01,5.28653979e-01,8.20685744e-01
5345803-S04-156I3-A-L-B-190,20.02.2020-06:50:54,9.00000000e+00,6.46797657e-01,8.97554016e+00,2.11640773e-03,9.63053970e+01,7.99689255e+01,1.88964615e+01,2.85914540e-01,3.49546313e-01
5345803-S04-156I3-A-L-B-190,20.02.2020-06:50:56,9.00000000e+00,6.46317005e-01,9.00106525e+00,2.26004259e-03,4.67440491e+01,7.95778198e+01,1.88435059e+01,5.26983619e-01,6.16148889e-01
5345803-S04-156I3-A-L-B-190,20.02.2020-06:50:59,2.40000000e+01,6.45354092e-01,8.95383072e+00,1.95308588e-03,1.15859699e+01,7.96838531e+01,1.87416344e+01,2.99160910e+00,3.48879337e+00
5345803-S04-156I3-A-L-B-190,20.02.2020-06:51:01,2.00000000e+01,6.43112838e-01,8.97098255e+00,2.24630488e-03,5.78481445e+01,7.94402390e+01,1.86551170e+01,4.83403385e-01,5.84268510e-01
5345803-S04-156I3-A-L-B-190,20.02.2020-06:51:03,8.00000000e+00,6.47581458e-01,8.97481537e+00,2.03811214e-03,1.00397621e+02,7.99915466e+01,1.89231853e+01,3.85034174e-01,4.67547774e-01
5345803-S04-156I3-A-L-B-190,20.02.2020-06:51:05,2.40000000e+01,6.45269871e-01,8.96525860e+00,2.25065229e-03,1.03451385e+01,7.92737045e+01,1.86665306e+01,2.68419743e+00,3.05697799e+00
5345803-S04-156I3-A-L-B-190,20.02.2020-06:51:07,9.00000000e+00,6.45878434e-01,8.96605396e+00,1.93942979e-03,7.10325165e+01,8.00090790e+01,1.88591290e+01,4.28013235e-01,5.44916034e-01
5345803-S04-156I3-A-L-B-190,20.02.2020-06:51:09,2.40000000e+01,6.45858407e-01,8.94436359e+00,2.24190974e-03,1.27859392e+01,7.95642242e+01,1.87083187e+01,2.61245894e+00,3.05624175e+00
5345803-S04-156I3-A-L-B-190,20.02.2020-06:51:11,2.40000000e+01,6.44824982e-01,8.94755650e+00,1.85100595e-03,1.02819166e+01,7.97914963e+01,1.87384262e+01,2.41720772e+00,3.00855470e+00
5345803-S04-156I3-A-L-B-190,20.02.2020-06:51:13,2.00000000e+01,6.42059743e-01,8.91390228e+00,1.96101819e-03,4.07637024e+01,7.99639969e+01,1.86280766e+01,6.76395535e-01,1.33660603e+00
5345803-S04-156I3-A-L-B-190,20.02.2020-06:51:57,1.90000000e+01,6.43027067e-01,8.93515205e+00,1.45635242e-03,1.80275482e+02,8.01507492e+01,1.87442913e+01,1.03142768e-01,1.33790448e-01
5345803-S04-156I3-A-L-B-190,20.02.2020-06:51:59,3.00000000e+00,6.29966259e-01,8.83341122e+00,1.90345396e-03,1.78887360e+02,7.98031845e+01,1.80757427e+01,3.23231131e-01,1.05571079e+00
5345803-S04-156I3-A-L-B-190,20.02.2020-06:52:01,3.00000000e+00,6.32592916e-01,8.85546494e+00,2.27686926e-03,2.14096130e+02,7.91948547e+01,1.80577145e+01,3.20910543e-01,9.72360790e-01
5345803-S04-156I3-A-L-B-190,20.02.2020-06:52:04,9.00000000e+00,6.44843340e-01,8.95215321e+00,1.96841522e-03,2.09892456e+02,8.01372528e+01,1.88298283e+01,1.57913223e-01,1.99947804e-01
5345803-S04-156I3-A-L-B-190,20.02.2020-06:52:06,8.00000000e+00,6.46575749e-01,8.97150040e+00,1.85345591e-03,1.56931915e+02,8.03703918e+01,1.89762669e+01,1.36952549e-01,1.86562359e-01
5345803-S04-156I3-A-L-B-190,20.02.2020-06:52:08,9.00000000e+00,6.45797431e-01,8.92568207e+00,1.68124516e-03,1.65536209e+02,8.02401886e+01,1.88260784e+01,1.49816409e-01,2.27622196e-01
5345803-S04-156I3-A-L-B-190,20.02.2020-06:52:10,2.00000000e+00,6.37813330e-01,8.85604286e+00,1.86262303e-03,2.42859055e+02,7.98984528e+01,1.83696918e+01,2.29283154e-01,8.31288815e-01
5345803-S04-156I3-A-L-B-190,20.02.2020-06:52:12,2.00000000e+00,6.37819767e-01,8.83569813e+00,2.06195889e-03,1.22457352e+02,7.97626495e+01,1.82965260e+01,3.42045069e-01,1.12315357e+00
5345803-S04-156I3-A-L-B-190,20.02.2020-06:52:14,1.90000000e+01,6.46122634e-01,8.92744064e+00,2.02847528e-03,1.43275330e+02,8.00018234e+01,1.87833042e+01,1.48158550e-01,2.02306524e-01
5345803-S04-156I3-A-L-B-190,20.02.2020-06:52:16,1.90000000e+01,6.42057478e-01,8.91844463e+00,1.78657868e-03,1.03844513e+02,8.02608032e+01,1.87066803e+01,2.80306667e-01,4.42104191e-01
5345803-S04-156I3-A-L-B-190,20.02.2020-06:53:00,1.90000000e+01,6.44440413e-01,8.92011547e+00,1.92855240e-03,1.15683395e+02,8.02080460e+01,1.87672825e+01,1.99293107e-01,4.29658324e-01
5345803-S04-156I3-A-L-B-190,20.02.2020-06:53:02,1.90000000e+01,6.43483698e-01,8.91871166e+00,1.79871928e-03,1.56584747e+02,8.02088928e+01,1.87366695e+01,1.40870243e-01,3.53750169e-01
5345803-S04-156I3-A-L-B-190,20.02.2020-06:53:04,1.90000000e+01,6.46682262e-01,8.92181683e+00,2.11312040e-03,9.81090622e+01,8.00259781e+01,1.87934036e+01,2.48837546e-01,4.31810111e-01
5345803-S04-156I3-A-L-B-190,20.02.2020-06:53:06,1.90000000e+01,6.47241533e-01,8.89184093e+00,1.79078581e-03,2.22537109e+02,8.01062927e+01,1.87652740e+01,1.09765440e-01,1.78157583e-01
5345803-S04-156I3-A-L-B-190,20.02.2020-06:53:08,1.90000000e+01,6.42968237e-01,8.92605305e+00,1.84080261e-03,1.85155563e+02,8.01840744e+01,1.87312737e+01,1.09359100e-01,1.56606555e-01
5345803-S04-156I3-A-L-B-190,20.02.2020-06:53:10,8.00000000e+00,6.46713853e-01,8.95239639e+00,1.81396981e-03,7.81553345e+01,8.04407959e+01,1.89564934e+01,2.54484922e-01,3.81454378e-01
5345803-S04-156I3-A-L-B-190,20.02.2020-06:53:12,2.00000000e+01,6.43629611e-01,8.91341877e+00,1.94266043e-03,7.74998703e+01,7.99373703e+01,1.86663914e+01,2.65763938e-01,4.10640359e-01
5345803-S04-156I3-A-L-B-190,20.02.2020-06:53:15,2.00000000e+01,6.43507481e-01,8.91132450e+00,1.83431979e-03,1.23032196e+02,8.01010742e+01,1.86966763e+01,2.00945586e-01,3.05661291e-01
5345803-S04-156I3-A-L-B-190,20.02.2020-06:53:17,2.00000000e+01,6.44234598e-01,8.91160107e+00,1.73476175e-03,1.02712967e+02,7.99977036e+01,1.86942272e+01,2.02332467e-01,3.23787957e-01
5345803-S04-156I3-A-L-B-190,20.02.2020-06:53:19,9.00000000e+00,6.47462666e-01,8.92973518e+00,2.07397505e-03,2.08212158e+02,7.99407349e+01,1.88127232e+01,1.22377582e-01,1.76650494e-01
5345803-S04-156I3-A-L-B-190,20.02.2020-06:53:42,1.90000000e+01,6.43292427e-01,8.91938782e+00,2.01712805e-03,9.37978439e+01,8.01225357e+01,1.87123528e+01,2.82514304e-01,4.67190951e-01
5345803-S04-156I3-A-L-B-190,20.02.2020-06:53:44,9.00000000e+00,6.46082699e-01,8.91718483e+00,1.77332817e-03,7.88270187e+01,8.03897018e+01,1.88515244e+01,2.94750452e-01,7.58755803e-01
5345803-S04-156I3-A-L-B-190,20.02.2020-06:53:46,2.10000000e+01,6.40042901e-01,8.91113281e+00,1.79809111e-03,9.44235840e+01,7.99925385e+01,1.85704174e+01,3.45122874e-01,4.83093321e-01
5345803-S04-156I3-A-L-B-190,20.02.2020-06:53:48,1.90000000e+01,6.43845081e-01,8.93452072e+00,1.97743252e-03,1.60067688e+02,8.01078186e+01,1.87567558e+01,1.98402688e-01,3.69502723e-01
5345803-S04-156I3-A-L-B-190,20.02.2020-06:53:50,9.00000000e+00,6.44973099e-01,8.92620373e+00,1.64392556e-03,1.14267960e+02,8.03223038e+01,1.88223896e+01,2.92602867e-01,4.48616713e-01
5345803-S04-156I3-A-L-B-190,20.02.2020-06:53:52,1.90000000e+01,6.44681513e-01,8.92485619e+00,1.88509433e-03,1.08306984e+02,8.01926270e+01,1.87806683e+01,2.69168705e-01,5.23748159e-01
5345803-S04-156I3-A-L-B-190,20.02.2020-06:53:54,9.00000000e+00,6.46654367e-01,8.93878841e+00,1.84964773e-03,1.69810913e+02,8.01725845e+01,1.88628349e+01,1.51954874e-01,2.10908532e-01
5345803-S04-156I3-A-L-B-190,20.02.2020-06:53:56,9.00000000e+00,6.45598888e-01,8.92772007e+00,2.08181236e-03,1.64723679e+02,8.02284775e+01,1.88218403e+01,1.89839408e-01,5.66816092e-01
5345803-S04-156I3-A-L-B-190,20.02.2020-06:53:59,9.00000000e+00,6.45335019e-01,8.91714764e+00,1.93205697e-03,1.84548279e+02,8.03217239e+01,1.88137074e+01,2.07704216e-01,4.91118431e-01
5345803-S04-156I3-A-L-B-190,20.02.2020-06:54:01,9.00000000e+00,6.46512866e-01,8.93657589e+00,1.66267413e-03,1.31925873e+02,8.01257706e+01,1.88430309e+01,1.79495081e-01,2.30171606e-01
5345803-S04-156I3-A-L-B-190,20.02.2020-06:54:24,2.10000000e+01,6.40472591e-01,8.87880898e+00,1.67148747e-03,1.69128708e+02,8.02090530e+01,1.85655937e+01,1.91048056e-01,4.40233111e-01
5345803-S04-156I3-A-L-B-190,20.02.2020-06:54:26,2.00000000e+01,6.43223643e-01,8.90646362e+00,1.91061944e-03,2.00031937e+02,8.01342545e+01,1.86859722e+01,9.31930318e-02,1.60145476e-01
5345803-S04-156I3-A-L-B-190,20.02.2020-06:54:28,1.90000000e+01,6.45361722e-01,8.90032768e+00,2.15503806e-03,1.49076904e+02,8.02289429e+01,1.87573051e+01,1.82964280e-01,7.53014266e-01
5345803-S04-156I3-A-L-B-190,20.02.2020-06:54:30,2.10000000e+01,6.40356600e-01,8.88159561e+00,1.90834072e-03,9.85520248e+01,8.00876617e+01,1.85399570e+01,2.85647929e-01,5.94707012e-01
5345803-S04-156I3-A-L-B-190,20.02.2020-06:54:35,2.00000000e+01,6.45459294e-01,8.90866375e+00,2.14862707e-03,1.14217979e+02,7.98306961e+01,1.86845016e+01,1.96319938e-01,3.40387613e-01
5345803-S04-156I3-A-L-B-190,20.02.2020-06:54:37,1.90000000e+01,6.46246076e-01,8.92455673e+00,2.10343860e-03,1.05588623e+02,8.00650635e+01,1.87956696e+01,2.04685137e-01,4.69366252e-01
5345803-S04-156I3-A-L-B-190,20.02.2020-06:54:39,2.00000000e+01,6.44758344e-01,8.89883995e+00,1.97518803e-03,1.45216354e+02,7.99661865e+01,1.86752720e+01,1.71893641e-01,2.56441504e-01
5345803-S04-156I3-A-L-B-190,20.02.2020-06:54:41,1.90000000e+01,6.45553112e-01,8.91168022e+00,2.25404254e-03,2.85317566e+02,8.00878754e+01,1.87537689e+01,1.27411142e-01,7.00465679e-01
5345803-S04-156I3-A-L-B-190,20.02.2020-06:54:43,8.00000000e+00,6.46837354e-01,8.96335888e+00,1.88404764e-03,2.48164185e+02,8.01671829e+01,1.89187603e+01,1.04960211e-01,1.47329137e-01
5345803-S04-156I3-A-L-B-190,20.02.2020-06:54:45,2.00000000e+01,6.43738508e-01,8.90600395e+00,1.73279003e-03,1.48423325e+02,8.00292892e+01,1.86754684e+01,1.78583145e-01,3.05594027e-01
5345803-S04-156I3-A-L-B-190,20.02.2020-06:55:09,9.00000000e+00,6.46119356e-01,8.94878960e+00,2.06185086e-03,1.27065269e+02,7.99893265e+01,1.88251877e+01,1.76387474e-01,2.31252640e-01
5345803-S04-156I3-A-L-B-190,20.02.2020-06:55:11,1.90000000e+01,6.44571304e-01,8.91291714e+00,2.18249881e-03,1.43431458e+02,7.99767838e+01,1.87018681e+01,1.90563813e-01,3.53337020e-01
5345803-S04-156I3-A-L-B-190,20.02.2020-06:55:13,8.00000000e+00,6.46812201e-01,8.94895744e+00,1.83478976e-03,2.50900681e+02,8.03197479e+01,1.89235744e+01,1.47599325e-01,2.14698836e-01
5345803-S04-156I3-A-L-B-190,20.02.2020-06:55:15,9.00000000e+00,6.45342529e-01,8.94245148e+00,2.04804493e-03,1.35910324e+02,8.00503998e+01,1.88035812e+01,1.93526193e-01,2.49633923e-01
5345803-S04-156I3-A-L-B-190,20.02.2020-06:55:17,8.00000000e+00,6.47847176e-01,8.94968033e+00,2.09470978e-03,1.59115448e+02,8.02960434e+01,1.89497929e+01,1.56174913e-01,3.76586318e-01
5345803-S04-156I3-A-L-B-190,20.02.2020-06:55:19,1.90000000e+01,6.43794835e-01,8.91703033e+00,2.11671763e-03,2.57633270e+02,8.01697540e+01,1.87330513e+01,1.10756740e-01,1.57779872e-01
5345803-S04-156I3-A-L-B-190,20.02.2020-06:55:21,1.90000000e+01,6.43471599e-01,8.93944073e+00,1.81507168e-03,2.45058151e+02,8.01825867e+01,1.87737045e+01,1.57555401e-01,3.66969496e-01
5345803-S04-156I3-A-L-B-190,20.02.2020-06:55:23,1.90000000e+01,6.43785596e-01,8.91843891e+00,1.96064194e-03,1.85143707e+02,8.02437820e+01,1.87530384e+01,1.25387669e-01,1.77429810e-01
5345803-S04-156I3-A-L-B-190,20.02.2020-06:55:25,8.00000000e+00,6.46075070e-01,8.95754051e+00,1.83756719e-03,1.67223495e+02,8.03915100e+01,1.89370441e+01,1.94497496e-01,6.76965952e-01
5345803-S04-156I3-A-L-B-190,20.02.2020-06:55:27,1.90000000e+01,6.44992709e-01,8.92198944e+00,1.76253833e-03,1.50859146e+02,8.01601181e+01,1.87760849e+01,1.59761235e-01,2.69876033e-01
5345803-S04-156I3-A-L-B-190,20.02.2020-06:55:51,2.00000000e+00,6.40362918e-01,8.81725311e+00,1.96110760e-03,1.29495178e+02,7.99626312e+01,1.83770905e+01,3.53477895e-01,1.21935666e+00
5345803-S04-156I3-A-L-B-190,20.02.2020-06:55:53,1.90000000e+01,6.45700753e-01,8.90703773e+00,2.07485119e-03,1.36051208e+02,7.99267426e+01,1.87105656e+01,1.65932566e-01,2.72309810e-01
5345803-S04-156I3-A-L-B-190,20.02.2020-06:55:55,2.00000000e+01,6.45684779e-01,8.90130234e+00,2.06920668e-03,8.71910019e+01,7.98545837e+01,1.86811733e+01,3.16532522e-01,6.24618948e-01
5345803-S04-156I3-A-L-B-190,20.02.2020-06:55:57,2.00000000e+01,6.44336939e-01,8.87395000e+00,1.73690578e-03,6.91082458e+01,8.02609329e+01,1.86794643e+01,3.78464222e-01,5.44376552e-01
5345803-S04-156I3-A-L-B-190,20.02.2020-06:55:59,1.90000000e+01,6.45079136e-01,8.86645317e+00,1.72958302e-03,1.01950867e+02,8.04078293e+01,1.87193794e+01,2.35239387e-01,5.53613901e-01
5345803-S04-156I3-A-L-B-190,20.02.2020-06:56:01,2.00000000e+00,6.36148751e-01,8.73144245e+00,1.44418294e-03,1.78061615e+02,8.06842651e+01,1.82416344e+01,2.66418666e-01,1.50890553e+00
5345803-S04-156I3-A-L-B-190,20.02.2020-06:56:03,1.00000000e+00,6.41126275e-01,8.78477669e+00,1.66749780e-03,1.00731018e+02,8.03252335e+01,1.84143562e+01,2.60495782e-01,8.39481890e-01
5345803-S04-156I3-A-L-B-190,20.02.2020-06:56:05,2.00000000e+01,6.44921660e-01,8.86592770e+00,2.01781257e-03,7.61698608e+01,8.02096024e+01,1.86675663e+01,1.96141258e-01,2.66010523e-01
5345803-S04-156I3-A-L-B-190,20.02.2020-06:56:07,2.10000000e+01,6.44330740e-01,8.82430458e+00,1.75289402e-03,9.29130707e+01,8.02799911e+01,1.85791931e+01,2.64759779e-01,4.84367073e-01
5345803-S04-156I3-A-L-B-190,20.02.2020-06:56:09,2.10000000e+01,6.40082300e-01,8.86188889e+00,1.81839860e-03,8.56642380e+01,8.01666565e+01,1.85091343e+01,2.73401529e-01,4.36530501e-01
5345803-S04-156I3-A-L-B-190,20.02.2020-06:56:32,2.00000000e+01,6.41048610e-01,8.92596054e+00,2.06455681e-03,6.41206818e+01,7.99528122e+01,1.86212940e+01,3.59622508e-01,7.76756704e-01
5345803-S04-156I3-A-L-B-190,20.02.2020-06:56:34,9.00000000e+00,6.44513011e-01,8.98071575e+00,2.01500719e-03,6.55667496e+01,8.00763702e+01,1.88658867e+01,2.78525829e-01,3.57647657e-01
5345803-S04-156I3-A-L-B-190,20.02.2020-06:56:37,2.10000000e+01,6.39635861e-01,8.92791557e+00,1.90530124e-03,1.41465744e+02,7.99103394e+01,1.85744534e+01,2.02044278e-01,4.21782047e-01
5345803-S04-156I3-A-L-B-190,20.02.2020-06:56:39,9.00000000e+00,6.44790411e-01,8.97745323e+00,1.87886914e-03,1.10460579e+02,8.00760803e+01,1.88670807e+01,2.04183593e-01,2.86888599e-01
5345803-S04-156I3-A-L-B-190,20.02.2020-06:56:41,2.00000000e+01,6.40239894e-01,8.90283775e+00,1.80722319e-03,1.34284576e+02,8.02768631e+01,1.86248074e+01,2.36390442e-01,7.95821488e-01
5345803-S04-156I3-A-L-B-190,20.02.2020-06:56:43,2.00000000e+01,6.41512871e-01,8.91659737e+00,1.97982183e-03,8.61179428e+01,7.99505768e+01,1.86147099e+01,2.58018017e-01,7.16084003e-01
5345803-S04-156I3-A-L-B-190,20.02.2020-06:56:45,1.00000000e+00,6.38887644e-01,8.91524315e+00,2.02640169e-03,8.02793579e+01,7.96464691e+01,1.84652157e+01,2.69049525e-01,5.10320425e-01
5345803-S04-156I3-A-L-B-190,20.02.2020-06:56:47,1.90000000e+01,6.43691301e-01,8.92586708e+00,1.88639236e-03,6.46108627e+01,8.00445175e+01,1.87193108e+01,3.16880256e-01,4.05794263e-01
5345803-S04-156I3-A-L-B-190,20.02.2020-06:56:49,1.90000000e+01,6.43610477e-01,8.89220619e+00,1.74220616e-03,1.24626610e+02,8.04295120e+01,1.87360611e+01,1.41043812e-01,2.08307713e-01
5345803-S04-156I3-A-L-B-190,20.02.2020-06:56:51,1.90000000e+01,6.43193722e-01,8.88397217e+00,1.68706488e-03,1.81231735e+02,8.05084457e+01,1.87249470e+01,1.32897168e-01,1.92040414e-01
5345803-S04-156I3-A-L-B-190,20.02.2020-06:54:47,2.00000000e+01,6.43381059e-01,8.89854336e+00,1.82935549e-03,1.63831390e+02,8.01132355e+01,1.86690273e+01,1.49626613e-01,2.78644413e-01
5345803-S04-156I3-A-L-B-190,20.02.2020-06:54:49,9.00000000e+00,6.46779299e-01,8.95043564e+00,1.82135706e-03,1.18573219e+02,8.00810394e+01,1.88694897e+01,1.67515218e-01,2.34931216e-01
5345803-S04-156I3-A-L-B-190,20.02.2020-06:54:52,8.00000000e+00,6.46563172e-01,8.93584633e+00,1.82152318e-03,2.72504364e+02,8.04172821e+01,1.89115124e+01,9.47010219e-02,3.90863329e-01
5345803-S04-156I3-A-L-B-190,20.02.2020-06:54:54,9.00000000e+00,6.46148860e-01,8.92618656e+00,2.04427773e-03,3.64335876e+02,8.03967438e+01,1.88741417e+01,1.17691949e-01,4.37891334e-01
5345803-S04-156I3-A-L-B-190,20.02.2020-06:54:56,8.00000000e+00,6.47592187e-01,8.94793797e+00,1.93387282e-03,1.43286514e+02,8.01995773e+01,1.89158936e+01,1.80570036e-01,2.77966678e-01
5345803-S04-156I3-A-L-B-190,20.02.2020-06:54:58,8.00000000e+00,6.48960590e-01,8.95031071e+00,2.06165574e-03,1.95480637e+02,8.03156052e+01,1.89883194e+01,1.68104619e-01,2.95437694e-01
5345803-S04-156I3-A-L-B-190,20.02.2020-06:55:00,1.90000000e+01,6.44563496e-01,8.88620949e+00,2.06193468e-03,1.06023216e+02,8.02212601e+01,1.87025967e+01,2.99166799e-01,9.61431146e-01
5345803-S04-156I3-A-L-B-190,20.02.2020-06:55:02,2.00000000e+01,6.45680130e-01,8.88537407e+00,2.12552049e-03,1.27409355e+02,7.99643173e+01,1.86732349e+01,2.44065255e-01,8.68847370e-01
5345803-S04-156I3-A-L-B-190,20.02.2020-06:55:04,1.90000000e+01,6.45330846e-01,8.91211796e+00,1.83890352e-03,2.22070740e+02,8.01632080e+01,1.87658672e+01,1.67682573e-01,3.95059794e-01
5345803-S04-156I3-A-L-B-190,20.02.2020-06:55:07,1.90000000e+01,6.45476639e-01,8.93406868e+00,1.90997589e-03,2.09598633e+02,8.00712738e+01,1.87947578e+01,1.24333248e-01,1.91353783e-01
5345803-S04-156I3-A-L-B-190,20.02.2020-06:55:30,2.00000000e+01,6.43671095e-01,8.89508057e+00,1.78261462e-03,1.38596054e+02,7.99390335e+01,1.86295776e+01,1.49351284e-01,2.58171231e-01
5345803-S04-156I3-A-L-B-190,20.02.2020-06:55:32,1.90000000e+01,6.46394789e-01,8.91341782e+00,2.02018046e-03,2.00048828e+02,7.99225845e+01,1.87431164e+01,1.54542595e-01,3.93113077e-01
5345803-S04-156I3-A-L-B-190,20.02.2020-06:55:34,9.00000000e+00,6.46708250e-01,8.93304253e+00,2.18294538e-03,1.47515854e+02,8.00603561e+01,1.88258896e+01,1.89942911e-01,3.96915376e-01
5345803-S04-156I3-A-L-B-190,20.02.2020-06:55:36,1.90000000e+01,6.46328807e-01,8.90316296e+00,2.04224512e-03,1.52441284e+02,8.00825577e+01,1.87571125e+01,2.11399511e-01,8.44481468e-01
5345803-S04-156I3-A-L-B-190,20.02.2020-06:55:38,2.00000000e+01,6.44219875e-01,8.87615299e+00,1.91319396e-03,7.06815796e+01,8.00737152e+01,1.86371326e+01,3.78196180e-01,9.86722887e-01
5345803-S04-156I3-A-L-B-190,20.02.2020-06:55:40,2.10000000e+01,6.41236663e-01,8.88469028e+00,2.04340671e-03,1.37748672e+02,8.01155243e+01,1.85783653e+01,2.42935821e-01,5.61304808e-01
5345803-S04-156I3-A-L-B-190,20.02.2020-06:55:42,1.90000000e+01,6.45664573e-01,8.91036320e+00,1.86370790e-03,1.00000969e+02,8.00038223e+01,1.87345524e+01,2.38028109e-01,3.77493829e-01
5345803-S04-156I3-A-L-B-190,20.02.2020-06:55:44,9.00000000e+00,6.46337569e-01,8.91758442e+00,1.89454155e-03,1.16318398e+02,8.03775024e+01,1.88569431e+01,2.46203214e-01,5.15072823e-01
5345803-S04-156I3-A-L-B-190,20.02.2020-06:55:46,2.00000000e+01,6.43281221e-01,8.90527916e+00,2.11238791e-03,1.28186935e+02,8.01132965e+01,1.86802750e+01,1.88125461e-01,2.47749984e-01
5345803-S04-156I3-A-L-B-190,20.02.2020-06:55:48,1.90000000e+01,6.45255804e-01,8.92198467e+00,2.27226573e-03,6.21777916e+01,8.00113602e+01,1.87488766e+01,3.70340496e-01,6.87942863e-01
5345803-S04-156I3-A-L-B-190,20.02.2020-06:56:11,1.00000000e+00,6.40841305e-01,8.89178944e+00,2.23334134e-03,7.92799377e+01,7.96611862e+01,1.84763680e+01,2.63384014e-01,4.17072535e-01
5345803-S04-156I3-A-L-B-190,20.02.2020-06:56:14,2.10000000e+01,6.39384925e-01,8.91990566e+00,1.92327262e-03,1.32123047e+02,8.00698929e+01,1.85875492e+01,1.64906651e-01,2.77510226e-01
5345803-S04-156I3-A-L-B-190,20.02.2020-06:56:16,8.00000000e+00,6.46435916e-01,8.96467781e+00,1.50851556e-03,8.63995514e+01,8.04089203e+01,1.89668217e+01,2.33096361e-01,3.42033595e-01
5345803-S04-156I3-A-L-B-190,20.02.2020-06:56:18,1.90000000e+01,6.44327164e-01,8.93062210e+00,1.76053005e-03,5.90749283e+01,8.02483749e+01,1.87955303e+01,3.99892449e-01,5.59855461e-01
5345803-S04-156I3-A-L-B-190,20.02.2020-06:56:20,1.90000000e+01,6.43014908e-01,8.90042686e+00,1.69598090e-03,5.08885994e+01,8.03705063e+01,1.87222824e+01,4.04304653e-01,6.43120885e-01
5345803-S04-156I3-A-L-B-190,20.02.2020-06:56:22,2.10000000e+01,6.44188285e-01,8.86066914e+00,1.69940642e-03,4.48023148e+01,7.99790955e+01,1.85817242e+01,4.41906989e-01,6.52401149e-01
5345803-S04-156I3-A-L-B-190,20.02.2020-06:56:24,2.00000000e+00,6.37807012e-01,8.79801655e+00,1.76725502e-03,9.44532700e+01,7.97107086e+01,1.82062664e+01,3.06314886e-01,7.88418531e-01
5345803-S04-156I3-A-L-B-190,20.02.2020-06:56:26,1.90000000e+01,6.44474685e-01,8.94894695e+00,1.75616099e-03,7.51172028e+01,8.00415649e+01,1.87898617e+01,2.55493492e-01,3.52638245e-01
5345803-S04-156I3-A-L-B-190,20.02.2020-06:56:28,2.00000000e+01,6.41366541e-01,8.93669701e+00,1.93203124e-03,9.16999054e+01,7.99286728e+01,1.86473083e+01,2.75364637e-01,5.53229511e-01
5345803-S04-156I3-A-L-B-190,20.02.2020-06:56:30,9.00000000e+00,6.44746482e-01,8.97747803e+00,2.06392002e-03,1.11309036e+02,8.00100021e+01,1.88502789e+01,1.72187552e-01,2.49690443e-01
5345803-S04-156I3-A-L-B-190,20.02.2020-06:57:58,1.90000000e+01,6.45734668e-01,8.91239452e+00,2.00894778e-03,7.52985229e+01,8.00758591e+01,1.87577305e+01,3.90461087e-01,7.82495499e-01
5345803-S04-156I3-A-L-B-190,20.02.2020-06:58:01,9.00000000e+00,6.45650446e-01,8.92239475e+00,1.85166160e-03,5.39240952e+01,8.02005692e+01,1.88055706e+01,4.36611265e-01,6.07079685e-01
5345803-S04-156I3-A-L-B-190,20.02.2020-06:58:03,2.00000000e+00,6.38128519e-01,8.76072693e+00,1.59371423e-03,1.10480049e+02,8.08381195e+01,1.83947830e+01,2.74132133e-01,1.73787367e+00
5345803-S04-156I3-A-L-B-190,20.02.2020-06:58:05,1.90000000e+01,6.45596385e-01,8.91857624e+00,2.00081314e-03,9.34559097e+01,8.02158432e+01,1.87995281e+01,3.04534733e-01,5.76334774e-01
5345803-S04-156I3-A-L-B-190,20.02.2020-06:58:07,1.40000000e+01,6.43725455e-01,8.85956287e+00,1.62717851e-03,1.44420614e+01,7.97855377e+01,1.85211239e+01,1.75055790e+00,3.03286481e+00
5345803-S04-156I3-A-L-B-190,20.02.2020-06:58:09,2.00000000e+01,6.42004848e-01,8.92752552e+00,1.93008955e-03,4.02369537e+01,7.99933853e+01,1.86618061e+01,5.90120792e-01,7.99773216e-01
5345803-S04-156I3-A-L-B-190,20.02.2020-06:58:11,8.00000000e+00,6.48007035e-01,8.96673203e+00,1.70954037e-03,7.76596222e+01,8.01644592e+01,1.89594612e+01,3.79127741e-01,5.19878149e-01
5345803-S04-156I3-A-L-B-190,20.02.2020-06:58:13,8.00000000e+00,6.47592783e-01,8.97437859e+00,2.13886704e-03,8.81621933e+01,8.01431503e+01,1.89584579e+01,3.12865406e-01,4.15557235e-01
5345803-S04-156I3-A-L-B-190,20.02.2020-06:58:15,2.00000000e+01,6.41415477e-01,8.93312931e+00,1.87989685e-03,8.41043930e+01,8.01684265e+01,1.86972008e+01,2.13413209e-01,3.53503913e-01
5345803-S04-156I3-A-L-B-190,20.02.2020-06:58:17,2.10000000e+01,6.40747666e-01,8.90351391e+00,1.94028986e-03,1.54112167e+02,8.00151825e+01,1.85802288e+01,2.11330041e-01,7.30282128e-01
5345803-S04-156I3-A-L-B-190,20.02.2020-08:05:12,9.00000000e+00,6.46323204e-01,8.93164539e+00,1.91503996e-03,1.40521515e+02,8.02104950e+01,1.88470173e+01,2.24189773e-01,3.20327133e-01
5345803-S04-156I3-A-L-B-190,20.02.2020-08:05:14,9.00000000e+00,6.46551549e-01,8.94927216e+00,1.99861522e-03,1.57351685e+02,8.01968842e+01,1.88876781e+01,2.03867927e-01,3.59021455e-01
5345803-S04-156I3-A-L-B-190,20.02.2020-08:05:16,2.00000000e+01,6.42947018e-01,8.91312981e+00,2.08527106e-03,2.28572250e+02,7.99918823e+01,1.86587067e+01,8.33106488e-02,1.10274218e-01
5345803-S04-156I3-A-L-B-190,20.02.2020-08:05:18,2.00000000e+01,6.42651916e-01,8.93080902e+00,2.17460259e-03,1.13922180e+02,8.00032959e+01,1.86898022e+01,2.33706579e-01,3.18828374e-01
5345803-S04-156I3-A-L-B-190,20.02.2020-08:05:20,2.10000000e+01,6.39725447e-01,8.93462181e+00,2.20709550e-03,8.06961365e+01,7.96367798e+01,1.85273666e+01,2.22369790e-01,2.96672672e-01
5345803-S04-156I3-A-L-B-190,20.02.2020-08:05:22,9.00000000e+00,6.47171438e-01,8.94441700e+00,2.02857750e-03,1.17663841e+02,8.01541824e+01,1.88854694e+01,1.61196113e-01,2.19117254e-01
5345803-S04-156I3-A-L-B-190,20.02.2020-08:05:25,8.00000000e+00,6.47554219e-01,8.95032883e+00,1.95094023e-03,1.24858406e+02,8.01671829e+01,1.89121952e+01,1.79867506e-01,2.60875553e-01
5345803-S04-156I3-A-L-B-190,20.02.2020-08:05:27,9.00000000e+00,6.45267308e-01,8.93598747e+00,2.11388548e-03,1.59668304e+02,8.01333313e+01,1.88072643e+01,1.93890005e-01,2.85628498e-01
5345803-S04-156I3-A-L-B-190,20.02.2020-08:05:29,1.90000000e+01,6.44771159e-01,8.90785885e+00,2.01934343e-03,3.02937317e+02,8.01168671e+01,1.87297974e+01,1.03866979e-01,2.49627993e-01
5345803-S04-156I3-A-L-B-190,20.02.2020-08:05:31,1.90000000e+01,6.44600391e-01,8.92744923e+00,1.83721399e-03,2.03185562e+02,8.01484833e+01,1.87734222e+01,1.70443997e-01,3.15010846e-01
5345803-S04-156I3-A-L-B-190,20.02.2020-08:05:54,1.90000000e+01,6.45951807e-01,8.91697788e+00,2.16387236e-03,1.73903900e+02,8.01847763e+01,1.87992249e+01,1.78677842e-01,2.46381372e-01
5345803-S04-156I3-A-L-B-190,20.02.2020-08:05:56,2.00000000e+01,6.43150926e-01,8.88584137e+00,1.90183322e-03,1.91820984e+02,8.01903763e+01,1.86536541e+01,2.11667642e-01,5.81352174e-01
5345803-S04-156I3-A-L-B-190,20.02.2020-08:05:58,1.90000000e+01,6.44842744e-01,8.92487717e+00,1.93256803e-03,1.29385590e+02,8.00998840e+01,1.87636852e+01,1.50850326e-01,2.05716953e-01
5345803-S04-156I3-A-L-B-190,20.02.2020-08:06:00,1.90000000e+01,6.44988239e-01,8.92577267e+00,1.95943099e-03,1.53670776e+02,8.01274948e+01,1.87762718e+01,2.11269096e-01,3.12608570e-01
5345803-S04-156I3-A-L-B-190,20.02.2020-08:06:02,8.00000000e+00,6.48257554e-01,8.94277477e+00,2.15067109e-03,2.82224915e+02,8.02995987e+01,1.89480038e+01,8.63206238e-02,1.51712477e-01
5345803-S04-156I3-A-L-B-190,20.02.2020-08:06:04,8.00000000e+00,6.48817599e-01,8.94877529e+00,1.96949020e-03,1.84203903e+02,8.02325211e+01,1.89612446e+01,1.86856493e-01,2.91115284e-01
5345803-S04-156I3-A-L-B-190,20.02.2020-08:06:06,2.00000000e+01,6.42592728e-01,8.90200996e+00,1.76052342e-03,3.18827026e+02,8.03068619e+01,1.86984978e+01,1.29738569e-01,3.20282489e-01
5345803-S04-156I3-A-L-B-190,20.02.2020-08:06:09,9.00000000e+00,6.45343840e-01,8.92483711e+00,1.85701915e-03,1.53825134e+02,8.02059097e+01,1.88030376e+01,1.50923193e-01,2.67933100e-01
5345803-S04-156I3-A-L-B-190,20.02.2020-08:06:11,2.00000000e+01,6.42250597e-01,8.91586208e+00,2.01782514e-03,1.38495605e+02,8.00770111e+01,1.86640491e+01,2.93062478e-01,5.42526901e-01
5345803-S04-156I3-A-L-B-190,20.02.2020-08:06:13,9.00000000e+00,6.44784927e-01,8.94209576e+00,2.02041026e-03,2.57699768e+02,8.01440582e+01,1.88085670e+01,1.20136261e-01,2.24779591e-01
5345803-S04-156I3-A-L-B-190,20.02.2020-08:06:36,2.00000000e+01,6.45753205e-01,8.93129349e+00,2.37452122e-03,1.58591232e+02,7.95894928e+01,1.86838722e+01,1.29095137e-01,1.69508383e-01
5345803-S04-156I3-A-L-B-190,20.02.2020-08:06:38,9.00000000e+00,6.46276891e-01,8.92204380e+00,1.96098699e-03,1.48659164e+02,8.02121658e+01,1.88257999e+01,1.83500245e-01,3.03864419e-01
5345803-S04-156I3-A-L-B-190,20.02.2020-08:06:40,1.90000000e+01,6.45607233e-01,8.90859127e+00,2.25746026e-03,6.91833115e+01,8.00503464e+01,1.87400532e+01,4.53211367e-01,5.58137476e-01
5345803-S04-156I3-A-L-B-190,20.02.2020-08:06:42,2.10000000e+01,6.40722215e-01,8.87606144e+00,2.10971618e-03,1.17183289e+02,7.99851685e+01,1.85152569e+01,3.53344798e-01,4.26951975e-01
5345803-S04-156I3-A-L-B-190,20.02.2020-08:06:44,2.00000000e+01,6.44871712e-01,8.87531662e+00,2.21650000e-03,7.12684937e+01,7.99508743e+01,1.86256142e+01,3.10688049e-01,4.66830283e-01
5345803-S04-156I3-A-L-B-190,20.02.2020-08:06:46,9.00000000e+00,6.46547854e-01,8.94142342e+00,2.11444474e-03,2.60525787e+02,8.01002350e+01,1.88482628e+01,1.57650813e-01,2.71848500e-01
5345803-S04-156I3-A-L-B-190,20.02.2020-08:06:49,9.00000000e+00,6.46608949e-01,8.94913197e+00,2.08027451e-03,1.78097260e+02,8.00360184e+01,1.88511696e+01,1.61574021e-01,2.45013013e-01
5345803-S04-156I3-A-L-B-190,20.02.2020-08:06:51,9.00000000e+00,6.46990895e-01,8.91573715e+00,2.13266886e-03,1.32426590e+02,8.02463379e+01,1.88412991e+01,2.01745704e-01,2.84326196e-01
5345803-S04-156I3-A-L-B-190,20.02.2020-08:06:53,9.00000000e+00,6.47433043e-01,8.91545963e+00,2.05308432e-03,2.06845993e+02,8.03445129e+01,1.88766537e+01,1.22300312e-01,1.87711760e-01
5345803-S04-156I3-A-L-B-190,20.02.2020-08:06:55,9.00000000e+00,6.47037923e-01,8.93916988e+00,2.11115344e-03,1.47460159e+02,7.99749451e+01,1.88282986e+01,2.15915725e-01,3.34834278e-01
5345803-S04-156I3-A-L-B-190,20.02.2020-08:07:18,9.00000000e+00,6.47071660e-01,8.91809559e+00,1.96259865e-03,2.36243652e+02,8.03453674e+01,1.88718967e+01,1.17111742e-01,2.30621755e-01
5345803-S04-156I3-A-L-B-190,20.02.2020-08:07:21,1.90000000e+01,6.44678175e-01,8.91041851e+00,2.14935839e-03,1.22998451e+02,8.01352921e+01,1.87367859e+01,2.37189859e-01,4.16809320e-01
5345803-S04-156I3-A-L-B-190,20.02.2020-08:07:23,9.00000000e+00,6.47280157e-01,8.90977478e+00,2.12056423e-03,1.41735199e+02,8.01916199e+01,1.88242722e+01,3.59371513e-01,4.64851707e-01
5345803-S04-156I3-A-L-B-190,20.02.2020-08:07:25,9.00000000e+00,6.47217274e-01,8.93026352e+00,2.22004554e-03,1.36698608e+02,8.02789764e+01,1.88862801e+01,3.92771155e-01,5.05986452e-01
5345803-S04-156I3-A-L-B-190,20.02.2020-08:07:27,9.00000000e+00,6.46504581e-01,8.95348549e+00,2.20657606e-03,1.02094826e+02,7.99599991e+01,1.88393860e+01,4.61792618e-01,5.71829200e-01
5345803-S04-156I3-A-L-B-190,20.02.2020-08:07:29,9.00000000e+00,6.44558489e-01,8.96546268e+00,1.98806403e-03,1.72299332e+02,8.02618484e+01,1.88788013e+01,1.92514092e-01,3.51460367e-01
5345803-S04-156I3-A-L-B-190,20.02.2020-08:07:31,9.00000000e+00,6.45026207e-01,8.93768120e+00,1.92898442e-03,3.40448029e+02,8.02039719e+01,1.88203773e+01,1.57635212e-01,3.04493219e-01
5345803-S04-156I3-A-L-B-190,20.02.2020-08:07:33,1.90000000e+01,6.45198464e-01,8.93737984e+00,2.08415766e-03,4.02587166e+01,7.98338699e+01,1.87378998e+01,5.74084520e-01,6.76418126e-01
5345803-S04-156I3-A-L-B-190,20.02.2020-08:07:35,9.00000000e+00,6.45057201e-01,8.93875790e+00,1.94777350e-03,1.52530701e+02,8.02377777e+01,1.88314819e+01,1.55713663e-01,2.06651390e-01
5345803-S04-156I3-A-L-B-190,20.02.2020-08:07:37,2.00000000e+00,6.38339162e-01,8.80585957e+00,1.73825223e-03,1.98559952e+02,7.98522339e+01,1.82700825e+01,3.44828367e-01,9.94792700e-01
5345803-S04-156I3-A-L-B-190,20.02.2020-06:56:53,1.00000000e+00,6.37095869e-01,8.95539570e+00,1.92873413e-03,3.69001556e+02,7.94590378e+01,1.84528332e+01,6.88431188e-02,8.87426436e-02
5345803-S04-156I3-A-L-B-190,20.02.2020-06:56:55,2.00000000e+01,6.42909646e-01,8.91308403e+00,1.77284377e-03,1.99275696e+02,8.00150909e+01,1.86629410e+01,1.36783928e-01,3.36786002e-01
5345803-S04-156I3-A-L-B-190,20.02.2020-06:56:58,8.00000000e+00,6.47869229e-01,8.91352844e+00,1.90257700e-03,2.27269745e+02,8.04651031e+01,1.89136238e+01,8.82795826e-02,2.99978793e-01
5345803-S04-156I3-A-L-B-190,20.02.2020-06:57:00,9.00000000e+00,6.46276355e-01,8.95479393e+00,1.94767467e-03,3.41835693e+02,8.01962891e+01,1.88911476e+01,6.93550631e-02,1.07496262e-01
5345803-S04-156I3-A-L-B-190,20.02.2020-06:57:03,2.00000000e+01,6.41795456e-01,8.88395691e+00,1.59584498e-03,2.42069412e+02,8.02272873e+01,1.86189575e+01,1.36713162e-01,3.72179538e-01
5345803-S04-156I3-A-L-B-190,20.02.2020-06:57:05,2.00000000e+01,6.41045034e-01,8.90155411e+00,1.71389547e-03,1.97005615e+02,8.01232605e+01,1.86098614e+01,1.67162418e-01,4.83503789e-01
5345803-S04-156I3-A-L-B-190,20.02.2020-06:57:07,9.00000000e+00,6.46687031e-01,8.93037701e+00,1.91064354e-03,3.83520508e+02,8.01644135e+01,1.88441143e+01,9.59356353e-02,1.55455440e-01
5345803-S04-156I3-A-L-B-190,20.02.2020-06:57:09,1.90000000e+01,6.44654393e-01,8.90998650e+00,1.82274706e-03,4.77940887e+02,8.02846909e+01,1.87701130e+01,7.15226308e-02,1.36278063e-01
5345803-S04-156I3-A-L-B-190,20.02.2020-06:57:11,1.90000000e+01,6.45214438e-01,8.91094875e+00,1.81255408e-03,2.03559860e+02,8.00307083e+01,1.87290115e+01,1.39666840e-01,2.68558145e-01
5345803-S04-156I3-A-L-B-190,20.02.2020-06:57:13,2.10000000e+01,6.43037736e-01,8.86477184e+00,1.98532967e-03,1.13220695e+02,7.99761047e+01,1.85564308e+01,2.51956761e-01,7.51061559e-01
5345803-S04-156I3-A-L-B-190,20.02.2020-06:58:19,9.00000000e+00,6.47054732e-01,8.92222500e+00,1.95082987e-03,1.20969414e+02,8.01198883e+01,1.88271561e+01,2.06540376e-01,3.80490065e-01
5345803-S04-156I3-A-L-B-190,20.02.2020-06:58:21,2.10000000e+01,6.41320169e-01,8.90874004e+00,1.88130653e-03,3.22734299e+01,7.97963409e+01,1.85568542e+01,7.80412018e-01,1.02586293e+00
5345803-S04-156I3-A-L-B-190,20.02.2020-06:58:24,1.90000000e+01,6.42632484e-01,8.91263676e+00,1.86937489e-03,9.14614105e+01,8.02245255e+01,1.87027836e+01,2.90405124e-01,3.65456581e-01
5345803-S04-156I3-A-L-B-190,20.02.2020-06:58:26,1.90000000e+01,6.44898891e-01,8.90729141e+00,1.82215031e-03,5.05741119e+01,8.00714798e+01,1.87217026e+01,5.75121164e-01,1.27554262e+00
5345803-S04-156I3-A-L-B-190,20.02.2020-06:58:28,2.00000000e+01,6.44538283e-01,8.91053391e+00,1.88613706e-03,5.30909233e+01,7.99462738e+01,1.86887760e+01,4.24972504e-01,5.93407929e-01
5345803-S04-156I3-A-L-B-190,20.02.2020-06:58:30,1.40000000e+01,6.42340362e-01,8.88179779e+00,1.87591475e-03,1.31917191e+01,7.98408203e+01,1.85404930e+01,1.98683047e+00,2.29823542e+00
5345803-S04-156I3-A-L-B-190,20.02.2020-06:58:32,1.40000000e+01,6.44145548e-01,8.87405777e+00,1.82040362e-03,1.69879150e+01,8.00145874e+01,1.86168251e+01,1.64085639e+00,2.44132566e+00
5345803-S04-156I3-A-L-B-190,20.02.2020-06:58:34,1.40000000e+01,6.45463645e-01,8.90356064e+00,1.85842789e-03,1.26894579e+01,7.98915253e+01,1.86881542e+01,1.96516180e+00,2.51467848e+00
5345803-S04-156I3-A-L-B-190,20.02.2020-06:58:36,1.40000000e+01,6.45433843e-01,8.92714691e+00,2.12941202e-03,1.36472597e+01,7.97777634e+01,1.87101154e+01,1.96810079e+00,2.26683545e+00
5345803-S04-156I3-A-L-B-190,20.02.2020-06:58:38,9.00000000e+00,6.44333661e-01,8.93496418e+00,1.99817377e-03,4.08606506e+02,8.03151474e+01,1.88205051e+01,6.55600354e-02,8.95726681e-02
5345803-S04-156I3-A-L-B-190,20.02.2020-08:05:33,1.90000000e+01,6.44555211e-01,8.92658901e+00,1.79938495e-03,1.07112076e+02,8.01976013e+01,1.87818012e+01,2.64912099e-01,3.47238630e-01
5345803-S04-156I3-A-L-B-190,20.02.2020-08:05:35,9.00000000e+00,6.45927250e-01,8.92919731e+00,1.88869913e-03,1.05383575e+02,8.03677750e+01,1.88672295e+01,2.72180021e-01,4.96271253e-01
5345803-S04-156I3-A-L-B-190,20.02.2020-08:05:37,9.00000000e+00,6.44505620e-01,8.94210052e+00,1.73710694e-03,1.50013443e+02,8.03091736e+01,1.88391647e+01,1.86166480e-01,3.26086432e-01
5345803-S04-156I3-A-L-B-190,20.02.2020-08:05:39,9.00000000e+00,6.45854175e-01,8.93142605e+00,1.84409064e-03,2.59218170e+02,8.04535370e+01,1.88899422e+01,1.65365100e-01,3.96813124e-01
5345803-S04-156I3-A-L-B-190,20.02.2020-08:05:41,1.90000000e+01,6.45755649e-01,8.90695667e+00,2.09191092e-03,2.99399200e+02,8.00341644e+01,1.87371330e+01,1.90245509e-01,3.12967390e-01
5345803-S04-156I3-A-L-B-190,20.02.2020-08:05:43,9.00000000e+00,6.44456148e-01,8.99052429e+00,1.88551273e-03,1.33684174e+02,7.98694153e+01,1.88360195e+01,1.67027235e-01,2.15071172e-01
5345803-S04-156I3-A-L-B-190,20.02.2020-08:05:46,9.00000000e+00,6.46181166e-01,8.92918587e+00,1.99720659e-03,1.95439514e+02,8.03640289e+01,1.88737450e+01,2.15309262e-01,5.05861759e-01
5345803-S04-156I3-A-L-B-190,20.02.2020-08:05:48,9.00000000e+00,6.44997001e-01,8.92406750e+00,1.97613868e-03,1.43046814e+02,8.03902512e+01,1.88345013e+01,2.04584420e-01,4.09110188e-01
5345803-S04-156I3-A-L-B-190,20.02.2020-08:05:50,9.00000000e+00,6.45969152e-01,8.91211987e+00,1.87002751e-03,2.04861359e+02,8.02988129e+01,1.88162079e+01,1.97380811e-01,3.43090028e-01
5345803-S04-156I3-A-L-B-190,20.02.2020-08:05:52,1.90000000e+01,6.45390034e-01,8.91945744e+00,1.98080391e-03,2.62806366e+02,8.02226410e+01,1.87969704e+01,1.38777316e-01,2.46036559e-01
5345803-S04-156I3-A-L-B-190,20.02.2020-08:06:15,9.00000000e+00,6.45039439e-01,8.94109917e+00,1.88124354e-03,2.51259155e+02,8.04281998e+01,1.88805962e+01,1.22844391e-01,1.70835897e-01
5345803-S04-156I3-A-L-B-190,20.02.2020-08:06:17,1.90000000e+01,6.44502461e-01,8.92580223e+00,1.75858464e-03,1.19802444e+02,8.01916580e+01,1.87772179e+01,2.30492532e-01,2.90660203e-01
5345803-S04-156I3-A-L-B-190,20.02.2020-08:06:19,2.00000000e+01,6.44282699e-01,8.88587570e+00,1.75065873e-03,1.06753616e+02,7.99510345e+01,1.86307774e+01,1.91184759e-01,2.79067487e-01
5345803-S04-156I3-A-L-B-190,20.02.2020-08:06:21,9.00000000e+00,6.48069978e-01,8.93627548e+00,2.47014826e-03,1.60263718e+02,7.99636765e+01,1.88495674e+01,2.39442527e-01,3.26619118e-01
5345803-S04-156I3-A-L-B-190,20.02.2020-08:06:23,1.90000000e+01,6.44944429e-01,8.94682121e+00,1.82548596e-03,1.31294144e+02,7.99575729e+01,1.87793636e+01,2.50871956e-01,3.59383672e-01
5345803-S04-156I3-A-L-B-190,20.02.2020-08:06:25,2.00000000e+01,6.42531991e-01,8.88757229e+00,1.94863719e-03,8.83932953e+01,8.02272873e+01,1.86479111e+01,3.38626802e-01,5.52468300e-01
5345803-S04-156I3-A-L-B-190,20.02.2020-08:06:28,2.00000000e+01,6.44411027e-01,8.90221882e+00,2.16061948e-03,2.49488556e+02,7.99480820e+01,1.86680717e+01,1.33274987e-01,2.83686370e-01
5345803-S04-156I3-A-L-B-190,20.02.2020-08:06:30,1.90000000e+01,6.45792961e-01,8.89688206e+00,2.02402566e-03,2.68799622e+02,8.01544876e+01,1.87451630e+01,9.88371447e-02,2.42937118e-01
5345803-S04-156I3-A-L-B-190,20.02.2020-08:06:32,8.00000000e+00,6.47454798e-01,8.93255711e+00,2.05122959e-03,1.73379089e+02,8.04100266e+01,1.89289112e+01,2.01863348e-01,2.72634834e-01
5345803-S04-156I3-A-L-B-190,20.02.2020-08:06:34,8.00000000e+00,6.48353219e-01,8.94853687e+00,2.24007200e-03,1.05728264e+02,8.00995026e+01,1.89157562e+01,2.17407525e-01,3.19446266e-01
5345803-S04-156I3-A-L-B-190,20.02.2020-08:07:39,2.00000000e+00,6.38105452e-01,8.81107998e+00,1.96094811e-03,1.35384064e+02,7.98344269e+01,1.82701454e+01,4.51928258e-01,1.06798744e+00
5345803-S04-156I3-A-L-B-190,20.02.2020-08:07:42,2.00000000e+01,6.42221928e-01,8.97543240e+00,2.20234157e-03,1.41707245e+02,7.94489212e+01,1.86405506e+01,1.85715005e-01,2.38824755e-01
5345803-S04-156I3-A-L-B-190,20.02.2020-08:07:44,9.00000000e+00,6.44329190e-01,8.95769405e+00,1.83596951e-03,1.15028427e+02,8.00747070e+01,1.88117676e+01,2.80383378e-01,4.03225273e-01
5345803-S04-156I3-A-L-B-190,20.02.2020-08:07:46,1.90000000e+01,6.43844247e-01,8.93855286e+00,2.06400407e-03,1.14419388e+02,8.00084534e+01,1.87419205e+01,2.47398570e-01,3.76064181e-01
5345803-S04-156I3-A-L-B-190,20.02.2020-08:07:48,2.10000000e+01,6.40826881e-01,8.91679955e+00,2.14296021e-03,1.65014496e+02,7.97767029e+01,1.85547905e+01,2.29969278e-01,4.79151398e-01
5345803-S04-156I3-A-L-B-190,20.02.2020-08:07:50,9.00000000e+00,6.48219168e-01,8.92644215e+00,2.30700313e-03,8.32495193e+01,8.00417252e+01,1.88515434e+01,2.46783897e-01,3.47449720e-01
5345803-S04-156I3-A-L-B-190,20.02.2020-08:07:52,8.00000000e+00,6.46242380e-01,9.00447369e+00,2.13661790e-03,1.13394371e+02,7.99070816e+01,1.89264526e+01,2.70083398e-01,3.28860313e-01
5345803-S04-156I3-A-L-B-190,20.02.2020-08:07:54,1.90000000e+01,6.43305182e-01,8.92811012e+00,2.13449774e-03,1.75674362e+02,8.02085495e+01,1.87511311e+01,3.92611206e-01,6.40002072e-01
5345803-S04-156I3-A-L-B-190,20.02.2020-08:07:56,2.00000000e+01,6.42515242e-01,8.90194607e+00,2.06322293e-03,9.17139664e+01,8.00046692e+01,1.86257553e+01,4.29523677e-01,8.35947454e-01
5345803-S04-156I3-A-L-B-190,20.02.2020-08:07:58,2.10000000e+01,6.42234027e-01,8.86677170e+00,1.99787109e-03,6.52653122e+01,8.00247345e+01,1.85486927e+01,3.81232500e-01,7.37419784e-01
5345803-S04-156I3-A-L-B-190,20.02.2020-08:08:42,2.00000000e+00,6.38579905e-01,8.80666542e+00,1.80154841e-03,1.53521118e+02,7.97806854e+01,1.82622700e+01,3.91994148e-01,1.11048663e+00
5345803-S04-156I3-A-L-B-190,20.02.2020-08:08:44,2.10000000e+01,6.41507566e-01,8.86897755e+00,1.94142060e-03,1.02320541e+02,7.99376755e+01,1.85121574e+01,3.54487270e-01,9.89120722e-01
5345803-S04-156I3-A-L-B-190,20.02.2020-08:08:47,8.00000000e+00,6.45864606e-01,9.00504971e+00,1.79663720e-03,2.47472183e+02,8.01602936e+01,1.89765434e+01,1.52519047e-01,2.15186641e-01
5345803-S04-156I3-A-L-B-190,20.02.2020-08:08:49,3.00000000e+00,6.31627381e-01,8.78765011e+00,1.83776766e-03,6.14771042e+01,7.99774628e+01,1.80688934e+01,8.77875030e-01,3.89332104e+00
5345803-S04-156I3-A-L-B-190,20.02.2020-08:08:51,1.90000000e+01,6.44618571e-01,8.92586803e+00,1.92625658e-03,1.79147568e+02,8.02031021e+01,1.87834187e+01,2.30265036e-01,4.17726189e-01
5345803-S04-156I3-A-L-B-190,20.02.2020-08:08:53,9.00000000e+00,6.47750854e-01,8.93177795e+00,2.13059620e-03,1.10286797e+02,8.02547073e+01,1.88993378e+01,4.46690977e-01,5.67825735e-01
5345803-S04-156I3-A-L-B-190,20.02.2020-08:08:55,3.00000000e+00,6.37678802e-01,8.85759735e+00,2.46399362e-03,1.88109146e+02,7.89668655e+01,1.81548634e+01,6.24626815e-01,1.92265570e+00
5345803-S04-156I3-A-L-C-190,20.02.2020-08:09:09,8.00000000e+00,6.46257281e-01,9.00235844e+00,1.77823345e-03,1.53486481e+02,8.01420212e+01,1.89780807e+01,1.94130614e-01,2.62675077e-01
5345803-S04-156I3-A-L-C-190,20.02.2020-08:09:12,2.10000000e+01,6.41604364e-01,8.84957600e+00,1.98960304e-03,9.71469193e+01,8.00716858e+01,1.85054188e+01,5.03667533e-01,9.38206971e-01
5345803-S04-156I3-A-L-C-190,20.02.2020-08:09:14,9.00000000e+00,6.46375716e-01,8.92480946e+00,2.03305203e-03,1.02474121e+02,8.01398315e+01,1.88175297e+01,3.65812302e-01,4.67849761e-01
5345803-S04-156I3-A-L-C-190,20.02.2020-08:09:37,2.00000000e+01,6.41484976e-01,8.91571236e+00,2.00218568e-03,8.89367523e+01,7.99098663e+01,1.86025791e+01,3.15073013e-01,5.11213720e-01
5345803-S04-156I3-A-L-C-190,20.02.2020-08:09:39,8.00000000e+00,6.46547794e-01,8.98259258e+00,2.15188158e-03,1.69336426e+02,8.02091980e+01,1.89608021e+01,1.51479244e-01,2.07289606e-01
5345803-S04-156I3-A-L-C-190,20.02.2020-08:09:41,2.00000000e+01,6.43602252e-01,8.88215256e+00,1.98465958e-03,1.13453476e+02,8.00550079e+01,1.86274948e+01,2.36128718e-01,4.22430933e-01
5345803-S04-156I3-A-L-C-190,20.02.2020-08:09:43,9.00000000e+00,6.47425234e-01,8.91798878e+00,1.97136356e-03,2.11947205e+02,8.03316269e+01,1.88787518e+01,1.60523668e-01,2.19991595e-01
5345803-S04-156I3-A-L-C-190,20.02.2020-08:09:45,2.10000000e+01,6.41664684e-01,8.90404606e+00,1.99472299e-03,4.37667198e+01,7.97865524e+01,1.85547619e+01,6.24305904e-01,7.28126764e-01
5345803-S04-156I3-A-L-C-190,20.02.2020-08:09:47,9.00000000e+00,6.44084096e-01,8.96999741e+00,1.93914073e-03,1.26717430e+02,7.99617996e+01,1.88038883e+01,1.81627214e-01,2.28256851e-01
5345803-S04-156I3-A-L-C-190,20.02.2020-08:09:49,8.00000000e+00,6.45881772e-01,9.00805855e+00,2.16862629e-03,1.40928009e+02,8.00916748e+01,1.89671383e+01,2.66551644e-01,3.34833026e-01
5345803-S04-156I3-A-L-C-190,20.02.2020-08:09:51,1.00000000e+00,6.40918612e-01,8.85783195e+00,1.94828736e-03,1.02484398e+02,8.00375214e+01,1.84949913e+01,4.57540542e-01,1.06009495e+00
5345803-S04-156I3-A-L-C-190,20.02.2020-08:09:54,1.90000000e+01,6.44724250e-01,8.92346191e+00,2.26831320e-03,1.18549545e+02,8.00206070e+01,1.87386971e+01,2.16744766e-01,3.89610916e-01
5345803-S04-156I3-A-L-C-190,20.02.2020-08:09:56,8.00000000e+00,6.46658778e-01,8.97875309e+00,1.89592992e-03,1.40617188e+02,8.03444824e+01,1.89879246e+01,2.14579523e-01,2.80280113e-01
5345803-S04-156I3-A-L-C-190,20.02.2020-08:10:19,9.00000000e+00,6.47298515e-01,8.93001556e+00,2.30371603e-03,1.32371567e+02,8.01867981e+01,1.88664360e+01,3.07734877e-01,4.12013352e-01
5345803-S04-156I3-A-L-C-190,20.02.2020-08:10:21,9.00000000e+00,6.47995651e-01,8.91485596e+00,2.12078937e-03,3.03991058e+02,8.02844162e+01,1.88776474e+01,9.12764221e-02,1.65857777e-01
5345803-S04-156I3-A-L-C-190,20.02.2020-08:10:37,9.00000000e+00,6.47617936e-01,8.93507671e+00,2.08826200e-03,1.98101059e+02,8.01908188e+01,1.88873920e+01,1.04510777e-01,1.74113363e-01
5345803-S04-156I3-A-L-C-190,20.02.2020-08:10:39,1.90000000e+01,6.45394564e-01,8.91661453e+00,1.99344358e-03,5.71264877e+01,8.01071777e+01,1.87640648e+01,4.88897920e-01,6.91024780e-01
5345803-S04-156I3-A-L-C-190,20.02.2020-08:10:41,8.00000000e+00,6.47915959e-01,8.93208122e+00,2.11530202e-03,1.04365562e+02,8.02940216e+01,1.89140606e+01,3.38746518e-01,4.49605048e-01
5345803-S04-156I3-A-L-C-190,20.02.2020-08:10:43,9.00000000e+00,6.46559119e-01,8.96683311e+00,2.21048319e-03,1.10206093e+02,8.00525818e+01,1.88909092e+01,2.25357488e-01,2.92666823e-01
5345803-S04-156I3-A-L-C-190,20.02.2020-08:10:45,7.00000000e+00,6.48426533e-01,8.99512005e+00,1.99157698e-03,1.21266785e+02,8.03148041e+01,1.90674896e+01,2.36323372e-01,3.85881960e-01
5345803-S04-156I3-A-L-C-190,20.02.2020-08:10:47,9.00000000e+00,6.45238698e-01,8.90653133e+00,1.82892708e-03,1.25389816e+02,8.04048233e+01,1.88079453e+01,4.07572746e-01,6.08099580e-01
5345803-S04-156I3-A-L-C-190,20.02.2020-08:10:50,9.00000000e+00,6.47835433e-01,8.93025017e+00,2.21094047e-03,2.74682434e+02,8.02256699e+01,1.88917389e+01,1.00900665e-01,1.53149128e-01
5345803-S04-156I3-A-L-C-190,20.02.2020-08:10:52,2.00000000e+01,6.43910527e-01,8.90556145e+00,1.94401643e-03,2.21930206e+02,7.99493561e+01,1.86608734e+01,1.43768206e-01,3.15117538e-01
5345803-S04-156I3-A-L-B-190,20.02.2020-06:57:15,2.00000000e+01,6.41623914e-01,8.91637230e+00,2.13825144e-03,4.34625031e+02,7.99377441e+01,1.86144753e+01,6.38271868e-02,1.76109284e-01
5345803-S04-156I3-A-L-B-190,20.02.2020-06:57:18,2.00000000e+01,6.41846776e-01,8.89591694e+00,1.88995304e-03,1.35566742e+02,8.00435867e+01,1.86028214e+01,2.18401596e-01,5.49125791e-01
5345803-S04-156I3-A-L-B-190,20.02.2020-06:57:20,9.00000000e+00,6.44341111e-01,8.93878651e+00,1.95020461e-03,5.06707947e+02,8.01990128e+01,1.88015480e+01,7.63163418e-02,1.20214790e-01
5345803-S04-156I3-A-L-B-190,20.02.2020-06:57:22,2.10000000e+01,6.39810026e-01,8.91589546e+00,1.98165467e-03,4.67310944e+02,7.99361191e+01,1.85604839e+01,8.84792283e-02,1.82292610e-01
5345803-S04-156I3-A-L-B-190,20.02.2020-06:57:24,2.00000000e+01,6.41510725e-01,8.92172718e+00,2.01637927e-03,4.49066223e+02,8.01243744e+01,1.86658478e+01,5.57284653e-02,1.59632668e-01
5345803-S04-156I3-A-L-B-190,20.02.2020-06:57:26,1.90000000e+01,6.44747078e-01,8.93517113e+00,1.96421798e-03,1.26353188e+02,8.01178818e+01,1.87867622e+01,2.18722969e-01,3.59607399e-01
5345803-S04-156I3-A-L-B-190,20.02.2020-06:57:28,1.90000000e+01,6.44146383e-01,8.94141579e+00,1.80987117e-03,1.98829437e+02,8.01676712e+01,1.87940483e+01,1.45881802e-01,2.12102875e-01
5345803-S04-156I3-A-L-B-190,20.02.2020-06:57:30,9.00000000e+00,6.44272685e-01,8.94026375e+00,1.77728571e-03,2.43844711e+02,8.02489014e+01,1.88143539e+01,1.13297857e-01,1.70211107e-01
5345803-S04-156I3-A-L-B-190,20.02.2020-06:57:32,1.90000000e+01,6.44539595e-01,8.91392708e+00,1.67061330e-03,1.81261658e+02,8.02006760e+01,1.87554245e+01,1.56907231e-01,3.38046312e-01
5345803-S04-156I3-A-L-B-190,20.02.2020-06:57:34,1.90000000e+01,6.43787265e-01,8.92703056e+00,1.96066732e-03,1.35627258e+02,8.01278534e+01,1.87440357e+01,1.75454259e-01,3.54248971e-01
5345803-S04-156I3-A-L-B-190,20.02.2020-06:58:40,1.90000000e+01,6.43527627e-01,8.94290161e+00,1.79549016e-03,8.25324097e+01,8.01432190e+01,1.87733860e+01,2.46572465e-01,3.72974396e-01
5345803-S04-156I3-A-L-B-190,20.02.2020-06:58:42,9.00000000e+00,6.43962741e-01,8.94883060e+00,1.73976505e-03,1.30431000e+02,8.03956451e+01,1.88577442e+01,2.39907101e-01,3.41092914e-01
5345803-S04-156I3-A-L-B-190,20.02.2020-06:58:45,2.00000000e+01,6.41142428e-01,8.91879177e+00,1.96161564e-03,8.88411255e+01,8.01384964e+01,1.86522808e+01,3.02217662e-01,4.63692188e-01
5345803-S04-156I3-A-L-B-190,20.02.2020-06:58:47,8.00000000e+00,6.47472918e-01,8.97172832e+00,1.97993126e-03,7.66424942e+01,8.02130508e+01,1.89658775e+01,4.05669510e-01,5.71566284e-01
5345803-S04-156I3-A-L-B-190,20.02.2020-06:58:49,8.00000000e+00,6.47383094e-01,8.96700478e+00,1.83444622e-03,8.22876053e+01,8.03561859e+01,1.89870834e+01,3.04132551e-01,4.84118193e-01
5345803-S04-156I3-A-L-B-190,20.02.2020-06:58:52,8.00000000e+00,6.47681475e-01,8.97486210e+00,1.94126624e-03,1.15885345e+02,8.02717972e+01,1.89925117e+01,2.82705992e-01,4.36111569e-01
5345803-S04-156I3-A-L-B-190,20.02.2020-06:58:54,2.00000000e+00,6.37152076e-01,8.80830860e+00,1.73812243e-03,1.43397675e+02,7.99971771e+01,1.82742901e+01,3.00889999e-01,1.72757494e+00
5345803-S04-156I3-A-L-B-190,20.02.2020-06:58:56,1.90000000e+01,6.44039392e-01,8.93465805e+00,1.97339221e-03,1.23083221e+02,8.01200104e+01,1.87655602e+01,2.32616827e-01,3.57259840e-01
5345803-S04-156I3-A-L-B-190,20.02.2020-08:05:08,2.10000000e+01,6.40716612e-01,8.85970020e+00,1.67929113e-03,1.83192245e+02,8.03319244e+01,1.85610847e+01,1.80571973e-01,4.82002169e-01
5345803-S04-156I3-A-L-B-190,20.02.2020-08:05:10,2.00000000e+01,6.44166589e-01,8.92195892e+00,1.80434273e-03,2.02073273e+02,7.99310074e+01,1.86983757e+01,1.61138460e-01,2.29729161e-01
5345803-S04-156I3-A-L-B-190,20.02.2020-08:06:57,2.10000000e+01,6.43070102e-01,8.93103504e+00,2.24748766e-03,1.62051453e+02,7.94165039e+01,1.85652618e+01,1.40059814e-01,2.01499537e-01
5345803-S04-156I3-A-L-B-190,20.02.2020-08:06:59,2.00000000e+01,6.43057585e-01,8.87233543e+00,1.81648589e-03,1.39775650e+02,8.02029572e+01,1.86255188e+01,2.21481249e-01,4.34354365e-01
5345803-S04-156I3-A-L-B-190,20.02.2020-08:07:01,1.90000000e+01,6.44749641e-01,8.90964699e+00,1.94967177e-03,1.98757370e+02,8.02808228e+01,1.87712669e+01,1.71245396e-01,3.16171825e-01
5345803-S04-156I3-A-L-B-190,20.02.2020-08:07:03,1.90000000e+01,6.45633757e-01,8.92820168e+00,2.06480129e-03,1.29145447e+02,8.00398712e+01,1.87796211e+01,2.04946846e-01,3.27200174e-01
5345803-S04-156I3-A-L-B-190,20.02.2020-08:07:06,9.00000000e+00,6.47827387e-01,8.91174412e+00,2.12822063e-03,2.01722565e+02,8.01633911e+01,1.88377171e+01,1.67234018e-01,2.74040461e-01
5345803-S04-156I3-A-L-B-190,20.02.2020-08:07:08,2.10000000e+01,6.42148435e-01,8.87473965e+00,2.16322416e-03,1.99719452e+02,8.00240707e+01,1.85627327e+01,2.05259666e-01,3.54732007e-01
5345803-S04-156I3-A-L-B-190,20.02.2020-08:07:10,9.00000000e+00,6.46775365e-01,8.91786575e+00,2.15490721e-03,1.69631195e+02,8.03683624e+01,1.88681679e+01,1.89206868e-01,2.79661477e-01
5345803-S04-156I3-A-L-B-190,20.02.2020-08:07:12,9.00000000e+00,6.47347510e-01,8.92697620e+00,2.03335239e-03,2.14306305e+02,8.03050613e+01,1.88892632e+01,1.22856423e-01,1.93033800e-01
5345803-S04-156I3-A-L-B-190,20.02.2020-08:07:14,1.90000000e+01,6.43463492e-01,8.92137241e+00,1.75629859e-03,3.62077713e+01,8.03022995e+01,1.87634945e+01,6.00152493e-01,9.89837289e-01
5345803-S04-156I3-A-L-B-190,20.02.2020-08:07:16,3.00000000e+00,6.37184620e-01,8.79734325e+00,2.13330588e-03,8.95805359e+01,7.92511368e+01,1.80822525e+01,2.85842121e-01,5.64212859e-01
5345803-S04-156I3-A-L-C-190,20.02.2020-08:09:16,9.00000000e+00,6.47633076e-01,8.93098068e+00,2.23343843e-03,2.02094025e+02,8.01495285e+01,1.88694553e+01,1.23048559e-01,1.91435859e-01
5345803-S04-156I3-A-L-C-190,20.02.2020-08:09:18,9.00000000e+00,6.47036076e-01,8.93374729e+00,2.32179789e-03,2.76562927e+02,8.01935120e+01,1.88682480e+01,1.04116924e-01,1.71277791e-01
5345803-S04-156I3-A-L-C-190,20.02.2020-08:09:20,1.90000000e+01,6.44409418e-01,8.95098972e+00,1.86240999e-03,1.35941849e+02,8.00363159e+01,1.87910137e+01,2.48104751e-01,4.30429757e-01
5345803-S04-156I3-A-L-C-190,20.02.2020-08:09:22,9.00000000e+00,6.44864082e-01,8.95422459e+00,2.17412459e-03,2.41617493e+02,7.99907074e+01,1.88003483e+01,1.59962833e-01,2.27967083e-01
5345803-S04-156I3-A-L-C-190,20.02.2020-08:09:24,9.00000000e+00,6.45943105e-01,8.92692471e+00,2.01334059e-03,1.80383209e+02,8.02969055e+01,1.88462601e+01,1.47023022e-01,2.03744024e-01
5345803-S04-156I3-A-L-C-190,20.02.2020-08:09:26,8.00000000e+00,6.47426784e-01,8.93716908e+00,2.31447234e-03,1.40813675e+02,8.03085861e+01,1.89139748e+01,1.51320443e-01,2.25128591e-01
5345803-S04-156I3-A-L-C-190,20.02.2020-08:09:28,2.10000000e+01,6.43002510e-01,8.87171936e+00,2.23795394e-03,1.21004204e+02,7.99035110e+01,1.85531006e+01,2.70797640e-01,4.35968697e-01
5345803-S04-156I3-A-L-C-190,20.02.2020-08:09:30,2.00000000e+01,6.43008232e-01,8.87117767e+00,1.88127882e-03,2.14914108e+02,8.01469421e+01,1.86086521e+01,1.60414383e-01,3.19990098e-01
5345803-S04-156I3-A-L-C-190,20.02.2020-08:09:32,9.00000000e+00,6.47197127e-01,8.91206074e+00,2.11395440e-03,2.62326202e+02,8.03661270e+01,1.88676567e+01,1.28874078e-01,2.02869356e-01
5345803-S04-156I3-A-L-C-190,20.02.2020-08:09:35,1.90000000e+01,6.44817293e-01,8.89034271e+00,2.04070122e-03,9.55763855e+01,8.02009583e+01,1.87139282e+01,3.23150903e-01,4.67613041e-01
5345803-S04-156I3-A-L-C-190,20.02.2020-08:09:58,9.00000000e+00,6.47187889e-01,8.94295311e+00,1.98890246e-03,8.88376541e+01,7.99277725e+01,1.88295212e+01,3.04389864e-01,3.77943099e-01
5345803-S04-156I3-A-L-C-190,20.02.2020-08:10:00,1.90000000e+01,6.43651962e-01,8.95132732e+00,2.11541192e-03,1.61130264e+02,8.00650711e+01,1.87763786e+01,2.58436114e-01,3.75284433e-01
5345803-S04-156I3-A-L-C-190,20.02.2020-08:10:02,9.00000000e+00,6.47716045e-01,8.93300819e+00,2.12686625e-03,2.70269409e+02,8.02807007e+01,1.89070473e+01,9.59668308e-02,1.73717931e-01
5345803-S04-156I3-A-L-C-190,20.02.2020-08:10:04,9.00000000e+00,6.47234261e-01,8.92928600e+00,2.50377925e-03,1.61193085e+02,8.01517792e+01,1.88547878e+01,1.72061518e-01,2.46567339e-01
5345803-S04-156I3-A-L-C-190,20.02.2020-08:10:06,9.00000000e+00,6.47770047e-01,8.93347549e+00,2.10289680e-03,1.11794273e+02,8.02098465e+01,1.88929234e+01,4.05561239e-01,5.30354619e-01
5345803-S04-156I3-A-L-C-190,20.02.2020-08:10:09,8.00000000e+00,6.46349967e-01,8.96618271e+00,2.09654588e-03,1.50438049e+02,8.02182770e+01,1.89225140e+01,3.54678094e-01,4.53420669e-01
5345803-S04-156I3-A-L-C-190,20.02.2020-08:10:11,1.90000000e+01,6.44747913e-01,8.93717289e+00,2.16226582e-03,1.47687088e+02,7.99913559e+01,1.87613201e+01,2.38548458e-01,3.37757826e-01
5345803-S04-156I3-A-L-C-190,20.02.2020-08:10:13,8.00000000e+00,6.46365702e-01,8.99528027e+00,2.11635581e-03,9.54769363e+01,8.00488358e+01,1.89442844e+01,2.99372613e-01,3.62480521e-01
5345803-S04-156I3-A-L-C-190,20.02.2020-08:10:15,9.00000000e+00,6.47775769e-01,8.93443298e+00,2.31813476e-03,1.29566345e+02,8.01416321e+01,1.88790474e+01,4.42755044e-01,5.69113255e-01
5345803-S04-156I3-A-L-C-190,20.02.2020-08:10:17,9.00000000e+00,6.47525311e-01,8.90764999e+00,2.13407399e-03,2.07381638e+02,8.01853790e+01,1.88254452e+01,1.44508407e-01,2.22520918e-01
5345803-S04-156I3-A-L-C-190,20.02.2020-08:11:15,9.00000000e+00,6.45782351e-01,8.90904140e+00,1.80194550e-03,3.00011108e+02,8.04366913e+01,1.88365574e+01,1.82152346e-01,4.88831013e-01
5345803-S04-156I3-A-L-C-190,20.02.2020-08:11:17,2.40000000e+01,6.47187471e-01,8.96945190e+00,1.88799156e-03,4.47261190e+00,7.92623825e+01,1.87280827e+01,4.27262688e+00,5.16616106e+00
5345803-S04-156I3-A-L-C-190,20.02.2020-08:11:19,7.00000000e+00,6.48707092e-01,8.99168587e+00,2.12766533e-03,9.01409988e+01,8.02850418e+01,1.90613899e+01,2.37424508e-01,3.34636271e-01
5345803-S04-156I3-A-L-C-190,20.02.2020-08:11:21,9.00000000e+00,6.45493388e-01,8.90694332e+00,1.74045796e-03,2.34219055e+02,8.04695892e+01,1.88313942e+01,1.62005231e-01,4.40135002e-01
5345803-S04-156I3-A-L-C-190,20.02.2020-08:11:23,9.00000000e+00,6.45677090e-01,8.94414997e+00,2.01263325e-03,1.78487335e+02,8.03052750e+01,1.88768139e+01,1.75460294e-01,2.49178201e-01
5345803-S04-156I3-A-L-C-190,20.02.2020-08:11:25,1.90000000e+01,6.43696547e-01,8.96140003e+00,2.00570887e-03,6.02695465e+01,8.00417480e+01,1.87933331e+01,4.42802936e-01,6.99054718e-01
5345803-S04-156I3-A-L-C-190,20.02.2020-08:11:27,9.00000000e+00,6.46372795e-01,8.96211147e+00,2.00549373e-03,7.96410446e+01,8.01152420e+01,1.88902969e+01,3.07357460e-01,3.92805636e-01
5345803-S04-156I3-A-L-C-190,20.02.2020-08:11:30,1.90000000e+01,6.44820809e-01,8.92791462e+00,1.81733060e-03,1.61861389e+02,8.02222672e+01,1.87981110e+01,1.89770252e-01,2.71912515e-01
5345803-S04-156I3-A-L-C-190,20.02.2020-08:11:32,9.00000000e+00,6.45044029e-01,8.93779087e+00,1.75594620e-03,1.96428726e+02,8.03508987e+01,1.88556042e+01,1.58374026e-01,2.77034760e-01
5345803-S04-156I3-A-L-C-190,20.02.2020-08:11:34,9.00000000e+00,6.46306157e-01,8.97169304e+00,2.07754434e-03,5.82029839e+01,8.01025162e+01,1.89055386e+01,4.75104660e-01,5.82890213e-01
5345803-S04-156I3-A-L-C-190,20.02.2020-08:11:57,2.00000000e+01,6.43035054e-01,8.88247204e+00,1.76485104e-03,1.22168716e+02,8.01230698e+01,1.86275711e+01,3.74190152e-01,8.20070863e-01
5345803-S04-156I3-A-L-C-190,20.02.2020-08:11:59,2.00000000e+01,6.43949747e-01,8.90254402e+00,2.21307622e-03,1.62981430e+02,7.99671555e+01,1.86598415e+01,1.79662243e-01,3.67151767e-01
5345803-S04-156I3-A-L-C-190,20.02.2020-08:12:01,2.10000000e+01,6.41357780e-01,8.87050056e+00,2.04362487e-03,2.00147430e+02,8.00838928e+01,1.85448742e+01,2.39321709e-01,6.44294441e-01
5345803-S04-156I3-A-L-C-190,20.02.2020-08:12:03,1.90000000e+01,6.44470274e-01,8.91151333e+00,1.93836400e-03,1.25748711e+02,8.02417603e+01,1.87579327e+01,2.82392114e-01,4.50250387e-01
5345803-S04-156I3-A-L-C-190,20.02.2020-08:12:05,1.90000000e+01,6.44232810e-01,8.92475605e+00,1.90749194e-03,1.36623062e+02,8.03075485e+01,1.87942829e+01,2.40535513e-01,3.82689863e-01
5345803-S04-156I3-A-L-C-190,20.02.2020-08:12:07,2.10000000e+01,6.41249895e-01,8.89320469e+00,1.93009549e-03,2.03080215e+01,8.00450516e+01,1.85801964e+01,7.68700838e-01,9.53547001e-01
5345803-S04-156I3-A-L-C-190,20.02.2020-08:12:09,2.00000000e+01,6.43390119e-01,8.94344521e+00,2.31223344e-03,1.60342697e+02,7.97438889e+01,1.86769886e+01,1.85704723e-01,2.63187647e-01
5345803-S04-156I3-A-L-C-190,20.02.2020-08:12:11,1.90000000e+01,6.43806279e-01,8.93598938e+00,1.88249582e-03,1.15214928e+02,8.00408249e+01,1.87430210e+01,2.53448814e-01,3.39411914e-01
5345803-S04-156I3-A-L-C-190,20.02.2020-08:12:13,2.00000000e+01,6.42861962e-01,8.89398861e+00,1.97293004e-03,1.07901329e+02,8.00469818e+01,1.86289959e+01,3.26527953e-01,6.53233826e-01
5345803-S04-156I3-A-L-C-190,20.02.2020-08:12:16,2.10000000e+01,6.39979780e-01,8.82178688e+00,1.70900684e-03,1.76460037e+02,8.07004547e+01,1.85450935e+01,1.78170741e-01,3.07203621e-01
5345803-S04-156I3-A-L-C-190,20.02.2020-08:12:38,9.00000000e+00,6.46148682e-01,8.92001438e+00,1.91310863e-03,7.71587677e+01,8.02156296e+01,1.88185940e+01,2.86695361e-01,4.82608348e-01
5345803-S04-156I3-A-L-C-190,20.02.2020-08:12:41,1.90000000e+01,6.45409465e-01,8.91942024e+00,2.02826201e-03,7.15982666e+01,7.99498215e+01,1.87335320e+01,5.56914151e-01,1.15032518e+00
5345803-S04-156I3-A-L-C-190,20.02.2020-08:12:43,9.00000000e+00,6.45008981e-01,8.90829563e+00,2.21692608e-03,7.98182755e+01,8.03948517e+01,1.88026390e+01,3.16495061e-01,5.84058821e-01
5345803-S04-156I3-A-L-C-190,20.02.2020-08:12:45,1.00000000e+00,6.41248286e-01,8.83721828e+00,1.94260676e-03,5.55200996e+01,7.99866714e+01,1.84497128e+01,4.83769327e-01,9.26887035e-01
5345803-S04-156I3-A-L-C-190,20.02.2020-08:12:47,2.10000000e+01,6.41377211e-01,8.88344193e+00,2.00205762e-03,4.88314018e+01,8.01593933e+01,1.85900021e+01,5.27480185e-01,9.97347593e-01
5345803-S04-156I3-A-L-C-190,20.02.2020-08:12:49,2.40000000e+01,6.42623305e-01,8.89863491e+00,1.65456207e-03,2.77525115e+00,7.84080276e+01,1.82503242e+01,6.90688419e+00,7.82902002e+00
5345803-S04-156I3-A-L-C-190,20.02.2020-08:12:51,2.40000000e+01,6.43111706e-01,8.94395065e+00,2.18708627e-03,5.78364849e+00,7.91747894e+01,1.85367203e+01,3.36136985e+00,3.82436180e+00
5345803-S04-156I3-A-L-C-190,20.02.2020-08:12:53,9.00000000e+00,6.43929303e-01,8.93780422e+00,1.81170844e-03,3.96135445e+01,8.03848267e+01,1.88309956e+01,5.69112599e-01,9.38441515e-01
5345803-S04-156I3-A-L-C-190,20.02.2020-08:12:55,2.00000000e+01,6.41406476e-01,8.90272903e+00,1.80636335e-03,1.34422195e+02,8.01447449e+01,1.86278076e+01,2.31835172e-01,4.20893639e-01
5345803-S04-156I3-A-L-C-190,20.02.2020-08:12:57,2.00000000e+00,6.37342513e-01,8.82470036e+00,1.86950678e-03,1.03608925e+02,8.00430298e+01,1.83242645e+01,3.64823580e-01,1.55011475e+00
5345803-S04-156I3-A-L-B-190,20.02.2020-06:57:37,8.00000000e+00,6.47582173e-01,8.95571899e+00,1.85571285e-03,2.37653625e+02,8.04368973e+01,1.89880714e+01,1.03514999e-01,2.43935853e-01
5345803-S04-156I3-A-L-B-190,20.02.2020-06:57:39,2.10000000e+01,6.40700936e-01,8.88541603e+00,1.90768531e-03,1.90223267e+02,7.99924622e+01,1.85358448e+01,1.56670660e-01,3.28232825e-01
5345803-S04-156I3-A-L-B-190,20.02.2020-06:57:42,1.90000000e+01,6.44992113e-01,8.89210224e+00,1.94702635e-03,9.04391098e+01,8.01672211e+01,1.87148304e+01,3.53365868e-01,5.06897271e-01
5345803-S04-156I3-A-L-B-190,20.02.2020-06:57:44,2.10000000e+01,6.40159547e-01,8.88044262e+00,1.94101641e-03,1.39701828e+02,8.02181168e+01,1.85620308e+01,2.52324551e-01,5.14227450e-01
5345803-S04-156I3-A-L-B-190,20.02.2020-06:57:46,9.00000000e+00,6.44282997e-01,8.94457531e+00,1.89249194e-03,1.63865601e+02,8.03498459e+01,1.88474083e+01,1.17683724e-01,1.46430716e-01
5345803-S04-156I3-A-L-B-190,20.02.2020-06:57:48,2.10000000e+01,6.42814875e-01,8.88190460e+00,1.91958621e-03,1.25398476e+02,7.98072433e+01,1.85466099e+01,1.37515008e-01,1.74079135e-01
5345803-S04-156I3-A-L-B-190,20.02.2020-06:57:50,8.00000000e+00,6.45657122e-01,8.95181656e+00,1.70867390e-03,2.22693604e+02,8.04735336e+01,1.89319973e+01,1.26622707e-01,1.73393860e-01
5345803-S04-156I3-A-L-B-190,20.02.2020-06:57:52,8.00000000e+00,6.45641088e-01,8.95436001e+00,1.89150206e-03,1.39563644e+02,8.03810120e+01,1.89151325e+01,1.71916068e-01,2.13048980e-01
5345803-S04-156I3-A-L-B-190,20.02.2020-06:57:54,8.00000000e+00,6.45539463e-01,8.95868874e+00,1.94544101e-03,1.69420227e+02,8.04250412e+01,1.89316597e+01,1.62016720e-01,2.08459243e-01
5345803-S04-156I3-A-L-B-190,20.02.2020-06:57:56,2.10000000e+01,6.42967820e-01,8.88969707e+00,1.73066219e-03,7.98623276e+01,7.99042587e+01,1.85898685e+01,2.43776053e-01,2.87307054e-01
5345803-S04-156I3-A-L-B-190,20.02.2020-08:08:00,2.00000000e+00,6.37967229e-01,8.80399799e+00,2.01551733e-03,1.12798698e+02,7.96464233e+01,1.82085247e+01,3.80241841e-01,9.21530545e-01
5345803-S04-156I3-A-L-B-190,20.02.2020-08:08:02,1.90000000e+01,6.44076407e-01,8.94025040e+00,1.97810004e-03,7.98514786e+01,8.01946182e+01,1.87958717e+01,3.83339733e-01,5.26788294e-01
5345803-S04-156I3-A-L-B-190,20.02.2020-08:08:05,9.00000000e+00,6.45538926e-01,8.99022579e+00,1.95418810e-03,7.61890640e+01,8.00102234e+01,1.89003010e+01,3.11522871e-01,3.73121172e-01
5345803-S04-156I3-A-L-B-190,20.02.2020-08:08:07,1.90000000e+01,6.43787384e-01,8.93262291e+00,1.91440771e-03,3.18704712e+02,8.02565765e+01,1.87859135e+01,1.22274876e-01,2.31054232e-01
5345803-S04-156I3-A-L-B-190,20.02.2020-08:08:09,1.90000000e+01,6.44610584e-01,8.92805195e+00,1.94073201e-03,1.43187286e+02,8.00885468e+01,1.87609482e+01,2.28021637e-01,4.06648815e-01
5345803-S04-156I3-A-L-B-190,20.02.2020-08:08:11,9.00000000e+00,6.46349907e-01,8.97222900e+00,2.24063150e-03,1.18424225e+02,7.99959564e+01,1.88827934e+01,2.49006748e-01,3.30941290e-01
5345803-S04-156I3-A-L-B-190,20.02.2020-08:08:13,1.90000000e+01,6.44674599e-01,8.93254662e+00,1.93706516e-03,1.18276741e+02,8.00955124e+01,1.87738876e+01,2.84263909e-01,5.18613338e-01
5345803-S04-156I3-A-L-B-190,20.02.2020-08:08:15,2.10000000e+01,6.41540706e-01,8.87540340e+00,1.95530662e-03,2.46471497e+02,8.00407639e+01,1.85504189e+01,2.24076018e-01,7.20837176e-01
5345803-S04-156I3-A-L-B-190,20.02.2020-08:08:17,1.90000000e+01,6.44701064e-01,8.94283485e+00,1.92760665e-03,2.82311432e+02,8.00131760e+01,1.87769604e+01,1.11191072e-01,1.44579396e-01
5345803-S04-156I3-A-L-B-190,20.02.2020-08:08:19,7.00000000e+00,6.48278892e-01,9.03844738e+00,1.83910667e-03,1.08323395e+02,8.01413956e+01,1.91136150e+01,2.31440678e-01,2.74278015e-01
5345803-S04-156I3-A-L-C-190,20.02.2020-08:10:54,8.00000000e+00,6.48458004e-01,8.93911648e+00,1.88993267e-03,2.20580093e+02,8.03491821e+01,1.89578075e+01,1.14241406e-01,1.73808977e-01
5345803-S04-156I3-A-L-C-190,20.02.2020-08:10:56,2.00000000e+01,6.42161548e-01,8.90615273e+00,1.91153877e-03,1.13734535e+02,8.02876740e+01,1.86901817e+01,2.44317070e-01,4.42112654e-01
5345803-S04-156I3-A-L-C-190,20.02.2020-08:10:58,7.00000000e+00,6.48239911e-01,8.98673058e+00,1.88265694e-03,2.10908447e+02,8.02938995e+01,1.90392685e+01,1.24808438e-01,2.88450658e-01
5345803-S04-156I3-A-L-C-190,20.02.2020-08:11:00,1.90000000e+01,6.44538164e-01,8.95990562e+00,2.32392992e-03,9.92905655e+01,7.97337341e+01,1.87423630e+01,2.15109363e-01,3.31201226e-01
5345803-S04-156I3-A-L-C-190,20.02.2020-08:11:02,2.00000000e+01,6.41547561e-01,8.86865234e+00,1.92871667e-03,3.82820618e+02,8.06598663e+01,1.86798840e+01,1.31459996e-01,5.38850307e-01
5345803-S04-156I3-A-L-C-190,20.02.2020-08:11:04,9.00000000e+00,6.44871533e-01,8.94759941e+00,2.10212148e-03,6.62823257e+01,8.01685715e+01,1.88284264e+01,3.04654688e-01,3.67827505e-01
5345803-S04-156I3-A-L-C-190,20.02.2020-08:11:07,7.00000000e+00,6.49909675e-01,8.96959400e+00,2.27511465e-03,1.40087921e+02,8.01611862e+01,1.90204239e+01,2.12487713e-01,3.63212377e-01
5345803-S04-156I3-A-L-C-190,20.02.2020-08:11:09,1.90000000e+01,6.45677745e-01,8.88956070e+00,1.76510517e-03,3.48873474e+02,8.03364868e+01,1.87689152e+01,1.47131667e-01,2.13156343e-01
5345803-S04-156I3-A-L-C-190,20.02.2020-08:11:11,2.00000000e+01,6.43542290e-01,8.89764214e+00,2.04960629e-03,3.03048706e+02,8.01563492e+01,1.86818619e+01,1.41284317e-01,3.82105857e-01
5345803-S04-156I3-A-L-C-190,20.02.2020-08:11:13,9.00000000e+00,6.46625042e-01,8.93895626e+00,2.15609604e-03,1.36372574e+02,8.01551971e+01,1.88582420e+01,2.79102534e-01,5.19066811e-01
5345803-S04-156I3-A-L-C-190,20.02.2020-08:11:36,8.00000000e+00,6.47052467e-01,8.97341824e+00,2.08108267e-03,1.46034485e+02,8.01518250e+01,1.89426632e+01,2.87689805e-01,3.35217625e-01
5345803-S04-156I3-A-L-C-190,20.02.2020-08:11:38,2.00000000e+01,6.43430233e-01,8.90713787e+00,1.65389711e-03,1.44613968e+02,8.01551208e+01,1.86982555e+01,1.62344098e-01,2.05415428e-01
5345803-S04-156I3-A-L-C-190,20.02.2020-08:11:40,1.90000000e+01,6.43168151e-01,8.95356941e+00,2.03853659e-03,1.67942154e+02,8.00943375e+01,1.87738228e+01,1.65136248e-01,2.35236421e-01
5345803-S04-156I3-A-L-C-190,20.02.2020-08:11:42,1.00000000e+00,6.40824497e-01,8.83972549e+00,2.05546175e-03,1.01225296e+02,8.01094513e+01,1.84710598e+01,3.04612756e-01,5.78282356e-01
5345803-S04-156I3-A-L-C-190,20.02.2020-08:11:44,9.00000000e+00,6.44441068e-01,8.95944595e+00,1.91675418e-03,1.30168396e+02,8.01319351e+01,1.88321629e+01,2.66586512e-01,3.74786556e-01
5345803-S04-156I3-A-L-C-190,20.02.2020-08:11:46,9.00000000e+00,6.44807696e-01,8.94573593e+00,1.87998102e-03,1.62118362e+02,8.01921158e+01,1.88281727e+01,2.42930308e-01,4.09132123e-01
5345803-S04-156I3-A-L-C-190,20.02.2020-08:11:48,2.10000000e+01,6.41335130e-01,8.85309029e+00,1.58554013e-03,1.88950134e+02,8.03445816e+01,1.85680676e+01,1.47595704e-01,3.53788197e-01
5345803-S04-156I3-A-L-C-190,20.02.2020-08:11:50,2.00000000e+01,6.45114303e-01,8.89053917e+00,2.30811420e-03,3.04376312e+02,8.01016083e+01,1.86997681e+01,1.69391766e-01,2.26428449e-01
5345803-S04-156I3-A-L-C-190,20.02.2020-08:11:53,2.10000000e+01,6.41868770e-01,8.87769890e+00,2.19331938e-03,4.05522728e+01,7.98870468e+01,1.85290527e+01,8.84299099e-01,1.31033635e+00
5345803-S04-156I3-A-L-C-190,20.02.2020-08:11:55,9.00000000e+00,6.47724628e-01,8.93405056e+00,1.95441069e-03,6.79135895e+01,8.02669678e+01,1.89062710e+01,6.67939186e-01,8.47361445e-01
5345803-S04-156I3-A-L-C-190,20.02.2020-08:12:18,2.00000000e+01,6.44477487e-01,8.89321423e+00,1.88375905e-03,1.05322647e+02,7.99343643e+01,1.86479111e+01,2.79271930e-01,3.70854199e-01
5345803-S04-156I3-A-L-C-190,20.02.2020-08:12:20,1.90000000e+01,6.44030094e-01,8.93201160e+00,1.84526411e-03,8.60002823e+01,8.01810150e+01,1.87740173e+01,4.07364637e-01,5.46039045e-01
5345803-S04-156I3-A-L-C-190,20.02.2020-08:12:22,1.90000000e+01,6.44344330e-01,8.94106579e+00,2.09250674e-03,5.90220871e+01,7.99526520e+01,1.87486668e+01,4.64580745e-01,6.06584549e-01
5345803-S04-156I3-A-L-C-190,20.02.2020-08:12:24,1.90000000e+01,6.44657731e-01,8.94210911e+00,1.95500324e-03,1.33173355e+02,8.00262222e+01,1.87772369e+01,3.07178557e-01,4.02194321e-01
5345803-S04-156I3-A-L-C-190,20.02.2020-08:12:26,3.00000000e+00,6.39564097e-01,8.76235104e+00,1.60709815e-03,1.33171051e+02,7.95545578e+01,1.81467972e+01,2.50236005e-01,3.58245790e-01
5345803-S04-156I3-A-L-C-190,20.02.2020-08:12:28,9.00000000e+00,6.45178974e-01,8.95006561e+00,1.58867904e-03,1.34754745e+02,8.00936432e+01,1.88249874e+01,2.05088541e-01,2.73230731e-01
5345803-S04-156I3-A-L-C-190,20.02.2020-08:12:30,2.10000000e+01,6.42993689e-01,8.92197037e+00,2.37528840e-03,1.82078720e+02,7.95051727e+01,1.85649185e+01,1.32577375e-01,1.57648727e-01
5345803-S04-156I3-A-L-C-190,20.02.2020-08:12:32,1.90000000e+01,6.45920217e-01,8.92997456e+00,1.88809680e-03,8.49196396e+01,7.99620590e+01,1.87734146e+01,2.46037796e-01,3.56316060e-01
5345803-S04-156I3-A-L-C-190,20.02.2020-08:12:34,2.10000000e+01,6.41897619e-01,8.88582134e+00,2.09948863e-03,1.57472046e+02,7.98827362e+01,1.85458393e+01,1.63684085e-01,2.39368245e-01
5345803-S04-156I3-A-L-C-190,20.02.2020-08:12:36,2.10000000e+01,6.42332911e-01,8.88593006e+00,2.16708775e-03,3.58105255e+02,7.97747879e+01,1.85335617e+01,1.19162478e-01,2.03213617e-01
5345803-S04-156I3-A-L-C-190,20.02.2020-08:13:20,1.90000000e+01,6.42682195e-01,8.93195057e+00,2.05261470e-03,1.26091553e+02,8.01166229e+01,1.87195511e+01,2.84737557e-01,4.14123535e-01
5345803-S04-156I3-A-L-C-190,20.02.2020-08:13:22,1.90000000e+01,6.42729282e-01,8.92855453e+00,1.94258604e-03,7.03358994e+01,8.01452789e+01,1.87204990e+01,4.33459431e-01,5.87970376e-01
5345803-S04-156I3-A-L-C-190,20.02.2020-08:13:24,2.10000000e+01,6.41040742e-01,8.89719868e+00,1.75323489e-03,6.80813751e+01,8.00756989e+01,1.85895939e+01,4.50406134e-01,7.06624269e-01
5345803-S04-156I3-A-L-C-190,20.02.2020-08:13:27,2.00000000e+01,6.41414523e-01,8.92193222e+00,1.96060422e-03,1.02613457e+02,8.00983047e+01,1.86574039e+01,2.43868977e-01,4.03170317e-01
5345803-S04-156I3-A-L-C-190,20.02.2020-08:13:29,2.00000000e+00,6.37503088e-01,8.82775784e+00,2.02571368e-03,1.05522575e+02,8.00325089e+01,1.83328228e+01,3.59851718e-01,1.81720030e+00
5345803-S04-156I3-A-L-C-190,20.02.2020-08:13:31,2.00000000e+00,6.37259185e-01,8.82594681e+00,1.84752070e-03,6.16829720e+01,8.00612335e+01,1.83286228e+01,5.49820542e-01,1.81403804e+00
5345803-S04-156I3-A-L-C-190,20.02.2020-08:13:33,1.90000000e+01,6.43843234e-01,8.93682003e+00,2.11670133e-03,6.88771515e+01,8.00922241e+01,1.87578773e+01,3.73780876e-01,5.03319979e-01
5345803-S04-156I3-A-L-C-190,20.02.2020-08:13:35,2.10000000e+01,6.40459001e-01,8.90470695e+00,2.07124441e-03,6.96248703e+01,7.98989029e+01,1.85473557e+01,4.08932298e-01,8.08366001e-01
5345803-S04-156I3-A-L-C-190,20.02.2020-08:13:37,1.90000000e+01,6.43271267e-01,8.94294548e+00,2.18961667e-03,7.01671066e+01,8.01725235e+01,1.87728634e+01,3.15288097e-01,4.29823130e-01
5345803-S04-156I3-A-L-C-190,20.02.2020-08:13:39,2.10000000e+01,6.39663160e-01,8.88431644e+00,1.98124326e-03,4.83008156e+01,8.00089111e+01,1.85073357e+01,5.50070584e-01,1.05083072e+00
5345803-S04-156I3-A-L-C-190,20.02.2020-08:14:02,2.00000000e+01,6.42670453e-01,8.92095566e+00,2.15656473e-03,8.85979691e+01,7.99797821e+01,1.86642323e+01,3.11614424e-01,4.81864035e-01
5345803-S04-156I3-A-L-C-190,20.02.2020-08:14:04,2.00000000e+01,6.41331375e-01,8.89621639e+00,1.76590704e-03,5.82562408e+01,8.01467819e+01,1.86124725e+01,4.69506919e-01,7.38735199e-01
5345803-S04-156I3-A-L-C-190,20.02.2020-08:14:06,2.10000000e+01,6.41095638e-01,8.87932873e+00,1.80196436e-03,6.44113693e+01,8.00961151e+01,1.85585747e+01,4.72711414e-01,7.08087683e-01
5345803-S04-156I3-A-L-C-190,20.02.2020-08:14:08,2.10000000e+01,6.40837133e-01,8.89615440e+00,1.78181229e-03,3.08136635e+01,7.99481201e+01,1.85519028e+01,7.15173006e-01,8.25653493e-01
5345803-S04-156I3-A-L-C-190,20.02.2020-08:14:10,2.00000000e+01,6.44445419e-01,8.89329720e+00,2.29735579e-03,8.92133789e+01,8.00655594e+01,1.86777630e+01,3.42323095e-01,6.34403467e-01
5345803-S04-156I3-A-L-C-190,20.02.2020-08:14:13,1.90000000e+01,6.43229604e-01,8.91614532e+00,2.02139397e-03,6.11206894e+01,8.01539307e+01,1.87110500e+01,4.19318169e-01,4.95248199e-01
5345803-S04-156I3-A-L-C-190,20.02.2020-08:14:15,2.00000000e+00,6.38561487e-01,8.82368183e+00,1.92661758e-03,7.14185181e+01,7.99856491e+01,1.83440361e+01,4.47181344e-01,1.28034818e+00
5345803-S04-156I3-A-L-C-190,20.02.2020-08:14:17,2.10000000e+01,6.41383886e-01,8.90392876e+00,1.95906218e-03,7.07720871e+01,7.99907913e+01,1.85938740e+01,4.25869733e-01,6.70859516e-01
5345803-S04-156I3-A-L-C-190,20.02.2020-08:16:12,2.00000000e+01,6.41540706e-01,8.89491367e+00,1.80867116e-03,1.98735062e+02,8.02782669e+01,1.86463623e+01,2.17879429e-01,5.31940043e-01
5345803-S04-156I3-A-L-C-190,20.02.2020-08:16:14,9.00000000e+00,6.44065738e-01,8.96843243e+00,1.98714458e-03,2.85065308e+02,8.01890335e+01,1.88534985e+01,1.23713709e-01,1.73556432e-01
5345803-S04-156I3-A-L-C-190,20.02.2020-08:16:37,9.00000000e+00,6.43619537e-01,8.94792080e+00,1.69709127e-03,3.90634521e+02,8.04506683e+01,1.88586750e+01,1.25151321e-01,1.86038062e-01
5345803-S04-156I3-A-L-C-190,20.02.2020-08:16:39,9.00000000e+00,6.44146442e-01,8.96453762e+00,1.71042304e-03,3.39830170e+02,8.03597946e+01,1.88878078e+01,9.45522040e-02,1.46386981e-01
5345803-S04-156I3-A-L-C-190,20.02.2020-08:16:41,9.00000000e+00,6.43582344e-01,8.96795559e+00,1.83499418e-03,1.06689201e+02,8.02604752e+01,1.88551292e+01,2.90890545e-01,3.63825053e-01
5345803-S04-156I3-A-L-C-190,20.02.2020-08:16:43,8.00000000e+00,6.45006657e-01,8.97727966e+00,2.08474067e-03,4.53654480e+02,8.02532578e+01,1.89148006e+01,1.01532727e-01,1.32080436e-01
5345803-S04-156I3-A-L-C-190,20.02.2020-08:16:46,9.00000000e+00,6.43519342e-01,8.96221828e+00,1.90471811e-03,2.47201630e+02,8.02342453e+01,1.88350639e+01,9.75477621e-02,1.38502896e-01
5345803-S04-156I3-A-L-C-190,20.02.2020-08:17:32,2.00000000e+00,6.35361016e-01,8.82670498e+00,1.87962863e-03,2.23828400e+02,8.01428680e+01,1.82942352e+01,2.36688346e-01,6.92883730e-01
5345803-S04-156I3-A-L-C-190,20.02.2020-08:17:34,2.00000000e+00,6.35209560e-01,8.81281662e+00,1.95627729e-03,9.83664856e+01,8.02424011e+01,1.82837734e+01,3.48101228e-01,6.69957578e-01
5345803-S04-156I3-A-L-C-190,20.02.2020-08:17:36,2.00000000e+01,6.42568946e-01,8.90740108e+00,1.76739367e-03,2.74662842e+02,8.02372284e+01,1.86929054e+01,2.36876979e-01,5.35303116e-01
5345803-S04-156I3-A-L-C-190,20.02.2020-08:17:38,8.00000000e+00,6.43935502e-01,8.98780632e+00,1.92118960e-03,4.25797485e+02,8.02990112e+01,1.89163132e+01,8.94063637e-02,1.28505707e-01
5345803-S04-156I3-A-L-C-190,20.02.2020-08:17:40,9.00000000e+00,6.45792365e-01,8.93614769e+00,1.92455668e-03,3.67739807e+02,8.02514725e+01,1.88506546e+01,1.01851828e-01,1.89558282e-01
5345803-S04-156I3-A-L-B-190,20.02.2020-08:08:22,9.00000000e+00,6.45443439e-01,8.97124481e+00,2.28140363e-03,1.05363464e+02,8.00190430e+01,1.88596859e+01,3.08849424e-01,4.58377391e-01
5345803-S04-156I3-A-L-B-190,20.02.2020-08:08:24,1.90000000e+01,6.43863559e-01,8.93087673e+00,2.00887467e-03,1.54319504e+02,8.00969772e+01,1.87471085e+01,2.08467454e-01,3.61056417e-01
5345803-S04-156I3-A-L-B-190,20.02.2020-08:08:26,8.00000000e+00,6.47101641e-01,8.97462368e+00,2.13560392e-03,1.96844055e+02,8.02185059e+01,1.89624081e+01,1.29194915e-01,1.70955077e-01
5345803-S04-156I3-A-L-B-190,20.02.2020-08:08:28,7.00000000e+00,6.46124482e-01,9.00828552e+00,1.97933195e-03,1.13650612e+02,8.03172531e+01,1.90281849e+01,2.85821855e-01,4.12822008e-01
5345803-S04-156I3-A-L-B-190,20.02.2020-08:08:30,8.00000000e+00,6.46803558e-01,8.97581768e+00,2.09718384e-03,2.41052628e+02,8.02549438e+01,1.89648056e+01,1.63750380e-01,2.08080098e-01
5345803-S04-156I3-A-L-B-190,20.02.2020-08:08:32,2.00000000e+01,6.40308499e-01,8.93266106e+00,2.14678585e-03,1.23755783e+02,7.99056091e+01,1.86027699e+01,2.54508972e-01,5.32180667e-01
5345803-S04-156I3-A-L-B-190,20.02.2020-08:08:34,2.10000000e+01,6.40614808e-01,8.91443253e+00,2.26204609e-03,1.98434265e+02,7.98206406e+01,1.85539360e+01,2.30496272e-01,4.95022357e-01
5345803-S04-156I3-A-L-B-190,20.02.2020-08:08:36,2.00000000e+00,6.38650835e-01,8.81210518e+00,1.83057506e-03,1.16899445e+02,7.97453232e+01,1.82674770e+01,3.77784163e-01,1.10961187e+00
5345803-S04-156I3-A-L-B-190,20.02.2020-08:08:38,8.00000000e+00,6.47463799e-01,8.97050095e+00,2.14505312e-03,1.18501312e+02,8.02092438e+01,1.89621143e+01,2.74184883e-01,3.26562643e-01
5345803-S04-156I3-A-L-B-190,20.02.2020-08:08:40,1.90000000e+01,6.42906964e-01,8.91816998e+00,2.09515612e-03,1.58913406e+02,8.01453247e+01,1.87039032e+01,2.63582915e-01,7.15372741e-01
5345803-S04-156I3-A-L-C-190,20.02.2020-08:12:59,9.00000000e+00,6.43395424e-01,8.94970512e+00,1.91711984e-03,9.64941406e+01,8.02682877e+01,1.88131237e+01,2.62234926e-01,3.69904280e-01
5345803-S04-156I3-A-L-C-190,20.02.2020-08:13:01,7.00000000e+00,6.47270262e-01,9.00294971e+00,2.13455246e-03,8.76308746e+01,8.02603378e+01,1.90371380e+01,3.24497521e-01,3.85107696e-01
5345803-S04-156I3-A-L-C-190,20.02.2020-08:13:03,9.00000000e+00,6.43810749e-01,8.94118977e+00,1.94010045e-03,3.64349174e+01,8.02823334e+01,1.88106461e+01,6.54746115e-01,8.10929179e-01
5345803-S04-156I3-A-L-C-190,20.02.2020-08:13:06,1.90000000e+01,6.44947112e-01,8.94136715e+00,2.19730311e-03,8.86135635e+01,8.00844116e+01,1.87977657e+01,4.11300153e-01,5.47557175e-01
5345803-S04-156I3-A-L-C-190,20.02.2020-08:13:08,2.10000000e+01,6.40348375e-01,8.89094543e+00,1.94871193e-03,1.28511841e+02,8.02111893e+01,1.85878620e+01,3.70314211e-01,7.02820182e-01
5345803-S04-156I3-A-L-C-190,20.02.2020-08:13:10,2.10000000e+01,6.41838968e-01,8.89122868e+00,1.82958925e-03,1.14837234e+02,8.00157089e+01,1.85863171e+01,3.24265659e-01,4.07023072e-01
5345803-S04-156I3-A-L-C-190,20.02.2020-08:13:12,1.90000000e+01,6.44758105e-01,8.92049122e+00,2.15272629e-03,8.44920502e+01,7.99877090e+01,1.87257423e+01,2.69647628e-01,3.53635550e-01
5345803-S04-156I3-A-L-C-190,20.02.2020-08:13:14,2.00000000e+01,6.41794443e-01,8.92945957e+00,1.99548784e-03,9.61361084e+01,8.00621719e+01,1.86757774e+01,3.16194952e-01,3.78926128e-01
5345803-S04-156I3-A-L-C-190,20.02.2020-08:13:16,1.90000000e+01,6.42855823e-01,8.95117760e+00,1.97190815e-03,8.45024338e+01,8.01138535e+01,1.87642670e+01,3.82802397e-01,5.94920158e-01
5345803-S04-156I3-A-L-C-190,20.02.2020-08:13:18,2.00000000e+01,6.41880989e-01,8.91031361e+00,1.73262472e-03,1.20435982e+02,8.01970901e+01,1.86696548e+01,2.74848819e-01,5.06135166e-01
5345803-S04-156I3-A-L-C-190,20.02.2020-08:13:41,2.10000000e+01,6.39944673e-01,8.87977791e+00,1.82512647e-03,7.01746826e+01,8.02310104e+01,1.85573940e+01,3.80843967e-01,9.08992767e-01
5345803-S04-156I3-A-L-C-190,20.02.2020-08:13:43,2.00000000e+01,6.40381336e-01,8.90517902e+00,1.96727132e-03,5.36683540e+01,8.01923523e+01,1.86142044e+01,4.89381224e-01,7.01049626e-01
5345803-S04-156I3-A-L-C-190,20.02.2020-08:13:45,2.10000000e+01,6.40616238e-01,8.90283298e+00,1.93657237e-03,5.75784874e+01,8.00928802e+01,1.85930328e+01,4.14020866e-01,5.72586417e-01
5345803-S04-156I3-A-L-C-190,20.02.2020-08:13:48,1.90000000e+01,6.45850837e-01,8.90220356e+00,1.98676740e-03,2.69753284e+01,8.00723877e+01,1.87388401e+01,1.07770061e+00,1.38102090e+00
5345803-S04-156I3-A-L-C-190,20.02.2020-08:13:50,9.00000000e+00,6.46863103e-01,8.96134758e+00,2.06960505e-03,2.76881809e+01,8.01389542e+01,1.89086075e+01,1.10663998e+00,1.40007472e+00
5345803-S04-156I3-A-L-C-190,20.02.2020-08:13:52,1.40000000e+01,6.46534026e-01,8.96069145e+00,2.11120280e-03,2.52469997e+01,8.00690613e+01,1.88811245e+01,1.37225986e+00,1.71922219e+00
5345803-S04-156I3-A-L-C-190,20.02.2020-08:13:54,8.00000000e+00,6.47267938e-01,8.95868206e+00,1.91663054e-03,2.97444229e+01,8.01887054e+01,1.89265556e+01,1.10432959e+00,1.34566176e+00
5345803-S04-156I3-A-L-C-190,20.02.2020-08:13:56,1.90000000e+01,6.43541336e-01,8.93474197e+00,1.94682030e-03,8.30341949e+01,8.02551880e+01,1.87828617e+01,4.34354812e-01,6.03318393e-01
5345803-S04-156I3-A-L-C-190,20.02.2020-08:13:58,1.90000000e+01,6.42929673e-01,8.94079685e+00,1.99004565e-03,8.83932877e+01,8.01699600e+01,1.87577839e+01,3.65283400e-01,5.52255273e-01
5345803-S04-156I3-A-L-C-190,20.02.2020-08:14:00,2.00000000e+01,6.42306030e-01,8.91225719e+00,1.96587248e-03,6.12174606e+01,8.01532440e+01,1.86758785e+01,5.39687812e-01,7.35216737e-01
5345803-S04-156I3-A-L-C-190,20.02.2020-08:16:16,2.40000000e+01,6.40660167e-01,8.94603062e+00,1.62252027e-03,3.68548489e+00,7.86126099e+01,1.83392048e+01,9.45667076e+00,
5345803-S04-156I3-A-L-C-190,20.02.2020-08:16:18,9.00000000e+00,6.43564761e-01,8.96723366e+00,1.75304362e-03,1.47574509e+02,8.04237823e+01,1.88914566e+01,2.10799530e-01,2.99197495e-01
5345803-S04-156I3-A-L-C-190,20.02.2020-08:16:20,9.00000000e+00,6.43063486e-01,8.95408058e+00,1.90256513e-03,2.05938416e+02,8.02832489e+01,1.88161163e+01,1.56420693e-01,2.20721722e-01
5345803-S04-156I3-A-L-C-190,20.02.2020-08:16:22,9.00000000e+00,6.43156350e-01,8.95515347e+00,1.95597950e-03,2.22684280e+02,8.03205872e+01,1.88298397e+01,1.19584553e-01,1.79270595e-01
5345803-S04-156I3-A-L-C-190,20.02.2020-08:16:24,9.00000000e+00,6.43153191e-01,8.95281506e+00,1.93203497e-03,1.07788116e+02,8.02239532e+01,1.88021851e+01,3.13203037e-01,4.01350349e-01
5345803-S04-156I3-A-L-C-190,20.02.2020-08:16:27,9.00000000e+00,6.43576443e-01,8.95231438e+00,1.74973567e-03,1.47673218e+02,8.02792282e+01,1.88264675e+01,2.24053949e-01,2.91198134e-01
5345803-S04-156I3-A-L-C-190,20.02.2020-08:16:29,1.90000000e+01,6.43093944e-01,8.93978977e+00,1.95098354e-03,1.67479355e+02,8.03071136e+01,1.87925606e+01,2.38409474e-01,3.25730145e-01
5345803-S04-156I3-A-L-C-190,20.02.2020-08:16:31,9.00000000e+00,6.43551052e-01,8.95196629e+00,1.88175275e-03,1.86035004e+02,8.02095032e+01,1.88086414e+01,1.61528260e-01,2.32282043e-01
5345803-S04-156I3-A-L-C-190,20.02.2020-08:16:33,8.00000000e+00,6.43823087e-01,9.02945042e+00,1.83397601e-03,7.05178452e+01,8.00458679e+01,1.89407406e+01,3.43503356e-01,4.04024035e-01
5345803-S04-156I3-A-L-C-190,20.02.2020-08:16:35,9.00000000e+00,6.43032849e-01,8.94492912e+00,1.76602963e-03,1.49399963e+02,8.03609238e+01,1.88141747e+01,2.20268250e-01,3.44985187e-01
5345803-S04-156I3-A-L-C-190,20.02.2020-08:17:42,8.00000000e+00,6.45116448e-01,8.97240448e+00,1.79193751e-03,5.95112686e+01,8.03875885e+01,1.89393978e+01,3.69406968e-01,4.81251478e-01
5345803-S04-156I3-A-L-C-190,20.02.2020-08:17:44,8.00000000e+00,6.44810498e-01,8.96706581e+00,1.80437567e-03,8.25852356e+01,8.06404037e+01,1.89786510e+01,3.48973274e-01,6.35638058e-01
5345803-S04-156I3-A-L-C-190,20.02.2020-08:17:46,9.00000000e+00,6.43925965e-01,8.93169880e+00,1.70055532e-03,2.92249847e+02,8.03687134e+01,1.88142624e+01,1.61725655e-01,7.58866906e-01
5345803-S04-156I3-A-L-C-190,20.02.2020-08:17:48,9.00000000e+00,6.44983351e-01,8.97948360e+00,2.03940040e-03,2.13922424e+02,8.01536026e+01,1.88952713e+01,1.71067551e-01,4.04818416e-01
5345803-S04-156I3-A-L-C-190,20.02.2020-08:17:50,2.00000000e+01,6.42419219e-01,8.90101337e+00,2.11556884e-03,1.11627541e+02,8.00811539e+01,1.86388245e+01,3.30530852e-01,1.07174098e+00
5345803-S04-156I3-A-L-C-190,20.02.2020-08:17:53,1.90000000e+01,6.43505991e-01,8.92826462e+00,1.74836628e-03,1.95701492e+02,8.03799286e+01,1.87973862e+01,2.82343417e-01,9.57628131e-01
5345803-S04-156I3-A-L-C-190,20.02.2020-08:17:55,9.00000000e+00,6.41410112e-01,9.02336884e+00,1.91792380e-03,2.36958130e+02,7.98318176e+01,1.88066196e+01,1.33095473e-01,1.91187754e-01
5345803-S04-156I3-A-L-C-190,20.02.2020-08:17:57,2.00000000e+01,6.42863870e-01,8.92135048e+00,1.92717079e-03,7.14041138e+01,8.00194016e+01,1.86799221e+01,4.70390826e-01,1.25499594e+00
5345803-S04-156I3-A-L-C-190,20.02.2020-08:17:59,2.00000000e+01,6.42069697e-01,8.89044857e+00,1.97643088e-03,2.93811462e+02,8.01433258e+01,1.86210155e+01,2.67308980e-01,9.91136074e-01
5345803-S04-156I3-A-L-C-190,20.02.2020-08:18:01,9.00000000e+00,6.44801140e-01,8.99769497e+00,1.98123744e-03,7.72094116e+01,7.99751587e+01,1.88861027e+01,3.47869933e-01,4.32917297e-01
5345803-S04-156I3-A-L-C-190,20.02.2020-08:19:06,1.90000000e+01,6.43101752e-01,8.94982147e+00,1.76341657e-03,8.36935654e+01,8.00796814e+01,1.87605934e+01,3.28648895e-01,9.69343662e-01
5345803-S04-156I3-A-L-C-190,20.02.2020-08:19:09,2.00000000e+01,6.42052650e-01,8.93163490e+00,2.01439043e-03,8.68784943e+01,8.00666428e+01,1.86888885e+01,3.39580238e-01,1.00317907e+00
5345803-S04-156I3-A-L-C-190,20.02.2020-08:19:11,9.00000000e+00,6.44671381e-01,8.95716858e+00,2.20708270e-03,1.83959579e+02,8.00417328e+01,1.88129025e+01,1.36662304e-01,4.82653111e-01
5345803-S04-156I3-A-L-C-190,20.02.2020-08:19:13,1.90000000e+01,6.41775548e-01,8.93033791e+00,2.05471553e-03,2.38835083e+02,8.01605377e+01,1.87000122e+01,2.09200010e-01,7.35403061e-01
5345803-S04-156I3-A-L-C-190,20.02.2020-08:19:15,1.90000000e+01,6.43376827e-01,8.93566895e+00,2.12655077e-03,6.90937805e+01,7.99359283e+01,1.87052994e+01,3.59381080e-01,8.19272637e-01
5345803-S04-156I3-A-L-C-190,20.02.2020-08:19:17,9.00000000e+00,6.44543946e-01,8.97134209e+00,1.99187850e-03,3.46173325e+01,7.99715500e+01,1.88224297e+01,5.27969480e-01,9.24268067e-01
5345803-S04-156I3-A-L-C-190,20.02.2020-08:19:19,7.00000000e+00,6.47360981e-01,9.00226784e+00,1.64416200e-03,1.59748520e+02,8.04102936e+01,1.90739326e+01,1.32990658e-01,3.25842738e-01
5345803-S04-156I3-A-L-C-190,20.02.2020-08:19:21,8.00000000e+00,6.47194922e-01,9.00829315e+00,2.17882893e-03,6.03244385e+02,8.00879135e+01,1.90053024e+01,5.38560152e-02,1.27989143e-01
5345803-S04-156I3-A-L-C-190,20.02.2020-08:19:23,8.00000000e+00,6.46371126e-01,8.99148846e+00,2.03768746e-03,9.52176819e+01,8.01293182e+01,1.89554977e+01,2.38122806e-01,5.20608366e-01
5345803-S04-156I3-A-L-C-190,20.02.2020-08:19:25,1.90000000e+01,6.42942846e-01,8.95333958e+00,1.92140916e-03,2.14530960e+02,8.01198883e+01,1.87727528e+01,2.17635036e-01,8.77880573e-01
5345803-S04-156I3-A-L-C-190,20.02.2020-08:20:09,1.90000000e+01,6.41740978e-01,8.93503189e+00,1.92067109e-03,1.92862823e+02,8.02477798e+01,1.87291946e+01,2.32049465e-01,7.59875357e-01
5345803-S04-156I3-A-L-C-190,20.02.2020-08:20:11,8.00000000e+00,6.45420253e-01,9.00942326e+00,2.01133802e-03,2.11232178e+02,8.00487518e+01,1.89462986e+01,1.46709666e-01,1.84625208e-01
5345803-S04-156I3-A-L-C-190,20.02.2020-08:20:14,9.00000000e+00,6.43170834e-01,8.95258808e+00,1.63467973e-03,3.71112335e+02,8.03083954e+01,1.88220139e+01,1.55711800e-01,3.82906049e-01
5345803-S04-156I3-A-L-C-190,20.02.2020-08:20:16,9.00000000e+00,6.43574178e-01,9.00087452e+00,1.92513084e-03,1.75269943e+02,8.01415863e+01,1.88960667e+01,1.40415564e-01,2.12977991e-01
5345803-S04-156I3-A-L-C-190,20.02.2020-08:20:18,9.00000000e+00,6.43411636e-01,8.98990726e+00,1.84783095e-03,1.68729370e+02,8.01076660e+01,1.88602905e+01,1.72303885e-01,2.70229697e-01
5345803-S04-156I3-A-L-C-190,20.02.2020-08:20:20,8.00000000e+00,6.46090448e-01,9.01213837e+00,2.26653181e-03,1.51147568e+02,8.01256638e+01,1.89899139e+01,1.80252075e-01,2.17501819e-01
5345803-S04-156I3-A-L-C-190,20.02.2020-08:20:22,9.00000000e+00,6.43301427e-01,8.98049545e+00,2.01961212e-03,2.90400177e+02,8.01538544e+01,1.88481808e+01,1.22980006e-01,1.83676928e-01
5345803-S04-156I3-A-L-C-190,20.02.2020-08:20:24,9.00000000e+00,6.44137204e-01,9.00060749e+00,1.88927364e-03,1.62201736e+02,8.01132812e+01,1.89053593e+01,1.50276810e-01,2.13017911e-01
5345803-S04-156I3-A-L-C-190,20.02.2020-08:20:26,7.00000000e+00,6.47022069e-01,9.06405449e+00,2.22644559e-03,1.24449669e+02,8.01373978e+01,1.91296520e+01,2.19224736e-01,2.65824795e-01
5345803-S04-156I3-A-L-C-190,20.02.2020-08:20:28,9.00000000e+00,6.43133521e-01,8.99563313e+00,2.10158457e-03,1.62845108e+02,8.00482483e+01,1.88501549e+01,1.91975221e-01,2.99288064e-01
5345803-S04-156I3-A-L-C-190,20.02.2020-08:20:52,8.00000000e+00,6.47264838e-01,8.98933601e+00,1.95799675e-03,1.32071564e+02,8.01210709e+01,1.89752102e+01,1.61852643e-01,2.95253634e-01
5345803-S04-156I3-A-L-C-190,20.02.2020-08:20:54,1.90000000e+01,6.42448366e-01,8.95590115e+00,1.99872092e-03,2.68588013e+02,8.01588821e+01,1.87728138e+01,2.06280574e-01,8.16803515e-01
5345803-S04-156I3-A-L-C-190,20.02.2020-08:20:56,8.00000000e+00,6.46518528e-01,8.97432327e+00,2.00740178e-03,1.05331413e+02,8.02434845e+01,1.89505863e+01,2.30023786e-01,3.83432508e-01
5345803-S04-156I3-A-L-C-190,20.02.2020-08:20:58,7.00000000e+00,6.46965742e-01,8.99250793e+00,1.86360092e-03,3.09344666e+02,8.03521805e+01,1.90278625e+01,1.33680448e-01,2.87386805e-01
5345803-S04-156I3-A-L-C-190,20.02.2020-08:21:00,2.00000000e+01,6.42094612e-01,8.93730640e+00,2.29919399e-03,1.91063507e+02,7.98885498e+01,1.86603756e+01,1.73872441e-01,5.18311679e-01
5345803-S04-156I3-A-L-C-190,20.02.2020-08:21:02,1.90000000e+01,6.42171264e-01,8.93920612e+00,1.81114767e-03,2.66515839e+02,8.01898117e+01,1.87369633e+01,1.43537670e-01,5.16368449e-01
5345803-S04-156I3-A-L-C-190,20.02.2020-08:21:04,8.00000000e+00,6.45683765e-01,8.96396065e+00,1.89775147e-03,1.27039024e+02,8.03661804e+01,1.89331703e+01,2.15682313e-01,3.32452863e-01
5345803-S04-156I3-A-L-C-190,20.02.2020-08:21:06,8.00000000e+00,6.46611214e-01,8.96295929e+00,1.69166911e-03,2.35680252e+02,8.03599472e+01,1.89567776e+01,1.36286393e-01,2.49464229e-01
5345803-S04-156I3-A-L-C-190,20.02.2020-08:21:08,9.00000000e+00,6.43090963e-01,8.95660686e+00,1.85016403e-03,1.95576736e+02,8.02706299e+01,1.88192711e+01,1.40512884e-01,2.34752283e-01
5345803-S04-156I3-A-L-C-190,20.02.2020-08:21:11,9.00000000e+00,6.44833386e-01,8.95462227e+00,1.79169269e-03,2.41275146e+02,8.02714920e+01,1.88662815e+01,1.32179365e-01,2.43197665e-01
5345803-S04-156I3-A-L-C-190,20.02.2020-08:18:03,9.00000000e+00,6.44935191e-01,8.96331692e+00,2.27323081e-03,1.57814453e+02,7.99005127e+01,1.88002911e+01,1.94392160e-01,4.68738407e-01
5345803-S04-156I3-A-L-C-190,20.02.2020-08:18:05,9.00000000e+00,6.46047592e-01,8.94276047e+00,2.01365678e-03,7.92488022e+01,8.02760162e+01,1.88778305e+01,4.36035186e-01,7.39740252e-01
5345803-S04-156I3-A-L-C-190,20.02.2020-08:18:07,9.00000000e+00,6.44400656e-01,8.94840050e+00,2.04758160e-03,3.64949570e+01,8.01106339e+01,1.88027668e+01,7.14981437e-01,1.13543081e+00
5345803-S04-156I3-A-L-C-190,20.02.2020-08:18:09,1.90000000e+01,6.42774820e-01,8.94641781e+00,1.94764498e-03,1.14468636e+02,7.99978790e+01,1.87247772e+01,3.04408908e-01,7.80814826e-01
5345803-S04-156I3-A-L-C-190,20.02.2020-08:18:12,1.40000000e+01,6.42334342e-01,8.93301010e+00,1.85146881e-03,1.94953308e+01,7.99119644e+01,1.86638374e+01,1.54111481e+00,2.39250851e+00
5345803-S04-156I3-A-L-C-190,20.02.2020-08:18:14,2.40000000e+01,6.45073175e-01,8.96936131e+00,2.11495720e-03,1.24353304e+01,7.97882309e+01,1.87905521e+01,2.32119823e+00,2.87971735e+00
5345803-S04-156I3-A-L-C-190,20.02.2020-08:18:16,2.40000000e+01,6.41651988e-01,8.91497803e+00,1.92767021e-03,8.80635738e+00,7.95514984e+01,1.85224495e+01,3.12391233e+00,3.94384313e+00
5345803-S04-156I3-A-L-C-190,20.02.2020-08:18:18,1.90000000e+01,6.42077625e-01,8.95524406e+00,2.06584646e-03,5.16619415e+01,7.99793549e+01,1.87185879e+01,6.30470574e-01,1.06162012e+00
5345803-S04-156I3-A-L-C-190,20.02.2020-08:18:20,8.00000000e+00,6.46534503e-01,8.97287178e+00,1.90885109e-03,3.22516388e+02,8.02441406e+01,1.89481449e+01,1.09356076e-01,2.85196871e-01
5345803-S04-156I3-A-L-C-190,20.02.2020-08:18:22,8.00000000e+00,6.46464765e-01,8.95267487e+00,1.85625383e-03,1.19493782e+02,8.03519516e+01,1.89288521e+01,1.68541461e-01,3.52588475e-01
5345803-S04-156I3-A-L-C-190,20.02.2020-08:19:27,8.00000000e+00,6.46023810e-01,8.99365520e+00,2.07776809e-03,2.58681702e+02,8.02044983e+01,1.89676552e+01,1.06694199e-01,2.92268306e-01
5345803-S04-156I3-A-L-C-190,20.02.2020-08:19:29,1.90000000e+01,6.43009067e-01,8.95898247e+00,1.94148684e-03,4.37347504e+02,7.99898758e+01,1.87560329e+01,1.02153741e-01,3.66098434e-01
5345803-S04-156I3-A-L-C-190,20.02.2020-08:19:31,7.00000000e+00,6.47357047e-01,9.00226212e+00,2.08028802e-03,1.25010185e+02,8.01870117e+01,1.90208435e+01,1.52529970e-01,2.55342484e-01
5345803-S04-156I3-A-L-C-190,20.02.2020-08:19:34,9.00000000e+00,6.43680692e-01,8.97245502e+00,1.91441481e-03,1.45972916e+02,8.02172928e+01,1.88573189e+01,2.55509138e-01,7.05508590e-01
5345803-S04-156I3-A-L-C-190,20.02.2020-08:19:36,7.00000000e+00,6.48651361e-01,9.05980015e+00,2.01586145e-03,1.74298996e+02,8.01999512e+01,1.91837845e+01,9.84216854e-02,1.28343180e-01
5345803-S04-156I3-A-L-C-190,20.02.2020-08:19:38,7.00000000e+00,6.46387577e-01,9.00840378e+00,2.16498808e-03,3.42486786e+02,8.04091263e+01,1.90579586e+01,1.24409832e-01,2.11627662e-01
5345803-S04-156I3-A-L-C-190,20.02.2020-08:19:40,7.00000000e+00,6.47977591e-01,9.05451870e+00,1.88825780e-03,1.10136070e+02,8.02298050e+01,1.91598148e+01,1.97562948e-01,2.39137352e-01
5345803-S04-156I3-A-L-C-190,20.02.2020-08:19:42,9.00000000e+00,6.44231200e-01,9.00820541e+00,2.08652113e-03,1.52511322e+02,7.99960251e+01,1.88963814e+01,1.87433407e-01,2.49972075e-01
5345803-S04-156I3-A-L-C-190,20.02.2020-08:19:44,7.00000000e+00,6.47798777e-01,9.06493282e+00,2.02108524e-03,1.34287964e+02,8.02471771e+01,1.91807079e+01,1.63049310e-01,1.96235940e-01
5345803-S04-156I3-A-L-C-190,20.02.2020-08:19:46,7.00000000e+00,6.47467196e-01,9.05839252e+00,1.92921865e-03,1.23581940e+02,8.01710968e+01,1.91388988e+01,2.33895719e-01,2.81349957e-01
5345803-S04-156I3-A-L-C-190,20.02.2020-08:20:30,1.90000000e+01,6.41379654e-01,8.92500114e+00,1.67134905e-03,9.07159271e+01,8.04179916e+01,1.87372952e+01,3.20435941e-01,5.97210765e-01
5345803-S04-156I3-A-L-C-190,20.02.2020-08:20:33,1.90000000e+01,6.43373251e-01,8.94552231e+00,1.95851084e-03,2.18057770e+02,8.02453308e+01,1.87983036e+01,1.73286393e-01,6.42338157e-01
5345803-S04-156I3-A-L-C-190,20.02.2020-08:20:35,7.00000000e+00,6.49332702e-01,9.05770874e+00,1.64674129e-03,1.93688141e+02,8.04116058e+01,1.92501698e+01,1.43381938e-01,1.80540785e-01
5345803-S04-156I3-A-L-C-190,20.02.2020-08:20:37,7.00000000e+00,6.45893097e-01,9.02656937e+00,2.08546314e-03,2.38830185e+02,8.05896835e+01,1.91246281e+01,1.20970190e-01,2.09771842e-01
5345803-S04-156I3-A-L-C-190,20.02.2020-08:20:39,1.90000000e+01,6.42838538e-01,8.94803429e+00,1.96462404e-03,1.50907990e+02,8.00586166e+01,1.87442398e+01,2.60614455e-01,6.67617917e-01
5345803-S04-156I3-A-L-C-190,20.02.2020-08:20:41,7.00000000e+00,6.47453010e-01,9.01094913e+00,1.67494896e-03,3.89079285e+02,8.03911438e+01,1.90904961e+01,8.41848999e-02,2.22542614e-01
5345803-S04-156I3-A-L-C-190,20.02.2020-08:20:43,7.00000000e+00,6.47030652e-01,8.99624634e+00,2.05620285e-03,1.99064911e+02,8.03078537e+01,1.90271797e+01,1.96026847e-01,3.04667056e-01
5345803-S04-156I3-A-L-C-190,20.02.2020-08:20:45,9.00000000e+00,6.45404398e-01,8.97433090e+00,2.09990819e-03,2.78361145e+02,8.02096786e+01,1.89099770e+01,1.47976503e-01,4.35549557e-01
5345803-S04-156I3-A-L-C-190,20.02.2020-08:20:47,1.90000000e+01,6.43151045e-01,8.94431877e+00,1.89745740e-03,3.19318848e+02,8.02186584e+01,1.87830391e+01,1.83725446e-01,7.39821553e-01
5345803-S04-156I3-A-L-C-190,20.02.2020-08:20:49,1.90000000e+01,6.42598093e-01,8.95223427e+00,1.92218088e-03,2.50734253e+02,8.01724396e+01,1.87726765e+01,1.53908566e-01,4.04801399e-01
5345803-S04-156I3-A-L-C-190,20.02.2020-08:21:13,8.00000000e+00,6.46596074e-01,8.97560120e+00,1.78324373e-03,1.25869072e+02,8.04162521e+01,1.89963684e+01,1.99387029e-01,2.76294708e-01
5345803-S04-156I3-A-L-C-190,20.02.2020-08:21:15,9.00000000e+00,6.43689275e-01,8.93603706e+00,1.74757710e-03,2.31960938e+02,8.03482742e+01,1.88116989e+01,1.37826920e-01,2.88576663e-01
5345803-S04-156I3-A-L-C-190,20.02.2020-08:21:17,9.00000000e+00,6.44090056e-01,8.97261238e+00,1.84519147e-03,1.92746460e+02,8.00372009e+01,1.88272800e+01,2.16222659e-01,3.34549725e-01
5345803-S04-156I3-A-L-C-190,20.02.2020-08:21:19,9.00000000e+00,6.43641174e-01,8.95178413e+00,1.95864867e-03,8.07173157e+01,8.02634964e+01,1.88235569e+01,3.19130182e-01,5.11514783e-01
5345803-S04-156I3-A-L-C-190,20.02.2020-08:21:21,7.00000000e+00,6.47195935e-01,8.99701881e+00,1.79510249e-03,2.44546371e+02,8.05714798e+01,1.90961552e+01,1.29711211e-01,1.82796344e-01
5345803-S04-156I3-A-L-C-190,20.02.2020-08:21:23,8.00000000e+00,6.46601856e-01,8.97662258e+00,1.70265650e-03,1.53306931e+02,8.04703827e+01,1.90114899e+01,1.88370302e-01,2.51829863e-01
5345803-S04-156I3-A-L-C-190,20.02.2020-08:21:25,8.00000000e+00,6.46259129e-01,8.97065258e+00,1.78355153e-03,9.04753571e+01,8.04356537e+01,1.89805813e+01,2.48365149e-01,3.23739201e-01
5345803-S04-156I3-A-L-C-190,20.02.2020-08:21:27,2.00000000e+01,6.41299009e-01,8.94958687e+00,2.02775397e-03,1.97321274e+02,7.98798370e+01,1.86608295e+01,2.16576800e-01,4.61479366e-01
5345803-S04-156I3-A-L-C-190,20.02.2020-08:21:30,8.00000000e+00,6.42998099e-01,9.03613472e+00,1.89670734e-03,3.10224457e+02,8.00976257e+01,1.89427147e+01,9.12440568e-02,1.51135311e-01
5345803-S04-156I3-A-L-C-190,20.02.2020-08:21:32,7.00000000e+00,6.47918642e-01,9.03854942e+00,1.78862142e-03,2.62236908e+02,8.04505234e+01,1.91768932e+01,9.81546938e-02,1.47200882e-01
5345803-S04-156I3-A-L-C-190,20.02.2020-08:21:55,1.90000000e+01,6.42130733e-01,8.94326591e+00,1.78422639e-03,2.06431107e+02,8.01086578e+01,1.87253227e+01,1.85255751e-01,3.49507391e-01
5345803-S04-156I3-A-L-C-190,20.02.2020-08:21:57,1.90000000e+01,6.43451452e-01,8.94860744e+00,1.87163753e-03,1.51960663e+02,7.99063873e+01,1.87276344e+01,1.31367937e-01,1.56973109e-01
5345803-S04-156I3-A-L-C-190,20.02.2020-08:21:59,9.00000000e+00,6.44251227e-01,8.96926975e+00,1.84893294e-03,1.45681335e+02,8.01141052e+01,1.88430634e+01,1.74456522e-01,2.62301803e-01
5345803-S04-156I3-A-L-C-190,20.02.2020-08:22:01,1.90000000e+01,6.42388165e-01,8.93923855e+00,1.51618198e-03,2.64239899e+02,8.00206375e+01,1.87038174e+01,1.51318640e-01,2.96460986e-01
5345803-S04-156I3-A-L-C-190,20.02.2020-08:22:03,1.90000000e+01,6.43610179e-01,8.96953392e+00,2.01473688e-03,2.37941071e+02,7.99080887e+01,1.87764606e+01,1.22981586e-01,1.46673635e-01
5345803-S04-156I3-A-L-C-190,20.02.2020-08:22:05,1.90000000e+01,6.43167675e-01,8.97536469e+00,2.07805913e-03,6.23902527e+02,7.99554596e+01,1.87868786e+01,7.39103332e-02,8.85718092e-02
5345803-S04-156I3-A-L-C-190,20.02.2020-08:22:07,9.00000000e+00,6.45058036e-01,8.99371433e+00,1.99609227e-03,9.14559631e+01,7.99869232e+01,1.88880463e+01,2.37720743e-01,3.53781909e-01
5345803-S04-156I3-A-L-C-190,20.02.2020-08:22:09,8.00000000e+00,6.44362152e-01,8.99690247e+00,1.72675948e-03,1.68087158e+02,8.01645355e+01,1.89162712e+01,1.82034239e-01,2.72989124e-01
5345803-S04-156I3-A-L-C-190,20.02.2020-08:22:11,9.00000000e+00,6.44170344e-01,8.99396324e+00,1.99785642e-03,3.66795532e+02,8.00945129e+01,1.88879490e+01,1.36011481e-01,2.20057517e-01
5345803-S04-156I3-A-L-C-190,20.02.2020-08:22:14,9.00000000e+00,6.44655764e-01,8.97652340e+00,1.85598247e-03,2.17474182e+02,8.02400436e+01,1.88998070e+01,1.59301504e-01,2.58442849e-01
5345803-S04-156I3-A-L-C-190,20.02.2020-08:22:37,9.00000000e+00,6.44861400e-01,8.97506523e+00,1.90325954e-03,3.39826630e+02,8.01773682e+01,1.88880005e+01,1.16850860e-01,2.31835738e-01
5345803-S04-156I3-A-L-C-190,20.02.2020-08:22:39,9.00000000e+00,6.43545687e-01,8.96890068e+00,1.78049796e-03,3.26800812e+02,8.00437469e+01,1.88051243e+01,8.95616263e-02,1.11054987e-01
5345803-S04-156I3-A-L-C-190,20.02.2020-08:22:41,9.00000000e+00,6.43945634e-01,8.97056580e+00,2.03304482e-03,1.44636063e+02,8.02781830e+01,1.88754253e+01,2.00466916e-01,3.76749694e-01
5345803-S04-156I3-A-L-C-190,20.02.2020-08:22:43,9.00000000e+00,6.43605173e-01,8.96753597e+00,1.66326936e-03,1.92127594e+02,8.03369751e+01,1.88728867e+01,1.67262644e-01,3.46736878e-01
5345803-S04-156I3-A-L-C-190,20.02.2020-08:22:45,9.00000000e+00,6.43817782e-01,8.99641418e+00,2.17859098e-03,2.79361145e+02,7.99364624e+01,1.88454952e+01,1.17865749e-01,1.94698989e-01
5345803-S04-156I3-A-L-C-190,20.02.2020-08:22:47,1.90000000e+01,6.43602490e-01,8.96829510e+00,1.87030050e-03,1.37469513e+02,7.99388962e+01,1.87808800e+01,2.01651663e-01,3.11108142e-01
5345803-S04-156I3-A-L-C-190,20.02.2020-08:22:49,9.00000000e+00,6.44600272e-01,8.97787857e+00,2.10495363e-03,3.82953705e+02,8.00982208e+01,1.88676262e+01,1.96486458e-01,3.28102827e-01
5345803-S04-156I3-A-L-C-190,20.02.2020-08:22:51,9.00000000e+00,6.43905938e-01,8.97270107e+00,2.24607904e-03,1.92221878e+02,7.99991989e+01,1.88131485e+01,2.05867052e-01,3.10300767e-01
5345803-S04-156I3-A-L-C-190,20.02.2020-08:22:53,9.00000000e+00,6.42495155e-01,8.97296524e+00,1.97229045e-03,1.57030289e+02,8.02935638e+01,1.88415565e+01,1.59367844e-01,2.63459027e-01
5345803-S04-156I3-A-L-C-190,20.02.2020-08:22:55,9.00000000e+00,6.44586444e-01,8.97292614e+00,1.83405669e-03,8.30103607e+01,8.01988602e+01,1.88805084e+01,2.51428545e-01,3.47504288e-01
5345803-S04-156I3-A-L-C-190,20.02.2020-08:23:19,1.90000000e+01,6.41801238e-01,8.93130302e+00,1.53802289e-03,1.16926323e+02,8.02602386e+01,1.87260437e+01,2.03355536e-01,4.97231722e-01
5345803-S04-156I3-A-L-C-190,20.02.2020-08:23:21,1.90000000e+01,6.43206537e-01,8.94307899e+00,2.32265075e-03,3.11960754e+02,7.99558716e+01,1.87205276e+01,1.02064274e-01,2.63646722e-01
5345803-S04-156I3-A-L-C-190,20.02.2020-08:23:23,9.00000000e+00,6.44181073e-01,8.96424580e+00,1.73105334e-03,2.42418060e+02,8.04072876e+01,1.88993702e+01,2.37238005e-01,3.92988235e-01
5345803-S04-156I3-A-L-C-190,20.02.2020-08:23:25,8.00000000e+00,6.45482600e-01,8.97761536e+00,1.95914390e-03,3.06207336e+02,8.02243423e+01,1.89226494e+01,8.32028836e-02,1.39979631e-01
5345803-S04-156I3-A-L-C-190,20.02.2020-08:23:27,8.00000000e+00,6.46263361e-01,8.97433186e+00,2.22982001e-03,1.78191025e+02,8.01462784e+01,1.89201775e+01,1.71967119e-01,2.94290602e-01
5345803-S04-156I3-A-L-C-190,20.02.2020-08:23:40,8.00000000e+00,6.46051764e-01,8.98163223e+00,1.58371835e-03,1.39123093e+02,8.02339249e+01,1.89500694e+01,2.06624284e-01,3.29309464e-01
5345803-S04-156I3-A-L-C-190,20.02.2020-08:23:42,1.90000000e+01,6.42795324e-01,8.94724846e+00,1.83365995e-03,2.86394897e+02,8.01483002e+01,1.87623291e+01,1.04659989e-01,1.69236585e-01
5345803-S04-156I3-A-L-C-190,20.02.2020-08:23:44,2.00000000e+01,6.41956806e-01,8.91264725e+00,1.82770821e-03,4.73492676e+02,8.02052841e+01,1.86786594e+01,1.08568713e-01,4.28528160e-01
5345803-S04-156I3-A-L-C-190,20.02.2020-08:23:57,9.00000000e+00,6.45018578e-01,8.97722149e+00,2.05100700e-03,1.11142616e+02,8.01987381e+01,1.89021816e+01,2.11204097e-01,3.39013666e-01
5345803-S04-156I3-A-L-C-190,20.02.2020-08:23:59,9.00000000e+00,6.44929111e-01,8.96913719e+00,1.83189672e-03,1.65929031e+02,8.01599350e+01,1.88734035e+01,1.96720675e-01,3.06676894e-01
5345803-S04-156I3-A-L-C-190,20.02.2020-08:24:51,1.90000000e+01,6.43268526e-01,8.93622112e+00,1.67361286e-03,1.16310051e+02,8.02003784e+01,1.87651825e+01,2.44313657e-01,5.65898180e-01
5345803-S04-156I3-A-L-C-190,20.02.2020-08:24:53,1.90000000e+01,6.42968118e-01,8.94983959e+00,2.03289161e-03,3.09805969e+02,8.02114716e+01,1.87876034e+01,2.11281106e-01,6.06098592e-01
5345803-S04-156I3-A-L-C-190,20.02.2020-08:24:55,1.90000000e+01,6.42451465e-01,8.93484497e+00,1.74176833e-03,2.54487930e+02,8.00734940e+01,1.87088184e+01,1.25603005e-01,1.94767669e-01
5345803-S04-156I3-A-L-C-190,20.02.2020-08:24:57,1.90000000e+01,6.42498672e-01,8.94514561e+00,1.97174610e-03,2.78325836e+02,8.02254791e+01,1.87673149e+01,2.02400461e-01,5.69916427e-01
5345803-S04-156I3-A-L-C-190,20.02.2020-08:24:59,9.00000000e+00,6.46119535e-01,8.95877647e+00,1.87645492e-03,3.04099674e+01,8.00604019e+01,1.88629475e+01,5.06848991e-01,7.43553519e-01
5345803-S04-156I3-A-L-C-190,20.02.2020-08:25:01,9.00000000e+00,6.45159245e-01,8.97005844e+00,1.93832384e-03,2.46954254e+02,8.02486801e+01,1.89029808e+01,1.54198691e-01,2.04586372e-01
5345803-S04-156I3-A-L-C-190,20.02.2020-08:25:07,8.00000000e+00,6.46053135e-01,8.98110676e+00,1.64439983e-03,2.40578354e+02,8.00807724e+01,1.89128323e+01,1.94241345e-01,2.50715166e-01
5345803-S04-156I3-A-L-C-190,20.02.2020-08:25:09,2.00000000e+01,6.42105401e-01,8.91516018e+00,2.14984757e-03,3.28810730e+02,8.00104828e+01,1.86428604e+01,1.00369126e-01,1.52294159e-01
5345803-S04-156I3-A-L-C-190,20.02.2020-08:25:11,9.00000000e+00,6.45718694e-01,8.97864056e+00,2.20400258e-03,8.24494095e+01,7.99569397e+01,1.88686256e+01,3.01279336e-01,3.98519605e-01
5345803-S04-156I3-A-L-C-190,20.02.2020-08:25:13,8.00000000e+00,6.45898700e-01,8.97391987e+00,1.67896831e-03,1.75724487e+02,8.03033447e+01,1.89456902e+01,1.77525967e-01,3.26678604e-01
5345803-S04-156I3-A-L-C-190,20.02.2020-08:18:24,9.00000000e+00,6.46096647e-01,8.96888638e+00,2.13759858e-03,4.96341667e+01,7.99924469e+01,1.88675365e+01,2.84729362e-01,4.58933085e-01
5345803-S04-156I3-A-L-C-190,20.02.2020-08:18:26,2.40000000e+01,6.44715667e-01,8.96728516e+00,1.90564280e-03,1.78816009e+00,7.75203552e+01,1.82421150e+01,8.49107170e+00,9.65082836e+00
5345803-S04-156I3-A-L-C-190,20.02.2020-08:18:29,8.00000000e+00,6.46990836e-01,8.99370766e+00,1.94259104e-03,2.03947372e+02,8.00293274e+01,1.89546719e+01,1.43017247e-01,2.28830367e-01
5345803-S04-156I3-A-L-C-190,20.02.2020-08:18:31,1.90000000e+01,6.43821418e-01,8.93877888e+00,1.80568628e-03,1.60714111e+02,8.00282516e+01,1.87463665e+01,1.95378602e-01,5.31140029e-01
5345803-S04-156I3-A-L-C-190,20.02.2020-08:18:33,2.00000000e+01,6.41931176e-01,8.92141151e+00,2.37858878e-03,4.85749878e+02,7.99096909e+01,1.86273746e+01,1.57185301e-01,6.01972997e-01
5345803-S04-156I3-A-L-C-190,20.02.2020-08:18:35,2.00000000e+01,6.44468844e-01,8.96973038e+00,2.93196249e-03,8.29773636e+01,7.92266006e+01,1.86415749e+01,4.51701403e-01,8.53003740e-01
5345803-S04-156I3-A-L-C-190,20.02.2020-08:18:37,1.90000000e+01,6.41953945e-01,8.94350433e+00,1.96068105e-03,1.00026131e+02,8.01520309e+01,1.87308006e+01,2.48862252e-01,6.56646192e-01
5345803-S04-156I3-A-L-C-190,20.02.2020-08:18:39,9.00000000e+00,6.43770695e-01,8.99946880e+00,1.89192081e-03,1.30185333e+02,7.98671417e+01,1.88341675e+01,1.52867123e-01,2.39340127e-01
5345803-S04-156I3-A-L-C-190,20.02.2020-08:18:41,1.90000000e+01,6.43954873e-01,8.99147892e+00,2.21288763e-03,3.49744690e+02,7.96624069e+01,1.87745800e+01,1.16738454e-01,2.06159636e-01
5345803-S04-156I3-A-L-C-190,20.02.2020-08:18:43,9.00000000e+00,6.43222630e-01,9.01535034e+00,1.79301598e-03,4.19202240e+02,8.00188599e+01,1.88871517e+01,6.23083450e-02,9.09439251e-02
5345803-S04-156I3-A-L-C-190,20.02.2020-08:19:48,9.00000000e+00,6.43929601e-01,8.98991489e+00,1.88207522e-03,1.04403229e+02,7.99074402e+01,1.88283119e+01,2.25447550e-01,3.09988081e-01
5345803-S04-156I3-A-L-C-190,20.02.2020-08:19:50,7.00000000e+00,6.46254539e-01,9.02178764e+00,1.75891595e-03,1.51512054e+02,8.03521194e+01,1.90688152e+01,2.01935649e-01,2.79590011e-01
5345803-S04-156I3-A-L-C-190,20.02.2020-08:19:52,9.00000000e+00,6.44096732e-01,9.01273346e+00,2.27517216e-03,2.38462524e+02,7.99429703e+01,1.88893967e+01,1.40822068e-01,1.98440328e-01
5345803-S04-156I3-A-L-C-190,20.02.2020-08:19:55,9.00000000e+00,6.43442333e-01,8.96144390e+00,1.64771860e-03,8.68691711e+01,8.02537613e+01,1.88357620e+01,2.99040347e-01,5.68325222e-01
5345803-S04-156I3-A-L-C-190,20.02.2020-08:19:57,1.90000000e+01,6.42481029e-01,8.90804195e+00,1.77539920e-03,2.38876480e+02,8.02730789e+01,1.87000446e+01,2.51850158e-01,4.33187306e-01
5345803-S04-156I3-A-L-C-190,20.02.2020-08:19:59,9.00000000e+00,6.44197762e-01,8.97721481e+00,1.98543211e-03,3.65759338e+02,8.03107147e+01,1.89044724e+01,1.06540009e-01,1.94052041e-01
5345803-S04-156I3-A-L-C-190,20.02.2020-08:20:01,9.00000000e+00,6.43779039e-01,8.98449993e+00,1.99445384e-03,2.17425400e+02,8.02617798e+01,1.88959923e+01,2.36682802e-01,6.10742688e-01
5345803-S04-156I3-A-L-C-190,20.02.2020-08:20:03,9.00000000e+00,6.43515170e-01,8.96890163e+00,1.86746463e-03,1.72320236e+02,8.03027039e+01,1.88650684e+01,2.27324829e-01,5.00060260e-01
5345803-S04-156I3-A-L-C-190,20.02.2020-08:20:05,1.90000000e+01,6.42434895e-01,8.93512535e+00,1.96666736e-03,3.05524170e+02,8.02007675e+01,1.87386589e+01,2.01864943e-01,7.67054617e-01
5345803-S04-156I3-A-L-C-190,20.02.2020-08:20:07,1.90000000e+01,6.42841220e-01,8.93924713e+00,1.78250473e-03,1.52932953e+02,8.02114792e+01,1.87616653e+01,2.70639658e-01,8.69722664e-01
5345803-S04-156I3-A-L-C-190,20.02.2020-08:21:34,9.00000000e+00,6.41599178e-01,9.04222488e+00,1.91024889e-03,7.19647217e+02,7.99609604e+01,1.88819714e+01,9.05385464e-02,1.43488765e-01
5345803-S04-156I3-A-L-C-190,20.02.2020-08:21:36,9.00000000e+00,6.43695056e-01,8.99324894e+00,1.98797812e-03,2.12945755e+02,8.01092606e+01,1.88759880e+01,1.37949467e-01,2.23203227e-01
5345803-S04-156I3-A-L-C-190,20.02.2020-08:21:38,7.00000000e+00,6.47307396e-01,9.02195930e+00,1.96234509e-03,7.74988403e+02,8.03680267e+01,1.91040287e+01,7.77563825e-02,1.22099124e-01
5345803-S04-156I3-A-L-C-190,20.02.2020-08:21:40,1.90000000e+01,6.43625200e-01,8.94585609e+00,1.95910502e-03,2.19243454e+02,8.02089615e+01,1.87978439e+01,2.26708859e-01,6.35747373e-01
5345803-S04-156I3-A-L-C-190,20.02.2020-08:21:42,2.00000000e+01,6.39989436e-01,8.91649246e+00,1.80883473e-03,1.44451370e+02,8.02077408e+01,1.86300201e+01,1.56756550e-01,4.50138599e-01
5345803-S04-156I3-A-L-C-190,20.02.2020-08:21:44,2.00000000e+01,6.39327109e-01,8.88764858e+00,1.68009615e-03,4.48262909e+02,8.04600372e+01,1.86088886e+01,6.09227568e-02,3.13305825e-01
5345803-S04-156I3-A-L-C-190,20.02.2020-08:21:46,1.90000000e+01,6.42485142e-01,8.91028976e+00,1.68054446e-03,3.22087860e+02,8.05509949e+01,1.87696419e+01,7.26488233e-02,2.72401661e-01
5345803-S04-156I3-A-L-C-190,20.02.2020-08:21:48,2.00000000e+01,6.39872789e-01,8.91318035e+00,1.63154153e-03,1.68271072e+02,8.03103333e+01,1.86435223e+01,1.39742821e-01,4.15966392e-01
5345803-S04-156I3-A-L-C-190,20.02.2020-08:21:50,9.00000000e+00,6.43786669e-01,8.94196224e+00,1.67008094e-03,5.76184158e+01,8.05783691e+01,1.88809319e+01,3.79003704e-01,4.80925769e-01
5345803-S04-156I3-A-L-C-190,20.02.2020-08:21:53,1.90000000e+01,6.43619537e-01,8.96197701e+00,1.87747821e-03,3.20101562e+02,8.00737762e+01,1.87998161e+01,1.03977010e-01,1.94219992e-01
5345803-S04-156I3-A-L-C-190,20.02.2020-08:22:16,1.90000000e+01,6.42579913e-01,8.94146538e+00,1.91965722e-03,2.17354431e+02,8.02504501e+01,1.87678070e+01,1.87860891e-01,4.42327112e-01
5345803-S04-156I3-A-L-C-190,20.02.2020-08:22:18,8.00000000e+00,6.44276977e-01,8.97808456e+00,1.66651746e-03,1.68966446e+02,8.03791656e+01,1.89247437e+01,1.91052288e-01,3.49194854e-01
5345803-S04-156I3-A-L-C-190,20.02.2020-08:22:20,9.00000000e+00,6.43726766e-01,8.96887970e+00,1.91168278e-03,3.06759125e+02,8.01899719e+01,1.88447342e+01,1.95620611e-01,3.87245327e-01
5345803-S04-156I3-A-L-C-190,20.02.2020-08:22:22,9.00000000e+00,6.44377351e-01,8.97172546e+00,1.91680668e-03,1.71740646e+02,8.01542892e+01,1.88613701e+01,2.32531771e-01,4.02895302e-01
5345803-S04-156I3-A-L-C-190,20.02.2020-08:22:24,9.00000000e+00,6.44256890e-01,8.94929409e+00,1.48455543e-03,1.69834320e+02,8.04862976e+01,1.88886089e+01,1.09457545e-01,1.76567748e-01
5345803-S04-156I3-A-L-C-190,20.02.2020-08:22:26,1.90000000e+01,6.41950250e-01,8.91431427e+00,1.46324106e-03,9.67709229e+02,8.05639877e+01,1.87655125e+01,6.96242005e-02,2.20547408e-01
5345803-S04-156I3-A-L-C-190,20.02.2020-08:22:28,2.00000000e+01,6.38428628e-01,8.91202164e+00,1.55064114e-03,4.13374603e+02,8.05343170e+01,1.86508980e+01,1.05721295e-01,3.08481336e-01
5345803-S04-156I3-A-L-C-190,20.02.2020-08:22:30,9.00000000e+00,6.44206882e-01,8.95915413e+00,1.67347339e-03,1.65091705e+02,8.03215103e+01,1.88692417e+01,3.02741021e-01,4.80239064e-01
5345803-S04-156I3-A-L-C-190,20.02.2020-08:22:32,9.00000000e+00,6.44105256e-01,8.96822643e+00,1.70404755e-03,1.65511795e+02,8.02436142e+01,1.88670540e+01,1.63713247e-01,2.84972966e-01
5345803-S04-156I3-A-L-C-190,20.02.2020-08:22:34,9.00000000e+00,6.43674135e-01,8.97928047e+00,1.80308439e-03,4.24598663e+02,8.01535187e+01,1.88564682e+01,9.11867246e-02,1.83113724e-01
5345803-S04-156I3-A-L-C-190,20.02.2020-08:22:58,1.90000000e+01,6.43774271e-01,8.96791649e+00,1.90048327e-03,1.27257607e+02,7.99391861e+01,1.87851677e+01,1.75646946e-01,2.08406389e-01
5345803-S04-156I3-A-L-C-190,20.02.2020-08:23:00,2.00000000e+01,6.42394841e-01,8.94125557e+00,2.01339764e-03,6.64160461e+01,7.97474365e+01,1.86443615e+01,4.44817394e-01,6.30926549e-01
5345803-S04-156I3-A-L-C-190,20.02.2020-08:23:02,8.00000000e+00,6.45713270e-01,8.96638393e+00,1.73390459e-03,9.98061066e+01,8.03254776e+01,1.89295635e+01,2.40334570e-01,3.79235923e-01
5345803-S04-156I3-A-L-C-190,20.02.2020-08:23:04,1.00000000e+00,6.39122903e-01,8.81910992e+00,1.58930209e-03,6.92670746e+01,8.02506943e+01,1.84114571e+01,4.87574250e-01,2.20183325e+00
5345803-S04-156I3-A-L-C-190,20.02.2020-08:23:06,1.90000000e+01,6.41890585e-01,8.92647171e+00,1.68268231e-03,2.14771393e+02,8.02321396e+01,1.87119675e+01,1.62871465e-01,4.99878705e-01
5345803-S04-156I3-A-L-C-190,20.02.2020-08:23:08,1.90000000e+01,6.41316235e-01,8.93686485e+00,1.80334854e-03,2.71932922e+02,8.03055038e+01,1.87341061e+01,1.23269685e-01,3.74060273e-01
5345803-S04-156I3-A-L-C-190,20.02.2020-08:23:10,1.90000000e+01,6.42454863e-01,8.92577076e+00,1.68563786e-03,1.13137146e+02,8.03258438e+01,1.87488155e+01,2.32811525e-01,4.78611767e-01
5345803-S04-156I3-A-L-C-190,20.02.2020-08:23:12,8.00000000e+00,6.44817472e-01,8.97850800e+00,1.88083132e-03,8.06515198e+02,8.04277649e+01,1.89529667e+01,5.23109883e-02,1.24962561e-01
5345803-S04-156I3-A-L-C-190,20.02.2020-08:23:14,8.00000000e+00,6.45998120e-01,8.98006630e+00,1.73615979e-03,2.55448792e+02,8.04646378e+01,1.89996719e+01,1.01929046e-01,1.88304067e-01
5345803-S04-156I3-A-L-C-190,20.02.2020-08:23:17,8.00000000e+00,6.45388782e-01,8.97075367e+00,1.84469798e-03,4.19759338e+02,8.04741745e+01,1.89643116e+01,5.25585823e-02,1.55777171e-01
5345803-S04-156I3-A-L-C-190,20.02.2020-08:24:01,9.00000000e+00,6.46955788e-01,8.96741676e+00,2.04917905e-03,2.78779846e+02,7.99082336e+01,1.88696404e+01,1.66331887e-01,3.34391981e-01
5345803-S04-156I3-A-L-C-190,20.02.2020-08:24:03,9.00000000e+00,6.44850791e-01,8.97048473e+00,1.94895780e-03,2.95778961e+02,8.01398315e+01,1.88692112e+01,1.58168256e-01,2.54547924e-01
5345803-S04-156I3-A-L-C-190,20.02.2020-08:24:05,2.00000000e+01,6.41806602e-01,8.93802166e+00,2.03108229e-03,1.71891037e+02,8.00019989e+01,1.86799889e+01,1.70777529e-01,2.56692111e-01
5345803-S04-156I3-A-L-C-190,20.02.2020-08:24:08,8.00000000e+00,6.44841254e-01,8.96067142e+00,1.75226689e-03,1.08867180e+02,8.04680405e+01,1.89254837e+01,2.79195458e-01,4.44242150e-01
5345803-S04-156I3-A-L-C-190,20.02.2020-08:24:10,2.10000000e+01,6.40675485e-01,8.87556171e+00,2.10607564e-03,2.17971268e+02,8.01763992e+01,1.85571251e+01,2.08631128e-01,7.45901525e-01
5345803-S04-156I3-A-L-C-190,20.02.2020-08:24:12,2.10000000e+01,6.40619159e-01,8.87043858e+00,1.97572913e-03,2.82173096e+02,8.02063370e+01,1.85517082e+01,1.97909176e-01,7.57667363e-01
5345803-S04-156I3-A-L-C-190,20.02.2020-08:24:17,9.00000000e+00,6.44740403e-01,8.95424461e+00,2.15353700e-03,1.31410400e+02,8.01637802e+01,1.88374538e+01,1.88599885e-01,4.15523559e-01
5345803-S04-156I3-A-L-C-190,20.02.2020-08:24:41,1.90000000e+01,6.43086255e-01,8.94559860e+00,1.85832055e-03,3.83618073e+02,8.02045822e+01,1.87805367e+01,1.23160116e-01,3.73980820e-01
5345803-S04-156I3-A-L-C-190,20.02.2020-08:24:46,1.90000000e+01,6.41778648e-01,8.93541908e+00,1.77064852e-03,2.92400452e+02,8.04272842e+01,1.87730026e+01,2.11284772e-01,7.06484675e-01
5345803-S04-156I3-A-L-C-190,20.02.2020-08:24:49,9.00000000e+00,6.44278109e-01,8.95061302e+00,1.83958490e-03,2.76093811e+02,8.04386444e+01,1.88808289e+01,2.29617715e-01,5.03842354e-01
5345803-S04-156I3-A-L-C-190,20.02.2020-08:25:15,1.90000000e+01,6.43071294e-01,8.93161201e+00,1.65972812e-03,2.40814774e+02,8.00097885e+01,1.87051964e+01,1.32330164e-01,2.04947412e-01
5345803-S04-156I3-A-L-C-190,20.02.2020-08:25:17,1.90000000e+01,6.42557740e-01,8.92877865e+00,1.67698751e-03,1.93702591e+02,8.01383286e+01,1.87143478e+01,1.56076029e-01,2.27727592e-01
5345803-S04-156I3-A-L-C-190,20.02.2020-08:25:19,8.00000000e+00,6.45743966e-01,8.95717430e+00,1.80282281e-03,1.11797203e+02,8.04108505e+01,1.89311161e+01,2.86880016e-01,4.22755301e-01
5345803-S04-156I3-A-L-C-190,20.02.2020-08:25:21,7.00000000e+00,6.46998346e-01,9.01327229e+00,1.90436817e-03,9.09158554e+01,8.04648285e+01,1.90994968e+01,4.09584999e-01,4.79204148e-01
5345803-S04-156I3-A-L-C-190,20.02.2020-08:25:23,1.90000000e+01,6.41970336e-01,8.93308258e+00,1.70894305e-03,1.59451309e+02,8.03951340e+01,1.87661953e+01,2.33949035e-01,5.21205068e-01
5345803-S04-156I3-A-L-C-190,20.02.2020-08:25:26,8.00000000e+00,6.46077335e-01,8.96595669e+00,1.74409826e-03,2.28683929e+02,8.04423141e+01,1.89668808e+01,1.21286012e-01,2.43162259e-01
5345803-S04-156I3-A-L-C-190,20.02.2020-08:25:28,8.00000000e+00,6.46187067e-01,8.97801781e+00,1.94192852e-03,1.34846481e+02,8.01628342e+01,1.89296227e+01,1.65562063e-01,2.35361353e-01
5345803-S04-156I3-A-L-C-190,20.02.2020-08:25:30,9.00000000e+00,6.44777119e-01,8.96904278e+00,1.98405702e-03,2.18530060e+02,8.01801987e+01,1.88735256e+01,1.58554271e-01,2.78990716e-01
5345803-S04-156I3-A-L-C-190,20.02.2020-08:25:32,2.00000000e+01,6.39900327e-01,8.88485909e+00,1.63423596e-03,2.24390472e+02,8.05940933e+01,1.86507473e+01,1.45900473e-01,1.88420698e-01
5345803-S04-156I3-A-L-C-190,20.02.2020-08:25:34,9.00000000e+00,6.43253088e-01,8.93414402e+00,1.73228665e-03,1.37425201e+02,8.06477661e+01,1.88650227e+01,1.56022266e-01,2.27981672e-01
5345803-S04-156I3-A-L-C-190,20.02.2020-08:25:57,9.00000000e+00,6.44228339e-01,9.00295067e+00,1.76774128e-03,1.97368744e+02,8.00208893e+01,1.88911438e+01,1.98161736e-01,2.89440125e-01
5345803-S04-156I3-A-L-C-190,20.02.2020-08:25:59,9.00000000e+00,6.43350601e-01,8.98711109e+00,1.79029652e-03,1.09398315e+02,8.01144180e+01,1.88542252e+01,2.02564865e-01,2.81632900e-01
5345803-S04-156I3-A-L-C-190,20.02.2020-08:26:01,9.00000000e+00,6.44164562e-01,8.96640301e+00,1.50687923e-03,1.94663483e+02,8.02008286e+01,1.88548965e+01,1.70551881e-01,2.82822728e-01
5345803-S04-156I3-A-L-C-190,20.02.2020-08:26:03,9.00000000e+00,6.44718707e-01,8.96324348e+00,2.13286327e-03,3.04894379e+02,8.02697296e+01,1.88806725e+01,1.11221649e-01,1.83872506e-01
5345803-S04-156I3-A-L-C-190,20.02.2020-08:26:05,2.00000000e+01,6.39828086e-01,8.92086220e+00,1.74121209e-03,2.74611145e+02,8.04557571e+01,1.86920719e+01,1.71817958e-01,4.86344904e-01
5345803-S04-156I3-A-L-C-190,20.02.2020-08:26:07,2.00000000e+01,6.40316606e-01,8.93180084e+00,1.96535164e-03,2.95668915e+02,8.02994766e+01,1.86928997e+01,1.36810496e-01,3.97327393e-01
5345803-S04-156I3-A-L-C-190,20.02.2020-08:26:09,1.90000000e+01,6.39940441e-01,8.91780949e+00,1.79914047e-03,1.80721680e+02,8.05038757e+01,1.87001343e+01,2.09611639e-01,5.15372872e-01
5345803-S04-156I3-A-L-C-190,20.02.2020-08:26:12,2.00000000e+01,6.42201126e-01,8.88855743e+00,2.03137449e-03,1.76268814e+02,8.04828110e+01,1.86997452e+01,1.37490869e-01,6.58298254e-01
5345803-S04-156I3-A-L-C-190,20.02.2020-08:26:14,8.00000000e+00,6.44106448e-01,8.96875477e+00,1.88201072e-03,1.91951065e+02,8.05559616e+01,1.89416428e+01,1.77455813e-01,3.07046384e-01
5345803-S04-156I3-A-L-C-190,20.02.2020-08:26:16,8.00000000e+00,6.43697679e-01,9.00511551e+00,1.82503497e-03,1.17011337e+02,8.02298813e+01,1.89294319e+01,2.67725646e-01,3.66936535e-01
5345803-S04-156I3-A-L-C-190,20.02.2020-08:18:45,9.00000000e+00,6.44161046e-01,8.99459267e+00,1.80521200e-03,3.10890930e+02,8.01656647e+01,1.89057789e+01,1.36468962e-01,1.76556408e-01
5345803-S04-156I3-A-L-C-190,20.02.2020-08:18:47,8.00000000e+00,6.45241141e-01,9.03673267e+00,2.15703598e-03,1.54401672e+02,7.99054260e+01,1.89644375e+01,1.46370485e-01,1.75665542e-01
5345803-S04-156I3-A-L-C-190,20.02.2020-08:18:50,9.00000000e+00,6.43153608e-01,8.95338345e+00,1.73662184e-03,5.94223694e+02,8.03805618e+01,1.88400955e+01,1.26634479e-01,3.97203386e-01
5345803-S04-156I3-A-L-C-190,20.02.2020-08:18:52,9.00000000e+00,6.43554688e-01,9.00572777e+00,2.15913448e-03,2.04729889e+02,8.00081482e+01,1.88742065e+01,1.19772419e-01,1.89233989e-01
5345803-S04-156I3-A-L-C-190,20.02.2020-08:18:54,1.90000000e+01,6.42120063e-01,8.94021988e+00,2.13927962e-03,3.05336517e+02,8.01719360e+01,1.87334175e+01,1.32474378e-01,6.00701511e-01
5345803-S04-156I3-A-L-C-190,20.02.2020-08:18:56,2.00000000e+01,6.42062724e-01,8.91947746e+00,2.02693976e-03,1.08698448e+02,8.00043259e+01,1.86492138e+01,2.66715854e-01,8.51274729e-01
5345803-S04-156I3-A-L-C-190,20.02.2020-08:18:58,1.90000000e+01,6.43326283e-01,8.94072151e+00,1.94524007e-03,3.09982941e+02,8.01348114e+01,1.87609692e+01,1.46775350e-01,4.55515265e-01
5345803-S04-156I3-A-L-C-190,20.02.2020-08:19:00,9.00000000e+00,6.44411027e-01,8.95766830e+00,2.00415053e-03,1.67234818e+02,8.01831970e+01,1.88395920e+01,1.88243523e-01,5.30502200e-01
5345803-S04-156I3-A-L-C-190,20.02.2020-08:19:02,1.90000000e+01,6.44321978e-01,8.94145107e+00,2.11266987e-03,1.64365173e+02,8.00795517e+01,1.87785816e+01,1.86386704e-01,4.83264029e-01
5345803-S04-156I3-A-L-C-190,20.02.2020-08:19:04,2.00000000e+01,6.42108977e-01,8.93111420e+00,1.94550515e-03,4.34132309e+01,8.00053711e+01,1.86751347e+01,5.23913622e-01,1.16419780e+00
5345803-S04-156I3-A-L-C-190,20.02.2020-08:25:36,9.00000000e+00,6.41805887e-01,8.95284176e+00,1.49589113e-03,3.15895996e+02,8.06408615e+01,1.88603611e+01,7.75699541e-02,1.56299457e-01
5345803-S04-156I3-A-L-C-190,20.02.2020-08:25:38,8.00000000e+00,6.42778635e-01,8.97831535e+00,1.74807583e-03,2.20705246e+02,8.06971664e+01,1.89559174e+01,1.44834116e-01,1.94506928e-01
5345803-S04-156I3-A-L-C-190,20.02.2020-08:25:40,8.00000000e+00,6.44886017e-01,8.95363426e+00,1.30591483e-03,1.54249292e+03,8.05004501e+01,1.89195499e+01,2.83888094e-02,6.54450879e-02
5345803-S04-156I3-A-L-C-190,20.02.2020-08:25:42,9.00000000e+00,6.43337905e-01,8.98012733e+00,1.71494053e-03,7.21955032e+01,8.02226028e+01,1.88646431e+01,2.78853029e-01,4.56930369e-01
5345803-S04-156I3-A-L-C-190,20.02.2020-08:25:44,7.00000000e+00,6.45859540e-01,9.00444984e+00,1.24395208e-03,2.78163055e+02,8.05166779e+01,1.90594921e+01,1.34385258e-01,1.82403132e-01
5345803-S04-156I3-A-L-C-190,20.02.2020-08:25:46,1.90000000e+01,6.42636120e-01,8.95356464e+00,2.09433655e-03,9.15131149e+01,8.00762024e+01,1.87540359e+01,2.85403013e-01,5.35974383e-01
5345803-S04-156I3-A-L-C-190,20.02.2020-08:25:49,8.00000000e+00,6.45187616e-01,8.96214771e+00,1.61396235e-03,3.59108185e+02,8.04362488e+01,1.89312859e+01,1.04085848e-01,2.16625854e-01
5345803-S04-156I3-A-L-C-190,20.02.2020-08:25:51,9.00000000e+00,6.44852459e-01,8.98721886e+00,1.83806045e-03,1.26693283e+02,8.00182648e+01,1.88757839e+01,2.34322503e-01,3.21687251e-01
5345803-S04-156I3-A-L-C-190,20.02.2020-08:25:53,9.00000000e+00,6.43214285e-01,8.97578049e+00,2.02040654e-03,2.67808105e+02,8.03040085e+01,1.88710194e+01,1.06218591e-01,2.30618596e-01
5345803-S04-156I3-A-L-C-190,20.02.2020-08:25:55,1.90000000e+01,6.44040763e-01,8.97492123e+00,1.99811766e-03,1.32627350e+02,7.97103577e+01,1.87537861e+01,1.72367007e-01,2.09422976e-01
5345803-S04-156I3-A-L-C-190,20.02.2020-08:26:18,8.00000000e+00,6.45918131e-01,8.99840069e+00,1.93332648e-03,8.56035767e+01,8.02732773e+01,1.89908314e+01,2.85821646e-01,3.86868864e-01
5345803-S04-156I3-A-L-C-190,20.02.2020-08:26:20,2.00000000e+01,6.41570389e-01,8.90675831e+00,2.06307299e-03,1.34595032e+02,8.01885681e+01,1.86511917e+01,2.96848148e-01,6.69836700e-01
5345803-S04-156I3-A-L-C-190,20.02.2020-08:26:22,2.00000000e+01,6.41608894e-01,8.90299320e+00,1.70328701e-03,1.30058548e+02,8.03302307e+01,1.86773643e+01,2.73853689e-01,5.38128495e-01
5345803-S04-156I3-A-L-C-190,20.02.2020-08:26:24,8.00000000e+00,6.45863593e-01,8.97140217e+00,1.94025331e-03,2.09538055e+02,8.02790909e+01,1.89336262e+01,1.63030043e-01,2.27321550e-01
5345803-S04-156I3-A-L-C-190,20.02.2020-08:26:26,7.00000000e+00,6.45607531e-01,9.00663567e+00,1.72406994e-03,8.84995575e+01,8.04206696e+01,1.90339565e+01,3.22411805e-01,4.40925479e-01
5345803-S04-156I3-A-L-C-190,20.02.2020-08:26:29,8.00000000e+00,6.45996392e-01,8.98385715e+00,1.89059088e-03,3.37579559e+02,8.03030319e+01,1.89694653e+01,1.44055784e-01,2.59812355e-01
5345803-S04-156I3-A-L-C-190,20.02.2020-08:26:31,8.00000000e+00,6.45801902e-01,8.94183064e+00,1.70740660e-03,1.61675903e+02,8.05031204e+01,1.89220695e+01,1.81678787e-01,2.87659466e-01
5345803-S04-156I3-A-L-C-190,20.02.2020-08:26:33,9.00000000e+00,6.45677030e-01,8.94164753e+00,2.11230991e-03,1.79840942e+02,8.02417526e+01,1.88566036e+01,2.14661345e-01,3.10090989e-01
5345803-S04-156I3-A-L-C-190,20.02.2020-08:26:37,7.00000000e+00,6.46051586e-01,9.02105141e+00,1.89945882e-03,1.39509659e+02,8.02387695e+01,1.90343838e+01,2.18382314e-01,2.76103854e-01
5345803-S04-156I3-A-L-C-190,20.02.2020-08:26:39,9.00000000e+00,6.42743886e-01,8.95094204e+00,1.96231576e-03,1.04967224e+02,8.03022995e+01,1.88046341e+01,2.31789500e-01,2.80668408e-01
5345803-S04-156I3-A-L-C-190,20.02.2020-08:27:04,2.00000000e+01,6.43975198e-01,8.90457630e+00,2.04046955e-03,1.07355499e+02,7.99644699e+01,1.86642113e+01,2.48951316e-01,3.15779120e-01
5345803-S04-156I3-A-L-C-190,20.02.2020-08:27:06,1.90000000e+01,6.45893395e-01,8.92524910e+00,1.72350672e-03,1.04269394e+02,8.00738678e+01,1.87889366e+01,3.82298052e-01,5.45793772e-01
5345803-S04-156I3-A-L-C-190,20.02.2020-08:27:08,1.90000000e+01,6.45527303e-01,8.94759750e+00,2.27732817e-03,1.64491486e+02,7.98643036e+01,1.87760391e+01,3.07350159e-01,3.91431987e-01
5345803-S04-156I3-A-L-C-190,20.02.2020-08:27:10,2.10000000e+01,6.42840326e-01,8.92288399e+00,1.98647636e-03,2.90867634e+01,7.96491013e+01,1.85959969e+01,1.05315423e+00,1.22674763e+00
5345803-S04-156I3-A-L-C-190,20.02.2020-08:27:12,2.00000000e+01,6.43308222e-01,8.95292473e+00,2.01074104e-03,2.77742950e+02,7.97427826e+01,1.86941452e+01,1.83598086e-01,3.84069711e-01
5345803-S04-156I3-A-L-C-190,20.02.2020-08:27:14,1.90000000e+01,6.43384218e-01,8.92084503e+00,1.85390015e-03,1.78690994e+02,8.02373886e+01,1.87449131e+01,1.98877215e-01,4.10359859e-01
5345803-S04-156I3-A-L-C-190,20.02.2020-08:27:16,9.00000000e+00,6.43742740e-01,8.93825722e+00,1.95906381e-03,2.51875366e+02,8.03889236e+01,1.88274536e+01,1.76140159e-01,3.33310753e-01
5345803-S04-156I3-A-L-C-190,20.02.2020-08:27:18,1.90000000e+01,6.44370258e-01,8.89552021e+00,1.98491151e-03,2.05639511e+02,8.04137344e+01,1.87614861e+01,1.95046067e-01,6.18461072e-01
5345803-S04-156I3-A-L-C-190,20.02.2020-08:27:20,9.00000000e+00,6.46758974e-01,8.94588470e+00,1.87380193e-03,1.44932755e+02,8.01435928e+01,1.88740349e+01,2.27119803e-01,3.05131197e-01
5345803-S04-156I3-A-L-C-190,20.02.2020-08:27:22,1.90000000e+01,6.44016981e-01,8.91900635e+00,1.67371507e-03,8.98470535e+01,8.02169876e+01,1.87547092e+01,2.77814955e-01,6.44227684e-01
5345803-S04-156I3-A-L-C-190,20.02.2020-08:28:32,2.00000000e+01,6.43511415e-01,8.90338993e+00,2.27277097e-03,2.10685867e+02,7.98521957e+01,1.86221008e+01,1.09332226e-01,1.61640674e-01
5345803-S04-156I3-A-L-C-190,20.02.2020-08:28:34,1.90000000e+01,6.42895937e-01,8.94096470e+00,1.98950409e-03,1.68598511e+02,8.00807953e+01,1.87362919e+01,1.30945772e-01,1.74050212e-01
5345803-S04-156I3-A-L-C-190,20.02.2020-08:28:36,2.10000000e+01,6.41539276e-01,8.87950706e+00,1.85919029e-03,1.68515396e+02,7.99126129e+01,1.85292416e+01,1.62068918e-01,3.97126108e-01
5345803-S04-156I3-A-L-C-190,20.02.2020-08:28:38,2.00000000e+00,6.36056542e-01,8.81072712e+00,2.10714410e-03,1.28868195e+02,8.02349625e+01,1.83021164e+01,2.55223423e-01,6.88433290e-01
5345803-S04-156I3-A-L-C-190,20.02.2020-08:28:40,9.00000000e+00,6.43805444e-01,8.93346500e+00,1.56399352e-03,1.64181885e+02,8.05262527e+01,1.88513412e+01,1.67451084e-01,2.97209799e-01
5345803-S04-156I3-A-L-C-190,20.02.2020-08:28:42,1.90000000e+01,6.41585469e-01,8.91723919e+00,1.62113796e-03,1.83805115e+02,8.04261856e+01,1.87289124e+01,1.67081654e-01,3.68815541e-01
5345803-S04-156I3-A-L-C-190,20.02.2020-08:28:44,2.00000000e+01,6.42698824e-01,8.88894367e+00,2.19513639e-03,2.17670105e+02,8.02199249e+01,1.86539192e+01,1.14361495e-01,3.55799705e-01
5345803-S04-156I3-A-L-C-190,20.02.2020-08:28:46,9.00000000e+00,6.44418895e-01,8.92411995e+00,1.88107986e-03,1.95148285e+02,8.03305130e+01,1.88037472e+01,1.18770137e-01,1.98526293e-01
5345803-S04-156I3-A-L-C-190,20.02.2020-08:28:48,9.00000000e+00,6.43544137e-01,8.93951225e+00,2.00020405e-03,1.23191231e+02,8.03963318e+01,1.88260231e+01,1.66787490e-01,2.98730403e-01
5345803-S04-156I3-A-L-C-190,20.02.2020-08:28:50,9.00000000e+00,6.43837333e-01,8.94987392e+00,1.90833432e-03,1.45402969e+02,8.05295944e+01,1.88876877e+01,1.38617709e-01,2.28620797e-01
5345803-S04-156I3-A-L-C-190,20.02.2020-08:29:25,2.10000000e+01,6.41292870e-01,8.92752743e+00,2.14802474e-03,3.32658844e+02,7.98123016e+01,1.85989170e+01,7.22216442e-02,9.21500772e-02
5345803-S04-156I3-A-L-C-190,20.02.2020-08:29:28,2.00000000e+01,6.40903533e-01,8.94604969e+00,1.98097411e-03,3.06850891e+02,7.99597321e+01,1.86605949e+01,7.37688392e-02,9.30562839e-02
5345803-S04-156I3-A-L-C-190,20.02.2020-08:29:30,1.90000000e+01,6.42773986e-01,8.93305874e+00,2.07423232e-03,1.81398071e+02,8.03019714e+01,1.87678642e+01,9.82227251e-02,1.39885843e-01
5345803-S04-156I3-A-L-C-190,20.02.2020-08:29:32,9.00000000e+00,6.44720376e-01,8.94754696e+00,2.16032355e-03,2.29564545e+02,8.00859146e+01,1.88044987e+01,1.09130606e-01,1.53951555e-01
5345803-S04-156I3-A-L-C-190,20.02.2020-08:29:34,2.00000000e+01,6.41408980e-01,8.93473434e+00,1.86240568e-03,1.58442291e+02,7.98078842e+01,1.86162701e+01,1.46397635e-01,1.78494528e-01
5345803-S04-156I3-A-L-C-190,20.02.2020-08:29:36,9.00000000e+00,6.44115567e-01,8.95285130e+00,2.12367740e-03,4.26324066e+02,8.01859131e+01,1.88214664e+01,8.79671872e-02,1.47158235e-01
5345803-S04-156I3-A-L-C-190,20.02.2020-08:29:38,9.00000000e+00,6.45033956e-01,8.96902466e+00,2.37688725e-03,2.62564026e+02,7.99296570e+01,1.88220062e+01,7.06932768e-02,1.05605870e-01
5345803-S04-156I3-A-L-C-190,20.02.2020-08:29:40,9.00000000e+00,6.44524097e-01,8.95544243e+00,2.16273777e-03,2.81679718e+02,8.01314163e+01,1.88260517e+01,8.38152170e-02,1.38503999e-01
5345803-S04-156I3-A-L-C-190,20.02.2020-08:29:42,2.00000000e+01,6.41575694e-01,8.94684410e+00,1.92087633e-03,2.28492661e+02,7.98586273e+01,1.86582031e+01,9.82316583e-02,1.20522417e-01
5345803-S04-156I3-A-L-C-190,20.02.2020-08:29:45,2.00000000e+01,6.41452014e-01,8.92462254e+00,2.13881675e-03,1.65155945e+02,7.98387299e+01,1.86036358e+01,1.25491604e-01,1.49567530e-01
5345803-S04-156I3-A-L-C-190,20.02.2020-08:30:08,2.00000000e+01,6.41377211e-01,8.88291931e+00,1.76676980e-03,1.31419632e+02,8.02832718e+01,1.86176338e+01,1.41666144e-01,1.81190625e-01
5345803-S04-156I3-A-L-C-190,20.02.2020-08:30:10,9.00000000e+00,6.43641293e-01,8.93408489e+00,1.86213281e-03,1.67296875e+02,8.04363785e+01,1.88268070e+01,1.41057715e-01,2.16951147e-01
5345803-S04-156I3-A-L-C-190,20.02.2020-08:30:12,2.00000000e+01,6.41993642e-01,8.87858200e+00,1.90766517e-03,1.25637245e+02,8.03610764e+01,1.86444817e+01,1.51793867e-01,3.42648923e-01
5345803-S04-156I3-A-L-C-190,20.02.2020-08:30:14,9.00000000e+00,6.44309402e-01,8.94860554e+00,1.80932658e-03,1.54848450e+02,8.04274445e+01,1.88748837e+01,1.43880188e-01,2.50005990e-01
5345803-S04-156I3-A-L-C-190,20.02.2020-08:30:16,2.00000000e+01,6.42357409e-01,8.91544056e+00,1.71641249e-03,1.92188889e+02,8.01091461e+01,1.86737633e+01,1.18065961e-01,1.55928433e-01
5345803-S04-156I3-A-L-C-190,20.02.2020-08:30:18,2.00000000e+00,6.36185884e-01,8.83011055e+00,1.61401636e-03,1.13209824e+02,8.03372803e+01,1.83695087e+01,2.48728558e-01,7.96091199e-01
5345803-S04-156I3-A-L-C-190,20.02.2020-08:30:21,1.90000000e+01,6.45130038e-01,8.92196178e+00,1.85997959e-03,1.29619904e+02,8.01953964e+01,1.87882900e+01,1.69291481e-01,3.71158868e-01
5345803-S04-156I3-A-L-C-190,20.02.2020-08:30:23,1.00000000e+00,6.40689611e-01,8.84411335e+00,1.90205092e-03,3.37707443e+01,7.98566284e+01,1.84180298e+01,1.12207818e+00,1.70006490e+00
5345803-S04-156I3-A-L-C-190,20.02.2020-08:30:25,1.40000000e+01,6.45624220e-01,8.96566391e+00,1.72842271e-03,2.09861469e+01,8.01119461e+01,1.88751221e+01,1.41133475e+00,1.63836515e+00
5345803-S04-156I3-A-L-C-190,20.02.2020-08:30:27,2.40000000e+01,6.39771879e-01,8.82707500e+00,1.53764861e-03,1.70355206e+01,7.97641907e+01,1.83349667e+01,2.14621162e+00,2.92742729e+00
5345803-S04-156I3-A-L-C-190,20.02.2020-08:30:50,2.40000000e+01,6.47331476e-01,8.96205902e+00,1.93307863e-03,1.29818983e+01,8.01891251e+01,1.89356480e+01,2.42243862e+00,2.88324189e+00
5345803-S04-156I3-A-L-C-190,20.02.2020-08:30:52,2.40000000e+01,6.41545117e-01,8.88617897e+00,1.72829733e-03,5.76910305e+00,7.95268097e+01,1.84538097e+01,5.89176035e+00,7.43634176e+00
5345803-S04-156I3-A-L-C-190,20.02.2020-08:30:54,2.40000000e+01,6.45346940e-01,8.97300053e+00,1.98694807e-03,9.68595695e+00,7.96598740e+01,1.87758999e+01,3.77554560e+00,4.37374163e+00
5345803-S04-156I3-A-L-C-190,20.02.2020-08:30:57,2.40000000e+01,6.42920554e-01,8.92856979e+00,1.56775094e-03,2.65180707e+00,7.85196457e+01,1.83462677e+01,1.40970087e+01,
5345803-S04-156I3-A-L-C-190,20.02.2020-08:30:59,2.40000000e+01,6.45639837e-01,8.95246315e+00,2.27808021e-03,1.41287060e+01,7.96563263e+01,1.87405910e+01,2.56376028e+00,3.06189752e+00
5345803-S04-156I3-A-L-C-190,20.02.2020-08:31:01,2.40000000e+01,6.40360594e-01,8.91518211e+00,2.06008786e-03,7.75224209e+00,7.95366592e+01,1.84821453e+01,4.59480095e+00,5.78945494e+00
5345803-S04-156I3-A-L-C-190,20.02.2020-08:31:03,2.40000000e+01,6.46228671e-01,8.95407009e+00,2.10195477e-03,3.98835397e+00,7.90061722e+01,1.86079254e+01,7.90521288e+00,9.08532429e+00
5345803-S04-156I3-A-L-C-190,20.02.2020-08:31:05,2.40000000e+01,6.44738138e-01,8.93952370e+00,1.90931978e-03,1.01361027e+01,7.97615051e+01,1.87120438e+01,3.08784914e+00,3.65679479e+00
5345803-S04-156I3-A-L-C-190,20.02.2020-08:31:07,2.40000000e+01,6.43878639e-01,8.93518829e+00,2.31684418e-03,4.99229431e+00,7.89619980e+01,1.84908142e+01,6.60381556e+00,7.61951923e+00
5345803-S04-156I3-A-L-C-190,20.02.2020-08:31:09,2.40000000e+01,6.40327096e-01,8.89858341e+00,1.79185451e-03,2.11487269e+00,7.78089676e+01,1.80460663e+01,1.53859177e+01,
5345803-S04-156I3-A-L-C-190,20.02.2020-08:26:41,9.00000000e+00,6.45508468e-01,8.97556114e+00,1.90673757e-03,2.11828476e+02,8.01438828e+01,1.89001026e+01,1.16359554e-01,1.50592208e-01
5345803-S04-156I3-A-L-C-190,20.02.2020-08:26:43,1.90000000e+01,6.41894281e-01,8.91874409e+00,1.82424474e-03,9.53253632e+01,8.02802582e+01,1.87070866e+01,4.16274458e-01,7.35216856e-01
5345803-S04-156I3-A-L-C-190,20.02.2020-08:26:45,7.00000000e+00,6.45994842e-01,8.99093056e+00,1.72028039e-03,2.34913971e+02,8.04833374e+01,1.90269814e+01,1.95976153e-01,2.89570689e-01
5345803-S04-156I3-A-L-C-190,20.02.2020-08:26:47,1.90000000e+01,6.41314328e-01,8.93209934e+00,1.78701640e-03,6.63561478e+01,8.02344818e+01,1.87075005e+01,4.27761644e-01,6.27039611e-01
5345803-S04-156I3-A-L-C-190,20.02.2020-08:26:51,9.00000000e+00,6.46940529e-01,8.95112705e+00,2.41813646e-03,1.65672501e+02,8.00420151e+01,1.88664551e+01,2.16599628e-01,3.03586125e-01
5345803-S04-156I3-A-L-C-190,20.02.2020-08:26:53,2.00000000e+01,6.43800437e-01,8.91865063e+00,2.12479872e-03,1.18767509e+02,7.99902725e+01,1.86946678e+01,3.55805486e-01,7.76004016e-01
5345803-S04-156I3-A-L-C-190,20.02.2020-08:26:55,1.90000000e+01,6.44169807e-01,8.94891262e+00,2.35381024e-03,1.60942078e+02,7.99392471e+01,1.87568913e+01,2.69417971e-01,7.14615762e-01
5345803-S04-156I3-A-L-C-190,20.02.2020-08:26:57,9.00000000e+00,6.45626068e-01,8.92578697e+00,2.13045767e-03,3.88438492e+01,8.02070160e+01,1.88135223e+01,1.01662600e+00,1.56720078e+00
5345803-S04-156I3-A-L-C-190,20.02.2020-08:26:59,1.40000000e+01,6.43257856e-01,8.93061638e+00,2.04802863e-03,1.91052990e+01,7.98287048e+01,1.86661949e+01,1.85894370e+00,2.28874850e+00
5345803-S04-156I3-A-L-C-190,20.02.2020-08:27:02,9.00000000e+00,6.46351933e-01,8.96498680e+00,2.14240723e-03,1.46765686e+02,7.98381348e+01,1.88303890e+01,2.65371859e-01,3.31653774e-01
5345803-S04-156I3-A-L-C-190,20.02.2020-08:27:24,2.00000000e+01,6.42634809e-01,8.89975548e+00,1.76608085e-03,2.32278061e+02,8.02584305e+01,1.86837120e+01,2.04681620e-01,5.22034109e-01
5345803-S04-156I3-A-L-C-190,20.02.2020-08:27:27,7.00000000e+00,6.48955703e-01,9.01431179e+00,1.85725943e-03,1.41441666e+02,8.03134766e+01,1.91234512e+01,1.57584369e-01,1.97260067e-01
5345803-S04-156I3-A-L-C-190,20.02.2020-08:27:29,9.00000000e+00,6.45329237e-01,8.94246101e+00,1.93978462e-03,2.25102112e+02,8.02539062e+01,1.88510170e+01,1.67431146e-01,2.95567751e-01
5345803-S04-156I3-A-L-C-190,20.02.2020-08:27:31,9.00000000e+00,6.45129204e-01,8.95127583e+00,2.14010966e-03,1.38249130e+02,8.02113037e+01,1.88537350e+01,2.37601370e-01,3.84869665e-01
5345803-S04-156I3-A-L-C-190,20.02.2020-08:27:33,1.90000000e+01,6.43833697e-01,8.95908451e+00,1.89404679e-03,2.86666779e+02,8.00496445e+01,1.87943344e+01,1.56913996e-01,2.47527599e-01
5345803-S04-156I3-A-L-C-190,20.02.2020-08:27:35,9.00000000e+00,6.45175695e-01,8.94981384e+00,1.96578586e-03,1.49774017e+02,8.01733017e+01,1.88430843e+01,1.79369554e-01,3.02013993e-01
5345803-S04-156I3-A-L-C-190,20.02.2020-08:27:37,9.00000000e+00,6.45044625e-01,8.97259045e+00,2.31041084e-03,1.75650589e+02,8.01811066e+01,1.88890381e+01,1.76698253e-01,3.02715749e-01
5345803-S04-156I3-A-L-C-190,20.02.2020-08:27:39,9.00000000e+00,6.44991159e-01,8.95672894e+00,2.11176020e-03,1.59663330e+02,8.00909195e+01,1.88328781e+01,1.99930534e-01,3.71287793e-01
5345803-S04-156I3-A-L-C-190,20.02.2020-08:27:41,9.00000000e+00,6.46443665e-01,8.97271252e+00,2.64242664e-03,2.30410889e+02,7.99778900e+01,1.88822842e+01,1.32069543e-01,2.15733126e-01
5345803-S04-156I3-A-L-C-190,20.02.2020-08:27:43,2.00000000e+01,6.42621338e-01,8.89985657e+00,1.80696591e-03,1.65200775e+02,8.01248856e+01,1.86524448e+01,2.46116072e-01,6.17574513e-01
5345803-S04-156I3-A-L-C-190,20.02.2020-08:28:53,2.10000000e+01,6.39828503e-01,8.88196087e+00,1.72137143e-03,1.09264694e+02,8.03813477e+01,1.85933628e+01,2.89272249e-01,7.16467559e-01
5345803-S04-156I3-A-L-C-190,20.02.2020-08:28:55,1.90000000e+01,6.41291738e-01,8.92257214e+00,2.04715622e-03,1.61098938e+02,8.03389511e+01,1.87112198e+01,1.97066128e-01,4.79389191e-01
5345803-S04-156I3-A-L-C-190,20.02.2020-08:28:57,2.10000000e+01,6.39482796e-01,8.88439751e+00,1.76061795e-03,1.66743393e+02,8.03960114e+01,1.85918045e+01,2.27966294e-01,6.66219234e-01
5345803-S04-156I3-A-L-C-190,20.02.2020-08:28:59,2.00000000e+01,6.42374635e-01,8.91966438e+00,2.01495341e-03,1.49702286e+02,7.99724731e+01,1.86512356e+01,1.49621055e-01,5.23330390e-01
5345803-S04-156I3-A-L-C-190,20.02.2020-08:29:01,2.00000000e+01,6.44672334e-01,8.89835644e+00,1.77399965e-03,1.60847107e+02,8.00759430e+01,1.86973934e+01,1.50963426e-01,1.94837049e-01
5345803-S04-156I3-A-L-C-190,20.02.2020-08:29:07,2.10000000e+01,6.43232405e-01,8.87426186e+00,2.19062623e-03,2.11650070e+02,7.98480835e+01,1.85521755e+01,1.03358008e-01,1.51480705e-01
5345803-S04-156I3-A-L-C-190,20.02.2020-08:29:11,1.00000000e+00,6.41055763e-01,8.86728477e+00,1.91868900e-03,1.99483749e+02,7.98407440e+01,1.84731598e+01,1.38104185e-01,3.66032600e-01
5345803-S04-156I3-A-L-C-190,20.02.2020-08:29:13,1.00000000e+00,6.42148256e-01,8.86998177e+00,2.31195823e-03,1.58582993e+02,7.96773071e+01,1.84723816e+01,1.45011529e-01,3.42459232e-01
5345803-S04-156I3-A-L-C-190,20.02.2020-08:29:18,1.90000000e+01,6.44063830e-01,8.91242123e+00,2.21888139e-03,2.47017105e+02,8.00916214e+01,1.87129345e+01,9.66979861e-02,1.36165351e-01
5345803-S04-156I3-A-L-C-190,20.02.2020-08:29:23,2.10000000e+01,6.42563403e-01,8.87650013e+00,2.06720317e-03,1.87658432e+02,7.97125168e+01,1.85060806e+01,1.41619265e-01,3.27579200e-01
5345803-S04-156I3-A-L-C-190,20.02.2020-08:30:29,1.40000000e+01,6.39837682e-01,8.84887123e+00,1.98114291e-03,2.71492329e+01,7.96179657e+01,1.83484325e+01,1.34194386e+00,1.98369002e+00
5345803-S04-156I3-A-L-C-190,20.02.2020-08:30:31,1.40000000e+01,6.44974291e-01,8.96682644e+00,1.82971673e-03,2.48176594e+01,8.01361771e+01,1.88642693e+01,1.48359835e+00,1.71259356e+00
5345803-S04-156I3-A-L-C-190,20.02.2020-08:30:33,1.40000000e+01,6.41017258e-01,8.96712780e+00,1.83386519e-03,1.57681513e+01,7.97316208e+01,1.86545124e+01,1.94036734e+00,2.22379279e+00
5345803-S04-156I3-A-L-C-190,20.02.2020-08:30:35,1.40000000e+01,6.41568482e-01,8.84896851e+00,1.58689951e-03,1.99279194e+01,7.97398834e+01,1.84264431e+01,1.99873698e+00,2.62163830e+00
5345803-S04-156I3-A-L-C-190,20.02.2020-08:30:37,1.40000000e+01,6.44536734e-01,8.95717430e+00,2.18582666e-03,1.62475719e+01,7.98383484e+01,1.87611923e+01,1.70585787e+00,2.06682110e+00
5345803-S04-156I3-A-L-C-190,20.02.2020-08:30:40,1.40000000e+01,6.44739389e-01,8.96026802e+00,1.96154136e-03,2.55436096e+01,8.00510101e+01,1.88235779e+01,1.35117376e+00,1.68416083e+00
5345803-S04-156I3-A-L-C-190,20.02.2020-08:30:42,2.40000000e+01,6.41523600e-01,8.85501766e+00,1.67685526e-03,1.03334494e+01,7.94851303e+01,1.83788433e+01,2.98975253e+00,3.79316425e+00
5345803-S04-156I3-A-L-C-190,20.02.2020-08:30:44,2.40000000e+01,6.41635537e-01,8.88963223e+00,1.77301234e-03,1.07513514e+01,7.98952255e+01,1.85491161e+01,2.76541781e+00,3.74896097e+00
5345803-S04-156I3-A-L-C-190,20.02.2020-08:30:46,2.40000000e+01,6.40878320e-01,8.83402061e+00,1.48344424e-03,6.12319183e+00,7.92213135e+01,1.82560253e+01,4.72769594e+00,5.80630827e+00
5345803-S04-156I3-A-L-C-190,20.02.2020-08:30:48,2.40000000e+01,6.46341085e-01,8.93288803e+00,2.01556087e-03,1.09353256e+01,8.01125412e+01,1.88271389e+01,2.79144216e+00,3.35643196e+00
5345803-S04-156I3-A-L-C-190,20.02.2020-08:31:11,1.90000000e+01,6.44927323e-01,8.91754913e+00,1.84361776e-03,1.30097519e+02,8.00408173e+01,1.87369118e+01,1.33541644e-01,1.96218446e-01
5345803-S04-156I3-A-L-C-190,20.02.2020-08:31:13,2.10000000e+01,6.42883360e-01,8.86199665e+00,2.32486636e-03,2.01253693e+02,8.00145569e+01,1.85550861e+01,1.49182275e-01,5.71987808e-01
5345803-S04-156I3-A-L-C-190,20.02.2020-08:31:16,1.00000000e+00,6.41350865e-01,8.87005424e+00,2.14194972e-03,9.85445557e+01,7.96425018e+01,1.84415321e+01,3.36008638e-01,5.98473728e-01
5345803-S04-156I3-A-L-C-190,20.02.2020-08:31:18,1.90000000e+01,6.44840837e-01,8.90632153e+00,1.83284457e-03,1.25317978e+02,8.02109909e+01,1.87505913e+01,2.06330016e-01,4.78862524e-01
5345803-S04-156I3-A-L-C-190,20.02.2020-08:31:20,2.00000000e+01,6.43730700e-01,8.97220993e+00,2.27407948e-03,1.82215393e+02,7.94567642e+01,1.86794777e+01,1.17488392e-01,1.38221800e-01
5345803-S04-156I3-A-L-C-190,20.02.2020-08:31:22,1.90000000e+01,6.45929277e-01,8.92629147e+00,2.47811805e-03,1.68308868e+02,7.97720566e+01,1.87213440e+01,1.38263032e-01,2.38721967e-01
5345803-S04-156I3-A-L-C-190,20.02.2020-08:31:24,2.00000000e+01,6.43975437e-01,8.92163849e+00,2.51825992e-03,1.47096573e+02,7.96368637e+01,1.86233692e+01,1.72168985e-01,2.72842526e-01
5345803-S04-156I3-A-L-C-190,20.02.2020-08:31:26,1.00000000e+00,6.41821265e-01,8.89621067e+00,2.47100648e-03,1.79697388e+02,7.93578491e+01,1.84433250e+01,1.52419642e-01,2.95135707e-01
5345803-S04-156I3-A-L-C-190,20.02.2020-08:31:28,2.00000000e+00,6.38303220e-01,8.84310532e+00,2.26752320e-03,2.24021194e+02,7.94102859e+01,1.82447853e+01,1.34163514e-01,3.02889884e-01
5345803-S04-156I3-A-L-C-190,20.02.2020-08:31:31,1.90000000e+01,6.45464957e-01,8.93217468e+00,2.28585070e-03,2.24285355e+02,7.98408203e+01,1.87363510e+01,1.08277321e-01,1.66348338e-01
5345803-S04-156I3-A-L-C-190,20.02.2020-08:31:54,2.00000000e+01,6.42743349e-01,8.91234303e+00,2.16591149e-03,8.86072311e+01,8.01113739e+01,1.86790104e+01,2.95366168e-01,5.90465069e-01
5345803-S04-156I3-A-L-C-190,20.02.2020-08:31:56,1.90000000e+01,6.43361211e-01,8.90267467e+00,1.67016999e-03,1.27265221e+02,8.02431030e+01,1.87073917e+01,2.58200973e-01,3.63704741e-01
5345803-S04-156I3-A-L-C-190,20.02.2020-08:31:58,1.90000000e+01,6.43322110e-01,8.92294979e+00,2.00059125e-03,1.22572159e+02,8.03057785e+01,1.87635021e+01,1.77374884e-01,3.08960110e-01
5345803-S04-156I3-A-L-C-190,20.02.2020-08:32:00,9.00000000e+00,6.45933926e-01,8.94861412e+00,2.27764645e-03,1.00224922e+02,8.00095367e+01,1.88241692e+01,2.58579463e-01,3.54518354e-01
5345803-S04-156I3-A-L-C-190,20.02.2020-08:32:03,2.00000000e+01,6.43179476e-01,8.87904930e+00,2.05578003e-03,1.11121796e+02,8.01434097e+01,1.86293049e+01,1.80848032e-01,5.89400053e-01
5345803-S04-156I3-A-L-C-190,20.02.2020-08:32:05,2.00000000e+01,6.43371880e-01,8.89804840e+00,1.89544493e-03,2.52344025e+02,7.99911652e+01,1.86392746e+01,1.04962625e-01,1.40921548e-01
5345803-S04-156I3-A-L-C-190,20.02.2020-08:32:07,9.00000000e+00,6.46389067e-01,8.94939041e+00,2.19258107e-03,1.26139839e+02,8.00754547e+01,1.88545895e+01,1.78884342e-01,2.40282401e-01
5345803-S04-156I3-A-L-C-190,20.02.2020-08:32:09,2.00000000e+01,6.42881870e-01,8.87880898e+00,2.25190795e-03,1.22211113e+02,8.01859741e+01,1.86300697e+01,1.80058047e-01,5.61055422e-01
5345803-S04-156I3-A-L-C-190,20.02.2020-08:32:11,1.90000000e+01,6.44621551e-01,8.95069790e+00,2.17032549e-03,2.00795471e+02,7.99697189e+01,1.87809448e+01,1.14788331e-01,1.70979336e-01
5345803-S04-156I3-A-L-C-190,20.02.2020-08:32:13,9.00000000e+00,6.46284580e-01,8.93949127e+00,2.13565957e-03,1.49015579e+02,8.00745163e+01,1.88304672e+01,1.83725104e-01,2.50830829e-01
5345803-S04-156I3-A-L-C-190,20.02.2020-08:32:37,9.00000000e+00,6.45242929e-01,8.93590450e+00,1.75769033e-03,2.60317505e+02,8.04925079e+01,1.88906746e+01,1.05372176e-01,2.79793739e-01
5345803-S04-156I3-A-L-C-190,20.02.2020-08:32:39,9.00000000e+00,6.44668221e-01,8.94247818e+00,2.05995888e-03,1.48959854e+02,8.04122314e+01,1.88688927e+01,1.81979701e-01,3.42152327e-01
5345803-S04-156I3-A-L-C-190,20.02.2020-08:32:41,1.90000000e+01,6.43449128e-01,8.90787411e+00,1.73126359e-03,1.13808487e+02,8.04557419e+01,1.87704868e+01,2.30734259e-01,3.57913166e-01
5345803-S04-156I3-A-L-C-190,20.02.2020-08:32:43,2.00000000e+01,6.42858922e-01,8.90436268e+00,1.89662806e-03,1.68362793e+02,8.02267075e+01,1.86925125e+01,1.48202375e-01,4.07555193e-01
5345803-S04-156I3-A-L-C-190,20.02.2020-08:32:45,2.00000000e+01,6.43003285e-01,8.89829254e+00,1.87698379e-03,1.64802307e+02,8.02190018e+01,1.86821709e+01,1.82309493e-01,3.11085552e-01
5345803-S04-156I3-A-L-C-190,20.02.2020-08:32:47,2.10000000e+01,6.42185688e-01,8.90499115e+00,2.13465048e-03,1.77587860e+02,7.98975906e+01,1.85976467e+01,1.01239026e-01,1.32099420e-01
5345803-S04-156I3-A-L-C-190,20.02.2020-08:32:49,3.00000000e+00,6.35361195e-01,8.80437851e+00,2.20422144e-03,2.12283096e+02,7.94150009e+01,1.80822353e+01,1.78501904e-01,3.99412423e-01
5345803-S04-156I3-A-L-C-190,20.02.2020-08:32:51,1.00000000e+00,6.41948760e-01,8.89130688e+00,2.39221333e-03,1.73823257e+02,7.95222778e+01,1.84750214e+01,1.37049168e-01,2.48794764e-01
5345803-S04-156I3-A-L-C-190,20.02.2020-08:32:54,2.00000000e+00,6.40554726e-01,8.85993481e+00,2.19105766e-03,1.60851135e+02,7.95777359e+01,1.83826675e+01,1.70564085e-01,3.51727307e-01
5345803-S04-156I3-A-L-C-190,20.02.2020-08:32:56,1.90000000e+01,6.45640254e-01,8.94147396e+00,2.50733062e-03,1.83545242e+02,7.97688828e+01,1.87440491e+01,1.21433087e-01,1.69751272e-01
5345803-S04-156I3-A-L-C-190,20.02.2020-08:33:43,1.00000000e+00,6.40131533e-01,8.84419441e+00,1.71678874e-03,1.98334518e+02,8.02660217e+01,1.84964962e+01,1.98693529e-01,5.83122015e-01
5345803-S04-156I3-A-L-C-190,20.02.2020-08:33:46,2.00000000e+01,6.42330229e-01,8.86945724e+00,1.53828471e-03,3.05163544e+02,8.03660660e+01,1.86362400e+01,1.61277965e-01,3.98053914e-01
5345803-S04-156I3-A-L-C-190,20.02.2020-08:33:48,2.10000000e+01,6.43512011e-01,8.87968349e+00,2.12881109e-03,2.46742752e+02,7.99178925e+01,1.85878162e+01,1.07829109e-01,2.55475521e-01
5345803-S04-156I3-A-L-C-190,20.02.2020-08:33:50,2.00000000e+01,6.43865705e-01,8.89200401e+00,2.27037608e-03,2.25005402e+02,7.99370270e+01,1.86282940e+01,1.21332191e-01,2.39231467e-01
5345803-S04-156I3-A-L-C-190,20.02.2020-08:33:52,2.00000000e+01,6.44327998e-01,8.90823460e+00,2.32011545e-03,1.56316208e+02,7.98597717e+01,1.86576500e+01,1.77680314e-01,3.02992374e-01
5345803-S04-156I3-A-L-C-190,20.02.2020-08:33:55,2.10000000e+01,6.43079877e-01,8.86678696e+00,2.01977976e-03,1.44903397e+02,8.01140594e+01,1.85938854e+01,1.83534354e-01,5.49303710e-01
5345803-S04-156I3-A-L-C-190,20.02.2020-08:33:57,9.00000000e+00,6.46043837e-01,8.94486237e+00,2.16015638e-03,1.33176697e+02,8.00813217e+01,1.88363647e+01,1.60454363e-01,2.26587713e-01
5345803-S04-156I3-A-L-C-190,20.02.2020-08:34:00,1.90000000e+01,6.45742118e-01,8.93883324e+00,2.28642696e-03,3.33011261e+02,7.97600327e+01,1.87393913e+01,7.89319947e-02,1.22754894e-01
5345803-S04-156I3-A-L-C-190,20.02.2020-08:34:02,1.90000000e+01,6.44750118e-01,8.93044376e+00,1.86511746e-03,1.56421814e+02,8.00164261e+01,1.87531319e+01,1.50691420e-01,2.07663864e-01
5345803-S04-156I3-A-L-C-190,20.02.2020-08:34:04,2.00000000e+01,6.43071532e-01,8.89841366e+00,1.99916726e-03,1.72722656e+02,8.00681610e+01,1.86492729e+01,1.60454080e-01,6.17807865e-01
5345803-S04-156I3-A-L-C-190,20.02.2020-08:27:45,9.00000000e+00,6.45332575e-01,8.93896484e+00,1.64277968e-03,1.52147644e+02,8.01977234e+01,1.88305531e+01,2.16656774e-01,3.91832530e-01
5345803-S04-156I3-A-L-C-190,20.02.2020-08:27:49,1.90000000e+01,6.43682182e-01,8.91438293e+00,1.95434922e-03,2.26321106e+02,8.02757416e+01,1.87489643e+01,1.52085409e-01,4.96494144e-01
5345803-S04-156I3-A-L-C-190,20.02.2020-08:27:51,2.10000000e+01,6.41837239e-01,8.86898422e+00,2.06475961e-03,2.58170349e+02,8.00745926e+01,1.85534096e+01,2.82526374e-01,1.11982179e+00
5345803-S04-156I3-A-L-C-190,20.02.2020-08:27:53,2.00000000e+01,6.42576516e-01,8.89992046e+00,1.95251743e-03,1.28643005e+02,7.99771576e+01,1.86168900e+01,4.16246265e-01,9.05030847e-01
5345803-S04-156I3-A-L-C-190,20.02.2020-08:27:55,2.00000000e+01,6.42467916e-01,8.88080215e+00,1.87703397e-03,1.70560150e+02,8.01957092e+01,1.86245136e+01,2.61296034e-01,6.52591527e-01
5345803-S04-156I3-A-L-C-190,20.02.2020-08:27:57,1.90000000e+01,6.42983675e-01,8.91297626e+00,2.03348789e-03,1.55919724e+02,8.02481842e+01,1.87192364e+01,2.31027842e-01,5.62366128e-01
5345803-S04-156I3-A-L-C-190,20.02.2020-08:27:59,7.00000000e+00,6.48594022e-01,9.01547241e+00,2.32390920e-03,3.49026428e+02,8.02075500e+01,1.90900402e+01,7.41958618e-02,1.02295928e-01
5345803-S04-156I3-A-L-C-190,20.02.2020-08:28:01,2.00000000e+01,6.42992258e-01,8.89532757e+00,1.89744111e-03,9.48936691e+01,7.99058228e+01,1.86027145e+01,4.77809519e-01,1.30432022e+00
5345803-S04-156I3-A-L-C-190,20.02.2020-08:28:04,9.00000000e+00,6.47760212e-01,8.92144012e+00,2.03954731e-03,8.19275665e+01,8.00033264e+01,1.88186054e+01,4.76973623e-01,5.99978745e-01
5345803-S04-156I3-A-L-C-190,20.02.2020-08:28:06,2.00000000e+01,6.41385257e-01,8.99594593e+00,2.20942614e-03,1.28881073e+02,7.95024490e+01,1.86713829e+01,2.94872314e-01,3.71347457e-01
5345803-S04-156I3-A-L-C-190,20.02.2020-08:29:47,1.90000000e+01,6.45390868e-01,8.92541790e+00,2.33571464e-03,2.53599472e+02,7.98265839e+01,1.87166920e+01,9.08966437e-02,1.47459567e-01
5345803-S04-156I3-A-L-C-190,20.02.2020-08:29:49,1.00000000e+00,6.41191363e-01,8.87627506e+00,2.33490998e-03,2.29045090e+02,7.97363129e+01,1.84716110e+01,1.28327072e-01,3.31082940e-01
5345803-S04-156I3-A-L-C-190,20.02.2020-08:29:51,2.00000000e+01,6.45095706e-01,8.89094162e+00,2.17159884e-03,6.41460449e+02,7.99147263e+01,1.86564445e+01,5.70670031e-02,1.07288472e-01
5345803-S04-156I3-A-L-C-190,20.02.2020-08:29:53,2.00000000e+01,6.44672811e-01,8.90381241e+00,2.01174407e-03,2.50718765e+02,7.99927368e+01,1.86894321e+01,8.72202441e-02,1.20630808e-01
5345803-S04-156I3-A-L-C-190,20.02.2020-08:29:55,1.00000000e+00,6.41545177e-01,8.84944916e+00,2.38558394e-03,1.44543991e+02,7.97062836e+01,1.84190083e+01,1.61368564e-01,4.94618148e-01
5345803-S04-156I3-A-L-C-190,20.02.2020-08:29:57,1.00000000e+00,6.41111195e-01,8.87176228e+00,2.27055070e-03,2.17992264e+02,7.97677231e+01,1.84671841e+01,1.62125006e-01,3.76843601e-01
5345803-S04-156I3-A-L-C-190,20.02.2020-08:29:59,1.90000000e+01,6.41343296e-01,8.93579865e+00,1.80048821e-03,1.10176575e+02,8.04135132e+01,1.87578545e+01,2.38476723e-01,5.03842115e-01
5345803-S04-156I3-A-L-C-190,20.02.2020-08:30:01,1.00000000e+00,6.37293100e-01,8.83467197e+00,1.98062952e-03,1.88575516e+02,8.03725433e+01,1.84190636e+01,2.36089006e-01,6.77565932e-01
5345803-S04-156I3-A-L-C-190,20.02.2020-08:30:04,2.00000000e+01,6.39574885e-01,8.89185810e+00,1.83995697e-03,1.52811066e+02,8.03628616e+01,1.86024227e+01,2.38705516e-01,6.26979530e-01
5345803-S04-156I3-A-L-C-190,20.02.2020-08:30:06,9.00000000e+00,6.44320965e-01,8.95024490e+00,1.86468684e-03,1.44049393e+02,8.05394669e+01,1.89049759e+01,1.37399286e-01,2.14799538e-01
5345803-S04-156I3-A-L-C-190,20.02.2020-08:31:33,2.00000000e+01,6.44512892e-01,8.92301083e+00,2.08248524e-03,1.06612839e+02,7.98418655e+01,1.86897678e+01,2.10590348e-01,2.83138603e-01
5345803-S04-156I3-A-L-C-190,20.02.2020-08:31:35,1.90000000e+01,6.43878639e-01,8.91369820e+00,1.84029981e-03,2.06525681e+02,8.02340698e+01,1.87435112e+01,8.45765248e-02,2.08075374e-01
5345803-S04-156I3-A-L-C-190,20.02.2020-08:31:37,9.00000000e+00,6.43972635e-01,8.93318176e+00,1.93143194e-03,2.34694000e+02,8.04024582e+01,1.88266525e+01,1.10980146e-01,3.83422852e-01
5345803-S04-156I3-A-L-C-190,20.02.2020-08:31:39,1.90000000e+01,6.43595695e-01,8.91052246e+00,2.01365422e-03,4.48615417e+02,8.02587891e+01,1.87343712e+01,7.79214427e-02,1.74601704e-01
5345803-S04-156I3-A-L-C-190,20.02.2020-08:31:41,1.90000000e+01,6.42495692e-01,8.90201473e+00,1.79706397e-03,1.81199707e+02,8.06420670e+01,1.87737236e+01,1.27654046e-01,4.70990241e-01
5345803-S04-156I3-A-L-C-190,20.02.2020-08:31:43,1.90000000e+01,6.42880321e-01,8.91240501e+00,1.58975506e-03,1.51949936e+02,8.05223007e+01,1.87789555e+01,1.53258920e-01,3.55206013e-01
5345803-S04-156I3-A-L-C-190,20.02.2020-08:31:45,1.90000000e+01,6.43397033e-01,8.88221169e+00,1.76169106e-03,9.69808121e+01,8.04011536e+01,1.87021980e+01,2.28609771e-01,6.73550069e-01
5345803-S04-156I3-A-L-C-190,20.02.2020-08:31:48,1.90000000e+01,6.43343210e-01,8.90638638e+00,1.99470948e-03,1.77742477e+02,8.02676315e+01,1.87203903e+01,1.91512764e-01,4.12557334e-01
5345803-S04-156I3-A-L-C-190,20.02.2020-08:31:50,1.90000000e+01,6.43780470e-01,8.91743374e+00,2.16509239e-03,1.17864944e+02,8.01213608e+01,1.87221699e+01,1.68615624e-01,3.18089724e-01
5345803-S04-156I3-A-L-C-190,20.02.2020-08:31:52,9.00000000e+00,6.43865705e-01,8.93681717e+00,1.93910557e-03,1.21014603e+02,8.03354645e+01,1.88154964e+01,2.06891656e-01,3.81825358e-01
5345803-S04-156I3-A-L-C-190,20.02.2020-08:32:15,9.00000000e+00,6.44669831e-01,8.93122864e+00,1.82851532e-03,1.16584991e+02,8.04066238e+01,1.88438911e+01,2.77678460e-01,4.03392434e-01
5345803-S04-156I3-A-L-C-190,20.02.2020-08:32:17,1.90000000e+01,6.43481374e-01,8.91283417e+00,2.08182097e-03,6.93432693e+01,8.01498260e+01,1.87104645e+01,3.20818156e-01,5.80650985e-01
5345803-S04-156I3-A-L-C-190,20.02.2020-08:32:20,1.90000000e+01,6.43436074e-01,8.90727997e+00,1.87002309e-03,8.72946854e+01,8.02180481e+01,1.87134018e+01,2.81821340e-01,6.43370032e-01
5345803-S04-156I3-A-L-C-190,20.02.2020-08:32:22,1.90000000e+01,6.42946601e-01,8.90714741e+00,1.91658456e-03,1.47744110e+02,8.03920746e+01,1.87394543e+01,2.00894997e-01,3.64842385e-01
5345803-S04-156I3-A-L-C-190,20.02.2020-08:32:24,1.90000000e+01,6.44013345e-01,8.92440891e+00,1.88529806e-03,2.17407440e+02,8.03245163e+01,1.87911167e+01,1.58415005e-01,3.23193610e-01
5345803-S04-156I3-A-L-C-190,20.02.2020-08:32:26,9.00000000e+00,6.45357728e-01,8.93820763e+00,2.01598834e-03,1.59060913e+02,8.04136810e+01,1.88803959e+01,1.91917717e-01,3.58420670e-01
5345803-S04-156I3-A-L-C-190,20.02.2020-08:32:28,1.90000000e+01,6.42728448e-01,8.92376328e+00,2.15219497e-03,1.10464180e+02,8.01475830e+01,1.87109661e+01,2.26744905e-01,5.72914124e-01
5345803-S04-156I3-A-L-C-190,20.02.2020-08:32:30,1.90000000e+01,6.42960072e-01,8.89971638e+00,1.73219678e-03,1.42239365e+02,8.04398956e+01,1.87353516e+01,1.60617992e-01,2.90494233e-01
5345803-S04-156I3-A-L-C-190,20.02.2020-08:32:32,2.00000000e+01,6.42317116e-01,8.89086151e+00,1.59936177e-03,1.52504959e+02,8.03799896e+01,1.86840706e+01,1.83361977e-01,4.79447663e-01
5345803-S04-156I3-A-L-C-190,20.02.2020-08:32:34,1.90000000e+01,6.43726170e-01,8.89192390e+00,1.78561360e-03,1.34992920e+02,8.03251953e+01,1.87145271e+01,2.20047995e-01,6.64795041e-01
5345803-S04-156I3-A-L-C-190,20.02.2020-08:32:58,1.90000000e+01,6.45766497e-01,8.94786739e+00,2.03639409e-03,2.04154465e+02,7.98701248e+01,1.87849293e+01,1.45191640e-01,2.04454049e-01
5345803-S04-156I3-A-L-C-190,20.02.2020-08:33:00,2.00000000e+01,6.44205987e-01,8.90814972e+00,1.96323334e-03,6.90648956e+01,7.98595123e+01,1.86538773e+01,3.08290035e-01,3.80282015e-01
5345803-S04-156I3-A-L-C-190,20.02.2020-08:33:02,1.00000000e+00,6.41085148e-01,8.87296677e+00,1.96804968e-03,1.43582413e+02,7.99000168e+01,1.84995689e+01,2.22992092e-01,5.22694349e-01
5345803-S04-156I3-A-L-C-190,20.02.2020-08:33:04,2.00000000e+01,6.42358243e-01,8.90302658e+00,1.74058136e-03,9.89187393e+01,8.02915573e+01,1.86902485e+01,2.28141963e-01,3.93646985e-01
5345803-S04-156I3-A-L-C-190,20.02.2020-08:33:06,2.10000000e+01,6.40517652e-01,8.90103817e+00,1.59357663e-03,1.46303070e+02,8.00876999e+01,1.85852242e+01,2.05660239e-01,3.91454786e-01
5345803-S04-156I3-A-L-C-190,20.02.2020-08:33:09,2.10000000e+01,6.41411126e-01,8.87445831e+00,2.00468278e-03,1.42774887e+02,8.00369263e+01,1.85438099e+01,1.85429811e-01,4.50068772e-01
5345803-S04-156I3-A-L-C-190,20.02.2020-08:33:11,1.00000000e+00,6.40294611e-01,8.85307121e+00,2.21852632e-03,1.11243721e+02,7.99798203e+01,1.84537411e+01,1.82091981e-01,4.34817463e-01
5345803-S04-156I3-A-L-C-190,20.02.2020-08:33:15,9.00000000e+00,6.45136595e-01,8.92170334e+00,1.82333018e-03,1.85312195e+02,8.03585205e+01,1.88261528e+01,1.35238528e-01,1.75185591e-01
5345803-S04-156I3-A-L-C-190,20.02.2020-08:33:17,2.00000000e+01,6.43039405e-01,8.91461754e+00,2.07222998e-03,1.23045822e+02,7.98914261e+01,1.86410637e+01,1.97098896e-01,3.54079276e-01
5345803-S04-156I3-A-L-C-190,20.02.2020-08:33:19,9.00000000e+00,6.45327806e-01,8.94396591e+00,1.96537981e-03,1.70459442e+02,8.04389954e+01,1.88976288e+01,1.37345135e-01,2.08878309e-01
5345803-S04-156I3-A-L-C-190,20.02.2020-08:34:07,9.00000000e+00,6.45653427e-01,8.94492626e+00,2.18043267e-03,2.25999893e+02,8.00766373e+01,1.88240147e+01,1.14469960e-01,1.60760775e-01
5345803-S04-156I3-A-L-C-190,20.02.2020-08:34:09,2.10000000e+01,6.40218735e-01,8.89561462e+00,1.84343441e-03,1.33070175e+02,8.01708832e+01,1.85845146e+01,2.09722340e-01,4.45095152e-01
5345803-S04-156I3-A-L-C-190,20.02.2020-08:34:11,1.90000000e+01,6.44070268e-01,8.92260361e+00,1.94832904e-03,2.25704422e+02,8.03574982e+01,1.87966938e+01,1.54234514e-01,2.54354388e-01
5345803-S04-156I3-A-L-C-190,20.02.2020-08:34:13,2.10000000e+01,6.40226364e-01,8.89125824e+00,1.68804242e-03,1.95365738e+02,8.02617722e+01,1.85966930e+01,1.82502016e-01,3.91474992e-01
5345803-S04-156I3-A-L-C-190,20.02.2020-08:34:15,8.00000000e+00,6.47570312e-01,8.94819927e+00,1.88984605e-03,2.13583557e+02,8.02922592e+01,1.89376659e+01,3.43285441e-01,4.82006758e-01
5345803-S04-156I3-A-L-C-190,20.02.2020-08:34:19,2.00000000e+01,6.41209543e-01,8.93161201e+00,1.59478013e-03,3.07887115e+02,7.99894409e+01,1.86462994e+01,1.44517079e-01,4.28373367e-01
5345803-S04-156I3-A-L-C-190,20.02.2020-08:34:22,8.00000000e+00,6.46540940e-01,8.97880077e+00,1.91616477e-03,3.24841919e+02,8.02444916e+01,1.89609375e+01,8.88003930e-02,1.43099651e-01
5345803-S04-156I3-A-L-C-190,20.02.2020-08:34:24,8.00000000e+00,6.46452010e-01,8.98466682e+00,1.96555769e-03,1.44749283e+02,8.01270447e+01,1.89429493e+01,1.39647856e-01,2.25787371e-01
5345803-S04-156I3-A-L-C-190,20.02.2020-08:34:47,9.00000000e+00,6.44367099e-01,8.96788216e+00,2.14981264e-03,1.60128326e+02,8.00863342e+01,1.88370037e+01,1.49131626e-01,3.05393487e-01
5345803-S04-156I3-A-L-C-190,20.02.2020-08:34:49,8.00000000e+00,6.46141827e-01,8.99210835e+00,2.00764928e-03,2.70460236e+02,8.02028198e+01,1.89674625e+01,1.36312023e-01,1.99999794e-01
5345803-S04-156I3-A-L-C-190,20.02.2020-08:35:12,9.00000000e+00,6.43823564e-01,8.95924854e+00,2.01890874e-03,9.66987152e+01,8.01214981e+01,1.88112507e+01,2.42471382e-01,4.38492417e-01
5345803-S04-156I3-A-L-C-190,20.02.2020-08:35:14,1.90000000e+01,6.42640710e-01,8.92996788e+00,1.71902566e-03,1.53722183e+02,8.01646881e+01,1.87254124e+01,2.40431488e-01,5.48300385e-01
5345803-S04-156I3-A-L-C-190,20.02.2020-08:35:16,9.00000000e+00,6.45286500e-01,8.95539474e+00,1.93391566e-03,1.17128967e+02,8.01739655e+01,1.88582287e+01,2.02606559e-01,2.53143102e-01
5345803-S04-156I3-A-L-C-190,20.02.2020-08:35:19,1.90000000e+01,6.41909361e-01,8.95475101e+00,1.99835934e-03,1.90485352e+02,8.01525192e+01,1.87531662e+01,2.64668316e-01,4.85968560e-01
5345803-S04-156I3-A-L-C-190,20.02.2020-08:35:21,9.00000000e+00,6.45836413e-01,8.97758675e+00,2.08554463e-03,1.76764359e+02,8.01215439e+01,1.89087009e+01,1.68498427e-01,2.52672166e-01
5345803-S04-156I3-A-L-C-190,20.02.2020-08:35:23,8.00000000e+00,6.46832943e-01,8.98703575e+00,1.69434131e-03,3.69959045e+02,8.03255997e+01,1.90060902e+01,1.13224216e-01,1.71352461e-01
5345803-S04-156I3-A-L-C-190,20.02.2020-08:35:25,2.00000000e+01,6.41138017e-01,8.91567421e+00,2.02094391e-03,2.22830902e+02,8.00554428e+01,1.86263065e+01,1.46540761e-01,3.68875295e-01
5345803-S04-156I3-A-L-C-190,20.02.2020-08:35:27,7.00000000e+00,6.49821639e-01,8.97391987e+00,1.96560472e-03,3.04219940e+02,8.06613007e+01,1.91457233e+01,1.30808383e-01,2.95961946e-01
5345803-S04-156I3-A-L-C-190,20.02.2020-08:35:29,1.90000000e+01,6.42041862e-01,8.94618607e+00,1.80215714e-03,1.47723282e+02,8.02590485e+01,1.87640018e+01,1.42339557e-01,2.79213786e-01
5345803-S04-156I3-A-L-C-190,20.02.2020-08:35:31,8.00000000e+00,6.46636784e-01,8.97456837e+00,1.58260018e-03,2.89678314e+02,8.04370651e+01,1.90002975e+01,9.47988331e-02,1.58583835e-01
5345803-S04-156I3-A-L-C-190,20.02.2020-08:36:16,8.00000000e+00,6.46734059e-01,8.96795940e+00,1.97884021e-03,1.97120193e+02,8.01485672e+01,1.89210548e+01,1.69499025e-01,2.48601720e-01
5345803-S04-156I3-A-L-C-190,20.02.2020-08:36:18,1.90000000e+01,6.44048512e-01,8.94970798e+00,2.03073770e-03,1.53202255e+02,8.00915070e+01,1.87907505e+01,2.52058148e-01,3.48653376e-01
5345803-S04-156I3-A-L-C-190,20.02.2020-08:36:20,9.00000000e+00,6.45777464e-01,8.97181320e+00,2.00998783e-03,1.37833862e+02,8.01295547e+01,1.88967018e+01,1.99253902e-01,2.78204799e-01
5345803-S04-156I3-A-L-C-190,20.02.2020-08:36:22,7.00000000e+00,6.50121987e-01,8.95789433e+00,1.97241362e-03,2.98654175e+02,8.05474854e+01,1.90933876e+01,1.34137124e-01,3.15496951e-01
5345803-S04-156I3-A-L-C-190,20.02.2020-08:36:25,2.00000000e+01,6.40145659e-01,8.90980053e+00,1.79103273e-03,4.12437469e+02,8.03745880e+01,1.86593151e+01,1.19689658e-01,3.45371038e-01
5345803-S04-156I3-A-L-C-190,20.02.2020-08:36:27,7.00000000e+00,6.49613559e-01,8.95736122e+00,1.74463051e-03,3.84107330e+02,8.05096741e+01,1.90683651e+01,1.14741579e-01,2.97036350e-01
5345803-S04-156I3-A-L-C-190,20.02.2020-08:36:29,7.00000000e+00,6.50527179e-01,8.96391964e+00,2.19620112e-03,2.32452240e+02,8.04301605e+01,1.90902901e+01,1.54518545e-01,3.44074100e-01
5345803-S04-156I3-A-L-C-190,20.02.2020-08:36:31,8.00000000e+00,6.46076202e-01,8.94786835e+00,1.92962552e-03,3.88353790e+02,8.03873825e+01,1.89156551e+01,1.27571627e-01,2.70147324e-01
5345803-S04-156I3-A-L-C-190,20.02.2020-08:36:45,7.00000000e+00,6.48227632e-01,8.95079041e+00,2.00725463e-03,2.39130142e+02,8.05413055e+01,1.90211945e+01,1.57364652e-01,3.93021971e-01
5345803-S04-156I3-A-L-C-190,20.02.2020-08:36:47,9.00000000e+00,6.42488837e-01,8.97072220e+00,1.84085197e-03,2.01721832e+02,8.02070770e+01,1.88163719e+01,2.04796076e-01,3.67446661e-01
5345803-S04-156I3-A-L-C-190,20.02.2020-08:28:08,9.00000000e+00,6.47197723e-01,8.95750713e+00,1.97731261e-03,9.42800140e+01,8.00113068e+01,1.88801613e+01,3.59258562e-01,4.30736065e-01
5345803-S04-156I3-A-L-C-190,20.02.2020-08:28:10,1.90000000e+01,6.44727945e-01,8.91357231e+00,2.09595356e-03,8.55653458e+01,8.00923004e+01,1.87348080e+01,4.49089944e-01,6.57386541e-01
5345803-S04-156I3-A-L-C-190,20.02.2020-08:28:15,9.00000000e+00,6.46580338e-01,8.92920494e+00,2.15183874e-03,1.39325760e+02,8.00792465e+01,1.88185177e+01,3.46634746e-01,5.36145687e-01
5345803-S04-156I3-A-L-C-190,20.02.2020-08:28:17,9.00000000e+00,6.45086884e-01,8.95189190e+00,2.03409675e-03,1.86339828e+02,8.01284180e+01,1.88343124e+01,2.73719400e-01,5.02860487e-01
5345803-S04-156I3-A-L-C-190,20.02.2020-08:28:19,2.00000000e+01,6.42127991e-01,8.89689445e+00,2.02673464e-03,1.05333878e+02,8.02147598e+01,1.86528206e+01,3.64328206e-01,8.01689088e-01
5345803-S04-156I3-A-L-C-190,20.02.2020-08:28:21,1.90000000e+01,6.43659651e-01,8.91010857e+00,1.82387081e-03,1.17918053e+02,8.01588821e+01,1.87120380e+01,3.50671619e-01,6.95803642e-01
5345803-S04-156I3-A-L-C-190,20.02.2020-08:28:23,2.00000000e+01,6.42907917e-01,8.88983536e+00,1.62521447e-03,1.41370178e+02,8.01921692e+01,1.86554050e+01,2.60393023e-01,6.45060778e-01
5345803-S04-156I3-A-L-C-190,20.02.2020-08:28:25,1.90000000e+01,6.43897831e-01,8.92374802e+00,1.68534752e-03,2.54030640e+02,8.01211090e+01,1.87387829e+01,1.94443002e-01,5.14268756e-01
5345803-S04-156I3-A-L-C-190,20.02.2020-08:28:27,1.90000000e+01,6.45145953e-01,8.91790485e+00,2.22990499e-03,2.25294983e+02,8.00623779e+01,1.87490597e+01,1.58465207e-01,1.96850106e-01
5345803-S04-156I3-A-L-C-190,20.02.2020-08:28:30,9.00000000e+00,6.45474851e-01,8.94762230e+00,2.07452825e-03,1.04706795e+02,8.01032562e+01,1.88307381e+01,2.70664960e-01,4.50115591e-01
5345803-S04-156I3-A-L-C-190,20.02.2020-08:33:21,1.90000000e+01,6.45046413e-01,8.91922665e+00,2.28353753e-03,1.24247421e+02,8.01022263e+01,1.87582760e+01,1.69440284e-01,2.51547277e-01
5345803-S04-156I3-A-L-C-190,20.02.2020-08:33:23,9.00000000e+00,6.45557880e-01,8.92439461e+00,1.83882297e-03,1.97990982e+02,8.04024353e+01,1.88544254e+01,1.42149672e-01,2.29671851e-01
5345803-S04-156I3-A-L-C-190,20.02.2020-08:33:25,2.00000000e+01,6.43674970e-01,8.88462543e+00,1.64819695e-03,1.86800644e+02,8.02610474e+01,1.86827488e+01,1.54261559e-01,3.56029868e-01
5345803-S04-156I3-A-L-C-190,20.02.2020-08:33:27,2.00000000e+01,6.43620133e-01,8.88215351e+00,1.72168599e-03,9.90695496e+01,8.02498169e+01,1.86733456e+01,2.44010225e-01,4.77531910e-01
5345803-S04-156I3-A-L-C-190,20.02.2020-08:33:30,9.00000000e+00,6.45710886e-01,8.93392944e+00,2.04475177e-03,1.33323868e+02,8.01685791e+01,1.88241348e+01,1.77293912e-01,2.73423880e-01
5345803-S04-156I3-A-L-C-190,20.02.2020-08:33:32,2.10000000e+01,6.40763879e-01,8.87995052e+00,1.98724680e-03,1.20901695e+02,8.01157913e+01,1.85548248e+01,2.80019403e-01,5.59980452e-01
5345803-S04-156I3-A-L-C-190,20.02.2020-08:33:34,1.90000000e+01,6.44747853e-01,8.92097092e+00,1.86228217e-03,1.56234909e+02,8.02915115e+01,1.87975769e+01,2.06053510e-01,2.70802498e-01
5345803-S04-156I3-A-L-C-190,20.02.2020-08:33:36,9.00000000e+00,6.45512223e-01,8.91961002e+00,1.74928561e-03,1.54241013e+02,8.03203812e+01,1.88237572e+01,1.45490691e-01,2.13546962e-01
5345803-S04-156I3-A-L-C-190,20.02.2020-08:33:38,2.10000000e+01,6.39708281e-01,8.87312222e+00,1.85703393e-03,1.40662445e+02,8.02068329e+01,1.85310478e+01,2.13096857e-01,4.63916391e-01
5345803-S04-156I3-A-L-C-190,20.02.2020-08:33:41,9.00000000e+00,6.43487751e-01,8.91953945e+00,1.84321438e-03,2.09219971e+02,8.04995499e+01,1.88064308e+01,1.20747335e-01,1.89038634e-01
5345803-S04-156I3-A-L-C-190,20.02.2020-08:34:51,8.00000000e+00,6.46647036e-01,8.97832966e+00,1.85217126e-03,2.63829254e+02,8.03019104e+01,1.89766235e+01,1.21970326e-01,1.90919042e-01
5345803-S04-156I3-A-L-C-190,20.02.2020-08:34:53,8.00000000e+00,6.46662593e-01,8.95276451e+00,1.80459442e-03,2.48004044e+02,8.03328705e+01,1.89303398e+01,1.36440709e-01,5.86743891e-01
5345803-S04-156I3-A-L-C-190,20.02.2020-08:34:55,7.00000000e+00,6.51355803e-01,8.99212551e+00,1.92537461e-03,1.87810547e+02,8.05454102e+01,1.92022285e+01,1.75679028e-01,3.15228671e-01
5345803-S04-156I3-A-L-C-190,20.02.2020-08:34:57,7.00000000e+00,6.49871469e-01,8.95037556e+00,1.81255501e-03,6.21624512e+02,8.04677505e+01,1.90511322e+01,8.91329423e-02,2.09494129e-01
5345803-S04-156I3-A-L-C-190,20.02.2020-08:34:59,9.00000000e+00,6.46168470e-01,8.95775890e+00,1.91281084e-03,2.54818451e+02,8.02486496e+01,1.89065838e+01,1.28994003e-01,2.82275200e-01
5345803-S04-156I3-A-L-C-190,20.02.2020-08:35:02,9.00000000e+00,6.45496249e-01,8.95268631e+00,1.78609311e-03,1.59794846e+02,8.02210007e+01,1.88697166e+01,1.52900070e-01,2.44625404e-01
5345803-S04-156I3-A-L-C-190,20.02.2020-08:35:04,8.00000000e+00,6.46846235e-01,8.99048805e+00,2.13056640e-03,1.10112030e+02,8.01055756e+01,1.89617023e+01,2.31399357e-01,3.81049037e-01
5345803-S04-156I3-A-L-C-190,20.02.2020-08:35:06,7.00000000e+00,6.47209466e-01,9.00270081e+00,1.97407953e-03,1.63074219e+02,8.04745255e+01,1.90856209e+01,2.14539722e-01,3.07337970e-01
5345803-S04-156I3-A-L-C-190,20.02.2020-08:35:08,8.00000000e+00,6.45763934e-01,9.00361252e+00,1.88854511e-03,1.71835907e+02,8.01726303e+01,1.89734764e+01,1.50342613e-01,2.16507077e-01
5345803-S04-156I3-A-L-C-190,20.02.2020-08:35:10,1.00000000e+00,6.40119851e-01,8.85026836e+00,1.72862865e-03,3.31915131e+02,8.00153732e+01,1.84510632e+01,1.80235893e-01,5.58069646e-01
5345803-S04-156I3-A-L-C-190,20.02.2020-08:36:49,2.00000000e+01,6.40494823e-01,8.92289162e+00,2.09117122e-03,1.02059151e+02,8.00583420e+01,1.86233616e+01,2.88905978e-01,5.32664299e-01
5345803-S04-156I3-A-L-C-190,20.02.2020-08:36:51,8.00000000e+00,6.45482719e-01,9.00218964e+00,1.76768634e-03,1.93073395e+02,8.01577988e+01,1.89587078e+01,2.48322934e-01,3.44000757e-01
5345803-S04-156I3-A-L-C-190,20.02.2020-08:36:53,1.90000000e+01,6.43134713e-01,8.91211510e+00,1.46517169e-03,3.22853760e+02,8.04282303e+01,1.87638283e+01,8.79825801e-02,1.70389101e-01
5345803-S04-156I3-A-L-C-190,20.02.2020-08:36:55,9.00000000e+00,6.43780768e-01,8.92521667e+00,2.07897206e-03,1.86995773e+02,8.04170074e+01,1.88076649e+01,1.74269646e-01,6.56084538e-01
5345803-S04-156I3-A-L-C-190,20.02.2020-08:36:58,9.00000000e+00,6.43443048e-01,8.94060326e+00,1.73421833e-03,2.29461533e+02,8.03141861e+01,1.88061275e+01,1.04760617e-01,1.91375330e-01
5345803-S04-156I3-A-L-C-190,20.02.2020-08:37:00,1.90000000e+01,6.43193722e-01,8.93833447e+00,2.05065776e-03,3.83925446e+02,8.02691879e+01,1.87835407e+01,8.65577683e-02,1.83464393e-01
5345803-S04-156I3-A-L-C-190,20.02.2020-08:37:02,1.90000000e+01,6.42322600e-01,8.91236115e+00,1.78495655e-03,1.10744705e+02,8.04498138e+01,1.87456818e+01,2.42194235e-01,9.04318631e-01
5345803-S04-156I3-A-L-C-190,20.02.2020-08:37:04,9.00000000e+00,6.42606378e-01,8.93333244e+00,1.82223646e-03,2.37211288e+02,8.05135803e+01,1.88129921e+01,9.04172435e-02,1.82692632e-01
5345803-S04-156I3-A-L-C-190,20.02.2020-08:37:06,9.00000000e+00,6.44403696e-01,8.93396282e+00,1.73930952e-03,2.45796143e+02,8.04785156e+01,1.88587246e+01,1.19838826e-01,5.42683661e-01
5345803-S04-156I3-A-L-C-190,20.02.2020-08:37:08,9.00000000e+00,6.44549251e-01,8.93641376e+00,1.82972103e-03,1.53178131e+02,8.04301987e+01,1.88568306e+01,1.73796684e-01,6.03612661e-01
5345803-S04-156I3-A-L-C-190,20.02.2020-08:38:14,2.00000000e+01,6.41545057e-01,8.94711971e+00,1.94099196e-03,2.01968338e+02,7.99850845e+01,1.86874313e+01,8.87250751e-02,2.37933040e-01
5345803-S04-156I3-A-L-C-190,20.02.2020-08:38:16,9.00000000e+00,6.44582331e-01,8.93007565e+00,1.94632623e-03,3.27869049e+02,8.02573853e+01,1.88039341e+01,5.46275191e-02,1.57210037e-01
5345803-S04-156I3-A-L-C-190,20.02.2020-08:38:18,9.00000000e+00,6.44915342e-01,8.93531322e+00,1.75666949e-03,2.55922592e+02,8.03745270e+01,1.88521576e+01,7.04663247e-02,1.76706836e-01
5345803-S04-156I3-A-L-C-190,20.02.2020-08:38:20,1.90000000e+01,6.44405663e-01,8.91287041e+00,1.67557271e-03,1.50670517e+02,8.03611832e+01,1.87868290e+01,1.12403572e-01,3.56973052e-01
5345803-S04-156I3-A-L-C-190,20.02.2020-08:38:22,1.90000000e+01,6.43315196e-01,8.91144753e+00,1.90922234e-03,3.91417572e+02,8.03238831e+01,1.87433376e+01,9.59348679e-02,3.64110589e-01
5345803-S04-156I3-A-L-C-190,20.02.2020-08:38:24,1.90000000e+01,6.44883096e-01,8.92714500e+00,2.07121880e-03,2.92956451e+02,8.01720352e+01,1.87865334e+01,6.15072399e-02,1.79956794e-01
5345803-S04-156I3-A-L-C-190,20.02.2020-08:38:26,2.00000000e+01,6.41392112e-01,8.94952297e+00,1.95102778e-03,2.43363602e+02,7.99850159e+01,1.86879768e+01,1.36202216e-01,3.05105865e-01
5345803-S04-156I3-A-L-C-190,20.02.2020-08:38:28,2.00000000e+01,6.41743839e-01,8.93027592e+00,1.78855029e-03,2.03153503e+02,7.98325500e+01,1.86224461e+01,1.04023241e-01,2.73591846e-01
5345803-S04-156I3-A-L-C-190,20.02.2020-08:38:31,1.00000000e+00,6.39847338e-01,8.89232635e+00,1.81363535e-03,2.96881256e+02,7.97070541e+01,1.84594479e+01,1.44523010e-01,4.81855989e-01
5345803-S04-156I3-A-L-C-190,20.02.2020-08:38:33,2.10000000e+01,6.39483094e-01,8.90827465e+00,1.82043819e-03,2.58235352e+02,7.98782272e+01,1.85217171e+01,1.15795903e-01,3.44817281e-01
5345803-S04-156I3-A-L-C-190,20.02.2020-08:38:56,8.00000000e+00,6.46954775e-01,8.95427227e+00,1.86809665e-03,2.09536484e+02,8.03968201e+01,1.89571609e+01,1.20006271e-01,1.73155040e-01
5345803-S04-156I3-A-L-C-190,20.02.2020-08:38:58,7.00000000e+00,6.48728609e-01,8.97430038e+00,1.85365311e-03,2.21901169e+02,8.03046417e+01,1.90298119e+01,1.01115450e-01,2.63155192e-01
5345803-S04-156I3-A-L-C-190,20.02.2020-08:39:00,9.00000000e+00,6.44853055e-01,9.03163815e+00,1.90782233e-03,2.30786041e+02,7.97347870e+01,1.89018955e+01,7.86778033e-02,9.13522169e-02
5345803-S04-156I3-A-L-C-190,20.02.2020-08:39:02,9.00000000e+00,6.46460116e-01,8.96807194e+00,2.01066630e-03,1.49199585e+02,8.00161057e+01,1.88820190e+01,1.61592424e-01,2.76973724e-01
5345803-S04-156I3-A-L-C-190,20.02.2020-08:39:04,9.00000000e+00,6.45248353e-01,8.96114540e+00,2.12946231e-03,6.40294617e+02,8.01450043e+01,1.88624039e+01,7.35442191e-02,2.43604377e-01
5345803-S04-156I3-A-L-C-190,20.02.2020-08:39:06,9.00000000e+00,6.47642970e-01,8.97372246e+00,1.90244010e-03,3.76353333e+02,7.98884506e+01,1.88982887e+01,4.01404649e-02,5.18213250e-02
5345803-S04-156I3-A-L-C-190,20.02.2020-08:39:08,2.00000000e+00,6.41070724e-01,8.84372711e+00,1.77763251e-03,1.92317322e+02,7.96343384e+01,1.83768826e+01,1.78595647e-01,3.82117301e-01
5345803-S04-156I3-A-L-C-190,20.02.2020-08:39:11,9.00000000e+00,6.45986676e-01,8.95962429e+00,1.79540750e-03,1.36613373e+02,8.00958557e+01,1.88692036e+01,1.31851107e-01,2.94966578e-01
5345803-S04-156I3-A-L-C-190,20.02.2020-08:39:13,8.00000000e+00,6.46547675e-01,8.98916721e+00,2.01615621e-03,2.60234558e+02,8.00829315e+01,1.89448071e+01,1.09600738e-01,1.49654582e-01
5345803-S04-156I3-A-L-C-190,20.02.2020-08:39:15,9.00000000e+00,6.47176087e-01,8.93816853e+00,1.86894159e-03,3.98468811e+02,8.02523956e+01,1.88955364e+01,4.07079831e-02,1.03077836e-01
5345803-S04-156I3-A-L-C-190,20.02.2020-08:39:38,7.00000000e+00,6.46915913e-01,8.99014091e+00,2.09752377e-03,2.94498718e+02,8.03552475e+01,1.90221138e+01,8.55276138e-02,1.62680715e-01
5345803-S04-156I3-A-L-C-190,20.02.2020-08:39:40,7.00000000e+00,6.47874177e-01,9.00092220e+00,1.88829657e-03,4.23959930e+02,8.03772583e+01,1.90783615e+01,1.24023914e-01,2.20466644e-01
5345803-S04-156I3-A-L-C-190,20.02.2020-08:39:42,1.90000000e+01,6.43491745e-01,8.94019508e+00,1.85521529e-03,2.72626831e+02,8.02608185e+01,1.87941971e+01,1.51450679e-01,2.98794955e-01
5345803-S04-156I3-A-L-C-190,20.02.2020-08:39:44,9.00000000e+00,6.44913673e-01,8.96767521e+00,2.06712284e-03,1.59093552e+02,8.00426788e+01,1.88422718e+01,1.98173493e-01,2.68272519e-01
5345803-S04-156I3-A-L-C-190,20.02.2020-08:39:46,1.30000000e+01,6.28135741e-01,8.63332653e+00,1.61218457e-03,1.89594208e+02,8.07361221e+01,1.78209057e+01,3.25215697e-01,2.95892620e+00
5345803-S04-156I3-A-L-C-190,20.02.2020-08:39:48,2.00000000e+01,6.42994642e-01,8.91217041e+00,1.80905405e-03,1.42780502e+02,8.00561752e+01,1.86730766e+01,3.01282078e-01,6.08328104e-01
5345803-S04-156I3-A-L-C-190,20.02.2020-08:39:50,1.90000000e+01,6.44248009e-01,8.96680737e+00,1.93356758e-03,9.70421066e+01,7.99489212e+01,1.87989559e+01,2.59414941e-01,3.84867340e-01
5345803-S04-156I3-A-L-C-190,20.02.2020-08:39:53,8.00000000e+00,6.47116601e-01,8.99816990e+00,2.09968025e-03,8.98200760e+01,8.02292862e+01,1.90151520e+01,2.27663219e-01,2.85597831e-01
5345803-S04-156I3-A-L-C-190,20.02.2020-08:39:55,1.90000000e+01,6.44121587e-01,8.97371864e+00,2.14773859e-03,1.35828552e+02,7.99024734e+01,1.87988262e+01,2.66508937e-01,3.97540778e-01
5345803-S04-156I3-A-L-C-190,20.02.2020-08:39:57,9.00000000e+00,6.44437373e-01,8.97411919e+00,1.91718759e-03,1.22333473e+02,7.99601517e+01,1.88224583e+01,2.92689979e-01,4.07594651e-01
5345803-S04-156I3-A-L-C-190,20.02.2020-08:40:20,1.90000000e+01,6.43835306e-01,8.93931293e+00,1.79039838e-03,1.67324753e+02,8.01840286e+01,1.87843857e+01,2.50362605e-01,5.91732144e-01
5345803-S04-156I3-A-L-C-190,20.02.2020-08:40:22,8.00000000e+00,6.47520304e-01,8.96062469e+00,1.81982154e-03,1.19367447e+02,8.02556000e+01,1.89538383e+01,2.68873543e-01,4.33211535e-01
5345803-S04-156I3-A-L-C-190,20.02.2020-08:40:24,8.00000000e+00,6.45875692e-01,8.97981071e+00,1.97827909e-03,1.06729576e+02,8.01288300e+01,1.89162540e+01,2.93005675e-01,3.86375189e-01
5345803-S04-156I3-A-L-C-190,20.02.2020-08:40:27,9.00000000e+00,6.43307626e-01,8.95389462e+00,1.98940770e-03,7.21428680e+01,8.01906204e+01,1.88011513e+01,3.63675565e-01,6.33366525e-01
5345803-S04-156I3-A-L-C-190,20.02.2020-08:40:29,2.00000000e+01,6.42198801e-01,8.95705414e+00,2.35710875e-03,1.39699768e+02,7.96983032e+01,1.86600990e+01,2.69832909e-01,5.51152349e-01
5345803-S04-156I3-A-L-C-190,20.02.2020-08:40:31,1.90000000e+01,6.43631577e-01,8.97177315e+00,2.30806274e-03,9.33648300e+01,7.97636032e+01,1.87478123e+01,2.81849176e-01,4.19312805e-01
5345803-S04-156I3-A-L-C-190,20.02.2020-08:40:33,2.00000000e+00,6.36597872e-01,8.87706661e+00,1.85919949e-03,2.20416153e+02,7.99220352e+01,1.83836346e+01,2.15021014e-01,4.61300790e-01
5345803-S04-156I3-A-L-C-190,20.02.2020-08:40:35,8.00000000e+00,6.45886958e-01,8.98274899e+00,1.99074554e-03,1.28698669e+02,8.02180939e+01,1.89438515e+01,2.05039024e-01,2.68120408e-01
5345803-S04-156I3-A-L-C-190,20.02.2020-08:40:37,7.00000000e+00,6.47723496e-01,8.99816990e+00,1.84574397e-03,1.84906815e+02,8.03333588e+01,1.90576763e+01,1.94221035e-01,2.58544981e-01
5345803-S04-156I3-A-L-C-190,20.02.2020-08:40:39,2.00000000e+01,6.42948687e-01,8.92044926e+00,2.00307695e-03,1.46551651e+02,8.00561142e+01,1.86890717e+01,2.41688505e-01,6.06156111e-01
5345803-S04-156I3-A-L-C-190,20.02.2020-08:35:33,7.00000000e+00,6.50765657e-01,8.96597290e+00,1.60756276e-03,1.71386002e+02,8.06117172e+01,1.91447830e+01,1.45065144e-01,2.92532146e-01
5345803-S04-156I3-A-L-C-190,20.02.2020-08:35:35,8.00000000e+00,6.45278215e-01,8.97373867e+00,1.76274439e-03,1.77047760e+02,8.02805862e+01,1.89217453e+01,1.45830065e-01,2.54673392e-01
5345803-S04-156I3-A-L-C-190,20.02.2020-08:35:38,8.00000000e+00,6.46772861e-01,8.98851299e+00,2.22066510e-03,1.37018616e+02,7.99226990e+01,1.89121113e+01,1.73813790e-01,2.51984656e-01
5345803-S04-156I3-A-L-C-190,20.02.2020-08:35:40,7.00000000e+00,6.48530185e-01,8.98899937e+00,1.75866450e-03,2.51572693e+02,8.03033905e+01,1.90548553e+01,1.15930043e-01,1.47803426e-01
5345803-S04-156I3-A-L-C-190,20.02.2020-08:35:42,1.90000000e+01,6.42399073e-01,8.95569134e+00,1.81532477e-03,2.60426636e+02,8.01807404e+01,1.87760506e+01,1.75680026e-01,3.05391222e-01
5345803-S04-156I3-A-L-C-190,20.02.2020-08:35:44,1.90000000e+01,6.42119646e-01,8.95937252e+00,1.74682983e-03,2.57860809e+02,8.02805710e+01,1.87989788e+01,1.47095889e-01,3.21507633e-01
5345803-S04-156I3-A-L-C-190,20.02.2020-08:35:46,2.00000000e+01,6.43190145e-01,8.92448044e+00,1.84584397e-03,5.94151917e+01,7.98188400e+01,1.86491032e+01,3.67266864e-01,5.53108096e-01
5345803-S04-156I3-A-L-C-190,20.02.2020-08:35:48,9.00000000e+00,6.46280110e-01,8.95618439e+00,1.95791363e-03,1.73119324e+02,8.00672379e+01,1.88637867e+01,1.91405758e-01,3.81553352e-01
5345803-S04-156I3-A-L-C-190,20.02.2020-08:35:50,9.00000000e+00,6.45989478e-01,8.94352150e+00,1.93914562e-03,2.03816010e+02,8.02191315e+01,1.88643627e+01,1.08152218e-01,2.82379150e-01
5345803-S04-156I3-A-L-C-190,20.02.2020-08:35:52,9.00000000e+00,6.44000649e-01,8.95909405e+00,1.87156338e-03,1.75710358e+02,8.02609787e+01,1.88488579e+01,1.93598539e-01,3.52047592e-01
5345803-S04-156I3-A-L-C-190,20.02.2020-08:37:10,9.00000000e+00,6.43205345e-01,8.93865871e+00,1.77360419e-03,2.34836349e+02,8.04225693e+01,1.88204556e+01,9.61870328e-02,1.89770639e-01
5345803-S04-156I3-A-L-C-190,20.02.2020-08:37:12,2.00000000e+01,6.41758442e-01,8.89505100e+00,1.58459565e-03,8.39668884e+01,8.03447189e+01,1.86684208e+01,2.52810806e-01,9.58900452e-01
5345803-S04-156I3-A-L-C-190,20.02.2020-08:37:14,9.00000000e+00,6.46448910e-01,8.94400215e+00,2.29894486e-03,1.41941376e+02,8.00774231e+01,1.88454437e+01,2.52616107e-01,6.40211284e-01
5345803-S04-156I3-A-L-C-190,20.02.2020-08:37:17,8.00000000e+00,6.46602213e-01,8.97193909e+00,2.08811811e-03,1.04616386e+02,8.01424789e+01,1.89241543e+01,3.66279334e-01,4.38735813e-01
5345803-S04-156I3-A-L-C-190,20.02.2020-08:37:19,1.90000000e+01,6.44045174e-01,8.92552853e+00,1.87163393e-03,2.71529510e+02,8.01846161e+01,1.87616711e+01,1.71351567e-01,4.94669110e-01
5345803-S04-156I3-A-L-C-190,20.02.2020-08:37:21,1.90000000e+01,6.43483400e-01,8.90122414e+00,2.01789313e-03,1.49882294e+02,8.02534866e+01,1.87103195e+01,3.01885694e-01,1.09673214e+00
5345803-S04-156I3-A-L-C-190,20.02.2020-08:37:23,2.10000000e+01,6.43009782e-01,8.86342621e+00,1.90323067e-03,1.61541046e+02,7.97811584e+01,1.85075855e+01,1.96969911e-01,5.83914340e-01
5345803-S04-156I3-A-L-C-190,20.02.2020-08:37:25,9.00000000e+00,6.44997001e-01,8.93579865e+00,2.17771274e-03,7.11074448e+01,8.02230530e+01,1.88200378e+01,3.81171316e-01,8.32936347e-01
5345803-S04-156I3-A-L-C-190,20.02.2020-08:37:27,9.00000000e+00,6.44928753e-01,8.90945339e+00,1.77716359e-03,1.80593704e+02,8.04043579e+01,1.88049698e+01,1.49823621e-01,3.00050706e-01
5345803-S04-156I3-A-L-C-190,20.02.2020-08:37:29,1.90000000e+01,6.44614041e-01,8.88635445e+00,1.80236937e-03,2.52102570e+02,8.04098587e+01,1.87483425e+01,1.43473983e-01,7.10915029e-01
5345803-S04-156I3-A-L-C-190,20.02.2020-08:38:35,8.00000000e+00,6.46747708e-01,8.94336414e+00,1.73092214e-03,3.28652802e+02,8.04805374e+01,1.89477177e+01,4.39306162e-02,8.04306567e-02
5345803-S04-156I3-A-L-C-190,20.02.2020-08:38:37,1.90000000e+01,6.44605696e-01,8.92503643e+00,1.89533457e-03,1.40822388e+02,8.01322021e+01,1.87646923e+01,1.34875029e-01,2.60741770e-01
5345803-S04-156I3-A-L-C-190,20.02.2020-08:38:39,1.90000000e+01,6.44474924e-01,8.91866112e+00,1.96092459e-03,2.91498810e+02,8.01990204e+01,1.87631149e+01,8.66552740e-02,2.03023478e-01
5345803-S04-156I3-A-L-C-190,20.02.2020-08:38:41,8.00000000e+00,6.47384286e-01,8.95180702e+00,1.82384648e-03,2.49208969e+02,8.03748398e+01,1.89593391e+01,6.31296486e-02,1.00438498e-01
5345803-S04-156I3-A-L-C-190,20.02.2020-08:38:43,9.00000000e+00,6.44731045e-01,8.93216133e+00,2.07158597e-03,6.12781311e+02,8.02263565e+01,1.88053932e+01,6.44148812e-02,1.74195603e-01
5345803-S04-156I3-A-L-C-190,20.02.2020-08:38:45,2.00000000e+01,6.41721368e-01,8.94396496e+00,1.77524355e-03,1.84140152e+02,7.99422836e+01,1.86759777e+01,1.13087855e-01,2.77028203e-01
5345803-S04-156I3-A-L-C-190,20.02.2020-08:38:47,2.10000000e+01,6.40273094e-01,8.87645340e+00,1.87640148e-03,2.85068451e+02,8.01890259e+01,1.85502548e+01,1.32579878e-01,7.13188052e-01
5345803-S04-156I3-A-L-C-190,20.02.2020-08:38:49,1.90000000e+01,6.42706215e-01,8.90454769e+00,1.58273429e-03,4.79685211e+02,8.04191437e+01,1.87332878e+01,1.08084284e-01,5.13031840e-01
5345803-S04-156I3-A-L-C-190,20.02.2020-08:38:52,9.00000000e+00,6.44850612e-01,8.94786358e+00,1.78734714e-03,4.16390045e+02,8.03480377e+01,1.88705235e+01,6.13961741e-02,1.65131286e-01
5345803-S04-156I3-A-L-C-190,20.02.2020-08:38:54,8.00000000e+00,6.46962166e-01,8.95144653e+00,1.59777212e-03,1.47647797e+02,8.04411240e+01,1.89618378e+01,1.48889482e-01,2.07430273e-01
5345803-S04-156I3-A-L-C-190,20.02.2020-08:39:17,8.00000000e+00,6.46870255e-01,9.00175190e+00,2.05474533e-03,4.44698975e+02,8.01002350e+01,1.89848938e+01,6.44780472e-02,9.99185964e-02
5345803-S04-156I3-A-L-C-190,20.02.2020-08:39:19,2.10000000e+01,6.40076995e-01,8.87759304e+00,1.71731086e-03,1.22782784e+02,8.02514191e+01,1.85613842e+01,2.24628702e-01,7.99113572e-01
5345803-S04-156I3-A-L-C-190,20.02.2020-08:39:21,8.00000000e+00,6.47837758e-01,8.96670914e+00,1.85068336e-03,1.90396423e+02,8.02891235e+01,1.89839363e+01,1.63606346e-01,2.73985237e-01
5345803-S04-156I3-A-L-C-190,20.02.2020-08:39:23,9.00000000e+00,6.45712733e-01,8.95676613e+00,1.85853499e-03,2.73303040e+02,8.01004333e+01,1.88562641e+01,1.34607941e-01,2.05762193e-01
5345803-S04-156I3-A-L-C-190,20.02.2020-08:39:25,1.90000000e+01,6.44533575e-01,8.92597294e+00,1.75643340e-03,3.21727142e+02,8.02105713e+01,1.87829132e+01,1.12601034e-01,3.08370084e-01
5345803-S04-156I3-A-L-C-190,20.02.2020-08:39:27,1.90000000e+01,6.42792463e-01,8.90741539e+00,1.89683144e-03,2.61005280e+02,8.03071213e+01,1.87157288e+01,1.53749615e-01,4.03808564e-01
5345803-S04-156I3-A-L-C-190,20.02.2020-08:39:30,2.00000000e+00,6.37431264e-01,8.82593155e+00,2.00769235e-03,3.21753906e+02,8.02169342e+01,1.83691978e+01,2.32040763e-01,1.19985986e+00
5345803-S04-156I3-A-L-C-190,20.02.2020-08:39:32,1.90000000e+01,6.43245518e-01,8.92963982e+00,2.06504995e-03,2.13931564e+02,8.01301727e+01,1.87342796e+01,1.65085405e-01,3.75112623e-01
5345803-S04-156I3-A-L-C-190,20.02.2020-08:39:34,2.10000000e+01,6.40767097e-01,8.87236595e+00,2.14688014e-03,4.37641479e+02,8.01538391e+01,1.85478764e+01,1.58535197e-01,4.98233050e-01
5345803-S04-156I3-A-L-C-190,20.02.2020-08:39:36,1.00000000e+00,6.38978601e-01,8.83162308e+00,1.77414611e-03,1.55686050e+02,8.02362747e+01,1.84301052e+01,2.65946895e-01,9.47494030e-01
5345803-S04-156I3-A-L-C-190,20.02.2020-08:39:59,9.00000000e+00,6.45675361e-01,8.96880436e+00,1.88747991e-03,1.22571480e+02,8.01244659e+01,1.88861771e+01,2.53825456e-01,3.36278856e-01
5345803-S04-156I3-A-L-C-190,20.02.2020-08:40:01,8.00000000e+00,6.46391273e-01,8.98583698e+00,1.85322110e-03,1.64250229e+02,8.01342239e+01,1.89453335e+01,2.02414334e-01,2.65865505e-01
5345803-S04-156I3-A-L-C-190,20.02.2020-08:40:03,2.10000000e+01,6.40326917e-01,8.88650894e+00,2.10217107e-03,3.18417633e+02,8.01095810e+01,1.85544262e+01,1.84625342e-01,5.76845825e-01
5345803-S04-156I3-A-L-C-190,20.02.2020-08:40:05,1.90000000e+01,6.44016922e-01,8.95803642e+00,1.93230528e-03,1.34075714e+02,8.00461349e+01,1.87966595e+01,1.71566576e-01,2.06027374e-01
5345803-S04-156I3-A-L-C-190,20.02.2020-08:40:07,9.00000000e+00,6.43997848e-01,8.96445370e+00,1.86543807e-03,1.59392822e+02,8.01078720e+01,1.88240757e+01,1.04124241e-01,1.35202095e-01
5345803-S04-156I3-A-L-C-190,20.02.2020-08:40:09,9.00000000e+00,6.44475877e-01,8.97462177e+00,1.72303850e-03,1.72797684e+02,8.01393967e+01,1.88668365e+01,1.45176724e-01,2.53657341e-01
5345803-S04-156I3-A-L-C-190,20.02.2020-08:40:12,1.00000000e+00,6.40322506e-01,8.87639904e+00,2.12200684e-03,2.04986191e+01,7.97475891e+01,1.84494476e+01,7.21142232e-01,1.33316815e+00
5345803-S04-156I3-A-L-C-190,20.02.2020-08:40:14,8.00000000e+00,6.47714674e-01,8.98004723e+00,2.03560852e-03,2.16615448e+02,8.03068695e+01,1.90127621e+01,1.67492911e-01,2.89772838e-01
5345803-S04-156I3-A-L-C-190,20.02.2020-08:40:16,7.00000000e+00,6.48199737e-01,8.98784828e+00,1.82123622e-03,1.45727127e+02,8.03052139e+01,1.90431366e+01,1.80391729e-01,2.93977141e-01
5345803-S04-156I3-A-L-C-190,20.02.2020-08:40:18,8.00000000e+00,6.47678435e-01,8.95745945e+00,1.92482839e-03,1.23564049e+02,8.02914505e+01,1.89602375e+01,1.77042469e-01,3.19740474e-01
5345803-S04-156I3-A-L-C-190,20.02.2020-08:40:42,8.00000000e+00,6.47442222e-01,8.97234631e+00,2.00185040e-03,1.50907700e+02,8.03078995e+01,1.89887123e+01,2.38436997e-01,3.56474489e-01
5345803-S04-156I3-A-L-C-190,20.02.2020-08:40:44,9.00000000e+00,6.45408034e-01,8.97536182e+00,2.23906129e-03,7.85197525e+01,7.98853760e+01,1.88357868e+01,2.43455976e-01,3.25109750e-01
5345803-S04-156I3-A-L-C-190,20.02.2020-08:40:46,1.90000000e+01,6.43177390e-01,8.92323017e+00,1.87872082e-03,1.54057556e+02,8.02534256e+01,1.87476425e+01,1.93066224e-01,4.67882931e-01
5345803-S04-156I3-A-L-C-190,20.02.2020-08:40:48,8.00000000e+00,6.46221161e-01,8.97819042e+00,1.93075067e-03,2.76725555e+02,8.01690292e+01,1.89324493e+01,1.00805633e-01,1.96880028e-01
5345803-S04-156I3-A-L-C-190,20.02.2020-08:40:50,1.00000000e+00,6.38706684e-01,8.82924080e+00,1.82386604e-03,1.37694412e+02,8.01706238e+01,1.84022236e+01,2.53491282e-01,9.49298680e-01
5345803-S04-156I3-A-L-C-190,20.02.2020-08:40:52,1.90000000e+01,6.43194854e-01,8.92618561e+00,1.83620420e-03,1.05330322e+02,8.02611465e+01,1.87561646e+01,2.51355648e-01,4.98844922e-01
5345803-S04-156I3-A-L-C-190,20.02.2020-08:40:54,9.00000000e+00,6.45294726e-01,8.96053123e+00,1.87311042e-03,2.13930389e+02,8.02054367e+01,1.88766899e+01,1.37501195e-01,2.73183465e-01
5345803-S04-156I3-A-L-C-190,20.02.2020-08:41:05,1.90000000e+01,6.43384933e-01,8.93347836e+00,1.80507172e-03,1.60949081e+02,8.02145538e+01,1.87661362e+01,2.09181279e-01,4.45921868e-01
5345803-S04-156I3-A-L-C-190,20.02.2020-08:41:07,9.00000000e+00,6.43562973e-01,8.94529629e+00,1.73756201e-03,1.79700378e+02,8.03569336e+01,1.88295231e+01,1.38539061e-01,3.22191745e-01
5345803-S04-156I3-A-L-C-190,20.02.2020-08:41:09,9.00000000e+00,6.45021141e-01,8.94194126e+00,1.76289736e-03,1.06211693e+02,8.02135773e+01,1.88314552e+01,2.09279194e-01,3.00983936e-01
5345803-S04-156I3-A-L-C-190,20.02.2020-08:41:54,1.90000000e+01,6.41617298e-01,8.92205811e+00,1.42376998e-03,3.77270264e+02,8.03852921e+01,1.87304363e+01,9.80421677e-02,3.34178329e-01
5345803-S04-156I3-A-L-C-190,20.02.2020-08:41:56,8.00000000e+00,6.46536648e-01,8.93853474e+00,1.68414833e-03,1.36601883e+02,8.06037903e+01,1.89602966e+01,1.38714209e-01,2.52564698e-01
5345803-S04-156I3-A-L-C-190,20.02.2020-08:41:58,2.10000000e+01,6.39654934e-01,8.92463875e+00,1.82942487e-03,2.01997849e+02,8.00278320e+01,1.85954914e+01,1.60963133e-01,4.20623809e-01
5345803-S04-156I3-A-L-C-190,20.02.2020-08:42:00,9.00000000e+00,6.44267619e-01,8.92596054e+00,1.71306124e-03,1.50399124e+02,8.05225296e+01,1.88481541e+01,1.33735701e-01,4.04809892e-01
5345803-S04-156I3-A-L-C-190,20.02.2020-08:42:02,1.90000000e+01,6.43432140e-01,8.92284107e+00,1.81286444e-03,3.49527039e+02,8.03181839e+01,1.87693844e+01,8.38439092e-02,4.49115396e-01
5345803-S04-156I3-A-L-C-190,20.02.2020-08:42:04,2.10000000e+01,6.40580654e-01,8.93053627e+00,1.94829772e-03,4.17256531e+02,7.98449173e+01,1.85921173e+01,1.38672158e-01,4.01840210e-01
5345803-S04-156I3-A-L-C-190,20.02.2020-08:42:06,2.00000000e+01,6.40633523e-01,8.93888664e+00,1.88460783e-03,2.18472076e+02,7.99364166e+01,1.86323643e+01,1.32542178e-01,3.64762068e-01
5345803-S04-156I3-A-L-C-190,20.02.2020-08:42:08,2.10000000e+01,6.40542269e-01,8.93703556e+00,1.86329999e-03,1.25442177e+02,7.98091888e+01,1.85962067e+01,2.06788242e-01,4.50973421e-01
5345803-S04-156I3-A-L-C-190,20.02.2020-08:42:10,2.10000000e+01,6.40341043e-01,8.93519402e+00,1.97098474e-03,2.10299530e+02,7.96628036e+01,1.85524406e+01,1.19184248e-01,3.70806515e-01
5345803-S04-156I3-A-L-C-190,20.02.2020-08:42:13,2.10000000e+01,6.39931858e-01,8.88029003e+00,1.72071485e-03,1.71743576e+02,8.01370468e+01,1.85363598e+01,3.39552701e-01,1.67882621e+00
5345803-S04-156I3-A-L-C-190,20.02.2020-08:42:36,9.00000000e+00,6.44763827e-01,8.94796276e+00,1.83722854e-03,3.56583344e+02,8.02645264e+01,1.88485832e+01,8.26637745e-02,2.32726961e-01
5345803-S04-156I3-A-L-C-190,20.02.2020-08:42:38,9.00000000e+00,6.45154238e-01,8.95987320e+00,1.79011736e-03,2.42340240e+02,8.03371582e+01,1.89021873e+01,1.46115050e-01,2.68464178e-01
5345803-S04-156I3-A-L-C-190,20.02.2020-08:42:40,1.90000000e+01,6.42424881e-01,8.90556622e+00,1.83229311e-03,2.40494690e+02,8.04108124e+01,1.87252884e+01,1.50291681e-01,6.87022388e-01
5345803-S04-156I3-A-L-C-190,20.02.2020-08:42:42,9.00000000e+00,6.45336866e-01,8.92608166e+00,1.68550375e-03,1.03476196e+02,8.04018784e+01,1.88514042e+01,1.69709831e-01,2.49402955e-01
5345803-S04-156I3-A-L-C-190,20.02.2020-08:42:44,9.00000000e+00,6.42859101e-01,8.95545006e+00,1.53095298e-03,2.88365051e+02,8.02356491e+01,1.88018570e+01,9.40474421e-02,1.52551353e-01
5345803-S04-156I3-A-L-C-190,20.02.2020-08:42:46,9.00000000e+00,6.44384444e-01,8.94879913e+00,1.75062893e-03,1.35085220e+02,8.02671051e+01,1.88398571e+01,9.60089415e-02,1.18367814e-01
5345803-S04-156I3-A-L-C-190,20.02.2020-08:42:48,9.00000000e+00,6.44080520e-01,8.93913460e+00,1.49762852e-03,1.01414070e+02,8.03521271e+01,1.88305607e+01,1.91601038e-01,2.26846710e-01
5345803-S04-156I3-A-L-C-190,20.02.2020-08:42:50,1.90000000e+01,6.43224955e-01,8.93019295e+00,1.73205615e-03,1.71789444e+02,8.02230453e+01,1.87565556e+01,1.26915529e-01,2.66437858e-01
5345803-S04-156I3-A-L-C-190,20.02.2020-08:42:52,1.40000000e+01,6.43362105e-01,8.93591309e+00,1.84771279e-03,1.45097103e+01,7.99693756e+01,1.87132111e+01,1.66685402e+00,2.09743094e+00
5345803-S04-156I3-A-L-C-190,20.02.2020-08:42:55,1.90000000e+01,6.42329931e-01,8.94946289e+00,1.79100980e-03,6.02670532e+02,8.01933670e+01,1.87639275e+01,5.85070215e-02,1.14581607e-01
5345803-S04-156I3-A-L-C-190,20.02.2020-08:35:55,7.00000000e+00,6.50792360e-01,8.97551250e+00,1.87561102e-03,9.18152618e+01,8.06396255e+01,1.91725731e+01,2.20034063e-01,6.54245615e-01
5345803-S04-156I3-A-L-C-190,20.02.2020-08:35:57,7.00000000e+00,6.50596380e-01,9.00028706e+00,1.98509474e-03,2.95667084e+02,8.06284943e+01,1.92170506e+01,1.56564415e-01,4.29265201e-01
5345803-S04-156I3-A-L-C-190,20.02.2020-08:35:59,1.90000000e+01,6.43532991e-01,8.95002270e+00,1.82748493e-03,1.58224716e+02,8.01782074e+01,1.87966938e+01,1.87301442e-01,5.01508415e-01
5345803-S04-156I3-A-L-C-190,20.02.2020-08:36:01,1.90000000e+01,6.43233776e-01,8.94613266e+00,1.86710001e-03,1.76342438e+02,8.01282043e+01,1.87680759e+01,2.04959974e-01,5.16941369e-01
5345803-S04-156I3-A-L-C-190,20.02.2020-08:36:03,9.00000000e+00,6.43770218e-01,8.96569729e+00,1.80365785e-03,7.60952225e+01,8.01728973e+01,1.88353100e+01,3.45453858e-01,5.62980950e-01
5345803-S04-156I3-A-L-C-190,20.02.2020-08:36:05,9.00000000e+00,6.46042049e-01,8.94837379e+00,1.99878868e-03,2.14887039e+02,8.01653671e+01,1.88634834e+01,1.60343423e-01,3.69574964e-01
5345803-S04-156I3-A-L-C-190,20.02.2020-08:36:07,9.00000000e+00,6.46473527e-01,8.96422482e+00,2.06944463e-03,9.90381317e+01,8.01600266e+01,1.89082584e+01,2.96192706e-01,4.65038687e-01
5345803-S04-156I3-A-L-C-190,20.02.2020-08:36:09,9.00000000e+00,6.43261552e-01,8.94831657e+00,1.88436231e-03,2.40425476e+02,8.02917099e+01,1.88117771e+01,1.87508225e-01,4.04638112e-01
5345803-S04-156I3-A-L-C-190,20.02.2020-08:36:12,9.00000000e+00,6.44852042e-01,8.96035671e+00,1.95764704e-03,7.99020233e+01,8.01542740e+01,1.88513412e+01,2.62882590e-01,3.20496380e-01
5345803-S04-156I3-A-L-C-190,20.02.2020-08:36:14,7.00000000e+00,6.50122106e-01,8.96712208e+00,1.94089569e-03,1.83317413e+02,8.05841751e+01,1.91217632e+01,1.62688091e-01,3.15907896e-01
5345803-S04-156I3-A-L-C-190,20.02.2020-08:37:31,9.00000000e+00,6.45254970e-01,8.93842697e+00,1.75281509e-03,1.71824371e+02,8.02050323e+01,1.88288708e+01,1.41369328e-01,2.77495563e-01
5345803-S04-156I3-A-L-C-190,20.02.2020-08:37:34,9.00000000e+00,6.45005763e-01,8.94674683e+00,1.80542085e-03,1.55796829e+02,8.01325760e+01,1.88220997e+01,1.82598293e-01,6.55760884e-01
5345803-S04-156I3-A-L-C-190,20.02.2020-08:37:36,1.00000000e+00,6.39543116e-01,8.82421780e+00,1.80781563e-03,1.06478645e+02,8.02243347e+01,1.84281769e+01,3.34458798e-01,1.53896153e+00
5345803-S04-156I3-A-L-C-190,20.02.2020-08:37:38,9.00000000e+00,6.46563709e-01,8.96352386e+00,1.80503807e-03,1.33267792e+02,8.01420593e+01,1.89051819e+01,1.80622652e-01,2.75656343e-01
5345803-S04-156I3-A-L-C-190,20.02.2020-08:37:40,7.00000000e+00,6.48500323e-01,8.97269535e+00,2.11071083e-03,8.28173599e+01,8.04720612e+01,1.90593662e+01,3.21890861e-01,5.12184858e-01
5345803-S04-156I3-A-L-C-190,20.02.2020-08:37:42,2.00000000e+00,6.39358461e-01,8.81956100e+00,1.54956314e-03,1.01285210e+02,8.01450424e+01,1.83949337e+01,3.38054061e-01,1.39902055e+00
5345803-S04-156I3-A-L-C-190,20.02.2020-08:37:44,9.00000000e+00,6.46000564e-01,8.94800663e+00,2.05959193e-03,1.57177704e+02,8.02307816e+01,1.88768883e+01,2.74549484e-01,6.52720571e-01
5345803-S04-156I3-A-L-C-190,20.02.2020-08:37:46,1.00000000e+00,6.41232014e-01,8.85429859e+00,1.71123480e-03,1.59468155e+02,7.99749985e+01,1.84822044e+01,3.50663990e-01,1.69230390e+00
5345803-S04-156I3-A-L-C-190,20.02.2020-08:37:48,2.00000000e+01,6.42394841e-01,8.91191673e+00,1.72595587e-03,1.20036896e+02,8.00844345e+01,1.86617107e+01,4.57292706e-01,1.71112800e+00
5345803-S04-156I3-A-L-C-190,20.02.2020-08:37:51,1.90000000e+01,6.43725574e-01,8.92149258e+00,1.96963875e-03,1.64805328e+02,8.02861252e+01,1.87676125e+01,2.47582942e-01,9.34479833e-01
5345803-S04-156I3-A-L-C-190,20.02.2020-08:41:11,9.00000000e+00,6.45697951e-01,8.96350574e+00,2.06883112e-03,3.20615631e+02,8.00802612e+01,1.88652687e+01,8.85353014e-02,1.45527512e-01
5345803-S04-156I3-A-L-C-190,20.02.2020-08:41:13,1.00000000e+00,6.39649630e-01,8.89855003e+00,2.16331519e-03,2.24106083e+01,7.97939835e+01,1.84867992e+01,6.91465437e-01,1.36964178e+00
5345803-S04-156I3-A-L-C-190,20.02.2020-08:41:16,9.00000000e+00,6.44459426e-01,8.94591618e+00,2.10685609e-03,4.21393280e+02,8.02305069e+01,1.88273907e+01,7.85225630e-02,1.88294604e-01
5345803-S04-156I3-A-L-C-190,20.02.2020-08:41:18,9.00000000e+00,6.47079170e-01,8.94049072e+00,1.85773405e-03,1.03348808e+02,8.00989838e+01,1.88614883e+01,1.91996276e-01,2.69365430e-01
5345803-S04-156I3-A-L-C-190,20.02.2020-08:41:20,9.00000000e+00,6.46382987e-01,8.97754097e+00,2.03962601e-03,5.78643799e+02,8.00178604e+01,1.89001160e+01,7.03214258e-02,1.90999210e-01
5345803-S04-156I3-A-L-C-190,20.02.2020-08:41:22,9.00000000e+00,6.46537423e-01,8.93399048e+00,1.93889986e-03,2.82246307e+02,8.01528549e+01,1.88446617e+01,7.26792291e-02,1.43716440e-01
5345803-S04-156I3-A-L-C-190,20.02.2020-08:41:24,8.00000000e+00,6.47816241e-01,8.94781971e+00,1.92906638e-03,3.46619751e+02,8.03079758e+01,1.89477634e+01,9.82771590e-02,2.51721948e-01
5345803-S04-156I3-A-L-C-190,20.02.2020-08:41:26,1.90000000e+01,6.45939708e-01,8.91234303e+00,2.02156673e-03,1.17946373e+02,8.01642685e+01,1.87842960e+01,1.80627748e-01,2.41173521e-01
5345803-S04-156I3-A-L-C-190,20.02.2020-08:41:28,1.90000000e+01,6.44185185e-01,8.93812561e+00,2.18084408e-03,2.05228241e+02,8.01326981e+01,1.87800674e+01,1.20229714e-01,2.55775183e-01
5345803-S04-156I3-A-L-C-190,20.02.2020-08:41:30,2.00000000e+01,6.42296135e-01,8.89424515e+00,1.94250338e-03,2.02032394e+02,8.03167191e+01,1.86758575e+01,1.52461916e-01,5.31944931e-01
5345803-S04-156I3-A-L-C-190,20.02.2020-08:42:15,8.00000000e+00,6.46780074e-01,8.94501400e+00,1.74200209e-03,2.55473831e+02,8.04999237e+01,1.89567242e+01,9.43815261e-02,1.62328228e-01
5345803-S04-156I3-A-L-C-190,20.02.2020-08:42:17,8.00000000e+00,6.46998465e-01,8.94876194e+00,1.69254921e-03,1.18840698e+02,8.04559937e+01,1.89607201e+01,1.64771885e-01,2.38476992e-01
5345803-S04-156I3-A-L-C-190,20.02.2020-08:42:19,8.00000000e+00,6.47299170e-01,8.96224976e+00,1.75878592e-03,2.49452835e+02,8.03966675e+01,1.89841137e+01,7.42049888e-02,1.20743617e-01
5345803-S04-156I3-A-L-C-190,20.02.2020-08:42:21,9.00000000e+00,6.45469964e-01,8.94915485e+00,1.95532758e-03,2.89997375e+02,8.03905792e+01,1.89013767e+01,1.06514208e-01,2.85714179e-01
5345803-S04-156I3-A-L-C-190,20.02.2020-08:42:23,2.10000000e+01,6.39451623e-01,8.90274906e+00,1.75593130e-03,4.44138733e+02,8.01842194e+01,1.85802212e+01,1.57515481e-01,3.10762256e-01
5345803-S04-156I3-A-L-C-190,20.02.2020-08:42:25,2.10000000e+01,6.38867021e-01,8.88876629e+00,1.74553506e-03,1.57326889e+02,8.00814133e+01,1.85103188e+01,1.80869326e-01,3.05846661e-01
5345803-S04-156I3-A-L-C-190,20.02.2020-08:42:27,2.00000000e+01,6.41441405e-01,8.93633652e+00,2.19408539e-03,2.67714050e+02,8.00094452e+01,1.86675777e+01,1.18312053e-01,2.52994955e-01
5345803-S04-156I3-A-L-C-190,20.02.2020-08:42:29,1.90000000e+01,6.41241670e-01,8.93465996e+00,1.77607872e-03,1.61572021e+02,8.03326187e+01,1.87336273e+01,2.00708061e-01,3.46669257e-01
5345803-S04-156I3-A-L-C-190,20.02.2020-08:42:31,2.00000000e+01,6.40830100e-01,8.91681004e+00,1.67741498e-03,2.69650940e+02,8.03920212e+01,1.86980171e+01,1.07111342e-01,3.05019498e-01
5345803-S04-156I3-A-L-C-190,20.02.2020-08:42:34,2.00000000e+01,6.40674889e-01,8.93396950e+00,1.79659028e-03,1.52899017e+02,8.02563553e+01,1.86978531e+01,1.59960538e-01,3.05178761e-01
5345803-S04-156I3-A-L-C-190,20.02.2020-08:42:57,9.00000000e+00,6.44772053e-01,8.97171688e+00,1.77293411e-03,1.83074249e+02,8.02205811e+01,1.88885117e+01,8.71364474e-02,1.15740940e-01
5345803-S04-156I3-A-L-C-190,20.02.2020-08:42:59,1.90000000e+01,6.43645763e-01,8.93716049e+00,1.89560966e-03,6.08655701e+02,8.01796494e+01,1.87733078e+01,6.85679317e-02,2.13209957e-01
5345803-S04-156I3-A-L-C-190,20.02.2020-08:43:01,1.90000000e+01,6.42344952e-01,8.95302963e+00,1.91253121e-03,1.71191772e+02,8.01481094e+01,1.87612514e+01,1.09616511e-01,1.74135774e-01
5345803-S04-156I3-A-L-C-190,20.02.2020-08:43:25,8.00000000e+00,6.45919204e-01,8.99011326e+00,1.93039922e-03,1.83981232e+02,8.04585190e+01,1.90171566e+01,9.04947370e-02,1.35439098e-01
5345803-S04-156I3-A-L-C-190,20.02.2020-08:43:27,7.00000000e+00,6.46528840e-01,9.00329971e+00,1.84434257e-03,3.91846771e+02,8.05180054e+01,1.90771198e+01,4.86922935e-02,6.56137913e-02
5345803-S04-156I3-A-L-C-190,20.02.2020-08:43:29,1.90000000e+01,6.43085659e-01,8.96437359e+00,2.04675412e-03,2.34137894e+02,8.00634308e+01,1.87868156e+01,1.05656967e-01,1.64327741e-01
5345803-S04-156I3-A-L-C-190,20.02.2020-08:43:32,9.00000000e+00,6.45881534e-01,8.93619919e+00,1.91916584e-03,3.08378418e+02,8.01999512e+01,1.88412628e+01,9.40171853e-02,3.19527626e-01
5345803-S04-156I3-A-L-C-190,20.02.2020-08:43:34,8.00000000e+00,6.48236930e-01,8.95704174e+00,1.91635231e-03,5.14029419e+02,8.02991180e+01,1.89775162e+01,7.79169872e-02,2.37554699e-01
5345803-S04-156I3-A-L-C-190,20.02.2020-08:43:36,7.00000000e+00,6.48391068e-01,8.97239113e+00,1.88510353e-03,1.59987396e+02,8.03408966e+01,1.90244484e+01,1.53368831e-01,2.97295839e-01
5345803-S04-156I3-A-L-C-190,20.02.2020-08:43:38,2.10000000e+01,6.41453266e-01,8.90070915e+00,2.00923067e-03,1.54771164e+02,7.98992538e+01,1.85678921e+01,1.99835092e-01,7.74416983e-01
5345803-S04-156I3-A-L-C-190,20.02.2020-08:44:01,9.00000000e+00,6.44913495e-01,8.95021057e+00,1.68625766e-03,1.93605621e+02,8.04353561e+01,1.88978291e+01,1.01449601e-01,1.32350698e-01
5345803-S04-156I3-A-L-C-190,20.02.2020-08:44:03,2.00000000e+01,6.41964793e-01,8.92112541e+00,1.83389778e-03,1.18638039e+02,7.99925003e+01,1.86470585e+01,1.37227371e-01,1.76462114e-01
5345803-S04-156I3-A-L-C-190,20.02.2020-08:44:05,9.00000000e+00,6.44315839e-01,8.95852566e+00,1.87757181e-03,4.52995392e+02,8.02847595e+01,1.88624725e+01,9.91289392e-02,1.71217039e-01
5345803-S04-156I3-A-L-C-190,20.02.2020-08:44:07,1.90000000e+01,6.40940309e-01,8.94570255e+00,1.90089166e-03,2.08362381e+02,8.02235413e+01,1.87225094e+01,1.13905340e-01,2.14564905e-01
5345803-S04-156I3-A-L-C-190,20.02.2020-08:44:09,9.00000000e+00,6.44252121e-01,8.93101788e+00,1.74956664e-03,7.48003906e+02,8.02773132e+01,1.88009510e+01,2.88182665e-02,5.49095310e-02
5345803-S04-156I3-A-L-C-190,20.02.2020-08:44:12,9.00000000e+00,6.44590974e-01,8.94923878e+00,1.61268818e-03,1.77671555e+02,8.03546143e+01,1.88673687e+01,9.03027877e-02,1.27424702e-01
5345803-S04-156I3-A-L-C-190,20.02.2020-08:44:14,9.00000000e+00,6.43241107e-01,8.95660877e+00,2.05547991e-03,3.12267426e+02,8.03235092e+01,1.88360672e+01,8.28717574e-02,1.16529085e-01
5345803-S04-156I3-A-L-C-190,20.02.2020-08:44:16,9.00000000e+00,6.43874526e-01,8.95868778e+00,2.19335128e-03,2.87744598e+02,8.01218719e+01,1.88116512e+01,7.37618208e-02,1.01834469e-01
5345803-S04-156I3-A-L-C-190,20.02.2020-08:44:18,9.00000000e+00,6.44437432e-01,8.93616486e+00,1.75088539e-03,4.20536499e+02,8.04090500e+01,1.88480759e+01,6.17421232e-02,1.00763246e-01
5345803-S04-156I3-A-L-C-190,20.02.2020-08:44:20,9.00000000e+00,6.43698037e-01,8.94626522e+00,1.80579128e-03,2.46690338e+02,8.03147659e+01,1.88256302e+01,8.92121047e-02,1.54274896e-01
5345803-S04-156I3-A-L-C-190,20.02.2020-08:44:43,1.90000000e+01,6.44265175e-01,8.92613029e+00,1.93834526e-03,5.37729034e+01,8.00654907e+01,1.87414608e+01,4.33732688e-01,6.08449221e-01
5345803-S04-156I3-A-L-C-190,20.02.2020-08:44:45,2.00000000e+01,6.41119599e-01,8.92632961e+00,2.06282292e-03,5.23226738e+01,7.98545990e+01,1.86012497e+01,5.75240970e-01,7.68872440e-01
5345803-S04-156I3-A-L-C-190,20.02.2020-08:44:47,1.90000000e+01,6.43566489e-01,8.94019318e+00,1.85046240e-03,4.30862350e+01,8.02189941e+01,1.87865791e+01,6.92144334e-01,8.84989798e-01
5345803-S04-156I3-A-L-C-190,20.02.2020-08:44:49,1.90000000e+01,6.42942965e-01,8.94697857e+00,1.92066713e-03,9.64821243e+01,8.01139297e+01,1.87580242e+01,3.38868886e-01,4.02392805e-01
5345803-S04-156I3-A-L-C-190,20.02.2020-08:44:52,2.00000000e+01,6.42261267e-01,8.89203835e+00,1.72507984e-03,3.27539459e+02,8.03001938e+01,1.86663704e+01,1.60647303e-01,6.16707921e-01
5345803-S04-156I3-A-L-C-190,20.02.2020-08:44:54,8.00000000e+00,6.47421598e-01,8.94952679e+00,1.48525520e-03,1.61828125e+02,8.04917297e+01,1.89831676e+01,1.39024690e-01,2.12233663e-01
5345803-S04-156I3-A-L-C-190,20.02.2020-08:44:56,2.00000000e+00,6.38529837e-01,8.79420471e+00,1.66417414e-03,3.38494415e+02,7.98579788e+01,1.82526646e+01,2.26112023e-01,8.77145827e-01
5345803-S04-156I3-A-L-C-190,20.02.2020-08:44:58,7.00000000e+00,6.48289442e-01,8.97700310e+00,1.74213958e-03,1.77817490e+02,8.05171204e+01,1.90729866e+01,1.62205324e-01,2.36457631e-01
5345803-S04-156I3-A-L-C-190,20.02.2020-08:45:00,9.00000000e+00,6.45553231e-01,8.96141911e+00,1.77148089e-03,3.17158722e+02,8.02128601e+01,1.88878727e+01,1.26275674e-01,2.23919734e-01
5345803-S04-156I3-A-L-C-190,20.02.2020-08:45:02,7.00000000e+00,6.47899210e-01,8.96995068e+00,1.71923649e-03,2.97597717e+02,8.06558456e+01,1.90793476e+01,9.76441577e-02,1.48737058e-01
5345803-S04-156I3-A-L-C-190,20.02.2020-08:45:47,8.00000000e+00,6.48791850e-01,8.97068214e+00,1.73502672e-03,1.43327255e+02,7.99536362e+01,1.89408417e+01,2.40179941e-01,2.95545906e-01
5345803-S04-156I3-A-L-C-190,20.02.2020-08:45:49,8.00000000e+00,6.47566617e-01,8.97980499e+00,1.85636536e-03,3.24029388e+02,8.01355362e+01,1.89673538e+01,1.01533234e-01,1.27130792e-01
5345803-S04-156I3-A-L-C-190,20.02.2020-08:45:51,8.00000000e+00,6.47814274e-01,8.96046352e+00,1.80924754e-03,1.10801239e+02,8.00471725e+01,1.89128609e+01,2.33244270e-01,2.79456049e-01
5345803-S04-156I3-A-L-C-190,20.02.2020-08:45:53,8.00000000e+00,6.47413194e-01,8.98461437e+00,2.10113358e-03,1.18222267e+02,8.02513046e+01,1.90004215e+01,2.00009987e-01,2.42925555e-01
5345803-S04-156I3-A-L-C-190,20.02.2020-08:45:55,8.00000000e+00,6.47794902e-01,8.96747303e+00,1.93054229e-03,1.67482147e+02,8.00727310e+01,1.89331322e+01,1.84888259e-01,2.41363838e-01
5345803-S04-156I3-A-L-C-190,20.02.2020-08:45:57,8.00000000e+00,6.43728793e-01,9.01361179e+00,1.76123681e-03,2.72739319e+02,8.01312561e+01,1.89249134e+01,1.00917399e-01,1.19978227e-01
5345803-S04-156I3-A-L-C-190,20.02.2020-08:46:00,2.00000000e+01,6.40132368e-01,8.94766903e+00,1.85491843e-03,1.79342148e+02,8.01746445e+01,1.86916199e+01,2.09870756e-01,5.25059521e-01
5345803-S04-156I3-A-L-C-190,20.02.2020-08:46:02,8.00000000e+00,6.47768438e-01,8.96481895e+00,1.86293328e-03,1.83309677e+02,8.01072388e+01,1.89349098e+01,1.47262245e-01,1.81805313e-01
5345803-S04-156I3-A-L-C-190,20.02.2020-08:46:04,2.00000000e+01,6.40298307e-01,8.93157959e+00,1.58440729e-03,4.29639282e+02,8.00587997e+01,1.86358814e+01,1.88368514e-01,5.46389461e-01
5345803-S04-156I3-A-L-C-190,20.02.2020-08:46:06,9.00000000e+00,6.45531356e-01,8.96325111e+00,1.80437067e-03,2.37792908e+02,8.01604462e+01,1.88787498e+01,1.16022743e-01,2.17273206e-01
5345803-S04-156I3-A-L-C-190,20.02.2020-08:37:53,7.00000000e+00,6.49745882e-01,8.98201656e+00,1.97208463e-03,1.33783173e+02,8.04829025e+01,1.91183834e+01,1.76213324e-01,3.27027202e-01
5345803-S04-156I3-A-L-C-190,20.02.2020-08:37:55,1.00000000e+00,6.40187204e-01,8.86042213e+00,1.77221338e-03,1.36029129e+02,8.01080017e+01,1.84955616e+01,5.36948204e-01,3.05605960e+00
5345803-S04-156I3-A-L-C-190,20.02.2020-08:37:57,2.10000000e+01,6.40814662e-01,8.87797928e+00,2.03617639e-03,1.25436295e+02,7.99606476e+01,1.85162525e+01,2.73550034e-01,7.25752354e-01
5345803-S04-156I3-A-L-C-190,20.02.2020-08:37:59,1.90000000e+01,6.45100415e-01,8.92716312e+00,2.32754950e-03,1.27421860e+02,7.98383026e+01,1.87146740e+01,2.33163893e-01,3.61970246e-01
5345803-S04-156I3-A-L-C-190,20.02.2020-08:38:01,2.00000000e+01,6.43827081e-01,8.90329647e+00,2.00051954e-03,1.11836540e+02,7.99084244e+01,1.86441612e+01,2.34845221e-01,3.38379413e-01
5345803-S04-156I3-A-L-C-190,20.02.2020-08:38:03,1.90000000e+01,6.44618630e-01,8.93585014e+00,1.84594630e-03,1.48885681e+02,8.01382675e+01,1.87892246e+01,1.64405376e-01,1.97641149e-01
5345803-S04-156I3-A-L-C-190,20.02.2020-08:38:05,1.90000000e+01,6.42485678e-01,8.90828133e+00,1.74108078e-03,3.49951172e+02,8.03980255e+01,1.87297916e+01,8.40528980e-02,4.79473710e-01
5345803-S04-156I3-A-L-C-190,20.02.2020-08:38:07,9.00000000e+00,6.44878924e-01,8.93878555e+00,1.75332546e-03,4.70992340e+02,8.02683411e+01,1.88335056e+01,4.13839072e-02,1.60491437e-01
5345803-S04-156I3-A-L-C-190,20.02.2020-08:38:09,9.00000000e+00,6.44898057e-01,8.92162609e+00,1.61473767e-03,3.76579712e+02,8.03325577e+01,1.88129501e+01,7.80998021e-02,1.80317089e-01
5345803-S04-156I3-A-L-C-190,20.02.2020-08:38:11,9.00000000e+00,6.46938086e-01,8.95147610e+00,2.12500407e-03,3.43956329e+02,8.02145309e+01,1.89077835e+01,5.31829484e-02,9.23504382e-02
5345803-S04-156I3-A-L-C-190,20.02.2020-08:41:33,1.90000000e+01,6.42809570e-01,8.91314793e+00,1.87010376e-03,1.52294571e+02,8.04002686e+01,1.87499943e+01,1.68100148e-01,8.07748616e-01
5345803-S04-156I3-A-L-C-190,20.02.2020-08:41:35,9.00000000e+00,6.44587994e-01,8.92696190e+00,1.99500378e-03,1.88310257e+02,8.03193741e+01,1.88120632e+01,1.33641675e-01,2.86612630e-01
5345803-S04-156I3-A-L-C-190,20.02.2020-08:41:37,1.90000000e+01,6.42332792e-01,8.95886993e+00,1.96451461e-03,2.30914764e+02,7.98682785e+01,1.87075901e+01,1.56750277e-01,3.51054549e-01
5345803-S04-156I3-A-L-C-190,20.02.2020-08:41:39,1.90000000e+01,6.42524362e-01,8.92161751e+00,1.87363732e-03,3.79009766e+02,8.03957138e+01,1.87584229e+01,7.61906058e-02,3.36634755e-01
5345803-S04-156I3-A-L-C-190,20.02.2020-08:41:41,9.00000000e+00,6.44703925e-01,8.94394493e+00,1.67525641e-03,1.16443321e+02,8.05441208e+01,1.89039898e+01,1.42124772e-01,2.02367857e-01
5345803-S04-156I3-A-L-C-190,20.02.2020-08:41:43,2.00000000e+01,6.40796542e-01,8.92468929e+00,1.98907219e-03,1.74174515e+02,8.01572037e+01,1.86589012e+01,1.54727906e-01,3.07559788e-01
5345803-S04-156I3-A-L-C-190,20.02.2020-08:41:45,1.90000000e+01,6.40734494e-01,8.93349648e+00,1.91941240e-03,3.28536652e+02,8.03048782e+01,1.87099094e+01,9.61856171e-02,2.59719759e-01
5345803-S04-156I3-A-L-C-190,20.02.2020-08:41:47,2.00000000e+01,6.40581369e-01,8.91454506e+00,1.93191250e-03,5.28852882e+01,8.01855545e+01,1.86380234e+01,8.42381358e-01,1.29152811e+00
5345803-S04-156I3-A-L-C-190,20.02.2020-08:41:49,2.10000000e+01,6.39813483e-01,8.90489483e+00,1.60416064e-03,1.42045731e+02,8.01048050e+01,1.85768013e+01,1.77462339e-01,3.05704921e-01
5345803-S04-156I3-A-L-C-190,20.02.2020-08:41:51,9.00000000e+00,6.45156801e-01,8.93530273e+00,1.94094423e-03,1.37095963e+02,8.04008255e+01,1.88653679e+01,1.59338519e-01,3.21780115e-01
5345803-S04-156I3-A-L-C-190,20.02.2020-08:43:40,9.00000000e+00,6.47563457e-01,8.93947792e+00,1.81414583e-03,2.22636093e+02,8.02120667e+01,1.89001141e+01,9.79893953e-02,1.61858723e-01
5345803-S04-156I3-A-L-C-190,20.02.2020-08:43:42,8.00000000e+00,6.46998703e-01,8.97340870e+00,1.89553190e-03,2.73032227e+02,8.01025314e+01,1.89294186e+01,1.06314987e-01,1.85215741e-01
5345803-S04-156I3-A-L-C-190,20.02.2020-08:43:44,9.00000000e+00,6.44629002e-01,8.92164707e+00,1.71957328e-03,1.03207634e+02,8.03559418e+01,1.88106174e+01,1.97417632e-01,3.44357461e-01
5345803-S04-156I3-A-L-C-190,20.02.2020-08:43:46,7.00000000e+00,6.46144569e-01,9.01109695e+00,2.06589652e-03,3.53734009e+02,8.02984619e+01,1.90302639e+01,7.38496184e-02,1.04558676e-01
5345803-S04-156I3-A-L-C-190,20.02.2020-08:43:48,1.90000000e+01,6.43359303e-01,8.92441750e+00,1.87405059e-03,1.60805161e+02,8.03004532e+01,1.87664299e+01,1.68011919e-01,3.45589429e-01
5345803-S04-156I3-A-L-C-190,20.02.2020-08:43:50,2.00000000e+00,6.36013389e-01,8.79197311e+00,1.73461717e-03,6.20421944e+01,8.07341919e+01,1.83755493e+01,3.25515807e-01,1.06586003e+00
5345803-S04-156I3-A-L-C-190,20.02.2020-08:43:52,1.90000000e+01,6.42491281e-01,8.92739677e+00,1.93624734e-03,1.26333977e+02,8.02758179e+01,1.87416153e+01,1.94325119e-01,3.59862417e-01
5345803-S04-156I3-A-L-C-190,20.02.2020-08:43:55,1.90000000e+01,6.42022491e-01,8.95282459e+00,1.99744455e-03,2.00168671e+02,7.99389038e+01,1.87024593e+01,8.61071646e-02,1.46451965e-01
5345803-S04-156I3-A-L-C-190,20.02.2020-08:43:57,8.00000000e+00,6.45374060e-01,8.97141266e+00,1.57590362e-03,2.09071945e+02,8.03638306e+01,1.89392662e+01,7.38947093e-02,1.00046575e-01
5345803-S04-156I3-A-L-C-190,20.02.2020-08:43:59,2.00000000e+01,6.40923619e-01,8.92948627e+00,2.05727736e-03,3.96428162e+02,7.99687195e+01,1.86287212e+01,9.78129283e-02,2.66796499e-01
5345803-S04-156I3-A-L-C-190,20.02.2020-08:44:22,9.00000000e+00,6.44621670e-01,8.95907784e+00,1.91741576e-03,3.92097565e+02,8.01786041e+01,1.88476353e+01,6.34758100e-02,9.27444994e-02
5345803-S04-156I3-A-L-C-190,20.02.2020-08:44:24,9.00000000e+00,6.43669367e-01,8.95754337e+00,1.75323582e-03,1.89433594e+02,8.04183731e+01,1.88728390e+01,1.01369582e-01,1.33402824e-01
5345803-S04-156I3-A-L-C-190,20.02.2020-08:44:26,1.00000000e+00,6.39057636e-01,8.90296936e+00,2.25520181e-03,5.39318428e+01,7.95995483e+01,1.84338360e+01,5.59160471e-01,8.19211006e-01
5345803-S04-156I3-A-L-C-190,20.02.2020-08:44:28,9.00000000e+00,6.45238519e-01,8.96481228e+00,1.98953715e-03,1.09513237e+02,8.01017990e+01,1.88596630e+01,3.34705710e-01,4.11997497e-01
5345803-S04-156I3-A-L-C-190,20.02.2020-08:44:31,9.00000000e+00,6.44662142e-01,8.97642517e+00,2.13587540e-03,5.70752983e+01,8.01581879e+01,1.88805084e+01,5.54076970e-01,6.59337223e-01
5345803-S04-156I3-A-L-C-190,20.02.2020-08:44:33,2.00000000e+01,6.43027902e-01,8.92375469e+00,1.92079623e-03,6.87567368e+01,8.00267181e+01,1.86914349e+01,4.79387254e-01,6.19863391e-01
5345803-S04-156I3-A-L-C-190,20.02.2020-08:44:35,1.90000000e+01,6.45364821e-01,8.93772984e+00,1.99133297e-03,4.98248062e+01,8.00441132e+01,1.87928276e+01,6.23411119e-01,9.14247751e-01
5345803-S04-156I3-A-L-C-190,20.02.2020-08:44:37,1.90000000e+01,6.44085765e-01,8.94046211e+00,2.12264853e-03,6.38276520e+01,8.00426407e+01,1.87609692e+01,4.71854061e-01,6.26497388e-01
5345803-S04-156I3-A-L-C-190,20.02.2020-08:44:39,2.00000000e+00,6.39383376e-01,8.83248043e+00,1.80603936e-03,4.01788101e+01,7.98704758e+01,1.83594856e+01,6.79700732e-01,1.19616616e+00
5345803-S04-156I3-A-L-C-190,20.02.2020-08:44:41,1.90000000e+01,6.43071413e-01,8.94144821e+00,1.92186865e-03,3.94857330e+01,8.00022812e+01,1.87240448e+01,7.07311869e-01,9.43786204e-01
5345803-S04-156I3-A-L-C-190,20.02.2020-08:46:08,2.00000000e+01,6.39076829e-01,8.96117306e+00,1.90598844e-03,3.97790253e+02,7.99521713e+01,1.86371002e+01,6.15626425e-02,7.74041265e-02
5345803-S04-156I3-A-L-C-190,20.02.2020-08:46:10,7.00000000e+00,6.48331225e-01,8.98549843e+00,1.65991741e-03,1.48700394e+02,8.05816345e+01,1.91075649e+01,1.42480209e-01,2.14705333e-01
5345803-S04-156I3-A-L-C-190,20.02.2020-08:46:12,7.00000000e+00,6.48752451e-01,8.98602676e+00,1.80880807e-03,4.09219910e+02,8.05881805e+01,1.91226597e+01,7.12614730e-02,1.46491930e-01
5345803-S04-156I3-A-L-C-190,20.02.2020-08:46:14,2.00000000e+00,6.38029218e-01,8.79398346e+00,1.75104814e-03,1.66707413e+02,7.97654266e+01,1.82167587e+01,2.83791125e-01,8.26768398e-01
5345803-S04-156I3-A-L-C-190,20.02.2020-08:46:16,7.00000000e+00,6.48210227e-01,8.96981716e+00,1.57821027e-03,4.14565399e+02,8.04347382e+01,1.90358963e+01,9.50799659e-02,1.55918673e-01
5345803-S04-156I3-A-L-C-190,20.02.2020-08:46:19,7.00000000e+00,6.48554146e-01,8.98852634e+00,2.05498305e-03,1.82932556e+02,8.04105301e+01,1.90799770e+01,1.49199188e-01,2.18280837e-01
5345803-S04-156I3-A-L-C-190,20.02.2020-08:46:21,7.00000000e+00,6.48397803e-01,8.98656559e+00,1.83474901e-03,2.15194305e+02,8.06077271e+01,1.91179848e+01,1.35916278e-01,2.15484336e-01
5345803-S04-156I3-A-L-C-190,20.02.2020-08:46:23,2.00000000e+01,6.41273260e-01,8.89978695e+00,1.82316650e-03,1.87173279e+02,8.03974609e+01,1.86764908e+01,2.25016996e-01,7.81489074e-01
5345803-S04-156I3-A-L-C-190,20.02.2020-08:46:25,7.00000000e+00,6.49616539e-01,9.00617313e+00,2.09108833e-03,3.93553345e+02,8.05100861e+01,1.91724606e+01,1.10954508e-01,1.96900308e-01
5345803-S04-156I3-A-L-C-190,20.02.2020-08:46:27,9.00000000e+00,6.46120906e-01,8.95808601e+00,1.89852924e-03,9.07879868e+01,8.01691208e+01,1.88871441e+01,2.39004076e-01,3.63782525e-01
5345803-S04-156I3-A-L-C-190,20.02.2020-08:46:52,1.00000000e+00,6.39103472e-01,8.86187077e+00,1.76713511e-03,1.12543900e+02,8.01531754e+01,1.84776821e+01,2.22826898e-01,4.19098288e-01
5345803-S04-156I3-A-L-C-190,20.02.2020-08:46:54,2.10000000e+01,6.39999330e-01,8.88529301e+00,1.73862721e-03,1.31055695e+02,8.00802307e+01,1.85356045e+01,2.76486069e-01,4.90413040e-01
5345803-S04-156I3-A-L-C-190,20.02.2020-08:46:56,2.00000000e+00,6.38340175e-01,8.79716301e+00,1.66960072e-03,1.29475372e+02,7.98507080e+01,1.82517185e+01,2.88298666e-01,5.14313459e-01
5345803-S04-156I3-A-L-C-190,20.02.2020-08:46:58,1.90000000e+01,6.43033862e-01,8.94093609e+00,1.98071566e-03,1.24299660e+02,8.02677460e+01,1.87840023e+01,1.66078404e-01,2.15746269e-01
5345803-S04-156I3-A-L-C-190,20.02.2020-08:47:00,9.00000000e+00,6.45639420e-01,8.95620632e+00,1.54708396e-03,9.00604019e+01,8.01751785e+01,1.88705368e+01,3.93841326e-01,5.02076149e-01
5345803-S04-156I3-A-L-C-190,20.02.2020-08:47:03,1.90000000e+01,6.43203020e-01,8.91733360e+00,1.80450873e-03,9.15324020e+01,8.02182541e+01,1.87277889e+01,3.09462249e-01,4.95616734e-01
5345803-S04-156I3-A-L-C-190,20.02.2020-08:47:05,1.00000000e+00,6.39596999e-01,8.84799290e+00,1.70389959e-03,1.77618805e+02,8.01911011e+01,1.84717274e+01,1.85258791e-01,4.73383158e-01
5345803-S04-156I3-A-L-C-190,20.02.2020-08:47:07,1.90000000e+01,6.47706509e-01,8.91921711e+00,1.43164489e-03,1.92100677e+02,7.98283234e+01,1.87712059e+01,1.19852014e-01,1.56890690e-01
5345803-S04-156I3-A-L-C-190,20.02.2020-08:47:09,8.00000000e+00,6.46163583e-01,8.97126102e+00,1.72655971e-03,1.75594498e+02,8.03936539e+01,1.89691544e+01,1.27383679e-01,1.54711112e-01
5345803-S04-156I3-A-L-C-190,20.02.2020-08:47:11,2.10000000e+01,6.40422285e-01,8.84704018e+00,1.67590450e-03,9.84168243e+01,8.02592163e+01,1.85092793e+01,4.16247994e-01,1.69639552e+00
5345803-S04-156I3-A-L-C-190,20.02.2020-08:47:55,2.00000000e+01,6.40890718e-01,8.94419861e+00,1.83651049e-03,1.13950851e+02,8.00584488e+01,1.86793938e+01,3.39478284e-01,6.66864038e-01
5345803-S04-156I3-A-L-C-190,20.02.2020-08:47:57,8.00000000e+00,6.47099316e-01,8.97066307e+00,1.67978788e-03,1.64169769e+02,8.03729553e+01,1.89904652e+01,1.85667500e-01,4.88149375e-01
5345803-S04-156I3-A-L-C-190,20.02.2020-08:47:59,8.00000000e+00,6.45786464e-01,8.96519089e+00,1.90740474e-03,2.18381927e+02,8.02820969e+01,1.89189644e+01,1.43712774e-01,2.65438378e-01
5345803-S04-156I3-A-L-C-190,20.02.2020-08:48:02,7.00000000e+00,6.47722363e-01,8.99278259e+00,1.91536231e-03,2.06201324e+02,8.05265961e+01,1.90920486e+01,1.71820477e-01,4.20399874e-01
5345803-S04-156I3-A-L-C-190,20.02.2020-08:48:04,2.00000000e+01,6.43760324e-01,8.91283035e+00,1.94159651e-03,2.50350815e+02,7.98647308e+01,1.86519871e+01,9.60684046e-02,1.70612171e-01
5345803-S04-156I3-A-L-C-190,20.02.2020-08:48:06,8.00000000e+00,6.45950377e-01,8.96340370e+00,1.82191131e-03,9.88383408e+01,8.03313141e+01,1.89315948e+01,2.04922020e-01,4.26672459e-01
5345803-S04-156I3-A-L-C-190,20.02.2020-08:48:08,2.00000000e+01,6.44727230e-01,8.92815399e+00,2.09802901e-03,3.18898254e+02,7.97428970e+01,1.86835709e+01,8.81167129e-02,1.52791545e-01
5345803-S04-156I3-A-L-C-190,20.02.2020-08:48:10,2.10000000e+01,6.40212536e-01,8.87514114e+00,2.16765585e-03,9.87032852e+01,8.02016449e+01,1.85486755e+01,3.64010960e-01,2.41599321e+00
5345803-S04-156I3-A-L-C-190,20.02.2020-08:48:12,7.00000000e+00,6.46909237e-01,8.97576523e+00,1.93440891e-03,2.86795715e+02,8.05083389e+01,1.90276833e+01,1.16331227e-01,3.80764067e-01
5345803-S04-156I3-A-L-C-190,20.02.2020-08:48:14,7.00000000e+00,6.47774339e-01,8.98279381e+00,1.83041941e-03,1.30170166e+02,8.03870010e+01,1.90393105e+01,2.06065968e-01,4.77378935e-01
5345803-S04-156I3-A-L-C-190,20.02.2020-08:48:38,7.00000000e+00,6.46953940e-01,9.01492882e+00,2.11538468e-03,2.30504944e+02,8.01898575e+01,1.90364208e+01,1.00319676e-01,1.50714085e-01
5345803-S04-156I3-A-L-C-190,20.02.2020-08:48:40,8.00000000e+00,6.45412028e-01,9.00658607e+00,1.95153896e-03,1.59577499e+02,8.03190994e+01,1.90040550e+01,1.71322122e-01,2.12711602e-01
5345803-S04-156I3-A-L-C-190,20.02.2020-08:48:42,2.00000000e+01,6.40904844e-01,8.91653538e+00,1.89861795e-03,3.29484344e+02,8.02626801e+01,1.86695366e+01,2.27024913e-01,8.67894411e-01
5345803-S04-156I3-A-L-C-190,20.02.2020-08:48:44,8.00000000e+00,6.46861732e-01,8.98364258e+00,2.01078504e-03,2.90801147e+02,8.03955002e+01,1.90162926e+01,9.40100178e-02,1.38674527e-01
5345803-S04-156I3-A-L-C-190,20.02.2020-08:48:46,2.00000000e+01,6.43512964e-01,8.90468979e+00,1.73640659e-03,3.07443878e+02,7.97789764e+01,1.86077881e+01,6.43023178e-02,1.17082492e-01
5345803-S04-156I3-A-L-C-190,20.02.2020-08:48:48,2.00000000e+01,6.40598953e-01,8.91109657e+00,1.70296570e-03,9.51547852e+01,8.02466125e+01,1.86455116e+01,3.22718799e-01,7.76990831e-01
5345803-S04-156I3-A-L-C-190,20.02.2020-08:48:50,9.00000000e+00,6.44413412e-01,8.92816734e+00,1.90738740e-03,1.61061691e+02,8.04476547e+01,1.88395481e+01,1.45475253e-01,2.65508205e-01
5345803-S04-156I3-A-L-C-190,20.02.2020-08:48:52,2.00000000e+01,6.42420411e-01,8.90682030e+00,1.71728677e-03,2.39274841e+02,8.01471329e+01,1.86663857e+01,1.05774812e-01,1.68231934e-01
5345803-S04-156I3-A-L-C-190,20.02.2020-08:48:54,9.00000000e+00,6.45255029e-01,8.94585800e+00,1.96572044e-03,1.38774277e+02,8.02303467e+01,1.88504734e+01,1.38370499e-01,2.81687021e-01
5345803-S04-156I3-A-L-C-190,20.02.2020-08:48:56,2.00000000e+01,6.43128693e-01,8.91247940e+00,1.89950992e-03,1.13036568e+02,7.97657471e+01,1.86098576e+01,1.33318409e-01,1.94143608e-01
5345803-S04-156I3-A-L-C-190,20.02.2020-08:45:04,7.00000000e+00,6.48383319e-01,9.00227070e+00,1.97389210e-03,7.18840210e+02,8.06156006e+01,1.91528397e+01,8.15068483e-02,1.88953400e-01
5345803-S04-156I3-A-L-C-190,20.02.2020-08:45:06,9.00000000e+00,6.46263480e-01,8.96712589e+00,1.52831548e-03,1.90315308e+02,8.00212860e+01,1.88755054e+01,1.46745920e-01,2.29338288e-01
5345803-S04-156I3-A-L-C-190,20.02.2020-08:45:09,9.00000000e+00,6.46582246e-01,8.93860531e+00,1.56288175e-03,2.67334869e+02,8.00681992e+01,1.88357887e+01,8.77370462e-02,1.45343199e-01
5345803-S04-156I3-A-L-C-190,20.02.2020-08:45:11,9.00000000e+00,6.42601371e-01,9.00520611e+00,1.75185292e-03,4.25360596e+02,7.99285431e+01,1.88264046e+01,7.35075101e-02,1.01874061e-01
5345803-S04-156I3-A-L-C-190,20.02.2020-08:45:13,1.90000000e+01,6.40614927e-01,8.94768143e+00,1.80318765e-03,3.50936737e+02,8.02571182e+01,1.87249794e+01,1.69519231e-01,5.31566083e-01
5345803-S04-156I3-A-L-C-190,20.02.2020-08:45:15,8.00000000e+00,6.48410738e-01,8.95898056e+00,1.61585456e-03,1.97738007e+02,8.00503693e+01,1.89278965e+01,1.41072989e-01,1.79005176e-01
5345803-S04-156I3-A-L-C-190,20.02.2020-08:45:17,8.00000000e+00,6.47633493e-01,8.95434761e+00,1.59476523e-03,2.16420990e+02,8.01808777e+01,1.89262371e+01,1.62738577e-01,2.27371156e-01
5345803-S04-156I3-A-L-C-190,20.02.2020-08:45:19,7.00000000e+00,6.48030102e-01,8.99378109e+00,1.91184273e-03,2.75228394e+02,8.03678360e+01,1.90655785e+01,1.05492644e-01,1.27812788e-01
5345803-S04-156I3-A-L-C-190,20.02.2020-08:45:21,8.00000000e+00,6.48070872e-01,8.97491741e+00,1.94601063e-03,8.26729736e+01,7.99478760e+01,1.89273624e+01,2.79548973e-01,3.31403196e-01
5345803-S04-156I3-A-L-C-190,20.02.2020-08:45:23,7.00000000e+00,6.48500681e-01,9.00955200e+00,1.60092802e-03,3.36706055e+02,8.04205704e+01,1.91254196e+01,1.13199674e-01,1.37869999e-01
5345803-S04-156I3-A-L-C-190,20.02.2020-08:46:29,9.00000000e+00,6.47650540e-01,8.96080399e+00,2.02512066e-03,1.72935242e+02,7.99625320e+01,1.88888035e+01,1.55124336e-01,2.06393644e-01
5345803-S04-156I3-A-L-C-190,20.02.2020-08:46:31,2.00000000e+01,6.40736878e-01,8.94213867e+00,1.83405587e-03,2.94299683e+02,8.00907669e+01,1.86781483e+01,1.42826632e-01,3.95975471e-01
5345803-S04-156I3-A-L-C-190,20.02.2020-08:46:33,9.00000000e+00,6.46454632e-01,8.95774269e+00,1.81918335e-03,3.08114929e+02,8.01345367e+01,1.88880253e+01,7.89175406e-02,1.06409363e-01
5345803-S04-156I3-A-L-C-190,20.02.2020-08:46:35,7.00000000e+00,6.49493098e-01,8.96498013e+00,2.18669418e-03,1.82955948e+02,8.04910812e+01,1.90766373e+01,1.19788758e-01,3.62193555e-01
5345803-S04-156I3-A-L-C-190,20.02.2020-08:46:37,9.00000000e+00,6.43669367e-01,8.95897388e+00,1.60749012e-03,2.92196045e+02,8.02623825e+01,1.88392391e+01,1.28094390e-01,3.23068529e-01
5345803-S04-156I3-A-L-C-190,20.02.2020-08:46:41,9.00000000e+00,6.45066738e-01,8.93174171e+00,1.91172468e-03,1.22408546e+02,8.03481216e+01,1.88428555e+01,1.48472816e-01,2.75405526e-01
5345803-S04-156I3-A-L-C-190,20.02.2020-08:46:43,9.00000000e+00,6.45489097e-01,8.94950867e+00,2.03625229e-03,1.75723755e+02,8.02339172e+01,1.88658466e+01,1.35408789e-01,2.51438260e-01
5345803-S04-156I3-A-L-C-190,20.02.2020-08:46:46,9.00000000e+00,6.45007193e-01,8.94714069e+00,2.00091512e-03,1.79352142e+02,8.03692703e+01,1.88785667e+01,1.28641829e-01,2.09630907e-01
5345803-S04-156I3-A-L-C-190,20.02.2020-08:46:48,8.00000000e+00,6.46114111e-01,8.97141647e+00,1.84954668e-03,2.16468384e+02,8.02681351e+01,1.89384155e+01,1.22805335e-01,1.52666911e-01
5345803-S04-156I3-A-L-C-190,20.02.2020-08:46:50,2.00000000e+01,6.40649438e-01,8.91751766e+00,1.82986236e-03,1.27408653e+02,8.01300507e+01,1.86333103e+01,2.42302611e-01,4.00739551e-01
5345803-S04-156I3-A-L-C-190,20.02.2020-08:47:13,9.00000000e+00,6.47411048e-01,8.93884659e+00,1.52700301e-03,3.23702606e+02,7.99879990e+01,1.88415489e+01,7.01048002e-02,1.06778346e-01
5345803-S04-156I3-A-L-C-190,20.02.2020-08:47:15,8.00000000e+00,6.46502554e-01,8.97331238e+00,1.68185413e-03,1.09050858e+02,8.02661285e+01,1.89533310e+01,1.87513977e-01,2.24550903e-01
5345803-S04-156I3-A-L-C-190,20.02.2020-08:47:17,9.00000000e+00,6.47282004e-01,8.95315647e+00,1.44065230e-03,2.55444794e+02,8.00551834e+01,1.88837967e+01,1.11009344e-01,1.62375331e-01
5345803-S04-156I3-A-L-C-190,20.02.2020-08:47:19,1.90000000e+01,6.48003995e-01,8.93746471e+00,1.96220982e-03,2.13371277e+02,7.97414093e+01,1.87977619e+01,1.45173177e-01,1.85308397e-01
5345803-S04-156I3-A-L-C-190,20.02.2020-08:47:22,1.00000000e+00,6.38879716e-01,8.85517693e+00,1.80200033e-03,1.87763489e+02,8.01385345e+01,1.84538918e+01,3.17974031e-01,1.43561947e+00
5345803-S04-156I3-A-L-C-190,20.02.2020-08:47:24,9.00000000e+00,6.47733271e-01,8.94781494e+00,1.64903968e-03,1.06208458e+02,8.00254745e+01,1.88786812e+01,1.98731095e-01,2.63106525e-01
5345803-S04-156I3-A-L-C-190,20.02.2020-08:47:26,9.00000000e+00,6.43275321e-01,8.97667885e+00,1.80024665e-03,2.88064758e+02,8.03174896e+01,1.88778667e+01,1.24753878e-01,2.12320805e-01
5345803-S04-156I3-A-L-C-190,20.02.2020-08:47:28,7.00000000e+00,6.50179863e-01,8.99467754e+00,1.77466217e-03,1.75343353e+02,8.07601776e+01,1.92241268e+01,1.35093451e-01,1.94982231e-01
5345803-S04-156I3-A-L-C-190,20.02.2020-08:47:30,9.00000000e+00,6.43811524e-01,8.96394825e+00,1.58781861e-03,3.23613831e+02,8.02657852e+01,1.88546600e+01,1.07673608e-01,1.97593272e-01
5345803-S04-156I3-A-L-C-190,20.02.2020-08:47:32,1.90000000e+01,6.40763938e-01,8.94928169e+00,1.75572769e-03,8.14746017e+01,8.01740341e+01,1.87132893e+01,3.16952765e-01,6.05405092e-01
5345803-S04-156I3-A-L-C-190,20.02.2020-08:48:17,2.00000000e+01,6.40926480e-01,8.91819477e+00,1.77860667e-03,2.03095184e+02,8.02008286e+01,1.86592503e+01,2.24077374e-01,9.22609687e-01
5345803-S04-156I3-A-L-C-190,20.02.2020-08:48:19,2.10000000e+01,6.37604356e-01,8.96897221e+00,1.78640685e-03,2.23090897e+02,7.97692184e+01,1.85677586e+01,1.91523850e-01,2.95902550e-01
5345803-S04-156I3-A-L-C-190,20.02.2020-08:48:21,7.00000000e+00,6.47612214e-01,9.02200699e+00,1.87866122e-03,3.72780304e+02,8.02850189e+01,1.90933838e+01,9.34281200e-02,1.60080835e-01
5345803-S04-156I3-A-L-C-190,20.02.2020-08:48:23,1.90000000e+01,6.40914798e-01,8.95994663e+00,1.86210778e-03,1.41823456e+02,8.01215744e+01,1.87277412e+01,1.77092478e-01,4.04721409e-01
5345803-S04-156I3-A-L-C-190,20.02.2020-08:48:25,9.00000000e+00,6.45999610e-01,8.97470570e+00,2.25672033e-03,2.23323868e+02,7.99075775e+01,1.88569164e+01,1.48878723e-01,3.23121250e-01
5345803-S04-156I3-A-L-C-190,20.02.2020-08:48:27,1.90000000e+01,6.41986251e-01,8.95387554e+00,1.81339099e-03,2.12204834e+02,8.01442337e+01,1.87516403e+01,1.75965846e-01,5.21576226e-01
5345803-S04-156I3-A-L-C-190,20.02.2020-08:48:29,2.00000000e+01,6.40862644e-01,8.93699741e+00,1.96383684e-03,3.59163147e+02,8.01568146e+01,1.86864681e+01,1.48032576e-01,6.30653262e-01
5345803-S04-156I3-A-L-C-190,20.02.2020-08:48:31,1.90000000e+01,6.42426014e-01,8.93170261e+00,1.91324367e-03,1.31755936e+02,8.01356583e+01,1.87160130e+01,2.55915821e-01,1.09649885e+00
5345803-S04-156I3-A-L-C-190,20.02.2020-08:48:33,1.00000000e+00,6.38894379e-01,8.85562706e+00,1.62996107e-03,2.60894104e+02,8.00158539e+01,1.84270000e+01,1.84150830e-01,6.46216750e-01
5345803-S04-156I3-A-L-C-190,20.02.2020-08:48:35,2.10000000e+01,6.43779039e-01,8.89977646e+00,1.80808990e-03,2.21124420e+02,7.97347565e+01,1.85948982e+01,1.03292927e-01,1.65910214e-01
5345803-S04-156I3-A-L-C-190,20.02.2020-08:50:01,9.00000000e+00,6.45129442e-01,8.93689823e+00,1.68470084e-03,1.56730713e+02,8.03188248e+01,1.88486919e+01,1.86749965e-01,3.70066524e-01
5345803-S04-156I3-A-L-C-190,20.02.2020-08:50:03,2.00000000e+01,6.40945792e-01,8.92963982e+00,1.71842356e-03,1.26891266e+02,8.02243271e+01,1.86892357e+01,2.28346854e-01,7.10028946e-01
5345803-S04-156I3-A-L-C-190,20.02.2020-08:50:05,9.00000000e+00,6.44360542e-01,8.96669579e+00,1.58874085e-03,1.22720673e+02,8.00936584e+01,1.88360462e+01,1.83933809e-01,2.39860684e-01
5345803-S04-156I3-A-L-C-190,20.02.2020-08:50:08,1.90000000e+01,6.43010020e-01,8.92115784e+00,1.84549484e-03,1.63209305e+02,8.01840286e+01,1.87222061e+01,2.52110034e-01,9.53962564e-01
5345803-S04-156I3-A-L-C-190,20.02.2020-08:50:10,2.00000000e+01,6.40438378e-01,8.89930344e+00,1.85889716e-03,2.42764191e+02,8.03141174e+01,1.86318283e+01,2.09594756e-01,9.01684940e-01
5345803-S04-156I3-A-L-C-190,20.02.2020-08:50:12,9.00000000e+00,6.44914031e-01,8.97926521e+00,1.54440955e-03,6.58385086e+01,8.01976318e+01,1.89031582e+01,2.39080787e-01,3.39936882e-01
5345803-S04-156I3-A-L-C-190,20.02.2020-08:50:14,7.00000000e+00,6.45876288e-01,8.98798847e+00,1.90211157e-03,1.91497314e+02,8.06604309e+01,1.90591087e+01,1.68268993e-01,2.80966282e-01
5345803-S04-156I3-A-L-C-190,20.02.2020-08:50:16,8.00000000e+00,6.46251380e-01,8.99644375e+00,1.91540376e-03,8.84584427e+01,8.01593552e+01,1.89695396e+01,2.45226741e-01,3.25745732e-01
5345803-S04-156I3-A-L-C-190,20.02.2020-08:50:18,7.00000000e+00,6.47889018e-01,8.99963284e+00,1.66661269e-03,1.54879410e+02,8.04587708e+01,1.90954113e+01,2.28863254e-01,3.56407762e-01
5345803-S04-156I3-A-L-C-190,20.02.2020-08:50:20,9.00000000e+00,6.44794762e-01,8.97386742e+00,2.06327764e-03,9.04135361e+01,8.00721054e+01,1.88587360e+01,1.98920444e-01,3.33293319e-01
5345803-S04-156I3-A-L-C-190,20.02.2020-08:52:41,1.90000000e+01,6.42441154e-01,8.94422531e+00,1.98382838e-03,8.48916931e+01,8.02803040e+01,1.87765274e+01,3.28502834e-01,4.67693090e-01
5345803-S04-156I3-A-L-C-190,20.02.2020-08:52:43,9.00000000e+00,6.42232001e-01,8.98130035e+00,1.95332803e-03,8.35291748e+01,8.01800537e+01,1.88246841e+01,3.01785797e-01,3.87695849e-01
5345803-S04-156I3-A-L-C-190,20.02.2020-08:52:45,1.90000000e+01,6.42010212e-01,8.96620369e+00,1.61538541e-03,9.25417175e+01,8.02096634e+01,1.87934895e+01,2.71099597e-01,3.46422970e-01
5345803-S04-156I3-A-L-C-190,20.02.2020-08:52:47,9.00000000e+00,6.42578125e-01,8.95969772e+00,1.45805615e-03,5.39758873e+01,8.02786484e+01,1.88126316e+01,4.68307018e-01,6.34477556e-01
5345803-S04-156I3-A-L-C-190,20.02.2020-08:52:49,9.00000000e+00,6.41691923e-01,8.96778870e+00,1.90491870e-03,1.70595276e+02,8.02734680e+01,1.88024387e+01,1.65478528e-01,2.25743100e-01
5345803-S04-156I3-A-L-C-190,20.02.2020-08:52:51,1.90000000e+01,6.42717481e-01,8.93396664e+00,1.76124985e-03,1.20348984e+02,8.03499298e+01,1.87793312e+01,2.99960583e-01,4.99159425e-01
5345803-S04-156I3-A-L-C-190,20.02.2020-08:52:53,8.00000000e+00,6.44580781e-01,9.00232410e+00,1.77036307e-03,1.43229507e+02,8.02195892e+01,1.89470940e+01,1.91431195e-01,2.43956968e-01
5345803-S04-156I3-A-L-C-190,20.02.2020-08:52:55,9.00000000e+00,6.43827856e-01,8.93984985e+00,1.64918532e-03,5.48529472e+01,8.02563629e+01,1.88022423e+01,4.53297555e-01,7.01300025e-01
5345803-S04-156I3-A-L-C-190,20.02.2020-08:52:57,9.00000000e+00,6.42809451e-01,8.98374367e+00,1.94260967e-03,1.32064728e+02,8.03135376e+01,1.88781109e+01,2.00641543e-01,2.50293672e-01
5345803-S04-156I3-A-L-C-190,20.02.2020-08:53:00,2.00000000e+01,6.40866637e-01,8.92348385e+00,2.02252786e-03,1.42199402e+02,8.02565918e+01,1.86815567e+01,2.44923651e-01,8.14678371e-01
5345803-S04-156I3-A-L-C-190,20.02.2020-08:53:23,1.40000000e+01,6.41739607e-01,8.93722439e+00,1.93989754e-03,1.37785349e+01,7.99842606e+01,1.86722336e+01,1.94256413e+00,2.33024144e+00
5345803-S04-156I3-A-L-C-190,20.02.2020-08:53:25,1.90000000e+01,6.41864121e-01,8.93239975e+00,1.84621383e-03,4.14792976e+01,8.02301712e+01,1.87231598e+01,6.06764317e-01,7.84664214e-01
5345803-S04-156I3-A-L-C-190,20.02.2020-08:53:27,1.90000000e+01,6.42234147e-01,8.95746899e+00,2.13236408e-03,5.37808838e+01,7.99573135e+01,1.87226391e+01,4.48582470e-01,6.35757625e-01
5345803-S04-156I3-A-L-C-190,20.02.2020-08:53:29,1.90000000e+01,6.42117739e-01,8.96410942e+00,1.87546771e-03,3.06833649e+01,8.00660553e+01,1.87586002e+01,8.45117033e-01,1.00760734e+00
5345803-S04-156I3-A-L-C-190,20.02.2020-08:53:31,2.40000000e+01,6.45254374e-01,8.98140430e+00,1.85691786e-03,8.27979565e+00,7.94805069e+01,1.87484760e+01,2.92674971e+00,3.36850309e+00
5345803-S04-156I3-A-L-C-190,20.02.2020-08:53:33,1.90000000e+01,6.41858041e-01,8.94633484e+00,2.00363691e-03,2.51300602e+01,8.01590195e+01,1.87355614e+01,9.29068983e-01,1.20165241e+00
5345803-S04-156I3-A-L-C-190,20.02.2020-08:53:36,8.00000000e+00,6.45063818e-01,9.01256561e+00,2.16734246e-03,5.08690720e+01,8.00223694e+01,1.89361935e+01,4.41836685e-01,5.08976936e-01
5345803-S04-156I3-A-L-C-190,20.02.2020-08:53:38,9.00000000e+00,6.43232524e-01,8.96542358e+00,1.78874400e-03,4.42054749e+01,8.04318314e+01,1.88797817e+01,6.16793513e-01,7.41336286e-01
5345803-S04-156I3-A-L-C-190,20.02.2020-08:53:40,2.00000000e+01,6.41614020e-01,8.92664433e+00,2.09422037e-03,6.26069069e+01,8.00153503e+01,1.86537266e+01,4.12483931e-01,5.98805249e-01
5345803-S04-156I3-A-L-C-190,20.02.2020-08:53:42,9.00000000e+00,6.44276738e-01,8.95781994e+00,1.85942405e-03,4.99901276e+01,8.01544876e+01,1.88292408e+01,5.15162706e-01,7.71001339e-01
5345803-S04-156I3-A-L-C-190,20.02.2020-08:54:05,9.00000000e+00,6.44616365e-01,8.94805145e+00,2.02839007e-03,4.31122818e+01,8.02259979e+01,1.88354111e+01,5.20000815e-01,8.46641839e-01
5345803-S04-156I3-A-L-C-190,20.02.2020-08:54:07,9.00000000e+00,6.44334972e-01,8.94859123e+00,2.09081266e-03,3.61688232e+01,8.02227325e+01,1.88275604e+01,5.42357504e-01,8.89464796e-01
5345803-S04-156I3-A-L-C-190,20.02.2020-08:54:09,9.00000000e+00,6.44120634e-01,8.93252850e+00,1.78853294e-03,3.55722923e+01,8.03557816e+01,1.88186703e+01,6.75369561e-01,1.01073527e+00
5345803-S04-156I3-A-L-C-190,20.02.2020-08:54:11,1.00000000e+00,6.36618137e-01,8.90226841e+00,1.50961406e-03,1.18841400e+02,8.01100845e+01,1.84797897e+01,2.23285213e-01,4.01859254e-01
5345803-S04-156I3-A-L-C-190,20.02.2020-08:54:13,1.00000000e+00,6.35540128e-01,8.90553856e+00,1.96896144e-03,2.17641830e+01,7.98729630e+01,1.84006500e+01,9.50111508e-01,1.20228899e+00
5345803-S04-156I3-A-L-C-190,20.02.2020-08:54:15,2.10000000e+01,6.42048776e-01,8.86214638e+00,1.71186251e-03,2.86657372e+01,8.01675186e+01,1.85667362e+01,9.35110033e-01,2.44910693e+00
5345803-S04-156I3-A-L-C-190,20.02.2020-08:54:18,7.00000000e+00,6.49438918e-01,8.99238491e+00,1.61772454e-03,1.19249031e+02,8.03352661e+01,1.90963173e+01,1.65319741e-01,2.11188674e-01
5345803-S04-156I3-A-L-C-190,20.02.2020-08:54:20,1.00000000e+00,6.40009820e-01,8.89313984e+00,1.93784875e-03,1.98644180e+02,7.98325348e+01,1.84948959e+01,3.16851348e-01,1.35941565e+00
5345803-S04-156I3-A-L-C-190,20.02.2020-08:54:22,7.00000000e+00,6.50794923e-01,9.01074982e+00,2.04176130e-03,1.03791611e+02,8.02931519e+01,1.91652203e+01,3.10340673e-01,7.55502701e-01
5345803-S04-156I3-A-L-C-190,20.02.2020-08:54:24,9.00000000e+00,6.43138230e-01,8.96258545e+00,1.90510543e-03,2.44733429e+02,8.02081985e+01,1.88185692e+01,1.42482445e-01,3.65842551e-01
5345803-S04-156I3-A-L-C-190,20.02.2020-08:45:25,7.00000000e+00,6.47655368e-01,8.99451160e+00,1.77030975e-03,1.57029648e+02,8.02571564e+01,1.90298576e+01,2.00087249e-01,2.34002307e-01
5345803-S04-156I3-A-L-C-190,20.02.2020-08:45:27,2.10000000e+01,6.40171289e-01,8.89133835e+00,1.78588834e-03,2.50492889e+02,8.00943375e+01,1.85564690e+01,2.17464492e-01,7.77046025e-01
5345803-S04-156I3-A-L-C-190,20.02.2020-08:45:29,9.00000000e+00,6.44219816e-01,8.97266197e+00,2.06381478e-03,1.11076080e+02,8.00774460e+01,1.88406467e+01,1.67240724e-01,2.23713845e-01
5345803-S04-156I3-A-L-C-190,20.02.2020-08:45:32,8.00000000e+00,6.44185424e-01,8.99457645e+00,1.68177707e-03,2.40151123e+02,8.01977997e+01,1.89140396e+01,1.29474029e-01,1.69113964e-01
5345803-S04-156I3-A-L-C-190,20.02.2020-08:45:34,7.00000000e+00,6.48002863e-01,9.00836277e+00,1.85399270e-03,3.04140900e+02,8.04111786e+01,1.91059837e+01,1.19009033e-01,2.23166317e-01
5345803-S04-156I3-A-L-C-190,20.02.2020-08:45:36,2.10000000e+01,6.39702201e-01,8.87756157e+00,2.10914365e-03,1.51309631e+02,8.01940536e+01,1.85371895e+01,2.90788859e-01,9.12517548e-01
5345803-S04-156I3-A-L-C-190,20.02.2020-08:45:38,9.00000000e+00,6.44690990e-01,8.96852016e+00,1.67049398e-03,2.05791122e+02,8.01404495e+01,1.88605499e+01,1.14233516e-01,1.55591249e-01
5345803-S04-156I3-A-L-C-190,20.02.2020-08:45:41,8.00000000e+00,6.47064447e-01,8.98394108e+00,2.11780006e-03,1.53017242e+02,8.02065964e+01,1.89781876e+01,1.52200431e-01,3.32090080e-01
5345803-S04-156I3-A-L-C-190,20.02.2020-08:45:43,8.00000000e+00,6.45544410e-01,8.95767117e+00,1.86859875e-03,1.84617630e+02,8.04467773e+01,1.89347725e+01,1.60114169e-01,2.58821607e-01
5345803-S04-156I3-A-L-C-190,20.02.2020-08:45:45,8.00000000e+00,6.47435009e-01,8.97639942e+00,1.64918101e-03,1.29913177e+02,8.03743134e+01,1.90127907e+01,2.23748133e-01,4.97793108e-01
5345803-S04-156I3-A-L-C-190,20.02.2020-08:47:34,9.00000000e+00,6.47297859e-01,8.94588280e+00,1.41504710e-03,4.85962906e+01,7.99301987e+01,1.88394623e+01,2.90181577e-01,3.59584957e-01
5345803-S04-156I3-A-L-C-190,20.02.2020-08:47:36,7.00000000e+00,6.50479019e-01,8.97478294e+00,1.77116587e-03,2.80534790e+02,8.07131195e+01,1.91792469e+01,1.00020468e-01,3.96660000e-01
5345803-S04-156I3-A-L-C-190,20.02.2020-08:47:38,7.00000000e+00,6.48203194e-01,8.99739838e+00,1.85602170e-03,1.99070908e+02,8.03926773e+01,1.90842381e+01,1.42685875e-01,2.30830848e-01
5345803-S04-156I3-A-L-C-190,20.02.2020-08:47:41,9.00000000e+00,6.47385597e-01,8.95583344e+00,1.75621663e-03,9.03887634e+01,7.98888779e+01,1.88532219e+01,2.45071501e-01,3.03045690e-01
5345803-S04-156I3-A-L-C-190,20.02.2020-08:47:43,1.90000000e+01,6.40378714e-01,8.95555687e+00,1.95948803e-03,3.15991852e+02,8.02020111e+01,1.87216854e+01,1.05158105e-01,2.55339563e-01
5345803-S04-156I3-A-L-C-190,20.02.2020-08:47:45,8.00000000e+00,6.47423983e-01,8.97284126e+00,1.99904479e-03,2.11076797e+02,8.03770065e+01,1.90055656e+01,1.30236864e-01,2.07182035e-01
5345803-S04-156I3-A-L-C-190,20.02.2020-08:47:47,7.00000000e+00,6.49605334e-01,8.96542549e+00,1.74553518e-03,4.35631134e+02,8.07321014e+01,1.91380177e+01,7.26725236e-02,3.49609286e-01
5345803-S04-156I3-A-L-C-190,20.02.2020-08:47:49,9.00000000e+00,6.46139681e-01,8.95426083e+00,1.75845914e-03,9.99170914e+01,8.01040649e+01,1.88643093e+01,1.99143887e-01,2.48623565e-01
5345803-S04-156I3-A-L-C-190,20.02.2020-08:47:51,7.00000000e+00,6.48054481e-01,8.98011971e+00,1.71286415e-03,2.55192383e+02,8.03267746e+01,1.90276070e+01,1.02423377e-01,1.92107797e-01
5345803-S04-156I3-A-L-C-190,20.02.2020-08:47:53,8.00000000e+00,6.46526754e-01,8.97072506e+00,2.09340872e-03,8.07654953e+01,8.01386414e+01,1.89184799e+01,3.92946452e-01,4.60552692e-01
5345803-S04-156I3-A-L-C-190,20.02.2020-08:48:58,9.00000000e+00,6.45226121e-01,8.94379234e+00,1.85263588e-03,1.48838867e+02,8.02894516e+01,1.88591595e+01,1.36710495e-01,2.50816703e-01
5345803-S04-156I3-A-L-C-190,20.02.2020-08:49:00,9.00000000e+00,6.45707726e-01,8.96098137e+00,1.76024262e-03,2.06284851e+02,8.02204437e+01,1.88932571e+01,1.15622006e-01,3.19010496e-01
5345803-S04-156I3-A-L-C-190,20.02.2020-08:49:03,1.90000000e+01,6.45363986e-01,8.95981693e+00,2.14577629e-03,2.83583649e+02,7.98614883e+01,1.87962608e+01,1.13900624e-01,2.55806059e-01
5345803-S04-156I3-A-L-C-190,20.02.2020-08:49:05,9.00000000e+00,6.45821214e-01,8.97190666e+00,1.90200878e-03,8.74337845e+01,8.01144180e+01,1.88946095e+01,1.82994753e-01,3.57696533e-01
5345803-S04-156I3-A-L-C-190,20.02.2020-08:49:07,8.00000000e+00,6.46173060e-01,8.97323513e+00,1.77612866e-03,3.21601105e+02,8.01699905e+01,1.89208183e+01,9.05015171e-02,2.62027800e-01
5345803-S04-156I3-A-L-C-190,20.02.2020-08:49:09,1.00000000e+00,6.37048066e-01,8.94076061e+00,2.03774613e-03,1.71657089e+02,7.96936340e+01,1.84756832e+01,1.60732374e-01,2.73768693e-01
5345803-S04-156I3-A-L-C-190,20.02.2020-08:49:11,2.10000000e+01,6.36900544e-01,8.95735741e+00,1.84796029e-03,3.29808258e+02,7.99009857e+01,1.85538406e+01,1.00703783e-01,2.13472381e-01
5345803-S04-156I3-A-L-C-190,20.02.2020-08:49:13,8.00000000e+00,6.46077991e-01,9.02389812e+00,1.93220191e-03,1.77462585e+02,8.01479874e+01,1.90196247e+01,1.45978421e-01,2.35999212e-01
5345803-S04-156I3-A-L-C-190,20.02.2020-08:49:15,2.00000000e+00,6.34000957e-01,8.79685116e+00,1.92649942e-03,2.68643250e+02,8.03625259e+01,1.82431965e+01,2.75531948e-01,2.26858950e+00
5345803-S04-156I3-A-L-C-190,20.02.2020-08:49:17,7.00000000e+00,6.47537649e-01,8.97245121e+00,1.87183742e-03,3.49946106e+02,8.04662781e+01,1.90291882e+01,1.08230740e-01,3.70409489e-01
5345803-S04-156I3-A-L-C-190,20.02.2020-08:50:22,1.90000000e+01,6.43542171e-01,8.95473385e+00,2.20831390e-03,2.61937256e+02,8.00579681e+01,1.87786541e+01,9.60495695e-02,2.79648274e-01
5345803-S04-156I3-A-L-C-190,20.02.2020-08:50:24,9.00000000e+00,6.44811094e-01,8.95341873e+00,2.03931448e-03,1.42414185e+02,8.00441513e+01,1.88096714e+01,1.48003101e-01,2.70872593e-01
5345803-S04-156I3-A-L-C-190,20.02.2020-08:50:27,2.10000000e+01,6.40127420e-01,8.89853001e+00,1.84537249e-03,1.52761932e+02,8.00683823e+01,1.85641880e+01,2.75545329e-01,1.01541150e+00
5345803-S04-156I3-A-L-C-190,20.02.2020-08:50:29,2.10000000e+01,6.40607476e-01,8.92531872e+00,2.24625226e-03,9.06689377e+01,7.98462906e+01,1.85823517e+01,3.29458326e-01,9.00925577e-01
5345803-S04-156I3-A-L-C-190,20.02.2020-08:50:31,2.00000000e+01,6.42168999e-01,8.90211773e+00,1.45613239e-03,1.26770050e+02,8.01712723e+01,1.86548443e+01,3.07435453e-01,1.31217825e+00
5345803-S04-156I3-A-L-C-190,20.02.2020-08:50:33,2.00000000e+01,6.40601277e-01,8.93017006e+00,1.70528924e-03,1.40665009e+02,8.01882324e+01,1.86718941e+01,2.88507909e-01,8.95128965e-01
5345803-S04-156I3-A-L-C-190,20.02.2020-08:50:35,2.00000000e+01,6.40657365e-01,8.91369247e+00,2.19656620e-03,1.42500946e+02,8.01331940e+01,1.86262817e+01,3.30342948e-01,1.34922934e+00
5345803-S04-156I3-A-L-C-190,20.02.2020-08:50:37,1.90000000e+01,6.44605994e-01,8.95243931e+00,2.28720205e-03,9.56398010e+01,7.99568710e+01,1.87811298e+01,2.67528802e-01,4.99888390e-01
5345803-S04-156I3-A-L-C-190,20.02.2020-08:50:39,9.00000000e+00,6.44836903e-01,8.96584892e+00,2.42794422e-03,1.27620644e+02,7.99195480e+01,1.88072166e+01,2.40684673e-01,4.79915470e-01
5345803-S04-156I3-A-L-C-190,20.02.2020-08:50:41,9.00000000e+00,6.45022929e-01,8.94365501e+00,1.74529082e-03,1.33096680e+02,8.02426987e+01,1.88419533e+01,2.04911694e-01,4.37065095e-01
5345803-S04-156I3-A-L-C-190,20.02.2020-08:53:02,2.00000000e+01,6.43027604e-01,8.87764263e+00,1.66382943e-03,5.78975868e+01,8.03400955e+01,1.86676579e+01,5.72946370e-01,1.94417393e+00
5345803-S04-156I3-A-L-C-190,20.02.2020-08:53:04,2.10000000e+01,6.41179800e-01,8.85430622e+00,2.05741660e-03,5.31664505e+01,8.00888824e+01,1.85070324e+01,5.15285790e-01,9.13380206e-01
5345803-S04-156I3-A-L-C-190,20.02.2020-08:53:06,2.00000000e+00,6.37596905e-01,8.82507420e+00,1.55254302e-03,3.07236557e+01,8.01813812e+01,1.83640423e+01,8.71181309e-01,1.78526366e+00
5345803-S04-156I3-A-L-C-190,20.02.2020-08:53:08,2.00000000e+01,6.41997814e-01,8.90997887e+00,2.00870773e-03,5.08928871e+01,8.01597137e+01,1.86636467e+01,5.46095371e-01,1.03199244e+00
5345803-S04-156I3-A-L-C-190,20.02.2020-08:53:10,2.00000000e+01,6.42691970e-01,8.89861774e+00,1.73414871e-03,2.96077595e+01,8.01078873e+01,1.86479416e+01,9.25925374e-01,1.34162152e+00
5345803-S04-156I3-A-L-C-190,20.02.2020-08:53:12,9.00000000e+00,6.45119786e-01,8.97068501e+00,1.82327803e-03,5.34132156e+01,8.02126999e+01,1.88946686e+01,4.07302737e-01,5.26907206e-01
5345803-S04-156I3-A-L-C-190,20.02.2020-08:53:14,2.10000000e+01,6.39204025e-01,8.91262817e+00,1.88069581e-03,4.15899925e+01,8.01155090e+01,1.85777054e+01,6.54682219e-01,1.03549469e+00
5345803-S04-156I3-A-L-C-190,20.02.2020-08:53:17,1.90000000e+01,6.44771099e-01,8.93601704e+00,1.52971840e-03,3.89757309e+01,8.01348801e+01,1.87932262e+01,6.67863011e-01,8.25385511e-01
5345803-S04-156I3-A-L-C-190,20.02.2020-08:53:19,1.90000000e+01,6.43016994e-01,8.94483280e+00,1.55009225e-03,3.62509918e+01,8.00975952e+01,1.87518597e+01,8.46105695e-01,1.10481679e+00
5345803-S04-156I3-A-L-C-190,20.02.2020-08:53:21,1.90000000e+01,6.42753422e-01,8.95105839e+00,1.93906622e-03,2.73997307e+01,8.00517807e+01,1.87464924e+01,9.24798787e-01,1.16720521e+00
5345803-S04-156I3-A-L-C-190,20.02.2020-08:53:44,1.90000000e+01,6.42105579e-01,8.93589306e+00,1.83967478e-03,3.79311333e+01,8.03265381e+01,1.87600365e+01,6.12651467e-01,8.04567337e-01
5345803-S04-156I3-A-L-C-190,20.02.2020-08:53:46,1.90000000e+01,6.43002391e-01,8.94461060e+00,1.89049903e-03,2.51672840e+01,8.01421585e+01,1.87614002e+01,9.33507264e-01,1.16702461e+00
5345803-S04-156I3-A-L-C-190,20.02.2020-08:53:48,9.00000000e+00,6.43611073e-01,8.98039436e+00,2.14291504e-03,4.13619995e+01,8.00561676e+01,1.88340569e+01,5.57589352e-01,6.97581947e-01
5345803-S04-156I3-A-L-C-190,20.02.2020-08:53:50,9.00000000e+00,6.44176185e-01,8.98866940e+00,1.85835676e-03,4.91199112e+01,8.02145920e+01,1.89053020e+01,4.07767534e-01,5.27535021e-01
5345803-S04-156I3-A-L-C-190,20.02.2020-08:53:52,2.00000000e+01,6.42656505e-01,8.96083355e+00,2.52499222e-03,8.74310913e+01,7.97571030e+01,1.86950626e+01,3.22737753e-01,5.24045408e-01
5345803-S04-156I3-A-L-C-190,20.02.2020-08:53:54,8.00000000e+00,6.45378947e-01,8.98053551e+00,1.74295215e-03,3.79439049e+01,8.02634201e+01,1.89349823e+01,7.72144675e-01,1.12223279e+00
5345803-S04-156I3-A-L-C-190,20.02.2020-08:53:57,9.00000000e+00,6.43858492e-01,8.98440647e+00,1.60604331e-03,1.40010040e+02,8.02932739e+01,1.89055443e+01,1.68420494e-01,2.78746784e-01
5345803-S04-156I3-A-L-C-190,20.02.2020-08:53:59,2.00000000e+01,6.40414715e-01,8.92524433e+00,1.80520478e-03,1.33745789e+02,8.02920456e+01,1.86803131e+01,2.72548407e-01,1.50237048e+00
5345803-S04-156I3-A-L-C-190,20.02.2020-08:54:01,2.10000000e+01,6.38207138e-01,8.93238449e+00,1.81145011e-03,1.43549896e+02,8.00481491e+01,1.85742188e+01,1.61162332e-01,2.87073493e-01
5345803-S04-156I3-A-L-C-190,20.02.2020-08:54:03,9.00000000e+00,6.44742966e-01,8.94341564e+00,1.80682004e-03,3.79392700e+01,8.03026810e+01,1.88473511e+01,5.66233873e-01,8.59799922e-01
5345803-S04-156I3-A-L-C-190,20.02.2020-08:54:26,1.90000000e+01,6.43641233e-01,8.95580578e+00,1.75168633e-03,8.51357574e+01,8.00379333e+01,1.87790909e+01,2.02183872e-01,4.13055718e-01
5345803-S04-156I3-A-L-C-190,20.02.2020-08:54:28,7.00000000e+00,6.50281489e-01,8.97337627e+00,1.91701355e-03,2.22899918e+02,8.04578629e+01,1.91097908e+01,1.31015763e-01,3.85283947e-01
5345803-S04-156I3-A-L-C-190,20.02.2020-08:54:30,2.00000000e+01,6.43179417e-01,8.89270496e+00,1.99202425e-03,2.11023926e+02,8.01854935e+01,1.86677513e+01,3.45357984e-01,2.07324314e+00
5345803-S04-156I3-A-L-C-190,20.02.2020-08:54:32,1.90000000e+01,6.43122971e-01,8.93948650e+00,1.69776683e-03,4.12645447e+02,8.01128235e+01,1.87473030e+01,1.45586282e-01,4.16005820e-01
5345803-S04-156I3-A-L-C-190,20.02.2020-08:54:34,2.00000000e+01,6.40001953e-01,8.91456223e+00,1.74775487e-03,1.18472679e+02,8.01172104e+01,1.86053276e+01,2.65849173e-01,1.04767883e+00
5345803-S04-156I3-A-L-C-190,20.02.2020-08:54:37,9.00000000e+00,6.43351018e-01,8.95175076e+00,1.66297611e-03,3.09874725e+02,8.02025604e+01,1.88007145e+01,1.18257262e-01,3.01019996e-01
5345803-S04-156I3-A-L-C-190,20.02.2020-08:54:39,2.00000000e+01,6.39776528e-01,8.92991066e+00,1.75817462e-03,6.06551819e+02,8.02028198e+01,1.86507053e+01,1.65551156e-01,5.08742809e-01
5345803-S04-156I3-A-L-C-190,20.02.2020-08:54:41,2.00000000e+01,6.40828192e-01,8.93278790e+00,1.76477979e-03,3.37551575e+02,8.00700531e+01,1.86564465e+01,2.18088150e-01,8.16907167e-01
5345803-S04-156I3-A-L-C-190,20.02.2020-08:54:43,9.00000000e+00,6.45968974e-01,8.95496750e+00,1.72241661e-03,1.33695511e+02,8.02591400e+01,1.88973255e+01,2.18015298e-01,4.48795140e-01
5345803-S04-156I3-A-L-C-190,20.02.2020-08:54:45,9.00000000e+00,6.45682871e-01,8.96596909e+00,2.17886688e-03,1.21750526e+02,8.01398087e+01,1.88840446e+01,2.32274666e-01,4.68156070e-01
5345803-S04-156I3-A-L-C-190,20.02.2020-08:55:08,1.00000000e+00,6.39295995e-01,8.85842037e+00,2.18394119e-03,1.33478409e+02,7.99491348e+01,1.84290199e+01,2.94151753e-01,8.63869786e-01
5345803-S04-156I3-A-L-C-190,20.02.2020-08:55:10,7.00000000e+00,6.47542179e-01,8.99772930e+00,2.09729071e-03,1.51419449e+02,8.02577820e+01,1.90334835e+01,1.68606654e-01,2.49876812e-01
5345803-S04-156I3-A-L-C-190,20.02.2020-08:55:12,2.10000000e+01,6.38896883e-01,8.87284756e+00,1.53752847e-03,1.56582016e+02,8.04833984e+01,1.85707855e+01,2.44797423e-01,6.84132397e-01
5345803-S04-156I3-A-L-C-190,20.02.2020-08:55:14,9.00000000e+00,6.44806147e-01,8.95727253e+00,1.90275523e-03,8.82039108e+01,7.99702072e+01,1.88002396e+01,3.08713883e-01,4.23854351e-01
5345803-S04-156I3-A-L-C-190,20.02.2020-08:55:17,9.00000000e+00,6.44667029e-01,8.95147324e+00,1.82057219e-03,1.74513840e+02,8.01437149e+01,1.88247681e+01,1.33978143e-01,2.16625944e-01
5345803-S04-156I3-A-L-C-190,20.02.2020-08:55:19,9.00000000e+00,6.44261777e-01,8.95624065e+00,1.79805560e-03,1.54806824e+02,8.00815964e+01,1.88083649e+01,1.45019978e-01,2.44990230e-01
5345803-S04-156I3-A-L-C-190,20.02.2020-08:55:21,9.00000000e+00,6.44455552e-01,8.95491982e+00,1.87309447e-03,1.95390747e+02,8.00838013e+01,1.88117657e+01,1.63422480e-01,2.52582669e-01
5345803-S04-156I3-A-L-C-190,20.02.2020-08:55:23,8.00000000e+00,6.45599365e-01,8.97184563e+00,2.00856430e-03,1.88149078e+02,8.02874603e+01,1.89287872e+01,1.08934306e-01,2.21394286e-01
5345803-S04-156I3-A-L-C-190,20.02.2020-08:55:25,9.00000000e+00,6.44676626e-01,8.96316338e+00,1.80980423e-03,1.76274551e+02,8.00033569e+01,1.88166218e+01,1.91636279e-01,2.92213589e-01
5345803-S04-156I3-A-L-C-190,20.02.2020-08:55:27,8.00000000e+00,6.46748960e-01,8.97340870e+00,2.00179080e-03,5.85331001e+01,8.01414642e+01,1.89313087e+01,4.67887551e-01,6.51314020e-01
5345803-S04-156I3-A-L-C-190,20.02.2020-08:49:19,9.00000000e+00,6.45132303e-01,8.94912243e+00,1.95342908e-03,2.98155548e+02,8.02690277e+01,1.88628559e+01,1.21188588e-01,3.85409325e-01
5345803-S04-156I3-A-L-C-190,20.02.2020-08:49:21,1.90000000e+01,6.43596292e-01,8.91232491e+00,1.81074871e-03,1.15998665e+02,8.01458054e+01,1.87117977e+01,1.72595471e-01,2.68911809e-01
5345803-S04-156I3-A-L-C-190,20.02.2020-08:49:24,8.00000000e+00,6.46421492e-01,8.97328186e+00,2.13424210e-03,2.09407074e+02,8.01444092e+01,1.89221497e+01,1.34439036e-01,3.14642727e-01
5345803-S04-156I3-A-L-C-190,20.02.2020-08:49:26,9.00000000e+00,6.44574642e-01,8.95286465e+00,1.88409002e-03,3.44933105e+02,8.03387909e+01,1.88708191e+01,5.60158901e-02,1.24755278e-01
5345803-S04-156I3-A-L-C-190,20.02.2020-08:49:28,8.00000000e+00,6.46841228e-01,8.97694588e+00,1.79553346e-03,2.18428543e+02,8.02591705e+01,1.89692936e+01,1.28350303e-01,3.05366993e-01
5345803-S04-156I3-A-L-C-190,20.02.2020-08:49:30,8.00000000e+00,6.46731377e-01,8.97573090e+00,1.65016169e-03,8.04788589e+01,8.02984619e+01,1.89727898e+01,2.57823586e-01,4.92869943e-01
5345803-S04-156I3-A-L-C-190,20.02.2020-08:49:32,8.00000000e+00,6.47150576e-01,8.97702122e+00,1.81351812e-03,2.70662476e+02,8.02966614e+01,1.89873905e+01,1.22785248e-01,3.44541609e-01
5345803-S04-156I3-A-L-C-190,20.02.2020-08:49:34,9.00000000e+00,6.44750357e-01,8.94981766e+00,1.74691109e-03,2.88662140e+02,8.03773270e+01,1.88785877e+01,1.07002124e-01,1.77034125e-01
5345803-S04-156I3-A-L-C-190,20.02.2020-08:49:36,8.00000000e+00,6.47483647e-01,8.98244953e+00,2.08303728e-03,2.40746078e+02,8.03202820e+01,1.90142422e+01,1.51155189e-01,4.79328096e-01
5345803-S04-156I3-A-L-C-190,20.02.2020-08:49:38,1.00000000e+00,6.37634456e-01,8.93717861e+00,1.64516259e-03,5.00251999e+01,7.97567444e+01,1.84999199e+01,4.25606489e-01,5.69723010e-01
5345803-S04-156I3-A-L-C-190,20.02.2020-08:50:43,9.00000000e+00,6.44938767e-01,8.98508358e+00,2.18729116e-03,1.24449036e+02,8.00686264e+01,1.88857040e+01,2.33000979e-01,3.51183295e-01
5345803-S04-156I3-A-L-C-190,20.02.2020-08:50:45,8.00000000e+00,6.45460427e-01,8.99132824e+00,1.85444683e-03,6.58807678e+01,8.01483078e+01,1.89329395e+01,2.98468918e-01,4.08790499e-01
5345803-S04-156I3-A-L-C-190,20.02.2020-08:50:48,2.10000000e+01,6.40310109e-01,8.89323616e+00,1.75027410e-03,1.37644089e+02,8.02113495e+01,1.85915756e+01,3.87192667e-01,9.24173713e-01
5345803-S04-156I3-A-L-C-190,20.02.2020-08:50:50,2.10000000e+01,6.38847411e-01,8.88473701e+00,2.08951160e-03,1.69130173e+02,8.03370743e+01,1.85604248e+01,2.56326318e-01,9.37862515e-01
5345803-S04-156I3-A-L-C-190,20.02.2020-08:50:52,9.00000000e+00,6.44265056e-01,8.93616104e+00,1.96116115e-03,9.31375961e+01,8.03639679e+01,1.88324642e+01,2.49834344e-01,3.71446729e-01
5345803-S04-156I3-A-L-C-190,20.02.2020-08:50:54,2.00000000e+01,6.39770210e-01,8.90925884e+00,1.99848460e-03,1.44606323e+02,8.02773743e+01,1.86246853e+01,2.56763667e-01,9.17217970e-01
5345803-S04-156I3-A-L-C-190,20.02.2020-08:50:56,9.00000000e+00,6.44025087e-01,8.96646500e+00,1.79804652e-03,1.96879959e+02,8.03116379e+01,1.88769894e+01,1.27642512e-01,3.58756274e-01
5345803-S04-156I3-A-L-C-190,20.02.2020-08:50:58,2.00000000e+01,6.39413297e-01,8.90977001e+00,1.81399286e-03,2.45710785e+02,8.03821640e+01,1.86396618e+01,1.63292870e-01,6.28920138e-01
5345803-S04-156I3-A-L-C-190,20.02.2020-08:51:00,9.00000000e+00,6.44866109e-01,8.94007874e+00,1.82530691e-03,2.03700943e+02,8.02273865e+01,1.88262482e+01,1.18062995e-01,3.04155409e-01
5345803-S04-156I3-A-L-C-190,20.02.2020-08:51:02,2.10000000e+01,6.40571058e-01,8.89140797e+00,2.02443404e-03,1.03201775e+02,7.99498520e+01,1.85347042e+01,2.82376051e-01,8.33798409e-01
5345803-S04-156I3-A-L-C-190,20.02.2020-08:54:47,1.90000000e+01,6.43140495e-01,8.91369438e+00,1.77043420e-03,1.66403992e+02,8.01883621e+01,1.87113514e+01,2.36565962e-01,8.01540732e-01
5345803-S04-156I3-A-L-C-190,20.02.2020-08:54:49,2.00000000e+01,6.43157303e-01,8.91714001e+00,1.85392599e-03,8.44140778e+01,8.00939178e+01,1.86970272e+01,3.57522070e-01,9.04785454e-01
5345803-S04-156I3-A-L-C-190,20.02.2020-08:54:51,7.00000000e+00,6.48139000e-01,8.96239567e+00,1.82997307e-03,1.20473923e+02,8.04430542e+01,1.90200214e+01,2.97575682e-01,3.76954764e-01
5345803-S04-156I3-A-L-C-190,20.02.2020-08:54:53,8.00000000e+00,6.47089601e-01,8.96936417e+00,1.88797573e-03,1.19226204e+02,8.02867584e+01,1.89670677e+01,2.33986139e-01,3.73675913e-01
5345803-S04-156I3-A-L-C-190,20.02.2020-08:54:56,8.00000000e+00,6.46333516e-01,9.01503277e+00,1.86294015e-03,2.64644104e+02,8.00188904e+01,1.89778347e+01,8.38863626e-02,1.03984445e-01
5345803-S04-156I3-A-L-C-190,20.02.2020-08:54:58,1.00000000e+00,6.38863325e-01,8.85434914e+00,2.12203292e-03,1.05131584e+02,8.00042419e+01,1.84207726e+01,2.66051799e-01,8.38591635e-01
5345803-S04-156I3-A-L-C-190,20.02.2020-08:55:00,9.00000000e+00,6.44968390e-01,8.95686913e+00,2.03780504e-03,1.57205307e+02,8.02573471e+01,1.88716393e+01,2.07877815e-01,4.21192706e-01
5345803-S04-156I3-A-L-C-190,20.02.2020-08:55:02,1.00000000e+00,6.39195085e-01,8.85260105e+00,1.39963452e-03,1.62446472e+02,8.01356125e+01,1.84569550e+01,2.56394565e-01,7.48698235e-01
5345803-S04-156I3-A-L-C-190,20.02.2020-08:55:04,8.00000000e+00,6.47016108e-01,8.98723507e+00,1.80192362e-03,1.82373001e+02,8.02402725e+01,1.89916973e+01,1.42076716e-01,2.90863574e-01
5345803-S04-156I3-A-L-C-190,20.02.2020-08:55:06,1.00000000e+00,6.41675949e-01,8.84840679e+00,1.88451784e-03,1.17347847e+02,7.97178802e+01,1.84232712e+01,2.48645067e-01,4.47140843e-01
5345803-S04-156I3-A-L-C-190,20.02.2020-08:55:30,1.90000000e+01,6.42527342e-01,8.98975563e+00,2.03645346e-03,1.69430069e+02,7.97951202e+01,1.87605705e+01,1.30585074e-01,1.63429409e-01
5345803-S04-156I3-A-L-C-190,20.02.2020-08:55:32,9.00000000e+00,6.42514408e-01,9.00255489e+00,1.58010051e-03,1.36255264e+02,7.99029312e+01,1.88122845e+01,1.22637115e-01,1.58113316e-01
5345803-S04-156I3-A-L-C-190,20.02.2020-08:55:34,2.00000000e+01,6.43967330e-01,8.89931107e+00,1.86032953e-03,1.62823196e+02,8.01392975e+01,1.86937275e+01,4.09498632e-01,2.18201852e+00
5345803-S04-156I3-A-L-C-190,20.02.2020-08:55:36,2.00000000e+01,6.40279174e-01,8.93830395e+00,1.88089372e-03,1.55961960e+02,8.02332916e+01,1.86900005e+01,2.14401498e-01,4.57917184e-01
5345803-S04-156I3-A-L-C-190,20.02.2020-08:55:38,9.00000000e+00,6.44713461e-01,8.96178436e+00,1.99854653e-03,2.00805664e+02,8.00849915e+01,1.88339996e+01,1.51553690e-01,3.70846689e-01
5345803-S04-156I3-A-L-C-190,20.02.2020-08:55:40,2.00000000e+01,6.40686333e-01,8.92149258e+00,2.01672525e-03,1.10470345e+02,7.99689026e+01,1.86051979e+01,2.76015341e-01,7.53026962e-01
5345803-S04-156I3-A-L-C-190,20.02.2020-08:55:42,1.90000000e+01,6.40992880e-01,8.95014286e+00,1.63466693e-03,2.23575928e+02,8.02656326e+01,1.87431660e+01,1.69181198e-01,3.28930229e-01
5345803-S04-156I3-A-L-C-190,20.02.2020-08:56:47,1.90000000e+01,6.41376495e-01,8.94102287e+00,1.91839703e-03,4.46919281e+02,8.02194595e+01,1.87244968e+01,8.69510025e-02,3.36716145e-01
5345803-S04-156I3-A-L-C-190,20.02.2020-08:56:49,1.00000000e+00,6.39016390e-01,8.86578274e+00,2.07498902e-03,2.81891136e+01,7.99516144e+01,1.84368420e+01,1.20491958e+00,1.86534142e+00
5345803-S04-156I3-A-L-C-190,20.02.2020-08:56:51,8.00000000e+00,6.44770861e-01,8.98201466e+00,1.80220511e-03,1.67765289e+02,8.03018570e+01,1.89293175e+01,2.87003905e-01,4.01895404e-01
5345803-S04-156I3-A-L-C-190,20.02.2020-08:57:35,1.90000000e+01,6.41068280e-01,8.92459011e+00,1.88153295e-03,3.02026001e+02,8.03060226e+01,1.87012596e+01,1.56378940e-01,6.03779256e-01
5345803-S04-156I3-A-L-C-190,20.02.2020-08:57:37,2.00000000e+01,6.40236855e-01,8.92170334e+00,1.93084660e-03,1.10088875e+02,8.02546616e+01,1.86590252e+01,2.21802577e-01,6.90667272e-01
5345803-S04-156I3-A-L-C-190,20.02.2020-08:57:40,8.00000000e+00,6.46108687e-01,8.99837780e+00,1.98879815e-03,4.91650665e+02,8.01923294e+01,1.89772301e+01,7.72726014e-02,2.34172404e-01
5345803-S04-156I3-A-L-C-190,20.02.2020-08:57:42,2.00000000e+01,6.42095685e-01,8.92143726e+00,1.80914206e-03,3.15797577e+02,8.01335220e+01,1.86843929e+01,3.12913328e-01,1.72001171e+00
5345803-S04-156I3-A-L-C-190,20.02.2020-08:57:44,2.00000000e+01,6.40885472e-01,8.91239166e+00,1.87258795e-03,1.41884247e+02,8.02539520e+01,1.86582680e+01,3.33682567e-01,8.10894012e-01
5345803-S04-156I3-A-L-C-190,20.02.2020-08:57:46,2.00000000e+01,6.40884161e-01,8.93399334e+00,1.99577631e-03,1.33400314e+02,8.02126465e+01,1.86938267e+01,2.42267564e-01,7.71143258e-01
5345803-S04-156I3-A-L-C-190,20.02.2020-08:57:48,2.00000000e+01,6.42459571e-01,8.91433048e+00,1.83328905e-03,2.45629913e+02,8.01317825e+01,1.86796837e+01,2.71102548e-01,1.47726202e+00
5345803-S04-156I3-A-L-C-190,20.02.2020-08:57:50,1.90000000e+01,6.41425312e-01,8.94603920e+00,1.92450674e-03,2.38997437e+02,8.01911697e+01,1.87298222e+01,2.31270328e-01,7.86726356e-01
5345803-S04-156I3-A-L-C-190,20.02.2020-08:57:52,2.00000000e+01,6.41234398e-01,8.90500259e+00,1.53576257e-03,1.91640564e+02,8.02124710e+01,1.86433067e+01,2.68240780e-01,1.22927320e+00
5345803-S04-156I3-A-L-C-190,20.02.2020-08:57:54,2.00000000e+01,6.41308904e-01,8.95092964e+00,2.14903569e-03,1.00716225e+02,7.99804764e+01,1.86874332e+01,3.12447846e-01,9.08854902e-01
5345803-S04-156I3-A-L-C-190,20.02.2020-08:59:23,9.00000000e+00,6.44398451e-01,8.92299366e+00,1.83802308e-03,1.17823631e+02,8.05040588e+01,1.88413944e+01,1.59807667e-01,2.55441606e-01
5345803-S04-156I3-A-L-C-190,20.02.2020-08:59:25,1.90000000e+01,6.43870413e-01,8.91342258e+00,1.92015676e-03,1.08654037e+02,8.03465729e+01,1.87689743e+01,1.61415249e-01,4.54206049e-01
5345803-S04-156I3-A-L-C-190,20.02.2020-08:59:27,9.00000000e+00,6.43993616e-01,8.92680073e+00,1.91005296e-03,2.15313507e+02,8.04912720e+01,1.88345985e+01,1.01308390e-01,2.20931873e-01
5345803-S04-156I3-A-L-C-190,20.02.2020-08:59:29,1.90000000e+01,6.44015849e-01,8.92250443e+00,1.89163932e-03,2.29844772e+02,8.03421021e+01,1.87912941e+01,1.16528094e-01,3.78395975e-01
5345803-S04-156I3-A-L-C-190,20.02.2020-08:59:31,9.00000000e+00,6.43967032e-01,8.93068504e+00,1.94123539e-03,1.46525024e+02,8.04382935e+01,1.88296165e+01,1.56959742e-01,2.72443771e-01
5345803-S04-156I3-A-L-C-190,20.02.2020-08:59:33,8.00000000e+00,6.46068394e-01,8.98402786e+00,1.74878840e-03,8.84122391e+01,8.03894196e+01,1.89923496e+01,2.62666494e-01,3.85938168e-01
5345803-S04-156I3-A-L-C-190,20.02.2020-08:59:35,9.00000000e+00,6.44293427e-01,9.01731205e+00,2.17840006e-03,4.78028603e+01,7.97854309e+01,1.88675098e+01,4.09308910e-01,4.76548404e-01
5345803-S04-156I3-A-L-C-190,20.02.2020-08:59:38,9.00000000e+00,6.43838406e-01,9.01460457e+00,2.07806285e-03,6.15419655e+01,7.99231567e+01,1.88810596e+01,3.23439240e-01,3.73265594e-01
5345803-S04-156I3-A-L-C-190,20.02.2020-08:59:40,7.00000000e+00,6.48714542e-01,8.99526501e+00,1.93935796e-03,4.77395287e+01,8.05235672e+01,1.91258526e+01,5.12849748e-01,6.09011769e-01
5345803-S04-156I3-A-L-C-190,20.02.2020-08:59:42,7.00000000e+00,6.48868144e-01,8.99810505e+00,2.07112473e-03,7.57985001e+01,8.03778305e+01,1.91017857e+01,4.17959660e-01,4.97353941e-01
5345803-S04-156I3-A-L-C-190,20.02.2020-09:00:05,9.00000000e+00,6.43624723e-01,8.95057964e+00,2.03440711e-03,1.38497253e+02,8.02967682e+01,1.88283443e+01,2.26498798e-01,3.87244165e-01
5345803-S04-156I3-A-L-C-190,20.02.2020-09:00:07,1.90000000e+01,6.43217802e-01,8.93943024e+00,1.74830819e-03,8.32707825e+01,8.01711044e+01,1.87635918e+01,3.46718132e-01,9.27321315e-01
5345803-S04-156I3-A-L-C-190,20.02.2020-09:00:09,9.00000000e+00,6.43535078e-01,8.91960335e+00,1.83193875e-03,1.96583710e+02,8.06214294e+01,1.88364239e+01,2.70835668e-01,9.17213380e-01
5345803-S04-156I3-A-L-C-190,20.02.2020-09:00:11,7.00000000e+00,6.48736179e-01,9.00701904e+00,1.84062973e-03,2.08852554e+02,8.04902191e+01,1.91435509e+01,1.56088501e-01,2.04414561e-01
5345803-S04-156I3-A-L-C-190,20.02.2020-09:00:13,9.00000000e+00,6.44316673e-01,8.95961952e+00,1.86789699e-03,1.84102142e+02,8.03979263e+01,1.88913918e+01,1.89928904e-01,3.28333318e-01
5345803-S04-156I3-A-L-C-190,20.02.2020-09:00:15,7.00000000e+00,6.48736417e-01,9.01627731e+00,2.05450389e-03,1.42190109e+02,8.03118591e+01,1.91207714e+01,2.45116308e-01,2.99849868e-01
5345803-S04-156I3-A-L-C-190,20.02.2020-09:00:17,9.00000000e+00,6.45597816e-01,8.96427727e+00,1.87396095e-03,7.75250092e+01,8.00802841e+01,1.88639717e+01,4.86447334e-01,5.96393287e-01
5345803-S04-156I3-A-L-C-190,20.02.2020-09:00:20,3.00000000e+00,6.34067297e-01,8.77875519e+00,1.84908637e-03,1.32620163e+02,8.02577744e+01,1.81838417e+01,4.46821898e-01,2.64643693e+00
5345803-S04-156I3-A-L-C-190,20.02.2020-09:00:22,2.00000000e+01,6.41259313e-01,8.89085865e+00,1.92423037e-03,1.75357010e+02,8.04418182e+01,1.86676445e+01,1.82542637e-01,4.90184695e-01
5345803-S04-156I3-A-L-C-190,20.02.2020-09:00:24,2.00000000e+01,6.43481433e-01,8.91995907e+00,2.14879238e-03,1.42261917e+02,8.00219650e+01,1.86955509e+01,2.52258360e-01,5.15206397e-01
5345803-S04-156I3-A-L-C-190,20.02.2020-09:00:47,8.00000000e+00,6.47499740e-01,8.96166515e+00,1.98179646e-03,9.21888199e+01,8.04393539e+01,1.89988403e+01,3.39395940e-01,4.75682169e-01
5345803-S04-156I3-A-L-C-190,20.02.2020-09:00:49,2.00000000e+01,6.40469193e-01,8.91152763e+00,1.98290241e-03,1.09275360e+02,8.01283493e+01,1.86151638e+01,4.08467054e-01,1.08234167e+00
5345803-S04-156I3-A-L-C-190,20.02.2020-09:00:51,2.00000000e+01,6.40533686e-01,8.91377354e+00,1.87074742e-03,1.05214096e+02,8.01018143e+01,1.86155605e+01,4.71316278e-01,1.13366091e+00
5345803-S04-156I3-A-L-C-190,20.02.2020-09:00:53,9.00000000e+00,6.45061791e-01,8.95840836e+00,2.04449217e-03,2.57037933e+02,8.01299438e+01,1.88476486e+01,2.04402342e-01,5.61601818e-01
5345803-S04-156I3-A-L-C-190,20.02.2020-09:00:55,1.90000000e+01,6.43927455e-01,8.95733738e+00,1.92995637e-03,1.23548668e+02,8.00218353e+01,1.87868786e+01,2.28002504e-01,3.48312289e-01
5345803-S04-156I3-A-L-C-190,20.02.2020-09:00:58,9.00000000e+00,6.46061420e-01,8.97056580e+00,1.79823639e-03,2.73596497e+01,7.99991608e+01,1.88716240e+01,5.79679489e-01,7.14861155e-01
5345803-S04-156I3-A-L-C-190,20.02.2020-09:01:00,1.90000000e+01,6.43486738e-01,8.96074390e+00,2.05711345e-03,2.30802292e+02,7.99489746e+01,1.87640591e+01,1.25401124e-01,2.37777397e-01
5345803-S04-156I3-A-L-C-190,20.02.2020-09:01:02,7.00000000e+00,6.47611022e-01,8.98315239e+00,1.93515664e-03,4.14029572e+02,8.04591751e+01,1.90523605e+01,1.19878620e-01,2.45546192e-01
5345803-S04-156I3-A-L-C-190,20.02.2020-09:01:04,7.00000000e+00,6.47891521e-01,8.97911453e+00,2.01076176e-03,1.01505028e+02,8.03492584e+01,1.90260162e+01,2.27116406e-01,3.49070519e-01
5345803-S04-156I3-A-L-C-190,20.02.2020-09:01:06,8.00000000e+00,6.47655129e-01,8.98492050e+00,2.05165148e-03,2.63013794e+02,8.02049255e+01,1.89971867e+01,1.11714385e-01,1.95534289e-01
5345803-S04-156I3-A-L-C-190,20.02.2020-08:49:40,8.00000000e+00,6.47426069e-01,8.97065735e+00,2.04172893e-03,3.22731018e+02,8.03069687e+01,1.89844437e+01,1.03000298e-01,3.21274668e-01
5345803-S04-156I3-A-L-C-190,20.02.2020-08:49:42,9.00000000e+00,6.45023227e-01,8.94404697e+00,1.78484723e-03,1.73866776e+02,8.04070053e+01,1.88813725e+01,1.54837132e-01,2.38120034e-01
5345803-S04-156I3-A-L-C-190,20.02.2020-08:49:44,7.00000000e+00,6.47896647e-01,8.98256683e+00,1.85822288e-03,2.26269211e+02,8.04688568e+01,1.90618153e+01,1.50395006e-01,3.29957098e-01
5345803-S04-156I3-A-L-C-190,20.02.2020-08:49:47,8.00000000e+00,6.45774662e-01,8.96620274e+00,1.89687556e-03,8.03331604e+01,8.04163132e+01,1.89523849e+01,2.35713691e-01,4.29783434e-01
5345803-S04-156I3-A-L-C-190,20.02.2020-08:49:49,9.00000000e+00,6.45566463e-01,8.96115780e+00,1.96427130e-03,2.26522964e+02,8.02910385e+01,1.89061165e+01,1.34801775e-01,2.54874170e-01
5345803-S04-156I3-A-L-C-190,20.02.2020-08:49:51,7.00000000e+00,6.45711660e-01,9.00069523e+00,1.65700191e-03,2.34271790e+02,8.04127197e+01,1.90225887e+01,1.78544998e-01,2.69884884e-01
5345803-S04-156I3-A-L-C-190,20.02.2020-08:49:53,8.00000000e+00,6.46203279e-01,9.00041580e+00,1.88484974e-03,2.01676407e+02,8.02712021e+01,1.90029812e+01,1.40906051e-01,2.01452836e-01
5345803-S04-156I3-A-L-C-190,20.02.2020-08:49:55,7.00000000e+00,6.47334158e-01,8.99873447e+00,1.88448082e-03,1.79627960e+02,8.03944550e+01,1.90619011e+01,1.54854402e-01,2.67318040e-01
5345803-S04-156I3-A-L-C-190,20.02.2020-08:49:57,8.00000000e+00,6.44977927e-01,8.97577381e+00,1.84268760e-03,2.21014694e+02,8.03341370e+01,1.89298477e+01,1.50372654e-01,3.32309484e-01
5345803-S04-156I3-A-L-C-190,20.02.2020-08:49:59,2.00000000e+01,6.40711427e-01,8.91953373e+00,2.05245870e-03,1.68792587e+02,8.01332397e+01,1.86400681e+01,2.46427611e-01,7.09473133e-01
5345803-S04-156I3-A-L-C-190,20.02.2020-08:56:53,9.00000000e+00,6.43727005e-01,8.92661572e+00,1.77461712e-03,2.44584442e+02,8.04496002e+01,1.88166656e+01,9.02785137e-02,2.79149562e-01
5345803-S04-156I3-A-L-C-190,20.02.2020-08:56:55,9.00000000e+00,6.44102514e-01,8.94085884e+00,1.94151385e-03,1.24849930e+02,8.02888336e+01,1.88199997e+01,1.29031315e-01,1.57828242e-01
5345803-S04-156I3-A-L-C-190,20.02.2020-08:56:57,1.90000000e+01,6.43445313e-01,8.88597012e+00,1.84395129e-03,1.65759872e+02,8.03548431e+01,1.87007389e+01,1.36969402e-01,4.10150886e-01
5345803-S04-156I3-A-L-C-190,20.02.2020-08:57:00,9.00000000e+00,6.44029379e-01,8.94898605e+00,1.80139998e-03,1.16504730e+02,8.03508530e+01,1.88495159e+01,1.70003310e-01,2.07213655e-01
5345803-S04-156I3-A-L-C-190,20.02.2020-08:57:02,9.00000000e+00,6.45632148e-01,8.95440483e+00,1.68975873e-03,2.77633575e+02,8.02345200e+01,1.88804932e+01,1.07886858e-01,2.55331874e-01
5345803-S04-156I3-A-L-C-190,20.02.2020-08:57:04,8.00000000e+00,6.45949841e-01,8.96192646e+00,1.68637105e-03,1.22218056e+02,8.03064423e+01,1.89225998e+01,1.74649939e-01,3.63504291e-01
5345803-S04-156I3-A-L-C-190,20.02.2020-08:57:06,8.00000000e+00,6.44502580e-01,8.97756577e+00,1.85717794e-03,1.76186722e+02,8.03773880e+01,1.89298573e+01,1.91558763e-01,4.35268700e-01
5345803-S04-156I3-A-L-C-190,20.02.2020-08:57:08,9.00000000e+00,6.44306540e-01,8.97284222e+00,1.76740205e-03,1.58037064e+02,8.01778717e+01,1.88671932e+01,1.48941889e-01,2.00434729e-01
5345803-S04-156I3-A-L-C-190,20.02.2020-08:57:10,7.00000000e+00,6.47433579e-01,8.98681736e+00,1.84873177e-03,2.27921646e+02,8.04991684e+01,1.90643806e+01,1.51326761e-01,3.02835613e-01
5345803-S04-156I3-A-L-C-190,20.02.2020-08:57:12,8.00000000e+00,6.45354748e-01,8.97326183e+00,1.68322108e-03,1.33454010e+02,8.03592606e+01,1.89415264e+01,1.62676170e-01,2.29164779e-01
5345803-S04-156I3-A-L-C-190,20.02.2020-08:57:56,2.00000000e+01,6.40784264e-01,8.92276859e+00,2.24296772e-03,2.91388611e+02,8.00286713e+01,1.86246128e+01,2.18142509e-01,9.96440291e-01
5345803-S04-156I3-A-L-C-190,20.02.2020-08:57:58,2.00000000e+01,6.41560972e-01,8.91846657e+00,2.04766239e-03,1.75591782e+02,8.02186890e+01,1.86824532e+01,2.77574033e-01,1.47539663e+00
5345803-S04-156I3-A-L-C-190,20.02.2020-08:58:01,1.90000000e+01,6.42030299e-01,8.92500687e+00,1.83001056e-03,2.12039551e+02,8.03143005e+01,1.87321281e+01,2.16000155e-01,1.21401370e+00
5345803-S04-156I3-A-L-C-190,20.02.2020-08:58:03,9.00000000e+00,6.45798445e-01,8.96829987e+00,1.86416740e-03,2.30760330e+02,8.01036224e+01,1.88838024e+01,1.12312406e-01,3.15781236e-01
5345803-S04-156I3-A-L-C-190,20.02.2020-08:58:05,8.00000000e+00,6.45933211e-01,8.96906090e+00,1.90156256e-03,2.53430588e+02,8.02208176e+01,1.89169846e+01,1.67045698e-01,3.72212142e-01
5345803-S04-156I3-A-L-C-190,20.02.2020-08:58:07,8.00000000e+00,6.46114945e-01,8.98867607e+00,1.93024450e-03,2.80848785e+02,8.01318817e+01,1.89426651e+01,9.46841463e-02,2.14531302e-01
5345803-S04-156I3-A-L-C-190,20.02.2020-08:58:09,2.00000000e+01,6.40921235e-01,8.92691040e+00,2.04330240e-03,4.41049103e+02,8.02104721e+01,1.86795807e+01,1.39490262e-01,5.91198683e-01
5345803-S04-156I3-A-L-C-190,20.02.2020-08:58:11,9.00000000e+00,6.45211697e-01,8.95124435e+00,1.92041555e-03,1.16447456e+02,8.03102188e+01,1.88793354e+01,1.71581700e-01,3.44269723e-01
5345803-S04-156I3-A-L-C-190,20.02.2020-08:58:13,2.00000000e+01,6.42368734e-01,8.90244961e+00,1.97136169e-03,2.49956375e+02,8.02336349e+01,1.86758575e+01,2.29832008e-01,1.07585323e+00
5345803-S04-156I3-A-L-C-190,20.02.2020-08:58:15,9.00000000e+00,6.45044565e-01,8.96747875e+00,1.75699766e-03,1.97404938e+02,8.01254425e+01,1.88651695e+01,1.67948201e-01,4.01115239e-01
5345803-S04-156I3-A-L-C-190,20.02.2020-08:59:44,8.00000000e+00,6.44065738e-01,9.01712894e+00,1.93365524e-03,8.87404175e+01,8.00743942e+01,1.89287663e+01,3.04920226e-01,3.50261152e-01
5345803-S04-156I3-A-L-C-190,20.02.2020-08:59:46,8.00000000e+00,6.46817625e-01,8.95577145e+00,1.82258349e-03,8.81807785e+01,8.03715134e+01,1.89503479e+01,3.69109690e-01,6.88335598e-01
5345803-S04-156I3-A-L-C-190,20.02.2020-08:59:48,8.00000000e+00,6.45849228e-01,8.95943356e+00,1.87869999e-03,6.88781128e+01,8.03442459e+01,1.89232903e+01,4.89456564e-01,7.84906685e-01
5345803-S04-156I3-A-L-C-190,20.02.2020-08:59:50,9.00000000e+00,6.45774066e-01,8.95953274e+00,2.04873714e-03,4.34031944e+01,8.02105865e+01,1.88898220e+01,7.28463948e-01,1.08543491e+00
5345803-S04-156I3-A-L-C-190,20.02.2020-08:59:52,2.00000000e+01,6.41982913e-01,8.95132923e+00,2.17187614e-03,6.14473228e+01,7.97821350e+01,1.86615124e+01,5.44919133e-01,9.25628603e-01
5345803-S04-156I3-A-L-C-190,20.02.2020-08:59:54,1.90000000e+01,6.42664194e-01,8.96576500e+00,1.96230225e-03,4.80067749e+01,7.98310623e+01,1.87229195e+01,7.02609897e-01,1.24950480e+00
5345803-S04-156I3-A-L-C-190,20.02.2020-08:59:56,8.00000000e+00,6.46029651e-01,8.96040821e+00,1.82335894e-03,3.05039005e+01,8.03143005e+01,1.89235802e+01,9.62787449e-01,1.41179574e+00
5345803-S04-156I3-A-L-C-190,20.02.2020-08:59:59,9.00000000e+00,6.45418346e-01,8.95429993e+00,1.64923782e-03,2.48034630e+01,8.01407089e+01,1.88519535e+01,1.07422781e+00,1.61268055e+00
5345803-S04-156I3-A-L-C-190,20.02.2020-09:00:01,9.00000000e+00,6.45259857e-01,8.97803879e+00,1.84231077e-03,5.45692368e+01,8.01835709e+01,1.89073963e+01,5.40126264e-01,7.22018600e-01
5345803-S04-156I3-A-L-C-190,20.02.2020-09:00:03,8.00000000e+00,6.44843400e-01,8.98298550e+00,1.93076255e-03,1.32116638e+02,8.03079376e+01,1.89349289e+01,2.20063373e-01,3.85585248e-01
5345803-S04-156I3-A-L-C-190,20.02.2020-09:00:26,1.90000000e+01,6.42896593e-01,8.90007114e+00,1.77841308e-03,1.86012985e+02,8.03229523e+01,1.87070122e+01,2.06230208e-01,4.65405822e-01
5345803-S04-156I3-A-L-C-190,20.02.2020-09:00:28,7.00000000e+00,6.46902263e-01,8.98046780e+00,1.84483873e-03,2.68373749e+02,8.05129166e+01,1.90385284e+01,6.79952279e-02,1.42014399e-01
5345803-S04-156I3-A-L-C-190,20.02.2020-09:00:30,2.00000000e+01,6.42723322e-01,8.89563847e+00,1.86532899e-03,1.97108932e+02,8.02352600e+01,1.86722488e+01,1.84168950e-01,3.94156843e-01
5345803-S04-156I3-A-L-C-190,20.02.2020-09:00:32,1.90000000e+01,6.42686963e-01,8.90735912e+00,1.87566772e-03,1.16744026e+02,8.02613068e+01,1.87018623e+01,2.44074702e-01,4.41117227e-01
5345803-S04-156I3-A-L-C-190,20.02.2020-09:00:34,2.00000000e+01,6.42030120e-01,8.89216423e+00,1.87387748e-03,1.24381348e+02,8.03195114e+01,1.86644039e+01,1.97935849e-01,4.70944077e-01
5345803-S04-156I3-A-L-C-190,20.02.2020-09:00:37,8.00000000e+00,6.47530735e-01,8.98261642e+00,1.99764641e-03,1.56285110e+02,8.03065186e+01,1.90127201e+01,1.40993610e-01,2.28225797e-01
5345803-S04-156I3-A-L-C-190,20.02.2020-09:00:39,2.00000000e+01,6.41396940e-01,8.88111496e+00,1.71381223e-03,2.81305939e+02,8.03704224e+01,1.86346321e+01,1.21634856e-01,5.64368367e-01
5345803-S04-156I3-A-L-C-190,20.02.2020-09:00:41,8.00000000e+00,6.48092031e-01,8.96920681e+00,2.17391457e-03,1.31745178e+02,8.01684799e+01,1.89681320e+01,1.67653173e-01,3.42290252e-01
5345803-S04-156I3-A-L-C-190,20.02.2020-09:00:43,2.00000000e+01,6.41042709e-01,8.91644001e+00,2.03946629e-03,1.77828735e+02,8.00206146e+01,1.86170368e+01,1.90839544e-01,6.03721380e-01
5345803-S04-156I3-A-L-C-190,20.02.2020-09:00:45,2.00000000e+01,6.41214192e-01,8.90739632e+00,1.88789435e-03,2.35526154e+02,8.01331100e+01,1.86292801e+01,1.99355409e-01,7.24858165e-01
5345803-S04-156I3-A-L-C-190,20.02.2020-09:01:08,8.00000000e+00,6.47176921e-01,8.97576714e+00,2.15862878e-03,1.75101700e+02,8.02726746e+01,1.89798393e+01,1.37906909e-01,2.42715314e-01
5345803-S04-156I3-A-L-C-190,20.02.2020-09:01:10,2.00000000e+01,6.40469432e-01,8.89890289e+00,1.94111816e-03,4.36396271e+02,8.02321930e+01,1.86128864e+01,1.44067883e-01,5.80028951e-01
5345803-S04-156I3-A-L-C-190,20.02.2020-09:01:12,2.00000000e+01,6.41059875e-01,8.90726566e+00,1.85825862e-03,1.20441872e+02,8.01531219e+01,1.86291771e+01,2.00867951e-01,6.16066575e-01
5345803-S04-156I3-A-L-C-190,20.02.2020-09:01:14,9.00000000e+00,6.45471036e-01,8.96986866e+00,1.95522606e-03,2.20730545e+02,8.00969315e+01,1.88759556e+01,1.86738223e-01,2.56044209e-01
5345803-S04-156I3-A-L-C-190,20.02.2020-09:01:16,9.00000000e+00,6.44817829e-01,8.96913338e+00,2.05006031e-03,2.22498581e+02,8.01568375e+01,1.88694096e+01,1.21481590e-01,1.79376170e-01
5345803-S04-156I3-A-L-C-190,20.02.2020-09:01:18,9.00000000e+00,6.45405114e-01,8.97286129e+00,1.99454580e-03,3.46092468e+02,8.01351852e+01,1.88893394e+01,1.21869728e-01,1.79633573e-01
5345803-S04-156I3-A-L-C-190,20.02.2020-09:01:21,9.00000000e+00,6.45590425e-01,8.97206879e+00,2.11490225e-03,2.49927658e+02,8.00309219e+01,1.88685150e+01,1.10960849e-01,1.61667854e-01
5345803-S04-156I3-A-L-C-190,20.02.2020-09:01:23,1.90000000e+01,6.44124985e-01,8.96681786e+00,2.02636048e-03,2.69891815e+02,7.98576050e+01,1.87739201e+01,1.42927542e-01,2.42008552e-01
5345803-S04-156I3-A-L-C-190,20.02.2020-09:01:25,1.90000000e+01,6.44563019e-01,8.93991852e+00,2.00029439e-03,1.48949127e+02,8.01089249e+01,1.87892761e+01,2.02440903e-01,4.27723378e-01
5345803-S04-156I3-A-L-C-190,20.02.2020-09:01:27,1.90000000e+01,6.43542051e-01,8.93831253e+00,2.02239933e-03,2.45829681e+02,8.01435776e+01,1.87642574e+01,1.43875673e-01,4.05357391e-01
5345803-S04-156I3-A-L-C-190,20.02.2020-09:01:50,9.00000000e+00,6.43954754e-01,8.97240543e+00,1.88450143e-03,2.71800903e+02,8.01862183e+01,1.88579369e+01,1.23518065e-01,2.40805089e-01
5345803-S04-156I3-A-L-C-190,20.02.2020-09:01:52,9.00000000e+00,6.44281507e-01,8.95837307e+00,1.59828796e-03,3.73943756e+02,8.02533875e+01,1.88537769e+01,1.27622709e-01,2.35049859e-01
5345803-S04-156I3-A-L-C-190,20.02.2020-09:01:54,7.00000000e+00,6.47511423e-01,8.98210716e+00,1.91925501e-03,1.99088821e+02,8.04301300e+01,1.90403347e+01,1.44692123e-01,2.41083890e-01
5345803-S04-156I3-A-L-C-190,20.02.2020-09:01:56,2.00000000e+01,6.42130077e-01,8.91727257e+00,2.08876445e-03,2.13822662e+02,8.01317825e+01,1.86762657e+01,1.67352647e-01,4.62254643e-01
5345803-S04-156I3-A-L-C-190,20.02.2020-09:01:58,1.90000000e+01,6.43633425e-01,8.93435574e+00,2.19714409e-03,2.04517303e+02,7.99952393e+01,1.87238941e+01,1.67381853e-01,4.26263541e-01
5345803-S04-156I3-A-L-C-190,20.02.2020-09:02:00,1.90000000e+01,6.43333256e-01,8.93937016e+00,1.92939793e-03,3.23884827e+02,8.03002853e+01,1.87970715e+01,1.21211275e-01,2.91480660e-01
5345803-S04-156I3-A-L-C-190,20.02.2020-09:02:03,9.00000000e+00,6.44413650e-01,8.98016834e+00,1.78213604e-03,7.37724686e+01,8.02320709e+01,1.88985043e+01,2.79283881e-01,4.06739861e-01
5345803-S04-156I3-A-L-C-190,20.02.2020-09:02:05,9.00000000e+00,6.44944131e-01,8.95908260e+00,2.02000653e-03,9.05529861e+01,8.00738678e+01,1.88324413e+01,1.85462296e-01,2.34813601e-01
5345803-S04-156I3-A-L-C-190,20.02.2020-09:02:07,8.00000000e+00,6.46192193e-01,8.98838139e+00,1.98164280e-03,1.64511276e+02,8.02597046e+01,1.89745255e+01,1.08950168e-01,1.56133100e-01
5345803-S04-156I3-A-L-C-190,20.02.2020-09:02:09,9.00000000e+00,6.44881666e-01,8.95794678e+00,1.82764465e-03,1.82496033e+02,8.01765747e+01,1.88523827e+01,9.91639644e-02,1.30714998e-01
5345803-S04-156I3-A-L-C-190,20.02.2020-09:02:32,9.00000000e+00,6.43637836e-01,8.94367504e+00,2.00517965e-03,2.24505585e+02,8.02738495e+01,1.88088341e+01,6.70984536e-02,8.51404965e-02
5345803-S04-156I3-A-L-C-190,20.02.2020-09:02:34,9.00000000e+00,6.44746363e-01,8.96988964e+00,1.98984775e-03,1.72421539e+02,8.02050781e+01,1.88802624e+01,9.06822309e-02,1.61542699e-01
5345803-S04-156I3-A-L-C-190,20.02.2020-09:02:36,1.90000000e+01,6.43050969e-01,8.93961143e+00,1.78449799e-03,1.32114227e+02,8.02251282e+01,1.87717457e+01,1.74437955e-01,4.01352108e-01
5345803-S04-156I3-A-L-C-190,20.02.2020-09:02:38,9.00000000e+00,6.44615352e-01,8.95562267e+00,1.89009740e-03,2.67912689e+02,8.01903000e+01,1.88429298e+01,6.17726073e-02,7.84242600e-02
5345803-S04-156I3-A-L-C-190,20.02.2020-09:02:40,8.00000000e+00,6.45691574e-01,8.97080994e+00,1.63717277e-03,2.72331970e+02,8.04465256e+01,1.89668102e+01,6.42602816e-02,1.25841394e-01
5345803-S04-156I3-A-L-C-190,20.02.2020-09:02:42,1.90000000e+01,6.42742395e-01,8.94017220e+00,1.61490787e-03,2.73287659e+02,8.00670471e+01,1.87269421e+01,8.81367326e-02,1.47615135e-01
5345803-S04-156I3-A-L-C-190,20.02.2020-09:02:44,2.00000000e+01,6.44046664e-01,8.92392063e+00,2.04509823e-03,1.60750931e+02,7.98594818e+01,1.86822739e+01,1.29470393e-01,1.62667945e-01
5345803-S04-156I3-A-L-C-190,20.02.2020-09:02:46,1.90000000e+01,6.41425192e-01,8.94761181e+00,2.03248090e-03,2.04774902e+02,8.00762024e+01,1.87062531e+01,1.05755597e-01,1.72698185e-01
5345803-S04-156I3-A-L-C-190,20.02.2020-09:02:49,9.00000000e+00,6.43959045e-01,8.96555042e+00,2.02615908e-03,4.06273499e+02,8.01841660e+01,1.88431721e+01,5.13063222e-02,7.72395954e-02
5345803-S04-156I3-A-L-C-190,20.02.2020-09:02:51,9.00000000e+00,6.44255996e-01,8.96943760e+00,1.62312831e-03,3.84605652e+02,8.03200073e+01,1.88919849e+01,5.61913066e-02,8.50976259e-02
5345803-S04-156I3-A-L-C-190,20.02.2020-08:51:05,2.00000000e+01,6.40606403e-01,8.92794514e+00,1.98378926e-03,3.12544281e+02,8.02238159e+01,1.86756744e+01,1.44781470e-01,5.93512833e-01
5345803-S04-156I3-A-L-C-190,20.02.2020-08:51:07,2.10000000e+01,6.38746142e-01,8.88270760e+00,1.88997888e-03,2.34843155e+02,8.02225037e+01,1.85267830e+01,2.47301832e-01,8.73279691e-01
5345803-S04-156I3-A-L-C-190,20.02.2020-08:51:09,9.00000000e+00,6.44177794e-01,8.96589756e+00,2.12488952e-03,1.76817307e+02,8.00502777e+01,1.88188286e+01,1.43253088e-01,1.89323083e-01
5345803-S04-156I3-A-L-C-190,20.02.2020-08:51:11,8.00000000e+00,6.46028996e-01,8.99331951e+00,1.93457375e-03,1.38561996e+02,8.02316513e+01,1.89735222e+01,2.05361351e-01,2.84192711e-01
5345803-S04-156I3-A-L-C-190,20.02.2020-08:51:13,7.00000000e+00,6.46594346e-01,9.02242661e+00,2.02220934e-03,2.24763245e+02,8.02763443e+01,1.90622005e+01,1.32388949e-01,1.92714870e-01
5345803-S04-156I3-A-L-C-190,20.02.2020-08:51:15,9.00000000e+00,6.45256579e-01,8.93662834e+00,2.02090456e-03,1.91125473e+02,8.03034515e+01,1.88482304e+01,1.43587500e-01,2.65298486e-01
5345803-S04-156I3-A-L-C-190,20.02.2020-08:51:17,8.00000000e+00,6.47561431e-01,8.96732426e+00,1.79111317e-03,1.17824089e+02,8.03970490e+01,1.90026493e+01,1.95641160e-01,4.19262975e-01
5345803-S04-156I3-A-L-C-190,20.02.2020-08:51:19,8.00000000e+00,6.46871567e-01,8.96929741e+00,1.81262405e-03,9.71757889e+01,8.03069077e+01,1.89652958e+01,2.53490567e-01,5.03428817e-01
5345803-S04-156I3-A-L-C-190,20.02.2020-08:51:22,9.00000000e+00,6.44386292e-01,8.94851875e+00,1.81672757e-03,2.35174469e+02,8.03821793e+01,1.88663292e+01,1.04828268e-01,1.77152887e-01
5345803-S04-156I3-A-L-C-190,20.02.2020-08:51:24,8.00000000e+00,6.47082269e-01,8.96903706e+00,1.51436764e-03,5.92672539e+01,8.02986984e+01,1.89689827e+01,4.09336120e-01,6.12188816e-01
5345803-S04-156I3-A-L-C-190,20.02.2020-08:57:14,2.10000000e+01,6.38127744e-01,8.87789154e+00,2.14165403e-03,1.73952255e+02,8.03572540e+01,1.85298862e+01,2.67640591e-01,8.08166683e-01
5345803-S04-156I3-A-L-C-190,20.02.2020-08:57:16,7.00000000e+00,6.47949100e-01,8.99195957e+00,2.10210821e-03,3.90198273e+02,8.03108597e+01,1.90458221e+01,9.18497890e-02,1.79078192e-01
5345803-S04-156I3-A-L-C-190,20.02.2020-08:57:19,7.00000000e+00,6.48021281e-01,8.99245358e+00,1.85759598e-03,2.81806274e+02,8.04915237e+01,1.90918407e+01,1.28570691e-01,2.39299253e-01
5345803-S04-156I3-A-L-C-190,20.02.2020-08:57:21,8.00000000e+00,6.45961881e-01,9.00119209e+00,1.82346476e-03,1.59269943e+02,8.02989120e+01,1.90040760e+01,1.37335211e-01,2.35741273e-01
5345803-S04-156I3-A-L-C-190,20.02.2020-08:57:23,2.00000000e+01,6.40872002e-01,8.90631294e+00,2.21960526e-03,1.91552536e+02,8.01240234e+01,1.86149635e+01,2.48925686e-01,1.12607896e+00
5345803-S04-156I3-A-L-C-190,20.02.2020-08:57:25,9.00000000e+00,6.45627379e-01,8.96382809e+00,1.81179552e-03,3.83797485e+02,8.02707596e+01,1.89087582e+01,7.54155442e-02,2.37519398e-01
5345803-S04-156I3-A-L-C-190,20.02.2020-08:57:27,2.10000000e+01,6.40015483e-01,8.86290932e+00,1.72385143e-03,1.85017822e+02,8.02898331e+01,1.85377731e+01,2.69138455e-01,9.73787367e-01
5345803-S04-156I3-A-L-C-190,20.02.2020-08:57:29,8.00000000e+00,6.45706594e-01,8.97672749e+00,1.85554579e-03,1.17158455e+02,8.03464279e+01,1.89561443e+01,1.69828653e-01,2.49117583e-01
5345803-S04-156I3-A-L-C-190,20.02.2020-08:57:31,9.00000000e+00,6.44620657e-01,8.94328213e+00,1.77025190e-03,1.85146378e+02,8.02308807e+01,1.88266430e+01,1.87229052e-01,4.49830055e-01
5345803-S04-156I3-A-L-C-190,20.02.2020-08:57:33,8.00000000e+00,6.45865381e-01,8.95819569e+00,1.59989472e-03,3.51240631e+02,8.03216934e+01,1.89158401e+01,9.61059704e-02,2.78810382e-01
5345803-S04-156I3-A-L-C-190,20.02.2020-09:01:29,8.00000000e+00,6.47004962e-01,8.98124313e+00,2.03958107e-03,9.76244659e+01,8.01968613e+01,1.89684391e+01,2.48438373e-01,3.73790741e-01
5345803-S04-156I3-A-L-C-190,20.02.2020-09:01:31,8.00000000e+00,6.47063673e-01,8.97754955e+00,2.03925441e-03,1.53227509e+02,8.02530670e+01,1.89756489e+01,2.12516993e-01,3.34424555e-01
5345803-S04-156I3-A-L-C-190,20.02.2020-09:01:33,8.00000000e+00,6.47581160e-01,8.97237015e+00,1.95231859e-03,1.55531677e+02,8.03891068e+01,1.90120449e+01,2.01001689e-01,3.54590774e-01
5345803-S04-156I3-A-L-C-190,20.02.2020-09:01:35,8.00000000e+00,6.48069024e-01,8.98602772e+00,1.96549296e-03,8.74236374e+01,8.02011948e+01,1.90107841e+01,3.33263189e-01,4.73156750e-01
5345803-S04-156I3-A-L-C-190,20.02.2020-09:01:37,2.00000000e+01,6.40942216e-01,8.90061378e+00,1.85620866e-03,8.88688812e+01,8.01512299e+01,1.86114082e+01,3.24177414e-01,9.17467713e-01
5345803-S04-156I3-A-L-C-190,20.02.2020-09:01:39,2.00000000e+01,6.41346037e-01,8.91265965e+00,1.94797141e-03,1.34203201e+02,8.00259933e+01,1.86192017e+01,3.07589322e-01,7.53760219e-01
5345803-S04-156I3-A-L-C-190,20.02.2020-09:01:42,8.00000000e+00,6.47856712e-01,8.97219467e+00,2.09559524e-03,4.36248688e+02,8.02678452e+01,1.89910717e+01,8.77656192e-02,2.08953634e-01
5345803-S04-156I3-A-L-C-190,20.02.2020-09:01:44,8.00000000e+00,6.47386611e-01,8.96914291e+00,2.01283069e-03,2.54226898e+02,8.03001099e+01,1.89784603e+01,9.75022689e-02,1.86088458e-01
5345803-S04-156I3-A-L-C-190,20.02.2020-09:01:46,2.10000000e+01,6.39627159e-01,8.90744114e+00,2.04196479e-03,1.02709923e+02,8.00605850e+01,1.85664463e+01,2.63100594e-01,7.34637022e-01
5345803-S04-156I3-A-L-C-190,20.02.2020-09:01:48,2.00000000e+01,6.42198086e-01,8.89852810e+00,1.91730750e-03,2.41001526e+02,8.02058105e+01,1.86562023e+01,1.47073522e-01,4.53291774e-01
5345803-S04-156I3-A-L-C-190,20.02.2020-09:02:11,2.00000000e+01,6.40148938e-01,8.90537739e+00,1.68998574e-03,1.21908272e+02,8.01652756e+01,1.86015816e+01,1.85892656e-01,3.63524824e-01
5345803-S04-156I3-A-L-C-190,20.02.2020-09:02:13,9.00000000e+00,6.44878149e-01,8.95585346e+00,1.95452059e-03,2.63393280e+02,8.01674881e+01,1.88457375e+01,7.12139755e-02,9.63450596e-02
5345803-S04-156I3-A-L-C-190,20.02.2020-09:02:15,9.00000000e+00,6.44213140e-01,8.94617558e+00,1.71538361e-03,2.52641876e+02,8.02232895e+01,1.88190460e+01,6.76936582e-02,8.95972624e-02
5345803-S04-156I3-A-L-C-190,20.02.2020-09:02:17,1.90000000e+01,6.43278718e-01,8.92671871e+00,1.70264055e-03,1.88585327e+02,8.02604370e+01,1.87595634e+01,1.04796931e-01,2.21770421e-01
5345803-S04-156I3-A-L-C-190,20.02.2020-09:02:19,1.90000000e+01,6.44516885e-01,8.93824577e+00,1.68341585e-03,1.91885040e+02,7.98996429e+01,1.87353401e+01,1.03657857e-01,1.30982995e-01
5345803-S04-156I3-A-L-C-190,20.02.2020-09:02:21,9.00000000e+00,6.44124150e-01,8.95804787e+00,2.04399135e-03,2.93144012e+02,8.01997604e+01,1.88358936e+01,6.72581270e-02,9.42037031e-02
5345803-S04-156I3-A-L-C-190,20.02.2020-09:02:23,1.90000000e+01,6.43540561e-01,8.93318176e+00,2.06499663e-03,2.71292542e+02,8.00841141e+01,1.87395287e+01,7.53200948e-02,2.22280130e-01
5345803-S04-156I3-A-L-C-190,20.02.2020-09:02:26,1.90000000e+01,6.42576814e-01,8.90444565e+00,1.69009191e-03,1.48408112e+02,8.04657593e+01,1.87401581e+01,1.33327976e-01,2.36836836e-01
5345803-S04-156I3-A-L-C-190,20.02.2020-09:02:28,9.00000000e+00,6.44974291e-01,8.96823883e+00,1.97627186e-03,1.29532639e+02,8.01781845e+01,1.88771324e+01,1.31286800e-01,2.19509438e-01
5345803-S04-156I3-A-L-C-190,20.02.2020-09:02:30,1.90000000e+01,6.42812014e-01,8.89907932e+00,1.90998847e-03,2.86257782e+02,8.03292007e+01,1.87039223e+01,4.88007441e-02,1.75771698e-01
5345803-S04-156I3-A-L-C-190,20.02.2020-09:02:53,9.00000000e+00,6.44320428e-01,8.93965816e+00,1.94550969e-03,1.32362778e+02,8.02369843e+01,1.88116817e+01,1.19072773e-01,1.63253427e-01
5345803-S04-156I3-A-L-C-190,20.02.2020-09:02:55,9.00000000e+00,6.44464254e-01,8.94204426e+00,1.77830760e-03,3.30244415e+02,8.02886505e+01,1.88330212e+01,5.39301969e-02,7.47249573e-02
5345803-S04-156I3-A-L-C-190,20.02.2020-09:02:57,9.00000000e+00,6.43954456e-01,8.93220615e+00,1.98512198e-03,2.64679993e+02,8.03027878e+01,1.88007298e+01,5.78666180e-02,8.46899003e-02
5345803-S04-156I3-A-L-C-190,20.02.2020-09:02:59,1.90000000e+01,6.42582297e-01,8.94361496e+00,1.76976074e-03,2.28239700e+02,8.01470261e+01,1.87481956e+01,7.32592568e-02,1.34756431e-01
5345803-S04-156I3-A-L-C-190,20.02.2020-09:03:01,9.00000000e+00,6.44233406e-01,8.94071484e+00,1.77055225e-03,1.79777298e+02,8.04822998e+01,1.88688774e+01,1.29791275e-01,1.70738876e-01
5345803-S04-156I3-A-L-C-190,20.02.2020-09:03:03,2.00000000e+01,6.42184913e-01,8.91376877e+00,1.92242756e-03,2.27889847e+02,8.01320496e+01,1.86705837e+01,6.31918758e-02,7.84692988e-02
5345803-S04-156I3-A-L-C-190,20.02.2020-09:03:05,9.00000000e+00,6.45210624e-01,8.95364857e+00,2.01281742e-03,2.70602844e+02,8.01870575e+01,1.88554115e+01,6.53218925e-02,9.77342054e-02
5345803-S04-156I3-A-L-C-190,20.02.2020-09:03:07,2.00000000e+01,6.41475081e-01,8.90274429e+00,1.53387745e-03,2.41376450e+02,8.03435364e+01,1.86760426e+01,6.36099428e-02,7.82721266e-02
5345803-S04-156I3-A-L-C-190,20.02.2020-09:03:09,2.00000000e+01,6.42725587e-01,8.91713810e+00,1.72717136e-03,1.31034103e+02,8.00120316e+01,1.86653690e+01,1.59268141e-01,1.89091772e-01
5345803-S04-156I3-A-L-C-190,20.02.2020-09:03:12,1.90000000e+01,6.43226147e-01,8.93692589e+00,1.95304782e-03,3.85509674e+02,8.01244202e+01,1.87476540e+01,8.08622167e-02,2.93531984e-01
5345803-S04-156I3-A-L-C-190,20.02.2020-09:03:35,2.00000000e+01,6.43257916e-01,8.88326740e+00,1.85932301e-03,1.23415314e+02,8.03050385e+01,1.86780186e+01,1.92510888e-01,4.30997699e-01
5345803-S04-156I3-A-L-C-190,20.02.2020-09:03:37,1.00000000e+00,6.38311446e-01,8.84229183e+00,1.90286909e-03,1.14262794e+02,8.01446762e+01,1.84120598e+01,2.88016289e-01,8.37633431e-01
5345803-S04-156I3-A-L-C-190,20.02.2020-09:03:39,2.00000000e+01,6.42912865e-01,8.88014317e+00,1.74900971e-03,1.66239075e+02,8.04128342e+01,1.86864853e+01,1.70197427e-01,3.67340326e-01
5345803-S04-156I3-A-L-C-190,20.02.2020-09:03:41,2.00000000e+00,6.38239086e-01,8.82553959e+00,1.63128320e-03,8.14600220e+01,8.01761703e+01,1.83823128e+01,3.40033501e-01,1.38270855e+00
5345803-S04-156I3-A-L-C-190,20.02.2020-09:03:43,1.00000000e+00,6.38369560e-01,8.83523464e+00,1.73646433e-03,1.01179329e+02,8.01959534e+01,1.84108105e+01,3.30976218e-01,1.11933124e+00
5345803-S04-156I3-A-L-C-190,20.02.2020-09:03:45,1.90000000e+01,6.43732727e-01,8.91914082e+00,2.02504871e-03,1.22914146e+02,8.04350815e+01,1.87976837e+01,1.81063414e-01,2.28960499e-01
5345803-S04-156I3-A-L-C-190,20.02.2020-09:03:47,2.00000000e+00,6.37323141e-01,8.82772827e+00,1.60710141e-03,1.67903961e+02,8.02795258e+01,1.83841534e+01,1.70181558e-01,3.78232539e-01
5345803-S04-156I3-A-L-C-190,20.02.2020-09:03:49,9.00000000e+00,6.44099712e-01,8.97426033e+00,1.84468413e-03,1.26095230e+02,8.02318497e+01,1.88768177e+01,2.46683910e-01,3.84378314e-01
5345803-S04-156I3-A-L-C-190,20.02.2020-09:03:51,2.00000000e+01,6.43596888e-01,8.90065861e+00,2.33090250e-03,2.31584625e+02,7.98644180e+01,1.86217117e+01,1.80124104e-01,5.18541276e-01
5345803-S04-156I3-A-L-C-190,20.02.2020-09:03:53,2.00000000e+01,6.43524349e-01,8.90392017e+00,1.67613709e-03,1.79791748e+02,8.01562805e+01,1.86945057e+01,2.44714290e-01,5.54658949e-01
5345803-S04-156I3-A-L-C-190,20.02.2020-09:04:16,2.10000000e+01,6.42340004e-01,8.84944534e+00,1.71550270e-03,1.46405930e+02,8.03715363e+01,1.85957413e+01,1.72887355e-01,3.48562956e-01
5345803-S04-156I3-A-L-C-190,20.02.2020-09:04:19,1.90000000e+01,6.43307328e-01,8.87885857e+00,1.83257891e-03,1.35548553e+02,8.05352936e+01,1.87237186e+01,1.60591245e-01,2.53386587e-01
5345803-S04-156I3-A-L-C-190,20.02.2020-09:04:21,9.00000000e+00,6.43542886e-01,8.90863991e+00,1.89857476e-03,1.13695892e+02,8.05690918e+01,1.88012867e+01,2.24207640e-01,3.43711346e-01
5345803-S04-156I3-A-L-C-190,20.02.2020-09:04:23,9.00000000e+00,6.44763350e-01,8.92072964e+00,1.78385945e-03,2.09953842e+02,8.05189743e+01,1.88507729e+01,1.45620272e-01,3.59314591e-01
5345803-S04-156I3-A-L-C-190,20.02.2020-09:04:25,9.00000000e+00,6.44734025e-01,8.93159676e+00,1.66677369e-03,1.96500244e+02,8.06156082e+01,1.88955288e+01,1.56827509e-01,3.37581187e-01
5345803-S04-156I3-A-L-C-190,20.02.2020-09:04:27,1.90000000e+01,6.43607378e-01,8.90011883e+00,1.86443143e-03,2.56897240e+01,8.03527222e+01,1.87347374e+01,5.42630970e-01,9.64593470e-01
5345803-S04-156I3-A-L-C-190,20.02.2020-09:04:29,1.90000000e+01,6.43810451e-01,8.91834927e+00,2.10307795e-03,1.51470306e+02,8.03691254e+01,1.87828693e+01,1.41861856e-01,3.86718810e-01
5345803-S04-156I3-A-L-C-190,20.02.2020-09:04:31,8.00000000e+00,6.45327926e-01,8.94408894e+00,1.89436146e-03,2.91552582e+02,8.04989471e+01,1.89119778e+01,8.87479559e-02,2.18905687e-01
5345803-S04-156I3-A-L-C-190,20.02.2020-09:04:33,8.00000000e+00,6.45594001e-01,8.93676949e+00,1.71811040e-03,6.77708435e+02,8.05990372e+01,1.89277973e+01,6.10086955e-02,1.98377609e-01
5345803-S04-156I3-A-L-C-190,20.02.2020-09:04:35,9.00000000e+00,6.44255400e-01,8.91848850e+00,1.71724579e-03,3.70643555e+02,8.04638367e+01,1.88182945e+01,8.69872719e-02,3.81435961e-01
5345803-S04-156I3-A-L-C-190,20.02.2020-09:05:38,9.00000000e+00,6.44687474e-01,8.92232990e+00,1.70466141e-03,6.38645210e+01,8.06778183e+01,1.88891220e+01,3.61811578e-01,5.23518741e-01
5345803-S04-156I3-A-L-C-190,20.02.2020-09:05:40,9.00000000e+00,6.44995689e-01,8.92668819e+00,1.70137431e-03,1.03791695e+02,8.04980164e+01,1.88652496e+01,2.91456312e-01,4.84751493e-01
5345803-S04-156I3-A-L-C-190,20.02.2020-09:05:42,9.00000000e+00,6.44322813e-01,8.91471004e+00,2.17058370e-03,1.42999573e+02,8.04633255e+01,1.88121700e+01,1.54754549e-01,3.59603435e-01
5345803-S04-156I3-A-L-C-190,20.02.2020-09:05:45,1.90000000e+01,6.44012809e-01,8.89942169e+00,1.84031110e-03,7.68787079e+01,8.04058685e+01,1.87574692e+01,2.69975573e-01,5.21633148e-01
5345803-S04-156I3-A-L-C-190,20.02.2020-09:05:47,2.00000000e+01,6.41832829e-01,8.90474224e+00,2.04979512e-03,9.25320435e+01,8.02670288e+01,1.86728535e+01,2.03750461e-01,2.79312491e-01
5345803-S04-156I3-A-L-C-190,20.02.2020-09:05:49,9.00000000e+00,6.44917130e-01,8.92319679e+00,1.53517758e-03,7.55870972e+01,8.05834351e+01,1.88755817e+01,2.72343010e-01,4.60083365e-01
5345803-S04-156I3-A-L-C-190,20.02.2020-09:05:51,1.00000000e+00,6.36381507e-01,8.78830910e+00,1.65687467e-03,1.28494980e+02,8.10039062e+01,1.84399204e+01,2.66562164e-01,1.03731954e+00
5345803-S04-156I3-A-L-C-190,20.02.2020-09:05:53,9.00000000e+00,6.44693613e-01,8.94039631e+00,2.04811012e-03,1.18342148e+02,8.04680099e+01,1.88783302e+01,1.95919946e-01,3.70549560e-01
5345803-S04-156I3-A-L-C-190,20.02.2020-09:05:55,1.90000000e+01,6.41396046e-01,8.93398952e+00,1.47381262e-03,1.83055969e+02,8.02138977e+01,1.87090416e+01,1.31538704e-01,1.81644112e-01
5345803-S04-156I3-A-L-C-190,20.02.2020-09:05:57,1.90000000e+01,6.43419087e-01,8.92477036e+00,1.81973714e-03,6.13272781e+01,8.03529739e+01,1.87811909e+01,3.08327168e-01,3.75362903e-01
5345803-S04-156I3-A-L-C-190,20.02.2020-08:51:27,2.10000000e+01,6.42314136e-01,8.88657093e+00,2.08126847e-03,4.28590088e+02,8.00492859e+01,1.85981312e+01,1.37846544e-01,6.29002094e-01
5345803-S04-156I3-A-L-C-190,20.02.2020-08:51:30,8.00000000e+00,6.47154033e-01,8.97417450e+00,1.91339478e-03,2.12696777e+02,8.03683167e+01,1.89984093e+01,1.20973162e-01,2.20139042e-01
5345803-S04-156I3-A-L-C-190,20.02.2020-08:51:32,8.00000000e+00,6.46287799e-01,8.94034576e+00,1.86242629e-03,4.26766388e+02,8.04510193e+01,1.89209118e+01,7.18560815e-02,1.70925707e-01
5345803-S04-156I3-A-L-C-190,20.02.2020-08:51:34,8.00000000e+00,6.46808445e-01,8.95363426e+00,1.74783694e-03,1.74010056e+02,8.04707184e+01,1.89689426e+01,1.56311363e-01,2.56218046e-01
5345803-S04-156I3-A-L-C-190,20.02.2020-08:51:36,9.00000000e+00,6.45634890e-01,8.92036724e+00,1.64280960e-03,4.60486694e+02,8.03105316e+01,1.88266220e+01,8.55535567e-02,1.90510586e-01
5345803-S04-156I3-A-L-C-190,20.02.2020-08:51:38,9.00000000e+00,6.45526826e-01,8.93090630e+00,1.71422877e-03,2.18174072e+02,8.03557281e+01,1.88563156e+01,1.04155906e-01,2.24790439e-01
5345803-S04-156I3-A-L-C-190,20.02.2020-08:51:40,1.90000000e+01,6.42935872e-01,8.98820591e+00,1.84891303e-03,3.90107208e+02,7.98770752e+01,1.87885380e+01,5.62677160e-02,6.93870485e-02
5345803-S04-156I3-A-L-C-190,20.02.2020-08:51:42,2.10000000e+01,6.40336156e-01,8.86503220e+00,2.03282223e-03,2.61486115e+02,8.02562637e+01,1.85437450e+01,1.40108332e-01,7.52311707e-01
5345803-S04-156I3-A-L-C-190,20.02.2020-08:51:44,1.90000000e+01,6.43174887e-01,8.90903854e+00,1.74953719e-03,5.22120544e+02,8.02135239e+01,1.87084465e+01,6.42207116e-02,8.84042680e-02
5345803-S04-156I3-A-L-C-190,20.02.2020-08:51:46,2.00000000e+01,6.40965343e-01,8.93390942e+00,1.68254494e-03,1.40069366e+02,8.01370621e+01,1.86784000e+01,2.06669539e-01,5.06389081e-01
5345803-S04-156I3-A-L-C-190,20.02.2020-08:58:17,8.00000000e+00,6.45131528e-01,8.97740650e+00,1.82097009e-03,2.51391388e+02,8.03229370e+01,1.89351578e+01,1.29215553e-01,2.08344430e-01
5345803-S04-156I3-A-L-C-190,20.02.2020-08:58:20,8.00000000e+00,6.46526992e-01,9.00385284e+00,1.86826568e-03,1.51613754e+02,8.01932373e+01,1.90012836e+01,1.54752135e-01,2.17145562e-01
5345803-S04-156I3-A-L-C-190,20.02.2020-08:58:22,9.00000000e+00,6.45366669e-01,8.97180843e+00,1.76581799e-03,2.94214813e+02,8.01405182e+01,1.88872566e+01,1.10739388e-01,3.48134160e-01
5345803-S04-156I3-A-L-C-190,20.02.2020-08:58:24,1.90000000e+01,6.43483698e-01,8.93128109e+00,1.85048021e-03,2.45933578e+02,8.02439194e+01,1.87712688e+01,2.44242087e-01,1.21858847e+00
5345803-S04-156I3-A-L-C-190,20.02.2020-08:58:26,7.00000000e+00,6.46497428e-01,9.01745892e+00,1.89270533e-03,4.17178345e+02,8.03764572e+01,1.90726051e+01,7.63724893e-02,1.44247741e-01
5345803-S04-156I3-A-L-C-190,20.02.2020-08:58:28,2.10000000e+01,6.40002251e-01,8.88042641e+00,2.09828001e-03,2.29141037e+02,8.00735626e+01,1.85239964e+01,2.08713099e-01,8.32580984e-01
5345803-S04-156I3-A-L-C-190,20.02.2020-08:58:30,7.00000000e+00,6.46826446e-01,8.99746323e+00,2.00728117e-03,2.95289459e+02,8.05212326e+01,1.90742950e+01,1.06451839e-01,2.26847157e-01
5345803-S04-156I3-A-L-C-190,20.02.2020-08:58:32,9.00000000e+00,6.44568682e-01,8.99382973e+00,2.06186180e-03,2.00184433e+02,8.01251068e+01,1.89065685e+01,1.40069306e-01,2.22041637e-01
5345803-S04-156I3-A-L-C-190,20.02.2020-08:58:34,2.10000000e+01,6.39212251e-01,8.86563206e+00,1.87292241e-03,3.27593384e+02,8.02950592e+01,1.85214005e+01,2.22847626e-01,9.01467204e-01
5345803-S04-156I3-A-L-C-190,20.02.2020-08:58:36,9.00000000e+00,6.43081009e-01,8.97368526e+00,2.00279802e-03,1.25301086e+02,8.00636520e+01,1.88062458e+01,1.39661252e-01,2.12542385e-01
5345803-S04-156I3-A-L-C-190,20.02.2020-09:03:14,2.00000000e+01,6.41910851e-01,8.87160015e+00,1.58478168e-03,9.05355606e+01,8.04011612e+01,1.86367092e+01,2.70583630e-01,1.19149518e+00
5345803-S04-156I3-A-L-C-190,20.02.2020-09:03:16,2.00000000e+01,6.42573655e-01,8.88002205e+00,1.72546261e-03,1.38578232e+02,8.04083862e+01,1.86753387e+01,1.81942478e-01,4.70324010e-01
5345803-S04-156I3-A-L-C-190,20.02.2020-09:03:18,2.00000000e+01,6.42437756e-01,8.89711571e+00,1.54949236e-03,6.74314346e+01,8.03526001e+01,1.86943531e+01,2.90681928e-01,6.88981354e-01
5345803-S04-156I3-A-L-C-190,20.02.2020-09:03:20,2.00000000e+01,6.42856836e-01,8.90190411e+00,1.65539875e-03,1.22692917e+02,8.02713165e+01,1.86976833e+01,2.31683075e-01,6.14925206e-01
5345803-S04-156I3-A-L-C-190,20.02.2020-09:03:22,8.00000000e+00,6.46426499e-01,8.96751785e+00,1.81135745e-03,1.01887566e+02,8.04797363e+01,1.89892654e+01,2.09861472e-01,3.36018860e-01
5345803-S04-156I3-A-L-C-190,20.02.2020-09:03:24,2.00000000e+01,6.42555714e-01,8.88585663e+00,1.55064662e-03,1.69513397e+02,8.03941269e+01,1.86837749e+01,1.61295280e-01,4.62438434e-01
5345803-S04-156I3-A-L-C-190,20.02.2020-09:03:26,1.00000000e+00,6.39148414e-01,8.84602261e+00,1.78426423e-03,8.16282654e+01,8.00495071e+01,1.84220772e+01,4.01052415e-01,1.13731694e+00
5345803-S04-156I3-A-L-C-190,20.02.2020-09:03:28,2.00000000e+01,6.42118692e-01,8.87094402e+00,1.66049541e-03,1.10465508e+02,8.03407745e+01,1.86273632e+01,2.54104853e-01,8.95312607e-01
5345803-S04-156I3-A-L-C-190,20.02.2020-09:03:30,2.00000000e+01,6.42840683e-01,8.87358761e+00,1.62867468e-03,5.58429794e+01,8.02657623e+01,1.86364479e+01,3.35897923e-01,6.18790388e-01
5345803-S04-156I3-A-L-C-190,20.02.2020-09:03:32,2.00000000e+01,6.42584562e-01,8.86819458e+00,1.64621696e-03,9.77147751e+01,8.02443771e+01,1.86127396e+01,1.96404427e-01,5.30673087e-01
5345803-S04-156I3-A-L-C-190,20.02.2020-09:03:56,1.90000000e+01,6.43717349e-01,8.92676067e+00,1.72626833e-03,5.81808434e+01,8.01838837e+01,1.87545395e+01,4.19935673e-01,6.37659490e-01
5345803-S04-156I3-A-L-C-190,20.02.2020-09:03:58,9.00000000e+00,6.44929826e-01,8.96450901e+00,1.81720394e-03,1.13338387e+02,7.99745331e+01,1.88200550e+01,2.22570479e-01,3.14338684e-01
5345803-S04-156I3-A-L-C-190,20.02.2020-09:04:00,1.90000000e+01,6.44078195e-01,8.92818165e+00,1.67090155e-03,1.14338699e+02,8.01971817e+01,1.87711506e+01,3.01245809e-01,5.50981700e-01
5345803-S04-156I3-A-L-C-190,20.02.2020-09:04:02,2.00000000e+01,6.43552303e-01,8.90966129e+00,2.02510832e-03,2.52186340e+02,8.01203766e+01,1.86989937e+01,1.74366564e-01,4.81517345e-01
5345803-S04-156I3-A-L-C-190,20.02.2020-09:04:04,2.00000000e+00,6.34442627e-01,8.81139851e+00,2.00882228e-03,1.65630142e+02,8.03877029e+01,1.82918243e+01,2.13190868e-01,6.52510524e-01
5345803-S04-156I3-A-L-C-190,20.02.2020-09:04:06,9.00000000e+00,6.44573212e-01,8.96859550e+00,2.02567060e-03,2.37744751e+02,8.02213745e+01,1.88763046e+01,1.36213675e-01,2.33587429e-01
5345803-S04-156I3-A-L-C-190,20.02.2020-09:04:08,8.00000000e+00,6.46742880e-01,8.98103333e+00,1.90506037e-03,2.24219574e+02,8.02682495e+01,1.89771938e+01,1.05334952e-01,1.58529565e-01
5345803-S04-156I3-A-L-C-190,20.02.2020-09:04:10,1.90000000e+01,6.44526601e-01,8.91813946e+00,2.08143657e-03,1.16774818e+02,7.99979630e+01,1.87164841e+01,2.50771284e-01,3.44783187e-01
5345803-S04-156I3-A-L-C-190,20.02.2020-09:04:12,2.00000000e+00,6.38214231e-01,8.82639790e+00,1.68214610e-03,1.02125732e+02,8.01404419e+01,1.83751945e+01,2.52638340e-01,4.56817836e-01
5345803-S04-156I3-A-L-C-190,20.02.2020-09:04:14,2.10000000e+01,6.41603768e-01,8.83489799e+00,1.42918073e-03,1.06494301e+02,8.03487091e+01,1.85386276e+01,2.13483870e-01,3.89304310e-01
5345803-S04-156I3-A-L-C-190,20.02.2020-09:06:00,9.00000000e+00,6.45209968e-01,8.93455219e+00,1.69669476e-03,8.60008545e+01,8.04169388e+01,1.88691196e+01,2.10776478e-01,2.66914248e-01
5345803-S04-156I3-A-L-C-190,20.02.2020-09:06:02,2.00000000e+01,6.41711056e-01,8.88637447e+00,1.81780849e-03,9.46432419e+01,8.03075562e+01,1.86402073e+01,1.58035547e-01,1.98127016e-01
5345803-S04-156I3-A-L-C-190,20.02.2020-09:06:04,1.90000000e+01,6.44067228e-01,8.90290260e+00,1.67428190e-03,7.50365143e+01,8.05417252e+01,1.87980995e+01,3.10137838e-01,6.06474340e-01
5345803-S04-156I3-A-L-C-190,20.02.2020-09:06:06,2.00000000e+01,6.41354144e-01,8.88265038e+00,1.92664075e-03,5.63669739e+01,8.03573380e+01,1.86335754e+01,4.33404624e-01,9.76357281e-01
5345803-S04-156I3-A-L-C-190,20.02.2020-09:06:08,1.90000000e+01,6.42523766e-01,8.89778423e+00,1.46222732e-03,7.41122513e+01,8.04396286e+01,1.87185116e+01,3.14344466e-01,8.25944006e-01
5345803-S04-156I3-A-L-C-190,20.02.2020-09:06:12,9.00000000e+00,6.43819809e-01,8.99107075e+00,1.73978554e-03,2.62653534e+02,8.01047211e+01,1.88740044e+01,8.37446824e-02,1.03094183e-01
5345803-S04-156I3-A-L-C-190,20.02.2020-09:06:14,9.00000000e+00,6.45767868e-01,8.96359921e+00,1.76236895e-03,1.47781754e+02,8.01868210e+01,1.88926125e+01,2.12019876e-01,4.37298983e-01
5345803-S04-156I3-A-L-C-190,20.02.2020-09:06:16,1.90000000e+01,6.42942190e-01,8.95836830e+00,2.05665734e-03,8.33458939e+01,7.99628296e+01,1.87464561e+01,2.80306488e-01,4.24913049e-01
5345803-S04-156I3-A-L-C-190,20.02.2020-09:06:18,9.00000000e+00,6.44222736e-01,8.93885899e+00,1.69354095e-03,1.74246933e+02,8.02078629e+01,1.88003216e+01,1.98652938e-01,4.15126711e-01
5345803-S04-156I3-A-L-C-190,20.02.2020-09:06:20,1.90000000e+01,6.42788410e-01,8.91488934e+00,1.86803995e-03,8.89628448e+01,8.03015518e+01,1.87300148e+01,2.86983669e-01,4.83168423e-01
5345803-S04-156I3-A-L-C-190,20.02.2020-09:07:05,1.90000000e+01,6.41165793e-01,8.93729115e+00,1.77303853e-03,2.30854385e+02,8.04058075e+01,1.87539978e+01,1.36184499e-01,3.19567531e-01
5345803-S04-156I3-A-L-C-190,20.02.2020-09:07:07,9.00000000e+00,6.42340899e-01,8.96106243e+00,1.74112292e-03,1.29305939e+02,8.03077621e+01,1.88153706e+01,1.75817057e-01,3.23672473e-01
5345803-S04-156I3-A-L-C-190,20.02.2020-09:07:09,2.00000000e+01,6.40237570e-01,8.89350605e+00,1.71618105e-03,1.58254654e+02,8.04511719e+01,1.86456146e+01,2.09835440e-01,4.80554312e-01
5345803-S04-156I3-A-L-C-190,20.02.2020-09:07:11,1.90000000e+01,6.44037068e-01,8.94636726e+00,1.95535901e-03,3.71188316e+01,7.99558029e+01,1.87515755e+01,8.52752924e-01,1.07998860e+00
5345803-S04-156I3-A-L-C-190,20.02.2020-09:07:13,2.00000000e+01,6.41551554e-01,8.90198040e+00,1.86249742e-03,1.69449219e+02,8.02515564e+01,1.86552868e+01,2.06312835e-01,8.39304984e-01
5345803-S04-156I3-A-L-C-190,20.02.2020-09:07:15,9.00000000e+00,6.44216299e-01,8.96016788e+00,1.81799498e-03,1.16843842e+02,8.02971191e+01,1.88659210e+01,1.71303242e-01,2.83874214e-01
5345803-S04-156I3-A-L-C-190,20.02.2020-09:07:17,9.00000000e+00,6.44386947e-01,8.97532749e+00,1.81938650e-03,1.83521896e+02,8.01198730e+01,1.88611202e+01,1.40903130e-01,2.79504120e-01
5345803-S04-156I3-A-L-C-190,20.02.2020-09:07:19,8.00000000e+00,6.45705998e-01,8.97084141e+00,1.78065384e-03,1.52873703e+02,8.03256226e+01,1.89387932e+01,1.64344966e-01,3.31524462e-01
5345803-S04-156I3-A-L-C-190,20.02.2020-09:07:21,8.00000000e+00,6.46870852e-01,8.98452663e+00,1.78829534e-03,5.06029480e+02,8.03436584e+01,1.90061703e+01,7.75583759e-02,1.76168725e-01
5345803-S04-156I3-A-L-C-190,20.02.2020-09:07:24,8.00000000e+00,6.46322429e-01,8.99092865e+00,1.85625884e-03,1.63819565e+02,8.03523865e+01,1.90056496e+01,1.38153240e-01,2.37565994e-01
5345803-S04-156I3-A-L-C-190,20.02.2020-09:07:47,1.90000000e+01,6.43317759e-01,8.95993328e+00,2.12898781e-03,2.05531296e+02,8.00217896e+01,1.87745171e+01,1.65322721e-01,2.88219303e-01
5345803-S04-156I3-A-L-C-190,20.02.2020-09:07:49,1.90000000e+01,6.43996179e-01,8.94476700e+00,1.98529405e-03,1.67550430e+02,7.99688339e+01,1.87500877e+01,2.80870467e-01,4.43932146e-01
5345803-S04-156I3-A-L-C-190,20.02.2020-09:07:51,9.00000000e+00,6.44815803e-01,8.96155643e+00,2.16606562e-03,1.22176292e+02,7.99341125e+01,1.88010216e+01,1.90340996e-01,2.98728555e-01
5345803-S04-156I3-A-L-C-190,20.02.2020-09:07:53,9.00000000e+00,6.45208836e-01,8.98227596e+00,2.22978625e-03,1.38722992e+02,7.99058075e+01,1.88493004e+01,1.83140919e-01,3.01777244e-01
5345803-S04-156I3-A-L-C-190,20.02.2020-09:07:55,9.00000000e+00,6.41985059e-01,9.03328419e+00,1.87863142e-03,2.00452896e+02,7.97253494e+01,1.88190289e+01,1.09103046e-01,1.50251523e-01
5345803-S04-156I3-A-L-C-190,20.02.2020-09:07:57,8.00000000e+00,6.45791292e-01,8.98882103e+00,1.98068214e-03,9.20911331e+01,8.00644150e+01,1.89175377e+01,2.03319892e-01,3.33889723e-01
5345803-S04-156I3-A-L-C-190,20.02.2020-09:07:59,8.00000000e+00,6.46011114e-01,8.99703407e+00,1.84315117e-03,3.40416962e+02,8.01479874e+01,1.89610405e+01,1.07246377e-01,2.11479217e-01
5345803-S04-156I3-A-L-C-190,20.02.2020-09:08:01,2.00000000e+01,6.41347349e-01,8.92755032e+00,1.86646241e-03,1.29969757e+02,8.00622330e+01,1.86587925e+01,2.69493014e-01,5.97768426e-01
5345803-S04-156I3-A-L-C-190,20.02.2020-09:08:03,9.00000000e+00,6.44862533e-01,8.97337055e+00,1.88202562e-03,2.42566025e+02,8.01077118e+01,1.88680611e+01,1.30175203e-01,2.38149554e-01
5345803-S04-156I3-A-L-C-190,20.02.2020-09:08:06,2.40000000e+01,6.44890845e-01,9.01337719e+00,1.91411027e-03,2.81619143e+00,7.83448944e+01,1.85359421e+01,1.00484991e+01,
5345803-S04-156I3-A-L-C-190,20.02.2020-09:08:29,1.90000000e+01,6.42784417e-01,8.94436932e+00,1.81871303e-03,2.27797119e+02,8.01201782e+01,1.87493916e+01,1.15816064e-01,1.64176151e-01
5345803-S04-156I3-A-L-C-190,20.02.2020-09:08:31,9.00000000e+00,6.44214690e-01,8.94983292e+00,1.65843288e-03,2.39079880e+02,8.03363724e+01,1.88533268e+01,1.25104636e-01,1.96847036e-01
5345803-S04-156I3-A-L-C-190,20.02.2020-09:08:33,1.90000000e+01,6.41337216e-01,8.95307827e+00,1.80942100e-03,2.44939987e+02,8.02417221e+01,1.87537994e+01,1.85142159e-01,3.67470175e-01
5345803-S04-156I3-A-L-C-190,20.02.2020-09:08:35,2.00000000e+01,6.40907586e-01,8.90920448e+00,1.99086149e-03,2.18480148e+02,8.01810074e+01,1.86352863e+01,1.43101200e-01,3.72175306e-01
5345803-S04-156I3-A-L-C-190,20.02.2020-09:08:37,1.90000000e+01,6.40872836e-01,8.91923904e+00,1.80529023e-03,2.92724731e+02,8.03922119e+01,1.87044029e+01,1.69599444e-01,4.07201529e-01
5345803-S04-156I3-A-L-C-190,20.02.2020-09:08:39,2.00000000e+01,6.40549839e-01,8.90539837e+00,1.49926089e-03,1.45597519e+02,8.02786713e+01,1.86396027e+01,2.32295334e-01,5.56010544e-01
5345803-S04-156I3-A-L-C-190,20.02.2020-09:08:41,9.00000000e+00,6.45586789e-01,8.96239567e+00,2.09868117e-03,2.14301941e+02,8.02214279e+01,1.88929310e+01,1.19096830e-01,2.67555118e-01
5345803-S04-156I3-A-L-C-190,20.02.2020-09:08:44,1.90000000e+01,6.42682672e-01,8.92877769e+00,1.86640758e-03,1.45029175e+02,8.01456833e+01,1.87197037e+01,2.05279529e-01,3.45374852e-01
5345803-S04-156I3-A-L-C-190,20.02.2020-09:08:46,8.00000000e+00,6.45969212e-01,8.95843792e+00,1.64579717e-03,1.09543121e+02,8.03150558e+01,1.89178295e+01,2.74052978e-01,4.80897188e-01
5345803-S04-156I3-A-L-C-190,20.02.2020-09:08:48,8.00000000e+00,6.45929217e-01,8.96059322e+00,1.77037180e-03,6.05320320e+01,8.02952423e+01,1.89165382e+01,4.45638299e-01,6.80518091e-01
5345803-S04-156I3-A-L-C-190,20.02.2020-08:51:48,7.00000000e+00,6.48833930e-01,9.00001907e+00,1.84138492e-03,2.15066269e+02,8.04938965e+01,1.91324291e+01,1.14879534e-01,1.69421852e-01
5345803-S04-156I3-A-L-C-190,20.02.2020-08:51:51,7.00000000e+00,6.49310827e-01,8.97840786e+00,1.92133081e-03,1.17613403e+02,8.02728806e+01,1.90480709e+01,2.17203349e-01,2.76525170e-01
5345803-S04-156I3-A-L-C-190,20.02.2020-08:51:53,7.00000000e+00,6.48395121e-01,8.96874905e+00,1.81486143e-03,2.56688599e+02,8.05063019e+01,1.90559978e+01,1.05936393e-01,1.52069569e-01
5345803-S04-156I3-A-L-C-190,20.02.2020-08:51:55,7.00000000e+00,6.49715364e-01,8.98370171e+00,1.84397586e-03,2.60767151e+02,8.04734650e+01,1.91188316e+01,6.91099614e-02,1.16704911e-01
5345803-S04-156I3-A-L-C-190,20.02.2020-08:51:57,7.00000000e+00,6.48520768e-01,8.98444366e+00,1.94969971e-03,2.07768677e+02,8.03820953e+01,1.90635872e+01,8.35115835e-02,1.26525119e-01
5345803-S04-156I3-A-L-C-190,20.02.2020-08:51:59,2.10000000e+01,6.42557383e-01,8.87046432e+00,1.76829577e-03,2.43818069e+02,8.01640244e+01,1.85980740e+01,1.85076579e-01,7.98284292e-01
5345803-S04-156I3-A-L-C-190,20.02.2020-08:52:01,7.00000000e+00,6.49138808e-01,8.97868061e+00,1.78424118e-03,3.00495697e+02,8.03715820e+01,1.90670204e+01,8.16059932e-02,1.16845042e-01
5345803-S04-156I3-A-L-C-190,20.02.2020-08:52:03,8.00000000e+00,6.46259665e-01,8.98698711e+00,1.82317058e-03,1.55661270e+02,8.00973892e+01,1.89351921e+01,1.91770777e-01,2.94984877e-01
5345803-S04-156I3-A-L-C-190,20.02.2020-08:52:06,7.00000000e+00,6.47813857e-01,8.99990940e+00,1.72135525e-03,2.50278931e+02,8.05176315e+01,1.91077499e+01,9.69294086e-02,1.47796392e-01
5345803-S04-156I3-A-L-C-190,20.02.2020-08:52:08,9.00000000e+00,6.45488143e-01,8.98129749e+00,2.03381758e-03,1.31759186e+02,8.00646362e+01,1.88928852e+01,2.10483298e-01,2.97844559e-01
5345803-S04-156I3-A-L-C-190,20.02.2020-08:58:38,8.00000000e+00,6.46333873e-01,9.00106430e+00,1.73866306e-03,1.56519363e+02,8.01693649e+01,1.89840736e+01,1.67824194e-01,3.28398347e-01
5345803-S04-156I3-A-L-C-190,20.02.2020-08:58:40,8.00000000e+00,6.44934058e-01,8.98770428e+00,1.92982634e-03,9.15713425e+01,8.01490097e+01,1.89100418e+01,2.62573302e-01,5.21969378e-01
5345803-S04-156I3-A-L-C-190,20.02.2020-08:58:43,1.90000000e+01,6.42139912e-01,8.95582867e+00,1.95624051e-03,1.97287582e+02,7.99165802e+01,1.87069283e+01,2.57486492e-01,7.41838694e-01
5345803-S04-156I3-A-L-C-190,20.02.2020-08:58:45,8.00000000e+00,6.47263587e-01,8.96898746e+00,1.78583781e-03,1.29923157e+02,8.02064438e+01,1.89523907e+01,1.96088850e-01,3.17827195e-01
5345803-S04-156I3-A-L-C-190,20.02.2020-08:58:47,9.00000000e+00,6.44520342e-01,8.95766735e+00,2.16681696e-03,1.71669388e+02,8.00772247e+01,1.88178825e+01,2.47122526e-01,7.80059516e-01
5345803-S04-156I3-A-L-C-190,20.02.2020-08:58:49,2.00000000e+00,6.47162557e-01,8.92759514e+00,3.94260557e-03,7.26095123e+01,7.79321289e+01,1.83271351e+01,4.02036965e-01,5.54833770e-01
5345803-S04-156I3-A-L-C-190,20.02.2020-08:58:51,2.00000000e+01,6.45755529e-01,8.99515629e+00,2.94449343e-03,1.22849884e+02,7.90617447e+01,1.86927605e+01,2.70281821e-01,4.07349139e-01
5345803-S04-156I3-A-L-C-190,20.02.2020-08:58:53,8.00000000e+00,6.46467745e-01,8.96461868e+00,1.67152809e-03,1.35868500e+02,8.03052826e+01,1.89431839e+01,3.23572546e-01,6.89177334e-01
5345803-S04-156I3-A-L-C-190,20.02.2020-08:58:55,8.00000000e+00,6.45831287e-01,8.98478127e+00,1.87923957e-03,1.15097183e+02,8.01328049e+01,1.89263611e+01,3.04123551e-01,4.58953202e-01
5345803-S04-156I3-A-L-C-190,20.02.2020-08:58:57,8.00000000e+00,6.46223187e-01,8.98886776e+00,1.83964218e-03,1.23967766e+02,8.01966171e+01,1.89615479e+01,2.10598081e-01,2.94278830e-01
5345803-S04-156I3-A-L-C-190,20.02.2020-09:04:37,9.00000000e+00,6.43936455e-01,8.91508293e+00,1.69937231e-03,9.64032135e+01,8.04964905e+01,1.88094254e+01,2.14732021e-01,4.69490081e-01
5345803-S04-156I3-A-L-C-190,20.02.2020-09:04:39,9.00000000e+00,6.45144701e-01,8.94183731e+00,1.56879216e-03,9.25488358e+01,8.04368362e+01,1.88872662e+01,1.84504077e-01,2.29372397e-01
5345803-S04-156I3-A-L-C-190,20.02.2020-09:04:42,1.90000000e+01,6.41654253e-01,8.92200279e+00,1.75201637e-03,9.06169357e+01,8.04454575e+01,1.87454205e+01,2.37913042e-01,4.05915886e-01
5345803-S04-156I3-A-L-C-190,20.02.2020-09:05:02,9.00000000e+00,6.43917143e-01,8.93227959e+00,1.76374719e-03,7.60520172e+01,8.03929901e+01,1.88209133e+01,2.40507036e-01,3.12689543e-01
5345803-S04-156I3-A-L-C-190,20.02.2020-09:05:05,2.00000000e+01,6.42599761e-01,8.89533520e+00,1.75581384e-03,3.91473465e+01,8.03061295e+01,1.86845131e+01,4.12746072e-01,7.42364168e-01
5345803-S04-156I3-A-L-C-190,20.02.2020-09:05:07,9.00000000e+00,6.44666493e-01,8.91202164e+00,1.78422930e-03,9.71721878e+01,8.05501556e+01,1.88368340e+01,2.38915175e-01,3.05653870e-01
5345803-S04-156I3-A-L-C-190,20.02.2020-09:05:09,2.00000000e+01,6.41685545e-01,8.90405083e+00,1.75157771e-03,7.86898422e+01,8.00700302e+01,1.86213036e+01,2.23498583e-01,2.61720121e-01
5345803-S04-156I3-A-L-C-190,20.02.2020-09:05:11,2.00000000e+01,6.41948044e-01,8.91163063e+00,1.82914629e-03,8.70367508e+01,8.00075226e+01,1.86302242e+01,1.92761183e-01,2.24412143e-01
5345803-S04-156I3-A-L-C-190,20.02.2020-09:05:13,2.00000000e+01,6.41814351e-01,8.94092369e+00,1.95416785e-03,1.27652954e+02,8.00020752e+01,1.86862984e+01,1.55660763e-01,1.83680356e-01
5345803-S04-156I3-A-L-C-190,20.02.2020-09:05:15,2.00000000e+01,6.42171204e-01,8.90082359e+00,1.80319790e-03,4.14259796e+01,8.00528259e+01,1.86246395e+01,4.60075587e-01,5.29860139e-01
5345803-S04-156I3-A-L-C-190,20.02.2020-09:06:22,2.10000000e+01,6.41237617e-01,8.88900375e+00,1.70746061e-03,2.84061584e+02,7.99997253e+01,1.85605488e+01,1.68574706e-01,3.09948146e-01
5345803-S04-156I3-A-L-C-190,20.02.2020-09:06:25,8.00000000e+00,6.46646082e-01,8.96458149e+00,1.51008822e-03,1.82149384e+02,8.03883438e+01,1.89679317e+01,1.44123510e-01,2.86930203e-01
5345803-S04-156I3-A-L-C-190,20.02.2020-09:06:27,2.40000000e+01,6.43622518e-01,8.94720936e+00,1.74896000e-03,1.96481972e+01,7.99977341e+01,1.87510986e+01,2.45676875e+00,3.05487418e+00
5345803-S04-156I3-A-L-C-190,20.02.2020-09:06:29,1.90000000e+01,6.43618822e-01,8.92617226e+00,2.09254725e-03,1.77224487e+02,8.01911087e+01,1.87521210e+01,1.64190024e-01,4.44186985e-01
5345803-S04-156I3-A-L-C-190,20.02.2020-09:06:31,8.00000000e+00,6.47308111e-01,8.98234367e+00,1.91112584e-03,2.13314621e+02,8.02580948e+01,1.89941463e+01,1.48002222e-01,2.45855972e-01
5345803-S04-156I3-A-L-C-190,20.02.2020-09:06:33,8.00000000e+00,6.47503912e-01,8.96599770e+00,1.68616010e-03,1.69927338e+02,8.02632523e+01,1.89665337e+01,1.90521285e-01,4.32874173e-01
5345803-S04-156I3-A-L-C-190,20.02.2020-09:06:35,9.00000000e+00,6.45732582e-01,8.96378899e+00,1.96150085e-03,2.27229080e+02,8.01062469e+01,1.88730011e+01,1.38524622e-01,3.64968210e-01
5345803-S04-156I3-A-L-C-190,20.02.2020-09:06:37,8.00000000e+00,6.48148060e-01,8.94931698e+00,1.71755708e-03,1.55908798e+02,8.03382034e+01,1.89677753e+01,1.42641023e-01,2.35139683e-01
5345803-S04-156I3-A-L-C-190,20.02.2020-09:06:39,9.00000000e+00,6.44650459e-01,8.94133568e+00,2.05919938e-03,2.59419128e+02,8.01815643e+01,1.88118477e+01,1.28839359e-01,3.43346387e-01
5345803-S04-156I3-A-L-C-190,20.02.2020-09:06:41,7.00000000e+00,6.47976518e-01,8.98266029e+00,1.94127066e-03,2.04798630e+02,8.03674164e+01,1.90403290e+01,1.11248232e-01,2.13341981e-01
5345803-S04-156I3-A-L-C-190,20.02.2020-09:07:26,8.00000000e+00,6.45748615e-01,8.97262764e+00,1.86733552e-03,1.45712723e+02,8.02839050e+01,1.89339752e+01,1.95778713e-01,2.99481243e-01
5345803-S04-156I3-A-L-C-190,20.02.2020-09:07:28,7.00000000e+00,6.47847056e-01,9.00534439e+00,1.93653535e-03,1.32705841e+02,8.02505569e+01,1.90568485e+01,2.01621667e-01,3.37108076e-01
5345803-S04-156I3-A-L-C-190,20.02.2020-09:07:30,9.00000000e+00,6.45488083e-01,8.99047470e+00,1.96193648e-03,1.36192688e+02,8.00416870e+01,1.89067688e+01,1.80853352e-01,2.65920460e-01
5345803-S04-156I3-A-L-C-190,20.02.2020-09:07:32,9.00000000e+00,6.44775450e-01,8.98634529e+00,1.98780489e-03,1.55618103e+02,8.01767578e+01,1.89090748e+01,1.33702561e-01,2.09361047e-01
5345803-S04-156I3-A-L-C-190,20.02.2020-09:07:34,7.00000000e+00,6.45604014e-01,9.05667019e+00,2.11317744e-03,2.53357178e+02,8.00657959e+01,1.90551338e+01,7.95452893e-02,9.84557346e-02
5345803-S04-156I3-A-L-C-190,20.02.2020-09:07:36,8.00000000e+00,6.45988584e-01,8.98849010e+00,1.72743166e-03,2.10125656e+02,8.01018600e+01,1.89314709e+01,1.45906255e-01,2.50186473e-01
5345803-S04-156I3-A-L-C-190,20.02.2020-09:07:38,9.00000000e+00,6.44595027e-01,8.98545933e+00,2.10791384e-03,6.60318909e+01,7.99789734e+01,1.88552914e+01,3.56416553e-01,4.71635878e-01
5345803-S04-156I3-A-L-C-190,20.02.2020-09:07:40,9.00000000e+00,6.44781709e-01,8.99415112e+00,2.23592483e-03,1.77383896e+02,8.00780716e+01,1.89023895e+01,1.76523671e-01,3.92745167e-01
5345803-S04-156I3-A-L-C-190,20.02.2020-09:07:43,1.90000000e+01,6.44242883e-01,8.93546104e+00,1.89914333e-03,2.47841980e+02,8.00454788e+01,1.87557144e+01,1.03055149e-01,2.13265255e-01
5345803-S04-156I3-A-L-C-190,20.02.2020-09:07:45,9.00000000e+00,6.42219067e-01,9.04752827e+00,1.99879101e-03,2.85020630e+02,7.97029800e+01,1.88502846e+01,8.72729793e-02,1.20196030e-01
5345803-S04-156I3-A-L-C-190,20.02.2020-09:08:08,7.00000000e+00,6.46179438e-01,9.04867077e+00,2.13835342e-03,3.22457153e+02,7.99426651e+01,1.90259686e+01,8.72664675e-02,1.11262247e-01
5345803-S04-156I3-A-L-C-190,20.02.2020-09:08:10,8.00000000e+00,6.44938409e-01,9.01453304e+00,1.80137274e-03,3.43967957e+02,8.00706711e+01,1.89480762e+01,7.60499015e-02,1.11236371e-01
5345803-S04-156I3-A-L-C-190,20.02.2020-09:08:12,8.00000000e+00,6.45424783e-01,8.98499870e+00,1.93207536e-03,1.81016693e+02,8.01843796e+01,1.89270802e+01,1.39344081e-01,2.19609648e-01
5345803-S04-156I3-A-L-C-190,20.02.2020-09:08:14,7.00000000e+00,6.47275686e-01,8.99546051e+00,2.01370683e-03,8.83537674e+01,8.02590256e+01,1.90211487e+01,2.86200166e-01,4.02024329e-01
5345803-S04-156I3-A-L-C-190,20.02.2020-09:08:16,9.00000000e+00,6.45643234e-01,8.95483780e+00,1.83769467e-03,1.16428558e+02,8.01853485e+01,1.88701591e+01,2.77948380e-01,4.60624695e-01
5345803-S04-156I3-A-L-C-190,20.02.2020-09:08:18,9.00000000e+00,6.44887984e-01,8.96170044e+00,1.97966001e-03,1.55084076e+02,8.01793060e+01,1.88611088e+01,1.40397117e-01,3.27624559e-01
5345803-S04-156I3-A-L-C-190,20.02.2020-09:08:20,8.00000000e+00,6.46117210e-01,8.98198128e+00,1.72816694e-03,1.71869461e+02,8.03609695e+01,1.89827366e+01,1.30290419e-01,2.30184183e-01
5345803-S04-156I3-A-L-C-190,20.02.2020-09:08:22,8.00000000e+00,6.46920025e-01,8.98116589e+00,1.79035484e-03,1.14462791e+02,8.04168243e+01,1.90178070e+01,1.82266802e-01,2.97198534e-01
5345803-S04-156I3-A-L-C-190,20.02.2020-09:08:25,8.00000000e+00,6.45834446e-01,8.97505569e+00,1.99586642e-03,8.41130219e+01,8.01668320e+01,1.89139957e+01,2.65979737e-01,4.20198172e-01
5345803-S04-156I3-A-L-C-190,20.02.2020-09:08:27,2.00000000e+01,6.42411351e-01,8.91110611e+00,1.49944553e-03,3.07833344e+02,8.02332153e+01,1.86951599e+01,2.06046611e-01,6.82662666e-01
5345803-S04-156I3-A-L-C-190,20.02.2020-09:08:50,2.00000000e+01,6.42551601e-01,8.90170860e+00,1.86981773e-03,3.96812744e+02,7.99851837e+01,1.86217766e+01,1.80147946e-01,6.15459442e-01
5345803-S04-156I3-A-L-C-190,20.02.2020-09:08:52,2.10000000e+01,6.42348170e-01,8.87010098e+00,1.75707636e-03,1.60352158e+02,7.98834457e+01,1.85261860e+01,2.10527375e-01,6.98893011e-01
5345803-S04-156I3-A-L-C-190,20.02.2020-09:08:54,9.00000000e+00,6.43305063e-01,8.94257927e+00,1.91318640e-03,3.37390503e+02,8.03270264e+01,1.88092575e+01,2.60828733e-01,8.47875834e-01
5345803-S04-156I3-A-L-C-190,20.02.2020-09:08:56,1.90000000e+01,6.41062200e-01,8.94283485e+00,1.78738206e-03,2.35306046e+02,8.03096085e+01,1.87401505e+01,1.96225733e-01,7.20711946e-01
5345803-S04-156I3-A-L-C-190,20.02.2020-09:08:58,2.10000000e+01,6.42516494e-01,8.87979221e+00,1.80618488e-03,1.06860054e+02,7.97726593e+01,1.85255623e+01,2.65331686e-01,7.70686924e-01
5345803-S04-156I3-A-L-C-190,20.02.2020-09:09:00,9.00000000e+00,6.43083513e-01,8.94405651e+00,1.85494416e-03,3.33827332e+02,8.04006119e+01,1.88231144e+01,2.13977978e-01,9.00584459e-01
5345803-S04-156I3-A-L-C-190,20.02.2020-09:09:02,7.00000000e+00,6.47528231e-01,9.00563431e+00,1.86846533e-03,3.00030914e+02,8.05734482e+01,1.91247234e+01,8.68097022e-02,1.11453436e-01
5345803-S04-156I3-A-L-C-190,20.02.2020-09:09:04,9.00000000e+00,6.43763363e-01,8.93802452e+00,1.47101516e-03,1.51143341e+02,8.04172516e+01,1.88342037e+01,1.95525616e-01,4.06814784e-01
5345803-S04-156I3-A-L-C-190,20.02.2020-09:09:09,7.00000000e+00,6.48307502e-01,9.00315189e+00,2.26807268e-03,1.32378860e+02,8.01993713e+01,1.90535889e+01,1.52920827e-01,2.58728206e-01
5345803-S04-156I3-A-L-C-190,20.02.2020-09:09:11,1.90000000e+01,6.43463671e-01,8.93320179e+00,2.07736483e-03,1.81758377e+02,8.01351547e+01,1.87492733e+01,1.75130084e-01,3.98651421e-01
5345803-S04-156I3-A-L-C-190,20.02.2020-09:09:56,2.10000000e+01,6.42475188e-01,8.88190365e+00,1.66473526e-03,1.79599884e+02,7.99718781e+01,1.85750465e+01,2.19005346e-01,6.20138943e-01
5345803-S04-156I3-A-L-C-190,20.02.2020-09:09:58,9.00000000e+00,6.45443559e-01,8.96513653e+00,2.00234819e-03,1.07932632e+02,8.02515717e+01,1.89016171e+01,2.54143864e-01,4.61266756e-01
5345803-S04-156I3-A-L-C-190,20.02.2020-09:10:00,7.00000000e+00,6.48141980e-01,9.00296307e+00,1.90436863e-03,8.43642426e+01,8.02468338e+01,1.90595989e+01,2.51672268e-01,3.74503076e-01
5345803-S04-156I3-A-L-C-190,20.02.2020-09:10:02,9.00000000e+00,6.45394385e-01,8.95168400e+00,1.73148501e-03,1.11382088e+02,8.02098083e+01,1.88619957e+01,2.53001899e-01,4.88106787e-01
5345803-S04-156I3-A-L-C-190,20.02.2020-09:10:04,9.00000000e+00,6.45199239e-01,8.92350578e+00,1.55378308e-03,2.49582718e+02,8.03436508e+01,1.88282986e+01,1.66655660e-01,4.31496054e-01
5345803-S04-156I3-A-L-C-190,20.02.2020-09:10:06,2.10000000e+01,6.42808974e-01,8.89597416e+00,1.87670090e-03,3.23192627e+02,7.98842850e+01,1.85937519e+01,2.23495677e-01,6.81078136e-01
5345803-S04-156I3-A-L-C-190,20.02.2020-09:10:08,8.00000000e+00,6.46509469e-01,8.99344254e+00,2.06972123e-03,9.71572723e+01,8.02244110e+01,1.89861794e+01,3.06381017e-01,4.33904707e-01
5345803-S04-156I3-A-L-C-190,20.02.2020-09:10:11,1.90000000e+01,6.43893361e-01,8.93271732e+00,1.92924915e-03,1.91114304e+02,8.01054916e+01,1.87538338e+01,1.87688336e-01,4.42351878e-01
5345803-S04-156I3-A-L-C-190,20.02.2020-09:10:13,9.00000000e+00,6.43635869e-01,8.92982578e+00,1.84138853e-03,2.08099915e+02,8.03713684e+01,1.88024654e+01,1.58133462e-01,2.91771114e-01
5345803-S04-156I3-A-L-C-190,20.02.2020-09:10:15,9.00000000e+00,6.43722355e-01,8.93784809e+00,1.74175214e-03,9.91796112e+01,8.04567566e+01,1.88418827e+01,3.38216573e-01,5.76151371e-01
5345803-S04-156I3-A-L-C-190,20.02.2020-08:52:20,7.00000000e+00,6.48538351e-01,9.01729202e+00,1.98265887e-03,1.77158859e+02,8.04095306e+01,1.91403332e+01,2.03728735e-01,2.48696432e-01
5345803-S04-156I3-A-L-C-190,20.02.2020-08:52:22,7.00000000e+00,6.49013877e-01,9.03580475e+00,2.03549396e-03,4.31386681e+01,8.01986084e+01,1.91433449e+01,4.33002472e-01,5.10752916e-01
5345803-S04-156I3-A-L-C-190,20.02.2020-08:52:24,9.00000000e+00,6.44581914e-01,8.95943546e+00,2.03321897e-03,1.00675133e+02,8.01637192e+01,1.88437271e+01,2.86499441e-01,3.59769166e-01
5345803-S04-156I3-A-L-C-190,20.02.2020-08:52:26,9.00000000e+00,6.43790245e-01,8.96229553e+00,2.12703529e-03,1.01451958e+02,8.01840515e+01,1.88313656e+01,3.04814428e-01,4.05195832e-01
5345803-S04-156I3-A-L-C-190,20.02.2020-08:52:28,1.90000000e+01,6.44234776e-01,8.94302082e+00,2.02275952e-03,4.60811043e+01,8.00430222e+01,1.87707691e+01,4.98654425e-01,6.20583713e-01
5345803-S04-156I3-A-L-C-190,20.02.2020-08:52:30,2.00000000e+01,6.41673267e-01,8.91364384e+00,1.98622351e-03,4.74956779e+01,7.99041672e+01,1.86023941e+01,7.03605950e-01,1.39264047e+00
5345803-S04-156I3-A-L-C-190,20.02.2020-08:52:32,9.00000000e+00,6.43927097e-01,8.96499538e+00,1.98625284e-03,1.23627548e+02,8.02362900e+01,1.88533192e+01,2.55423158e-01,3.66588175e-01
5345803-S04-156I3-A-L-C-190,20.02.2020-08:52:35,1.90000000e+01,6.42328441e-01,8.93793011e+00,1.70510891e-03,1.14211342e+02,8.03514328e+01,1.87766418e+01,2.67528325e-01,3.90793890e-01
5345803-S04-156I3-A-L-C-190,20.02.2020-08:52:37,1.90000000e+01,6.42950475e-01,8.94634819e+00,1.76679250e-03,1.53074509e+02,8.01954651e+01,1.87760086e+01,2.01648206e-01,3.32533807e-01
5345803-S04-156I3-A-L-C-190,20.02.2020-08:52:39,9.00000000e+00,6.43153548e-01,8.95757198e+00,1.59704289e-03,6.21268044e+01,8.02535782e+01,1.88191338e+01,3.95757496e-01,5.98678946e-01
5345803-S04-156I3-A-L-C-190,20.02.2020-08:59:02,2.10000000e+01,6.39806032e-01,8.90614605e+00,2.00734288e-03,1.84277924e+02,8.01245346e+01,1.85837708e+01,3.23564976e-01,1.09281611e+00
5345803-S04-156I3-A-L-C-190,20.02.2020-08:59:04,9.00000000e+00,6.44189060e-01,8.94233418e+00,2.06815102e-03,2.68292297e+02,8.03399811e+01,1.88376255e+01,1.00669041e-01,2.11491182e-01
5345803-S04-156I3-A-L-C-190,20.02.2020-08:59:06,9.00000000e+00,6.44543052e-01,8.94297218e+00,1.70124834e-03,1.68269745e+02,8.01981201e+01,1.88160400e+01,1.46406531e-01,2.31356055e-01
5345803-S04-156I3-A-L-C-190,20.02.2020-08:59:08,9.00000000e+00,6.45120561e-01,8.94236755e+00,2.14518607e-03,1.72288574e+02,8.01626968e+01,1.88233051e+01,1.59649014e-01,2.78809369e-01
5345803-S04-156I3-A-L-C-190,20.02.2020-08:59:10,9.00000000e+00,6.45338595e-01,8.95634460e+00,2.10584584e-03,1.58922226e+02,8.01704254e+01,1.88609200e+01,1.32990867e-01,2.56150901e-01
5345803-S04-156I3-A-L-C-190,20.02.2020-08:59:12,8.00000000e+00,6.44818902e-01,9.02814770e+00,1.80070219e-03,2.16956650e+02,8.00491257e+01,1.89680729e+01,9.19554904e-02,1.08660884e-01
5345803-S04-156I3-A-L-C-190,20.02.2020-08:59:15,8.00000000e+00,6.44291401e-01,9.01945114e+00,1.81739521e-03,2.75150146e+02,7.99594574e+01,1.89130898e+01,9.20010731e-02,1.09842822e-01
5345803-S04-156I3-A-L-C-190,20.02.2020-08:59:17,8.00000000e+00,6.46831512e-01,8.98390579e+00,1.92805775e-03,1.75831985e+02,8.02691498e+01,1.89860764e+01,1.11851417e-01,2.12945074e-01
5345803-S04-156I3-A-L-C-190,20.02.2020-08:59:19,9.00000000e+00,6.43909812e-01,8.92402458e+00,1.57178321e-03,2.73830200e+02,8.03978882e+01,1.88044510e+01,7.93657526e-02,1.34528980e-01
5345803-S04-156I3-A-L-C-190,20.02.2020-08:59:21,2.00000000e+00,6.37143314e-01,8.80640602e+00,1.61269959e-03,1.08012016e+02,8.05090790e+01,1.83870010e+01,3.32430691e-01,2.16889548e+00
5345803-S04-156I3-A-L-C-190,20.02.2020-09:05:17,1.90000000e+01,6.42934561e-01,8.90520096e+00,1.58523035e-03,7.34185181e+01,8.05965042e+01,1.87826500e+01,2.61223704e-01,3.47539961e-01
5345803-S04-156I3-A-L-C-190,20.02.2020-09:05:19,1.90000000e+01,6.43181682e-01,8.91086960e+00,1.87801674e-03,1.54433823e+02,8.04171066e+01,1.87599812e+01,1.86017513e-01,2.65582651e-01
5345803-S04-156I3-A-L-C-190,20.02.2020-09:05:22,1.90000000e+01,6.43542349e-01,8.91246414e+00,1.83928979e-03,9.12472153e+01,8.02508392e+01,1.87350445e+01,2.58276939e-01,3.46241891e-01
5345803-S04-156I3-A-L-C-190,20.02.2020-09:05:24,9.00000000e+00,6.44960165e-01,8.91252708e+00,1.62190734e-03,7.26685333e+01,8.04523468e+01,1.88235989e+01,3.14828753e-01,3.97692531e-01
5345803-S04-156I3-A-L-C-190,20.02.2020-09:05:26,1.90000000e+01,6.42094851e-01,8.94636631e+00,1.76793954e-03,8.79586563e+01,8.01116791e+01,1.87314720e+01,1.93049178e-01,2.27386564e-01
5345803-S04-156I3-A-L-C-190,20.02.2020-09:05:28,2.00000000e+01,6.41415477e-01,8.89732838e+00,1.66655029e-03,1.29374435e+02,8.01821976e+01,1.86254692e+01,1.79941028e-01,2.35941425e-01
5345803-S04-156I3-A-L-C-190,20.02.2020-09:05:30,2.00000000e+01,6.42918229e-01,8.88858223e+00,1.51124946e-03,1.47175217e+02,8.02799988e+01,1.86735020e+01,2.03746945e-01,5.78731894e-01
5345803-S04-156I3-A-L-C-190,20.02.2020-09:05:32,1.90000000e+01,6.43059492e-01,8.90188789e+00,1.66523841e-03,1.02972984e+02,8.04391861e+01,1.87426548e+01,1.66965306e-01,2.06479192e-01
5345803-S04-156I3-A-L-C-190,20.02.2020-09:05:34,9.00000000e+00,6.46295547e-01,8.91427040e+00,1.66900479e-03,5.80116768e+01,8.03760757e+01,1.88483753e+01,3.82541984e-01,5.24107218e-01
5345803-S04-156I3-A-L-C-190,20.02.2020-09:05:36,9.00000000e+00,6.43783927e-01,8.93038368e+00,2.06134073e-03,6.24501915e+01,8.05348129e+01,1.88462143e+01,2.70953834e-01,4.34430182e-01
5345803-S04-156I3-A-L-C-190,20.02.2020-09:06:44,9.00000000e+00,6.45643651e-01,8.94458485e+00,1.77320791e-03,1.65628815e+02,8.01620331e+01,1.88430862e+01,1.59229338e-01,4.20282543e-01
5345803-S04-156I3-A-L-C-190,20.02.2020-09:06:46,8.00000000e+00,6.46645069e-01,8.97776318e+00,1.76707539e-03,2.82874512e+02,8.04094391e+01,1.90007763e+01,1.10935189e-01,1.76329717e-01
5345803-S04-156I3-A-L-C-190,20.02.2020-09:06:48,9.00000000e+00,6.44905210e-01,8.95885563e+00,1.92411488e-03,6.86898804e+02,8.01777420e+01,1.88552551e+01,9.55181718e-02,1.95583850e-01
5345803-S04-156I3-A-L-C-190,20.02.2020-09:06:50,1.90000000e+01,6.43314242e-01,8.97253990e+00,1.91807491e-03,1.20850838e+02,8.00027008e+01,1.87963448e+01,1.63667589e-01,2.65784353e-01
5345803-S04-156I3-A-L-C-190,20.02.2020-09:06:52,9.00000000e+00,6.43109679e-01,8.97335529e+00,1.92171801e-03,5.01468567e+02,8.01233292e+01,1.88204098e+01,9.30897072e-02,1.73785642e-01
5345803-S04-156I3-A-L-C-190,20.02.2020-09:06:54,8.00000000e+00,6.46208525e-01,8.95723057e+00,1.91165751e-03,2.59169220e+02,8.02715836e+01,1.89120426e+01,1.18530579e-01,1.96921706e-01
5345803-S04-156I3-A-L-C-190,20.02.2020-09:06:56,1.90000000e+01,6.43034458e-01,8.94338989e+00,1.81051914e-03,2.86318573e+02,8.01870575e+01,1.87702847e+01,1.56120658e-01,3.51820648e-01
5345803-S04-156I3-A-L-C-190,20.02.2020-09:06:58,7.00000000e+00,6.47472382e-01,9.01895332e+00,1.99979404e-03,1.11894936e+02,8.01084290e+01,1.90408268e+01,2.27768987e-01,2.71582723e-01
5345803-S04-156I3-A-L-C-190,20.02.2020-09:07:01,2.00000000e+00,6.40344441e-01,8.85116196e+00,2.15476728e-03,1.72954163e+02,7.96470718e+01,1.83744335e+01,1.65582344e-01,3.64099354e-01
5345803-S04-156I3-A-L-C-190,20.02.2020-09:07:03,2.00000000e+01,6.39697731e-01,8.91346741e+00,1.85218232e-03,1.96415344e+02,8.04004974e+01,1.86599464e+01,1.49809271e-01,3.46359283e-01
5345803-S04-156I3-A-L-C-190,20.02.2020-09:09:13,1.90000000e+01,6.43533289e-01,8.91924000e+00,1.72895775e-03,2.09875031e+02,8.03945618e+01,1.87826004e+01,1.39174864e-01,3.65902066e-01
5345803-S04-156I3-A-L-C-190,20.02.2020-09:09:16,9.00000000e+00,6.45066142e-01,8.95039845e+00,1.92843273e-03,1.14940948e+02,8.01239243e+01,1.88295097e+01,2.15805456e-01,4.44980830e-01
5345803-S04-156I3-A-L-C-190,20.02.2020-09:09:18,9.00000000e+00,6.45464599e-01,8.94123173e+00,1.77458802e-03,1.11441338e+02,8.02933273e+01,1.88616390e+01,2.40175888e-01,5.12117267e-01
5345803-S04-156I3-A-L-C-190,20.02.2020-09:09:20,7.00000000e+00,6.47740662e-01,8.98318386e+00,1.82060583e-03,2.30832932e+02,8.03971100e+01,1.90415421e+01,1.09862208e-01,2.13139042e-01
5345803-S04-156I3-A-L-C-190,20.02.2020-09:09:22,8.00000000e+00,6.46234393e-01,8.99005413e+00,1.83094444e-03,1.40381485e+02,8.02457047e+01,1.89759846e+01,2.15759382e-01,3.45700085e-01
5345803-S04-156I3-A-L-C-190,20.02.2020-09:09:24,9.00000000e+00,6.44419372e-01,8.96930981e+00,2.10014940e-03,1.38567902e+02,8.00893936e+01,1.88422527e+01,2.96353072e-01,9.90345657e-01
5345803-S04-156I3-A-L-C-190,20.02.2020-09:09:26,7.00000000e+00,6.49485230e-01,9.01673508e+00,1.77490350e-03,2.16447662e+02,8.05591507e+01,1.92027607e+01,1.41712680e-01,3.22971910e-01
5345803-S04-156I3-A-L-C-190,20.02.2020-09:09:28,2.00000000e+01,6.43013418e-01,8.91021252e+00,1.78064290e-03,1.21652756e+02,7.99285202e+01,1.86397514e+01,2.82240093e-01,6.32734656e-01
5345803-S04-156I3-A-L-C-190,20.02.2020-09:09:30,2.10000000e+01,6.42236590e-01,8.87626743e+00,1.75235118e-03,3.74052032e+02,7.99848557e+01,1.85593758e+01,1.85961500e-01,6.43515766e-01
5345803-S04-156I3-A-L-C-190,20.02.2020-09:09:32,2.10000000e+01,6.42101228e-01,8.87358856e+00,1.85018557e-03,1.25486618e+02,7.98771591e+01,1.85248890e+01,3.05859566e-01,7.58378029e-01
5345803-S04-156I3-A-L-C-190,20.02.2020-09:10:17,7.00000000e+00,6.48276567e-01,9.01044941e+00,1.95244269e-03,5.65285378e+01,8.03404236e+01,1.91016598e+01,3.85650545e-01,5.22094548e-01
5345803-S04-156I3-A-L-C-190,20.02.2020-09:10:19,7.00000000e+00,6.50295496e-01,9.02066517e+00,1.72539824e-03,3.40757996e+02,8.05576630e+01,1.92347431e+01,1.07662074e-01,2.64084756e-01
5345803-S04-156I3-A-L-C-190,20.02.2020-09:10:21,9.00000000e+00,6.43836021e-01,8.94615459e+00,1.94634893e-03,2.50041092e+02,8.01926956e+01,1.88008137e+01,2.39768341e-01,7.87096858e-01
5345803-S04-156I3-A-L-C-190,20.02.2020-09:10:23,2.10000000e+01,6.42163694e-01,8.88274956e+00,1.84532499e-03,2.65176636e+02,7.99097214e+01,1.85533772e+01,2.14498892e-01,5.76329827e-01
5345803-S04-156I3-A-L-C-190,20.02.2020-09:10:26,2.10000000e+01,6.42869890e-01,8.89505005e+00,2.00045598e-03,1.24588898e+02,7.96836929e+01,1.85468922e+01,2.72890776e-01,6.26658797e-01
5345803-S04-156I3-A-L-C-190,20.02.2020-09:10:28,7.00000000e+00,6.50380254e-01,9.02472401e+00,2.09149742e-03,2.59542145e+02,8.04308853e+01,1.92156181e+01,1.67270154e-01,3.15643460e-01
5345803-S04-156I3-A-L-C-190,20.02.2020-09:10:30,8.00000000e+00,6.48287833e-01,8.96603203e+00,1.98615226e-03,7.45163040e+01,8.02186432e+01,1.89790134e+01,2.97984093e-01,3.84817928e-01
5345803-S04-156I3-A-L-C-190,20.02.2020-09:10:32,9.00000000e+00,6.44384801e-01,8.95893002e+00,1.88424462e-03,2.64722015e+02,8.02200089e+01,1.88501320e+01,2.93924600e-01,1.11234760e+00
5345803-S04-156I3-A-L-C-190,20.02.2020-09:10:34,8.00000000e+00,6.45755947e-01,8.98008251e+00,1.97797990e-03,6.34126434e+01,8.02159042e+01,1.89338703e+01,4.50352550e-01,6.48427367e-01
5345803-S04-156I3-A-L-C-190,20.02.2020-09:10:36,9.00000000e+00,6.45170391e-01,8.97542858e+00,1.79056218e-03,3.24037781e+02,8.01300278e+01,1.88866577e+01,1.01549916e-01,1.95634425e-01
5345803-S04-156I3-A-L-C-190,20.02.2020-09:11:21,2.00000000e+01,6.40659332e-01,8.93401909e+00,2.05197535e-03,5.30613342e+02,8.01079407e+01,1.86629276e+01,8.36535469e-02,2.30821267e-01
5345803-S04-156I3-A-L-C-190,20.02.2020-09:11:23,1.90000000e+01,6.43458784e-01,8.94059658e+00,1.82523986e-03,6.21132446e+02,8.02696762e+01,1.87961502e+01,7.39863291e-02,1.82154864e-01
5345803-S04-156I3-A-L-C-190,20.02.2020-09:11:25,9.00000000e+00,6.44751906e-01,8.96358204e+00,1.57492096e-03,1.62427383e+02,8.01074982e+01,1.88441963e+01,2.06260070e-01,3.38485330e-01
5345803-S04-156I3-A-L-C-190,20.02.2020-09:11:27,8.00000000e+00,6.46360397e-01,8.99072170e+00,2.08570412e-03,2.96663116e+02,8.01461639e+01,1.89575520e+01,9.64663923e-02,1.50824919e-01
5345803-S04-156I3-A-L-C-190,20.02.2020-09:11:29,9.00000000e+00,6.45290852e-01,8.99317360e+00,2.08987272e-03,3.27225525e+02,7.98564377e+01,1.88629093e+01,7.70022944e-02,1.10633679e-01
5345803-S04-156I3-A-L-C-190,20.02.2020-09:11:31,9.00000000e+00,6.45106375e-01,8.99782753e+00,2.13338458e-03,3.91797455e+02,7.97038956e+01,1.88312340e+01,7.36299828e-02,1.10231601e-01
5345803-S04-156I3-A-L-C-190,20.02.2020-09:11:33,2.00000000e+00,6.39388561e-01,8.83049488e+00,1.89689058e-03,1.44553055e+02,7.98980408e+01,1.83618412e+01,2.02765048e-01,6.42597616e-01
5345803-S04-156I3-A-L-C-190,20.02.2020-09:11:36,8.00000000e+00,6.46558702e-01,8.96489048e+00,1.89492898e-03,4.03353363e+02,8.01796188e+01,1.89167747e+01,8.25268850e-02,2.23992690e-01
5345803-S04-156I3-A-L-C-190,20.02.2020-09:11:38,9.00000000e+00,6.45389616e-01,8.94705200e+00,1.97603577e-03,2.70487640e+02,8.01815262e+01,1.88454475e+01,1.10983118e-01,3.49807352e-01
5345803-S04-156I3-A-L-C-190,20.02.2020-09:11:40,9.00000000e+00,6.45328581e-01,8.96223354e+00,2.03099661e-03,2.88017700e+02,8.03018417e+01,1.89039631e+01,1.24312162e-01,3.83815378e-01
5345803-S04-156I3-A-L-C-190,20.02.2020-09:12:03,8.00000000e+00,6.46095634e-01,8.96580124e+00,1.71379873e-03,3.51812103e+02,8.03186493e+01,1.89379311e+01,1.17195748e-01,3.69997144e-01
5345803-S04-156I3-A-L-C-190,20.02.2020-09:12:05,9.00000000e+00,6.45549595e-01,8.95247269e+00,1.87541556e-03,4.98809723e+02,8.02166290e+01,1.88697987e+01,7.69005641e-02,3.24841261e-01
5345803-S04-156I3-A-L-C-190,20.02.2020-09:12:07,8.00000000e+00,6.46727204e-01,8.97708130e+00,1.89118297e-03,1.41121338e+02,8.02177734e+01,1.89564533e+01,1.70714572e-01,3.16741884e-01
5345803-S04-156I3-A-L-C-190,20.02.2020-09:12:09,9.00000000e+00,6.45440340e-01,8.95603371e+00,2.26826570e-03,4.18583618e+02,8.01439285e+01,1.88570023e+01,8.47314000e-02,3.33086073e-01
5345803-S04-156I3-A-L-C-190,20.02.2020-09:12:12,9.00000000e+00,6.45773113e-01,8.95635128e+00,1.98533037e-03,1.74197311e+02,8.03029480e+01,1.89048290e+01,1.26867935e-01,3.71979475e-01
5345803-S04-156I3-A-L-C-190,20.02.2020-09:12:14,8.00000000e+00,6.47157669e-01,8.97504807e+00,1.84084708e-03,3.30304169e+02,8.03483658e+01,1.89956493e+01,8.25700685e-02,2.53494442e-01
5345803-S04-156I3-A-L-C-190,20.02.2020-09:12:16,9.00000000e+00,6.45891368e-01,8.97014141e+00,1.83287484e-03,8.79969940e+01,8.01833496e+01,1.89092007e+01,3.16908717e-01,4.99641120e-01
5345803-S04-156I3-A-L-C-190,20.02.2020-09:12:18,8.00000000e+00,6.46491528e-01,8.96685600e+00,1.85172202e-03,3.68809509e+02,8.02291260e+01,1.89306393e+01,1.00292861e-01,3.50570500e-01
5345803-S04-156I3-A-L-C-190,20.02.2020-09:12:20,7.00000000e+00,6.47674382e-01,8.98310757e+00,1.97763997e-03,1.41642853e+02,8.03438873e+01,1.90268269e+01,1.97231069e-01,2.75697321e-01
5345803-S04-156I3-A-L-C-190,20.02.2020-09:12:22,8.00000000e+00,6.46683097e-01,8.97259521e+00,1.74474181e-03,2.87847717e+02,8.02154999e+01,1.89451523e+01,9.97764319e-02,2.42447525e-01
5345803-S04-156I3-A-L-C-190,20.02.2020-09:09:35,7.00000000e+00,6.49387181e-01,8.99826813e+00,2.07745610e-03,2.74552704e+02,8.04805298e+01,1.91418400e+01,9.97448266e-02,2.11115599e-01
5345803-S04-156I3-A-L-C-190,20.02.2020-09:09:37,2.00000000e+01,6.42536402e-01,8.89364624e+00,1.53963454e-03,2.06507889e+02,7.99785385e+01,1.86029243e+01,2.88748026e-01,6.64409101e-01
5345803-S04-156I3-A-L-C-190,20.02.2020-09:09:39,2.10000000e+01,6.39335990e-01,8.86997604e+00,1.96748856e-03,1.59357880e+02,8.02001190e+01,1.85121479e+01,5.74239075e-01,2.62705231e+00
5345803-S04-156I3-A-L-C-190,20.02.2020-09:09:41,9.00000000e+00,6.44779563e-01,8.93908978e+00,1.80503365e-03,1.08346062e+02,8.04326935e+01,1.88698044e+01,2.92374432e-01,4.45923328e-01
5345803-S04-156I3-A-L-C-190,20.02.2020-09:09:43,9.00000000e+00,6.44886076e-01,8.97199726e+00,2.00348208e-03,1.45350342e+02,8.02720032e+01,1.89045544e+01,2.69101888e-01,8.82973373e-01
5345803-S04-156I3-A-L-C-190,20.02.2020-09:09:45,9.00000000e+00,6.45037115e-01,8.97441196e+00,2.03086203e-03,2.42695404e+02,8.01862488e+01,1.88938656e+01,1.99207127e-01,7.90838540e-01
5345803-S04-156I3-A-L-C-190,20.02.2020-09:09:47,8.00000000e+00,6.46219850e-01,8.97337341e+00,1.67323893e-03,8.06579361e+01,8.02984467e+01,1.89527988e+01,4.28169727e-01,6.31553113e-01
5345803-S04-156I3-A-L-C-190,20.02.2020-09:09:49,8.00000000e+00,6.46097660e-01,8.96672916e+00,1.90133951e-03,8.63801270e+01,8.02053909e+01,1.89132423e+01,2.89076447e-01,5.01560807e-01
5345803-S04-156I3-A-L-C-190,20.02.2020-09:09:52,2.10000000e+01,6.43013477e-01,8.89078045e+00,1.32682337e-03,1.17842010e+02,7.98382568e+01,1.85780964e+01,3.09843093e-01,7.75485754e-01
5345803-S04-156I3-A-L-C-190,20.02.2020-09:09:54,9.00000000e+00,6.44671023e-01,8.96831417e+00,1.70837808e-03,1.50554321e+02,8.02282639e+01,1.88801975e+01,3.55440676e-01,9.61889029e-01
5345803-S04-156I3-A-L-C-190,20.02.2020-09:10:38,8.00000000e+00,6.45216644e-01,8.97977448e+00,1.87631452e-03,3.88802032e+02,8.04234619e+01,1.89663601e+01,6.29270151e-02,2.12275356e-01
5345803-S04-156I3-A-L-C-190,20.02.2020-09:10:41,9.00000000e+00,6.46622121e-01,8.95045185e+00,2.04468681e-03,4.14481049e+02,7.99948273e+01,1.88446312e+01,9.91638303e-02,1.58482909e-01
5345803-S04-156I3-A-L-C-190,20.02.2020-09:10:43,9.00000000e+00,6.45803213e-01,8.96906567e+00,1.83646241e-03,1.50516922e+02,8.00357895e+01,1.88695602e+01,1.11643702e-01,2.22524717e-01
5345803-S04-156I3-A-L-C-190,20.02.2020-09:10:45,9.00000000e+00,6.45379066e-01,8.96482182e+00,1.78314606e-03,4.26907898e+02,8.01306076e+01,1.88705769e+01,5.91511875e-02,1.59152776e-01
5345803-S04-156I3-A-L-C-190,20.02.2020-09:10:47,9.00000000e+00,6.45335317e-01,8.95963478e+00,1.79737865e-03,2.16864151e+02,8.02624893e+01,1.88894176e+01,9.38662365e-02,2.05001786e-01
5345803-S04-156I3-A-L-C-190,20.02.2020-09:10:49,9.00000000e+00,6.45633399e-01,8.97073555e+00,2.07590545e-03,4.68090729e+02,7.99904251e+01,1.88574181e+01,5.32962307e-02,1.61170587e-01
5345803-S04-156I3-A-L-C-190,20.02.2020-09:10:51,9.00000000e+00,6.45704389e-01,8.95807934e+00,2.00581201e-03,1.37868134e+02,8.01184311e+01,1.88630219e+01,1.74044579e-01,4.32906598e-01
5345803-S04-156I3-A-L-C-190,20.02.2020-09:10:53,1.90000000e+01,6.45057380e-01,8.93871498e+00,2.15024897e-03,4.42249664e+02,8.00758896e+01,1.87934017e+01,8.14798772e-02,2.30644479e-01
5345803-S04-156I3-A-L-C-190,20.02.2020-09:10:55,1.90000000e+01,6.42906427e-01,8.93800735e+00,1.83166936e-03,2.60756592e+02,8.00940247e+01,1.87334938e+01,1.15324974e-01,2.81805098e-01
5345803-S04-156I3-A-L-C-190,20.02.2020-09:10:57,9.00000000e+00,6.44598246e-01,8.95834446e+00,1.97541714e-03,2.04917694e+02,8.01730423e+01,1.88441010e+01,9.66438353e-02,1.76785886e-01
5345803-S04-156I3-A-L-C-190,20.02.2020-09:11:42,8.00000000e+00,6.47104025e-01,8.95903397e+00,1.56841683e-03,1.61272247e+02,8.05064468e+01,1.89974880e+01,1.19245894e-01,2.58315563e-01
5345803-S04-156I3-A-L-C-190,20.02.2020-09:11:44,8.00000000e+00,6.44822001e-01,8.97595501e+00,1.78802595e-03,1.95898911e+02,8.03239441e+01,1.89232521e+01,1.26833841e-01,4.06430930e-01
5345803-S04-156I3-A-L-C-190,20.02.2020-09:11:46,8.00000000e+00,6.46783412e-01,8.96490479e+00,1.90807041e-03,3.10069702e+02,8.05080261e+01,1.90008907e+01,7.68598542e-02,2.84698933e-01
5345803-S04-156I3-A-L-C-190,20.02.2020-09:11:48,2.00000000e+01,6.40264273e-01,8.92123699e+00,2.05527013e-03,3.84144104e+02,8.01442947e+01,1.86331882e+01,1.41935915e-01,5.85883975e-01
5345803-S04-156I3-A-L-C-190,20.02.2020-09:11:50,8.00000000e+00,6.46881878e-01,8.96920204e+00,1.90103077e-03,1.21790359e+02,8.02096558e+01,1.89424286e+01,1.59469843e-01,2.82491833e-01
5345803-S04-156I3-A-L-C-190,20.02.2020-09:11:52,1.90000000e+01,6.43897414e-01,8.94053078e+00,1.80045294e-03,2.79341248e+02,8.01485519e+01,1.87804432e+01,9.45447758e-02,2.02414453e-01
5345803-S04-156I3-A-L-C-190,20.02.2020-09:11:55,9.00000000e+00,6.45013571e-01,8.94687653e+00,1.78499415e-03,2.37578247e+02,8.02597046e+01,1.88524609e+01,1.11871965e-01,1.99483871e-01
5345803-S04-156I3-A-L-C-190,20.02.2020-09:11:57,8.00000000e+00,6.46360815e-01,8.97291183e+00,1.91835198e-03,2.37676773e+02,8.03305969e+01,1.89635468e+01,1.32378638e-01,2.76103228e-01
5345803-S04-156I3-A-L-C-190,20.02.2020-09:11:59,1.90000000e+01,6.44525230e-01,8.94332027e+00,2.23419815e-03,2.14266968e+02,8.00666809e+01,1.87854118e+01,1.40818104e-01,3.54658663e-01
5345803-S04-156I3-A-L-C-190,20.02.2020-09:12:01,9.00000000e+00,6.45134926e-01,8.94776821e+00,1.95924658e-03,1.42773926e+02,8.02527390e+01,1.88562508e+01,1.68737561e-01,4.15908217e-01
5345803-S04-156I3-A-L-C-190,20.02.2020-09:12:24,9.00000000e+00,6.45238578e-01,8.95382881e+00,1.96808903e-03,8.59537201e+01,8.00600739e+01,1.88267460e+01,3.03519487e-01,5.47087908e-01
5345803-S04-156I3-A-L-C-190,20.02.2020-09:12:26,8.00000000e+00,6.49287462e-01,8.93052006e+00,1.61500357e-03,6.36562683e+02,8.05266724e+01,1.90056934e+01,7.03732148e-02,1.97703794e-01
5345803-S04-156I3-A-L-C-190,20.02.2020-09:12:28,7.00000000e+00,6.49893343e-01,8.95118904e+00,1.82882510e-03,3.34802673e+02,8.05684128e+01,1.90773411e+01,1.19452633e-01,2.43245497e-01
5345803-S04-156I3-A-L-C-190,20.02.2020-09:12:30,7.00000000e+00,6.51023209e-01,8.97740650e+00,1.77639199e-03,6.96745178e+02,8.04889755e+01,1.91475830e+01,8.92405435e-02,2.11204678e-01
5345803-S04-156I3-A-L-C-190,20.02.2020-09:12:33,7.00000000e+00,6.50498748e-01,8.97145081e+00,1.69360451e-03,1.37000366e+02,8.04360046e+01,1.91068840e+01,2.04796001e-01,3.83163124e-01
5345803-S04-156I3-A-L-C-190,20.02.2020-09:12:35,8.00000000e+00,6.46550715e-01,8.97369480e+00,1.44262379e-03,3.83769104e+02,8.02217178e+01,1.89450607e+01,6.51139915e-02,1.31504908e-01
5345803-S04-156I3-A-L-C-190,20.02.2020-09:12:37,1.90000000e+01,6.44727290e-01,8.90876484e+00,1.86406821e-03,1.61559235e+02,8.01806183e+01,1.87453308e+01,2.08297819e-01,9.50132370e-01
5345803-S04-156I3-A-L-C-190,20.02.2020-09:12:44,9.00000000e+00,6.44163489e-01,8.95793247e+00,1.59344869e-03,3.04299896e+02,8.02690506e+01,1.88530750e+01,1.39401838e-01,2.71443069e-01
5345803-S04-156I3-A-L-C-190,20.02.2020-09:12:46,1.90000000e+01,6.44664049e-01,8.95335388e+00,2.09174934e-03,1.78723572e+02,7.99762573e+01,1.87892952e+01,1.91103652e-01,3.91327471e-01
5345803-S04-156I3-A-L-C-190,20.02.2020-09:12:48,9.00000000e+00,6.45320177e-01,8.95031548e+00,1.81927346e-03,4.79421661e+02,8.01194305e+01,1.88356953e+01,4.99826707e-02,1.42316163e-01
5345803-S04-156I3-A-L-C-190,20.02.2020-09:13:12,9.00000000e+00,6.44419789e-01,8.93612099e+00,1.78272894e-03,4.99960236e+02,8.02720947e+01,1.88153687e+01,8.35818350e-02,2.91281462e-01
5345803-S04-156I3-A-L-C-190,20.02.2020-09:13:14,8.00000000e+00,6.45305514e-01,8.95806789e+00,1.78492733e-03,4.72468811e+02,8.04161682e+01,1.89214001e+01,1.03064187e-01,2.28769422e-01
5345803-S04-156I3-A-L-C-190,20.02.2020-09:13:16,8.00000000e+00,6.44564867e-01,9.01138496e+00,1.80498196e-03,2.79458832e+02,8.00113678e+01,1.89164677e+01,8.08795169e-02,9.81116220e-02
5345803-S04-156I3-A-L-C-190,20.02.2020-09:13:18,7.00000000e+00,6.49177432e-01,9.01415920e+00,1.72479113e-03,2.60877380e+02,8.05598068e+01,1.91883335e+01,9.82539207e-02,1.39305323e-01
5345803-S04-156I3-A-L-C-190,20.02.2020-09:13:20,9.00000000e+00,6.43127084e-01,8.94670773e+00,1.86627358e-03,1.67008209e+02,8.03676605e+01,1.88222504e+01,1.80547848e-01,4.10766125e-01
5345803-S04-156I3-A-L-C-190,20.02.2020-09:13:22,9.00000000e+00,6.43638849e-01,8.93456936e+00,1.59284670e-03,7.37948364e+02,8.03182755e+01,1.88001137e+01,1.03938028e-01,3.06155980e-01
5345803-S04-156I3-A-L-C-190,20.02.2020-09:13:24,9.00000000e+00,6.43898904e-01,8.94475746e+00,1.66741794e-03,1.10344360e+02,8.02951889e+01,1.88237419e+01,1.80397764e-01,3.97046447e-01
5345803-S04-156I3-A-L-C-190,20.02.2020-09:13:26,9.00000000e+00,6.43983603e-01,9.01811504e+00,2.06030114e-03,6.60910156e+02,7.99615097e+01,1.89017410e+01,3.98872793e-02,5.01949750e-02
5345803-S04-156I3-A-L-C-190,20.02.2020-09:13:29,7.00000000e+00,6.49167299e-01,8.98975277e+00,1.64606213e-03,3.61499481e+02,8.05542908e+01,1.91347713e+01,9.61242542e-02,1.37724176e-01
5345803-S04-156I3-A-L-C-190,20.02.2020-09:13:31,9.00000000e+00,6.43450618e-01,9.01353455e+00,1.98362954e-03,8.46828369e+02,7.99942322e+01,1.88842278e+01,3.15074883e-02,4.25066017e-02
5345803-S04-156I3-A-L-C-190,20.02.2020-09:13:54,1.90000000e+01,6.44035816e-01,8.92150402e+00,1.83197518e-03,2.66560974e+02,8.02296371e+01,1.87634697e+01,1.46097168e-01,4.25745279e-01
5345803-S04-156I3-A-L-C-190,20.02.2020-09:13:56,8.00000000e+00,6.45285785e-01,8.97290993e+00,1.82899821e-03,1.40151337e+02,8.02662201e+01,1.89168320e+01,2.53795207e-01,4.53802347e-01
5345803-S04-156I3-A-L-C-190,20.02.2020-09:13:58,8.00000000e+00,6.43656373e-01,9.01669216e+00,1.93884724e-03,4.37127533e+02,8.00517197e+01,1.89104633e+01,8.28889161e-02,1.15506701e-01
5345803-S04-156I3-A-L-C-190,20.02.2020-09:14:00,7.00000000e+00,6.49302661e-01,8.97934818e+00,1.84833969e-03,3.09243408e+02,8.02174683e+01,1.90366764e+01,7.71044716e-02,1.23328440e-01
5345803-S04-156I3-A-L-C-190,20.02.2020-09:14:02,8.00000000e+00,6.45598233e-01,9.01887417e+00,1.75198098e-03,3.93725403e+02,8.00978317e+01,1.89830322e+01,6.98716715e-02,9.91668701e-02
5345803-S04-156I3-A-L-C-190,20.02.2020-09:14:04,9.00000000e+00,6.44498348e-01,8.95162392e+00,1.97766931e-03,1.43900894e+02,8.04102478e+01,1.88827496e+01,1.45187780e-01,3.34772110e-01
5345803-S04-156I3-A-L-C-190,20.02.2020-09:14:06,8.00000000e+00,6.47764206e-01,8.95849323e+00,1.73381646e-03,4.40229858e+02,8.04693985e+01,1.90069695e+01,6.92001730e-02,1.77055821e-01
5345803-S04-156I3-A-L-C-190,20.02.2020-09:14:09,1.90000000e+01,6.42591774e-01,8.94831467e+00,1.91643229e-03,2.45788742e+02,8.00802536e+01,1.87426949e+01,2.15780526e-01,4.50203478e-01
5345803-S04-156I3-A-L-C-190,20.02.2020-09:14:11,2.00000000e+01,6.42827213e-01,8.92362404e+00,2.15785578e-03,1.68819794e+02,7.99996338e+01,1.86790028e+01,2.79281974e-01,6.39683247e-01
5345803-S04-156I3-A-L-C-190,20.02.2020-09:14:13,1.90000000e+01,6.42175913e-01,8.95294476e+00,1.81561441e-03,1.09052780e+02,8.00895309e+01,1.87424278e+01,2.68569291e-01,5.38879573e-01
5345803-S04-156I3-A-L-C-190,20.02.2020-09:14:58,2.00000000e+01,6.40986741e-01,8.91281891e+00,1.92956254e-03,2.86647797e+02,8.00993881e+01,1.86261692e+01,1.43432140e-01,7.12052584e-01
5345803-S04-156I3-A-L-C-190,20.02.2020-09:15:00,8.00000000e+00,6.47780597e-01,8.96144581e+00,2.19686958e-03,3.69050568e+02,8.02656097e+01,1.89655628e+01,9.20859501e-02,2.17545301e-01
5345803-S04-156I3-A-L-C-190,20.02.2020-09:16:08,2.00000000e+01,6.42148435e-01,8.86495876e+00,1.89711119e-03,8.65064697e+01,8.03024445e+01,1.86067734e+01,4.00730222e-01,7.00762749e-01
5345803-S04-156I3-A-L-C-190,20.02.2020-09:16:10,8.00000000e+00,6.47918344e-01,8.93803501e+00,1.97380478e-03,2.31779968e+02,8.03603210e+01,1.89423656e+01,1.21470720e-01,2.56836176e-01
5345803-S04-156I3-A-L-C-190,20.02.2020-09:16:13,2.00000000e+01,6.41709089e-01,8.91232395e+00,1.98582513e-03,1.51041550e+02,8.01764908e+01,1.86640720e+01,2.15990901e-01,6.97897315e-01
5345803-S04-156I3-A-L-C-190,20.02.2020-09:16:15,8.00000000e+00,6.48944378e-01,8.96270561e+00,2.19091726e-03,1.33445801e+02,8.01759949e+01,1.89810905e+01,1.90068170e-01,3.15891653e-01
5345803-S04-156I3-A-L-C-190,20.02.2020-09:16:17,8.00000000e+00,6.48121297e-01,8.97150898e+00,1.99657260e-03,1.20275742e+02,8.03103409e+01,1.90074329e+01,2.46298730e-01,3.91055077e-01
5345803-S04-156I3-A-L-C-190,20.02.2020-09:16:19,2.10000000e+01,6.40710950e-01,8.90339375e+00,2.06831470e-03,9.18392639e+01,8.00207367e+01,1.85802021e+01,3.76277924e-01,1.00690794e+00
5345803-S04-156I3-A-L-C-190,20.02.2020-09:16:21,1.90000000e+01,6.44348264e-01,8.94371986e+00,2.07971525e-03,1.26607010e+02,8.01251450e+01,1.87948074e+01,2.12900132e-01,4.41694170e-01
5345803-S04-156I3-A-L-C-190,20.02.2020-09:16:23,7.00000000e+00,6.48489296e-01,8.96850777e+00,1.82312366e-03,1.33736740e+02,8.03519974e+01,1.90217247e+01,1.81491658e-01,3.21603268e-01
5345803-S04-156I3-A-L-C-190,20.02.2020-09:17:08,1.90000000e+01,6.42796636e-01,8.99693489e+00,1.89348974e-03,8.37105865e+01,7.95799103e+01,1.87327633e+01,2.62738228e-01,3.08463544e-01
5345803-S04-156I3-A-L-C-190,20.02.2020-09:17:10,9.00000000e+00,6.46510422e-01,8.94595909e+00,2.11160816e-03,1.71110733e+02,8.02569427e+01,1.88936234e+01,1.78548649e-01,2.75491744e-01
5345803-S04-156I3-A-L-C-190,20.02.2020-09:17:12,1.90000000e+01,6.44832253e-01,8.92542076e+00,2.06866302e-03,1.11442329e+02,8.01228333e+01,1.87699013e+01,2.48892874e-01,6.84166789e-01
5345803-S04-156I3-A-L-C-190,20.02.2020-09:17:14,2.00000000e+01,6.43807113e-01,8.90088940e+00,1.87310297e-03,2.34718857e+01,8.01251373e+01,1.86890907e+01,9.41404998e-01,1.42644048e+00
5345803-S04-156I3-A-L-C-190,20.02.2020-09:17:17,1.90000000e+01,6.43887579e-01,8.90586567e+00,2.03913660e-03,1.39654068e+02,8.02340088e+01,1.87272873e+01,2.04601422e-01,6.20621741e-01
5345803-S04-156I3-A-L-C-190,20.02.2020-09:17:19,9.00000000e+00,6.45370066e-01,8.97244740e+00,2.23026006e-03,1.23846985e+02,7.99889297e+01,1.88529720e+01,2.08465099e-01,3.22113782e-01
5345803-S04-156I3-A-L-C-190,20.02.2020-09:17:21,8.00000000e+00,6.46715403e-01,8.95924568e+00,1.93156884e-03,1.70984497e+02,8.03208389e+01,1.89427528e+01,1.56328142e-01,2.53778338e-01
5345803-S04-156I3-A-L-C-190,20.02.2020-09:17:23,2.00000000e+01,6.42619789e-01,8.93794823e+00,2.30584154e-03,1.49170380e+02,7.98150024e+01,1.86597843e+01,2.39827767e-01,5.06716013e-01
5345803-S04-156I3-A-L-C-190,20.02.2020-09:17:41,9.00000000e+00,6.44021928e-01,8.95817566e+00,1.97852380e-03,3.80947342e+01,8.02034836e+01,1.88340492e+01,4.94125903e-01,5.89020312e-01
5345803-S04-156I3-A-L-C-190,20.02.2020-09:17:43,1.90000000e+01,6.43240035e-01,8.93183708e+00,1.79273402e-03,1.50706848e+02,8.01299973e+01,1.87386875e+01,2.59502351e-01,4.67155695e-01
5345803-S04-156I3-A-L-C-190,20.02.2020-09:11:00,8.00000000e+00,6.46592796e-01,8.97318649e+00,1.98060903e-03,3.77511719e+02,8.02698288e+01,1.89565830e+01,8.45926031e-02,2.28138894e-01
5345803-S04-156I3-A-L-C-190,20.02.2020-09:11:02,2.00000000e+01,6.41799569e-01,8.92609978e+00,1.93516084e-03,3.76081879e+02,8.01102982e+01,1.86801224e+01,1.29700348e-01,5.59193671e-01
5345803-S04-156I3-A-L-C-190,20.02.2020-09:11:04,9.00000000e+00,6.44790292e-01,8.96957397e+00,1.87552720e-03,1.14813530e+02,8.01196365e+01,1.88607731e+01,1.35380834e-01,1.68254316e-01
5345803-S04-156I3-A-L-C-190,20.02.2020-09:11:06,1.90000000e+01,6.43199801e-01,8.94445896e+00,2.01296667e-03,3.12652374e+02,8.00529175e+01,1.87459450e+01,1.11146346e-01,2.34500647e-01
5345803-S04-156I3-A-L-C-190,20.02.2020-09:11:08,8.00000000e+00,6.45766854e-01,8.96544552e+00,2.02525733e-03,1.11983109e+02,8.04612656e+01,1.89611511e+01,1.70552507e-01,2.89846390e-01
5345803-S04-156I3-A-L-C-190,20.02.2020-09:11:10,9.00000000e+00,6.44634247e-01,8.97382450e+00,2.01189215e-03,2.01772324e+02,8.02288742e+01,1.88908653e+01,1.92822933e-01,4.96449172e-01
5345803-S04-156I3-A-L-C-190,20.02.2020-09:11:12,9.00000000e+00,6.45182133e-01,8.97083664e+00,1.86684204e-03,2.92472931e+02,8.02272339e+01,1.89002399e+01,1.18901484e-01,3.50341290e-01
5345803-S04-156I3-A-L-C-190,20.02.2020-09:11:14,9.00000000e+00,6.45470798e-01,8.95561886e+00,1.74616836e-03,2.37093185e+02,8.02624283e+01,1.88848991e+01,1.13838993e-01,3.66369426e-01
5345803-S04-156I3-A-L-C-190,20.02.2020-09:11:16,9.00000000e+00,6.44999921e-01,8.95816612e+00,1.86711422e-03,2.20400620e+02,8.01605606e+01,1.88525333e+01,1.02146305e-01,2.07842320e-01
5345803-S04-156I3-A-L-C-190,20.02.2020-09:11:19,9.00000000e+00,6.44505680e-01,8.96975231e+00,1.87482429e-03,7.37179138e+02,8.01418686e+01,1.88580513e+01,7.24750236e-02,2.03362256e-01
5345803-S04-156I3-A-L-C-190,20.02.2020-09:12:51,2.00000000e+01,6.40459895e-01,8.92075920e+00,1.84410182e-03,4.29323669e+02,8.02127228e+01,1.86537952e+01,1.56081945e-01,3.82956922e-01
5345803-S04-156I3-A-L-C-190,20.02.2020-09:12:53,9.00000000e+00,6.44744515e-01,8.95674992e+00,2.05076789e-03,5.85742249e+02,8.00799484e+01,1.88231392e+01,7.42962509e-02,1.57443106e-01
5345803-S04-156I3-A-L-C-190,20.02.2020-09:12:55,9.00000000e+00,6.44389987e-01,8.95151806e+00,1.97839877e-03,2.00454102e+02,8.01280899e+01,1.88131065e+01,1.21027127e-01,2.05879435e-01
5345803-S04-156I3-A-L-C-190,20.02.2020-09:12:57,9.00000000e+00,6.45996809e-01,8.95616150e+00,1.92914449e-03,2.68750244e+02,8.00990143e+01,1.88629532e+01,1.33181274e-01,3.45943779e-01
5345803-S04-156I3-A-L-C-190,20.02.2020-09:12:59,8.00000000e+00,6.43893242e-01,9.01418495e+00,1.87400728e-03,2.42598801e+02,8.00583801e+01,1.89137363e+01,7.05293566e-02,8.39646161e-02
5345803-S04-156I3-A-L-C-190,20.02.2020-09:13:01,9.00000000e+00,6.43201828e-01,8.94139481e+00,1.86567567e-03,4.00957245e+02,8.03597946e+01,1.88114185e+01,1.05930500e-01,2.92649478e-01
5345803-S04-156I3-A-L-C-190,20.02.2020-09:13:03,8.00000000e+00,6.44736767e-01,9.01636600e+00,1.76274113e-03,3.54661377e+02,8.00327225e+01,1.89370251e+01,7.42182061e-02,8.95535499e-02
5345803-S04-156I3-A-L-C-190,20.02.2020-09:13:05,2.10000000e+01,6.41752541e-01,8.86484241e+00,1.80126668e-03,2.23497086e+02,8.02940674e+01,1.85931206e+01,1.55925319e-01,7.12713361e-01
5345803-S04-156I3-A-L-C-190,20.02.2020-09:13:07,2.00000000e+01,6.42803669e-01,8.89105034e+00,1.92528544e-03,1.95829987e+02,8.00748596e+01,1.86276398e+01,1.76130459e-01,7.17623591e-01
5345803-S04-156I3-A-L-C-190,20.02.2020-09:13:10,1.90000000e+01,6.43048167e-01,8.91858196e+00,1.90125650e-03,2.84995697e+02,8.02757950e+01,1.87393322e+01,1.62084803e-01,4.59045291e-01
5345803-S04-156I3-A-L-C-190,20.02.2020-09:13:33,7.00000000e+00,6.48850262e-01,8.99804497e+00,1.71344541e-03,1.55035904e+02,8.05411377e+01,1.91399403e+01,1.11676782e-01,1.57757729e-01
5345803-S04-156I3-A-L-C-190,20.02.2020-09:13:35,1.90000000e+01,6.43341660e-01,8.92830372e+00,1.78126013e-03,2.30922867e+02,8.02461548e+01,1.87613907e+01,1.66975006e-01,4.12235409e-01
5345803-S04-156I3-A-L-C-190,20.02.2020-09:13:37,2.00000000e+00,6.35060847e-01,8.79286957e+00,1.62359676e-03,4.89706970e+02,8.05307770e+01,1.83036652e+01,4.76294160e-02,8.55226815e-02
5345803-S04-156I3-A-L-C-190,20.02.2020-09:13:39,9.00000000e+00,6.44421518e-01,8.94110012e+00,1.97580457e-03,1.68465149e+02,8.02018585e+01,1.88094292e+01,9.27962735e-02,1.75149322e-01
5345803-S04-156I3-A-L-C-190,20.02.2020-09:13:41,7.00000000e+00,6.46739841e-01,8.96613884e+00,1.67902303e-03,4.99232056e+02,8.05938644e+01,1.90224857e+01,5.38494587e-02,1.98842928e-01
5345803-S04-156I3-A-L-C-190,20.02.2020-09:13:43,7.00000000e+00,6.49022043e-01,8.96261787e+00,1.96265057e-03,2.86714233e+02,8.05669632e+01,1.90757446e+01,7.97559917e-02,1.23453207e-01
5345803-S04-156I3-A-L-C-190,20.02.2020-09:13:45,8.00000000e+00,6.45471632e-01,9.01967144e+00,1.95727847e-03,6.71349487e+02,8.00325928e+01,1.89655285e+01,4.14083302e-02,6.26876801e-02
5345803-S04-156I3-A-L-C-190,20.02.2020-09:13:47,8.00000000e+00,6.45256281e-01,9.02196121e+00,1.96718471e-03,1.72443192e+02,7.98165970e+01,1.89128342e+01,1.18953876e-01,1.54355064e-01
5345803-S04-156I3-A-L-C-190,20.02.2020-09:13:50,9.00000000e+00,6.44218445e-01,8.93032551e+00,1.61039282e-03,2.79171722e+02,8.02878113e+01,1.88009682e+01,1.25950366e-01,3.77427012e-01
5345803-S04-156I3-A-L-C-190,20.02.2020-09:13:52,8.00000000e+00,6.46587133e-01,9.01591778e+00,2.00492190e-03,2.80728851e+02,8.00030670e+01,1.89833927e+01,8.17822888e-02,1.02746889e-01
5345803-S04-156I3-A-L-C-190,20.02.2020-09:14:15,1.90000000e+01,6.42773151e-01,8.95232582e+00,1.98245887e-03,2.28117340e+02,8.00256958e+01,1.87436123e+01,1.90617636e-01,4.66172844e-01
5345803-S04-156I3-A-L-C-190,20.02.2020-09:14:17,2.00000000e+01,6.41921997e-01,8.91590023e+00,1.93453149e-03,1.46196426e+02,8.01971436e+01,1.86825695e+01,2.53032833e-01,5.57792366e-01
5345803-S04-156I3-A-L-C-190,20.02.2020-09:14:19,1.90000000e+01,6.43840909e-01,8.95429993e+00,1.88157510e-03,2.62297882e+02,8.00510941e+01,1.87848492e+01,1.05720505e-01,1.87122077e-01
5345803-S04-156I3-A-L-C-190,20.02.2020-09:14:21,9.00000000e+00,6.44109428e-01,8.95606041e+00,1.72490766e-03,1.20807587e+02,8.00936203e+01,1.88063641e+01,2.19886452e-01,3.26823682e-01
5345803-S04-156I3-A-L-C-190,20.02.2020-09:14:23,7.00000000e+00,6.47596717e-01,9.01291847e+00,2.14374554e-03,2.66379425e+02,8.02099152e+01,1.90558510e+01,1.41466856e-01,1.91628978e-01
5345803-S04-156I3-A-L-C-190,20.02.2020-09:14:26,9.00000000e+00,6.43966675e-01,8.94114304e+00,1.75730209e-03,1.59548187e+02,8.03337555e+01,1.88271542e+01,2.27867469e-01,5.46189547e-01
5345803-S04-156I3-A-L-C-190,20.02.2020-09:14:28,1.90000000e+01,6.43490136e-01,8.94734859e+00,1.87981036e-03,9.59454117e+01,7.99756927e+01,1.87423687e+01,2.77979910e-01,4.04449910e-01
5345803-S04-156I3-A-L-C-190,20.02.2020-09:14:30,1.90000000e+01,6.42373085e-01,8.95171547e+00,1.98027981e-03,1.17458595e+02,8.00515442e+01,1.87367172e+01,2.82545179e-01,6.10830963e-01
5345803-S04-156I3-A-L-C-190,20.02.2020-09:14:32,9.00000000e+00,6.46043956e-01,8.95234013e+00,1.81941770e-03,2.67266449e+02,8.03151550e+01,1.89071617e+01,1.16619505e-01,2.18630627e-01
5345803-S04-156I3-A-L-C-190,20.02.2020-09:14:34,8.00000000e+00,6.46814466e-01,8.95244217e+00,1.83670805e-03,2.24371002e+02,8.03175125e+01,1.89304829e+01,1.17069289e-01,3.51402909e-01
5345803-S04-156I3-A-L-C-190,20.02.2020-09:16:25,2.00000000e+01,6.41584277e-01,8.91724682e+00,2.03516916e-03,1.90272034e+02,8.00840530e+01,1.86492214e+01,2.71072924e-01,8.28140974e-01
5345803-S04-156I3-A-L-C-190,20.02.2020-09:16:28,8.00000000e+00,6.46601737e-01,8.96872520e+00,2.10900768e-03,7.67928619e+01,8.01320343e+01,1.89148960e+01,2.95008481e-01,5.33767998e-01
5345803-S04-156I3-A-L-C-190,20.02.2020-09:16:30,2.40000000e+01,6.45595372e-01,8.95310783e+00,2.07709102e-03,8.22195530e+00,7.94968185e+01,1.87031231e+01,3.21304727e+00,3.85937071e+00
5345803-S04-156I3-A-L-C-190,20.02.2020-09:16:32,9.00000000e+00,6.45726085e-01,8.95479870e+00,2.05660542e-03,3.03364441e+02,8.00404434e+01,1.88383942e+01,9.16609615e-02,1.73684835e-01
5345803-S04-156I3-A-L-C-190,20.02.2020-09:16:34,1.90000000e+01,6.43936515e-01,8.92406750e+00,1.96089130e-03,1.62316177e+02,8.01957245e+01,1.87580318e+01,1.43193170e-01,2.06987232e-01
5345803-S04-156I3-A-L-C-190,20.02.2020-09:16:36,2.00000000e+01,6.43978477e-01,8.91280842e+00,1.92156574e-03,1.59355591e+02,7.99455566e+01,1.86771431e+01,1.79115310e-01,3.49522263e-01
5345803-S04-156I3-A-L-C-190,20.02.2020-09:16:38,1.90000000e+01,6.45112693e-01,8.93839931e+00,2.32013105e-03,5.93803978e+01,7.99400024e+01,1.87624550e+01,4.08212632e-01,6.98920786e-01
5345803-S04-156I3-A-L-C-190,20.02.2020-09:16:40,1.90000000e+01,6.44680738e-01,8.96889877e+00,2.20863498e-03,1.60041016e+02,7.97069931e+01,1.87590313e+01,1.28211439e-01,1.56229243e-01
5345803-S04-156I3-A-L-C-190,20.02.2020-09:16:43,1.90000000e+01,6.44582212e-01,8.92436504e+00,2.22315034e-03,1.72149475e+02,7.99806900e+01,1.87271194e+01,1.45684019e-01,3.36702645e-01
5345803-S04-156I3-A-L-C-190,20.02.2020-09:16:45,1.90000000e+01,6.44828558e-01,8.96159172e+00,2.07465934e-03,1.61749496e+02,7.97225876e+01,1.87517147e+01,1.34811118e-01,1.65133774e-01
5345803-S04-156I3-A-L-C-190,20.02.2020-09:17:45,2.00000000e+01,6.42537951e-01,8.89417362e+00,1.79819018e-03,7.49986725e+01,8.03738327e+01,1.86960239e+01,3.51441026e-01,9.49165821e-01
5345803-S04-156I3-A-L-C-190,20.02.2020-09:17:47,1.90000000e+01,6.42595708e-01,8.98926830e+00,1.99376326e-03,1.68105087e+02,7.98818588e+01,1.87819443e+01,1.16912328e-01,1.37903497e-01
5345803-S04-156I3-A-L-C-190,20.02.2020-09:17:49,2.00000000e+01,6.42593563e-01,8.90500736e+00,2.18098122e-03,7.03573456e+01,8.01619568e+01,1.86710682e+01,3.40506226e-01,7.79385984e-01
5345803-S04-156I3-A-L-C-190,20.02.2020-09:17:51,1.90000000e+01,6.43457353e-01,8.99327183e+00,2.26153969e-03,1.24093468e+02,7.95780258e+01,1.87439384e+01,1.75489619e-01,2.03584999e-01
5345803-S04-156I3-A-L-C-190,20.02.2020-09:17:54,8.00000000e+00,6.46436870e-01,8.99952793e+00,1.80428405e-03,6.49977188e+01,8.02290649e+01,1.89979935e+01,3.55349988e-01,4.73725319e-01
5345803-S04-156I3-A-L-C-190,20.02.2020-09:17:56,1.00000000e+00,6.36448383e-01,8.83446884e+00,1.53331726e-03,2.22388519e+02,8.04708710e+01,1.84167290e+01,3.12947184e-01,1.11732793e+00
5345803-S04-156I3-A-L-C-190,20.02.2020-09:17:58,9.00000000e+00,6.44616842e-01,8.97654724e+00,2.17389967e-03,5.31971817e+01,8.01134109e+01,1.88688908e+01,3.02935451e-01,3.57330024e-01
5345803-S04-156I3-A-L-C-190,20.02.2020-09:18:00,2.00000000e+01,6.42688394e-01,8.92645550e+00,2.23542005e-03,2.19265686e+02,7.99274063e+01,1.86640282e+01,1.93662897e-01,3.95305604e-01
5345803-S04-156I3-A-L-C-190,20.02.2020-09:18:02,9.00000000e+00,6.44563913e-01,8.93487644e+00,1.86290091e-03,4.84719200e+01,8.02113037e+01,1.88027020e+01,4.40681338e-01,5.39584339e-01
5345803-S04-156I3-A-L-C-190,20.02.2020-09:18:04,1.90000000e+01,6.43222868e-01,8.92473316e+00,1.93038280e-03,2.08058929e+02,8.01141434e+01,1.87195797e+01,1.76572785e-01,3.42943728e-01
5345803-S04-156I3-A-L-C-190,20.02.2020-09:18:27,3.00000000e+00,6.37129903e-01,8.80047321e+00,1.88614207e-03,5.09262009e+01,7.95724182e+01,1.81604557e+01,3.97924632e-01,6.19904220e-01
5345803-S04-156I3-A-L-C-190,20.02.2020-09:18:30,9.00000000e+00,6.44832075e-01,8.94094944e+00,1.92117086e-03,9.15920563e+01,8.02261429e+01,1.88267937e+01,2.97732770e-01,6.84642255e-01
5345803-S04-156I3-A-L-C-190,20.02.2020-09:18:32,1.90000000e+01,6.45264268e-01,8.87683868e+00,1.85558153e-03,9.57081451e+01,8.03936462e+01,1.87433758e+01,3.57154876e-01,6.52271450e-01
5345803-S04-156I3-A-L-C-190,20.02.2020-09:18:34,1.90000000e+01,6.45535409e-01,8.92803192e+00,2.08466453e-03,1.10726364e+02,8.00845566e+01,1.87868843e+01,2.52305537e-01,4.00144428e-01
5345803-S04-156I3-A-L-C-190,20.02.2020-09:18:36,9.00000000e+00,6.47714853e-01,8.93782520e+00,2.04852573e-03,4.44993439e+01,7.99579849e+01,1.88411655e+01,5.59590161e-01,7.62894154e-01
5345803-S04-156I3-A-L-C-190,20.02.2020-09:18:38,1.90000000e+01,6.44662619e-01,8.98620129e+00,2.26661493e-03,1.92998917e+02,7.96927872e+01,1.87913437e+01,1.27604544e-01,1.58011585e-01
5345803-S04-156I3-A-L-C-190,20.02.2020-09:18:40,2.10000000e+01,6.44448042e-01,8.88167191e+00,2.15829560e-03,5.91404686e+01,7.98098068e+01,1.85938396e+01,5.23819268e-01,1.30898154e+00
5345803-S04-156I3-A-L-C-190,20.02.2020-09:18:42,9.00000000e+00,6.44907773e-01,8.98344517e+00,2.01285630e-03,1.22017609e+02,7.97658310e+01,1.88099480e+01,1.90727457e-01,2.28173167e-01
5345803-S04-156I3-A-L-C-190,20.02.2020-09:18:44,2.10000000e+01,6.42776012e-01,8.88535881e+00,2.00286135e-03,6.53324203e+01,7.99090652e+01,1.85763702e+01,6.65527523e-01,1.76470661e+00
5345803-S04-156I3-A-L-C-190,20.02.2020-09:18:46,9.00000000e+00,6.45044029e-01,8.97960377e+00,1.84092938e-03,1.01697777e+02,7.97864990e+01,1.88107491e+01,2.06861839e-01,2.45828435e-01
5345803-S04-156I3-A-L-C-190,20.02.2020-09:19:10,9.00000000e+00,6.47598565e-01,8.93084812e+00,1.58923515e-03,1.39857193e+02,8.00537491e+01,1.88456192e+01,2.05652967e-01,2.69023478e-01
5345803-S04-156I3-A-L-C-190,20.02.2020-09:19:12,2.00000000e+01,6.40716791e-01,8.91030312e+00,1.82753440e-03,2.54477158e+02,8.01112595e+01,1.86158276e+01,1.85438588e-01,4.60038394e-01
5345803-S04-156I3-A-L-C-190,20.02.2020-09:19:14,9.00000000e+00,6.46681905e-01,8.92600536e+00,1.78372755e-03,2.67603058e+02,8.01324158e+01,1.88272228e+01,1.46138355e-01,2.01976359e-01
5345803-S04-156I3-A-L-C-190,20.02.2020-09:19:16,9.00000000e+00,6.47665024e-01,8.92241669e+00,1.78205490e-03,1.54942764e+02,7.99974365e+01,1.88165169e+01,1.53749913e-01,2.12127417e-01
5345803-S04-156I3-A-L-C-190,20.02.2020-09:19:18,9.00000000e+00,6.47647858e-01,8.93150043e+00,1.59438537e-03,2.05475128e+02,8.01161194e+01,1.88631191e+01,1.29162043e-01,1.79899812e-01
5345803-S04-156I3-A-L-C-190,20.02.2020-09:19:20,7.00000000e+00,6.49822176e-01,8.94324398e+00,1.97112281e-03,2.54427948e+02,8.06177597e+01,1.90699940e+01,1.33311272e-01,4.28900808e-01
5345803-S04-156I3-A-L-C-190,20.02.2020-09:19:22,8.00000000e+00,6.47165954e-01,8.96174240e+00,1.97984115e-03,1.67977432e+02,8.04212494e+01,1.89849358e+01,1.25450701e-01,1.99161872e-01
5345803-S04-156I3-A-L-C-190,20.02.2020-09:19:24,8.00000000e+00,6.47766232e-01,8.95982170e+00,2.17556721e-03,1.22818344e+02,8.02528152e+01,1.89586830e+01,2.51697570e-01,3.59631509e-01
5345803-S04-156I3-A-L-C-190,20.02.2020-09:19:26,8.00000000e+00,6.46944880e-01,8.95311642e+00,1.94613996e-03,1.92820084e+02,8.05334778e+01,1.89866428e+01,1.10957362e-01,2.03073055e-01
5345803-S04-156I3-A-L-C-190,20.02.2020-09:19:29,1.90000000e+01,6.43677413e-01,8.97696495e+00,2.17784662e-03,1.41556259e+02,7.98831940e+01,1.87881260e+01,1.46557599e-01,1.74047679e-01
5345803-S04-156I3-A-L-C-190,20.02.2020-09:14:36,2.00000000e+01,6.40416980e-01,8.94295883e+00,1.94071443e-03,2.76590820e+02,8.01154633e+01,1.86762905e+01,1.74060538e-01,4.08553332e-01
5345803-S04-156I3-A-L-C-190,20.02.2020-09:14:38,8.00000000e+00,6.47078276e-01,8.96272469e+00,2.10554269e-03,1.57195190e+02,8.03264999e+01,1.89620781e+01,1.69777110e-01,4.08267230e-01
5345803-S04-156I3-A-L-C-190,20.02.2020-09:14:40,8.00000000e+00,6.46430671e-01,8.95170212e+00,1.62367162e-03,3.32614105e+02,8.02949753e+01,1.89123783e+01,1.40695438e-01,3.06154072e-01
5345803-S04-156I3-A-L-C-190,20.02.2020-09:14:43,9.00000000e+00,6.44821048e-01,8.92312336e+00,1.79832359e-03,2.20624680e+02,8.02948761e+01,1.88050346e+01,1.66895777e-01,5.01602173e-01
5345803-S04-156I3-A-L-C-190,20.02.2020-09:14:45,8.00000000e+00,6.46296620e-01,8.98041344e+00,2.02371646e-03,2.06482773e+02,8.03711243e+01,1.89870911e+01,1.10737719e-01,1.60149857e-01
5345803-S04-156I3-A-L-C-190,20.02.2020-09:14:47,9.00000000e+00,6.45054281e-01,8.93683815e+00,1.53290632e-03,1.61987442e+02,8.03254166e+01,1.88479156e+01,1.62337378e-01,2.32489809e-01
5345803-S04-156I3-A-L-C-190,20.02.2020-09:14:49,9.00000000e+00,6.45836353e-01,8.93706226e+00,1.95293222e-03,3.47659821e+02,8.01916046e+01,1.88398037e+01,9.81981233e-02,2.04539344e-01
5345803-S04-156I3-A-L-C-190,20.02.2020-09:14:51,9.00000000e+00,6.45949960e-01,8.94206905e+00,1.63196493e-03,9.70281143e+01,8.02009201e+01,1.88558655e+01,3.88560355e-01,5.33398569e-01
5345803-S04-156I3-A-L-C-190,20.02.2020-09:14:53,9.00000000e+00,6.45339012e-01,8.93045616e+00,2.16597435e-03,2.88428680e+02,8.01469727e+01,1.88009090e+01,1.30632684e-01,2.42668942e-01
5345803-S04-156I3-A-L-C-190,20.02.2020-09:14:55,8.00000000e+00,6.46560788e-01,8.96278572e+00,1.57393911e-03,1.33816071e+02,8.03620300e+01,1.89554234e+01,1.83676630e-01,4.35768932e-01
5345803-S04-156I3-A-L-C-190,20.02.2020-09:18:06,1.90000000e+01,6.45482779e-01,8.91041183e+00,1.90791406e-03,7.62739182e+01,8.02761078e+01,1.87931213e+01,2.64151692e-01,3.53183925e-01
5345803-S04-156I3-A-L-C-190,20.02.2020-09:18:08,1.90000000e+01,6.43295050e-01,8.93289757e+00,1.93275558e-03,1.17298752e+02,8.01177444e+01,1.87396507e+01,3.09035182e-01,5.34896195e-01
5345803-S04-156I3-A-L-C-190,20.02.2020-09:18:10,1.90000000e+01,6.44200146e-01,8.91332054e+00,2.09445646e-03,1.39117401e+02,8.03976059e+01,1.87902985e+01,2.09997252e-01,2.94753432e-01
5345803-S04-156I3-A-L-C-190,20.02.2020-09:18:13,2.00000000e+01,6.42783046e-01,8.92269611e+00,2.03610002e-03,1.44605484e+02,8.00304184e+01,1.86829643e+01,2.73816258e-01,5.05857587e-01
5345803-S04-156I3-A-L-C-190,20.02.2020-09:18:15,2.00000000e+01,6.44342899e-01,8.88719368e+00,1.85299828e-03,6.62159958e+01,8.01540222e+01,1.86825943e+01,3.62840414e-01,4.50765967e-01
5345803-S04-156I3-A-L-C-190,20.02.2020-09:18:17,9.00000000e+00,6.45898044e-01,8.95066929e+00,2.14347639e-03,1.68990814e+02,8.00457993e+01,1.88359795e+01,1.70019582e-01,3.21237206e-01
5345803-S04-156I3-A-L-C-190,20.02.2020-09:18:19,2.00000000e+01,6.42440736e-01,8.88255882e+00,1.77777919e-03,5.11543961e+01,8.00853271e+01,1.86017723e+01,4.67155516e-01,1.11504090e+00
5345803-S04-156I3-A-L-C-190,20.02.2020-09:18:21,1.90000000e+01,6.45319521e-01,8.93539524e+00,1.96214742e-03,1.75514954e+02,8.00861130e+01,1.87964554e+01,2.06845537e-01,6.09741151e-01
5345803-S04-156I3-A-L-C-190,20.02.2020-09:18:23,1.90000000e+01,6.44607246e-01,8.92140484e+00,2.15144316e-03,3.56817093e+01,8.00131149e+01,1.87292252e+01,5.45715988e-01,6.79339886e-01
5345803-S04-156I3-A-L-C-190,20.02.2020-09:18:25,1.90000000e+01,6.45515978e-01,8.92642593e+00,2.28611985e-03,1.86147125e+02,7.99312668e+01,1.87469883e+01,1.48139313e-01,3.02401990e-01
5345803-S04-156I3-A-L-C-190,20.02.2020-09:19:31,2.00000000e+01,6.40974104e-01,8.92625046e+00,2.13705888e-03,1.84957779e+02,8.00848541e+01,1.86504860e+01,2.17655167e-01,3.97337914e-01
5345803-S04-156I3-A-L-C-190,20.02.2020-09:19:33,1.90000000e+01,6.42056465e-01,8.97530270e+00,1.81610498e-03,1.31227951e+02,8.00851669e+01,1.87847157e+01,1.65058583e-01,2.06474796e-01
5345803-S04-156I3-A-L-C-190,20.02.2020-09:19:35,9.00000000e+00,6.43961310e-01,8.98924446e+00,1.84033928e-03,2.24192963e+02,7.99452362e+01,1.88367386e+01,1.01113647e-01,1.23960562e-01
5345803-S04-156I3-A-L-C-190,20.02.2020-09:19:37,9.00000000e+00,6.45808935e-01,8.93352699e+00,1.80043839e-03,1.44339890e+02,8.01408997e+01,1.88196449e+01,1.78457797e-01,4.38940674e-01
5345803-S04-156I3-A-L-C-190,20.02.2020-09:19:39,9.00000000e+00,6.45594597e-01,8.93673611e+00,1.70261029e-03,1.32539352e+02,8.01620102e+01,1.88251152e+01,1.80718064e-01,3.05673242e-01
5345803-S04-156I3-A-L-C-190,20.02.2020-09:19:41,1.90000000e+01,6.43221617e-01,8.92553711e+00,1.73968566e-03,1.22800102e+02,8.00387726e+01,1.87036171e+01,2.60424256e-01,4.25477177e-01
5345803-S04-156I3-A-L-C-190,20.02.2020-09:19:43,1.90000000e+01,6.45424306e-01,8.93362808e+00,2.31110677e-03,8.66408539e+01,8.00481491e+01,1.87868824e+01,2.70581067e-01,4.91019577e-01
5345803-S04-156I3-A-L-C-190,20.02.2020-09:19:45,2.00000000e+00,6.36608183e-01,8.78471661e+00,1.77738792e-03,1.74415466e+02,8.04892960e+01,1.83218060e+01,1.97901577e-01,5.65406859e-01
5345803-S04-156I3-A-L-C-190,20.02.2020-09:19:47,1.90000000e+01,6.42687559e-01,8.92802811e+00,2.14035390e-03,1.40850372e+02,8.01156082e+01,1.87112484e+01,1.84590757e-01,2.75907606e-01
5345803-S04-156I3-A-L-C-190,20.02.2020-09:19:50,2.10000000e+01,6.41371489e-01,8.87798882e+00,1.96541520e-03,1.61143021e+02,8.00366745e+01,1.85499821e+01,2.21765384e-01,7.56352305e-01
5345803-S04-156I3-A-L-C-190,20.02.2020-09:20:13,9.00000000e+00,6.45646334e-01,8.93962955e+00,1.91255985e-03,1.43216904e+02,8.01444168e+01,1.88285847e+01,1.34781569e-01,1.79010615e-01
5345803-S04-156I3-A-L-C-190,20.02.2020-09:20:15,9.00000000e+00,6.46073401e-01,8.92872810e+00,1.55611581e-03,1.43707458e+02,8.00715408e+01,1.88009510e+01,1.87686965e-01,2.35551894e-01
5345803-S04-156I3-A-L-C-190,20.02.2020-09:20:17,8.00000000e+00,6.47592783e-01,8.96547127e+00,1.67489529e-03,1.31628143e+02,8.02810516e+01,1.89722290e+01,1.44181758e-01,1.72918305e-01
5345803-S04-156I3-A-L-C-190,20.02.2020-09:20:19,1.90000000e+01,6.45991743e-01,8.93678093e+00,2.17281841e-03,1.40895401e+02,7.98456802e+01,1.87624550e+01,1.89531043e-01,2.29536265e-01
5345803-S04-156I3-A-L-C-190,20.02.2020-09:20:21,1.90000000e+01,6.45528972e-01,8.94096661e+00,2.02037650e-03,1.20667870e+02,7.99000244e+01,1.87705631e+01,2.14632019e-01,2.80585021e-01
5345803-S04-156I3-A-L-C-190,20.02.2020-09:20:23,1.90000000e+01,6.44067943e-01,8.92443371e+00,2.05049082e-03,1.18323044e+02,8.01699448e+01,1.87566013e+01,2.07004145e-01,2.95537263e-01
5345803-S04-156I3-A-L-C-190,20.02.2020-09:20:26,9.00000000e+00,6.46234334e-01,8.94339275e+00,1.82726141e-03,6.61804123e+01,7.99378052e+01,1.88050613e+01,3.24083179e-01,3.79802793e-01
5345803-S04-156I3-A-L-C-190,20.02.2020-09:20:28,9.00000000e+00,6.48710787e-01,8.92921352e+00,2.09771609e-03,1.35930313e+02,8.00904312e+01,1.88831825e+01,1.77215606e-01,2.24488869e-01
5345803-S04-156I3-A-L-C-190,20.02.2020-09:20:30,9.00000000e+00,6.48539305e-01,8.90439796e+00,1.79284241e-03,1.04379272e+02,8.02686996e+01,1.88676281e+01,2.15021372e-01,2.75240839e-01
5345803-S04-156I3-A-L-C-190,20.02.2020-09:20:32,2.00000000e+01,6.43259346e-01,8.93619537e+00,2.17111502e-03,1.01619789e+02,7.97220840e+01,1.86529522e+01,2.11581454e-01,2.56733567e-01
5345803-S04-156I3-A-L-C-190,20.02.2020-09:20:55,2.00000000e+01,6.42266333e-01,8.97646141e+00,1.74135272e-03,1.43444122e+02,7.95124969e+01,1.86588936e+01,1.38455376e-01,1.64544538e-01
5345803-S04-156I3-A-L-C-190,20.02.2020-09:20:57,2.00000000e+01,6.43809736e-01,8.89649773e+00,1.62521785e-03,7.21279755e+01,7.99473877e+01,1.86385040e+01,4.37956333e-01,6.67884767e-01
5345803-S04-156I3-A-L-C-190,20.02.2020-09:20:59,2.10000000e+01,6.40391767e-01,8.88356781e+00,2.17427243e-03,5.56012001e+01,7.99176331e+01,1.85057201e+01,5.03199935e-01,1.16861486e+00
5345803-S04-156I3-A-L-C-190,20.02.2020-09:21:01,2.10000000e+01,6.41314864e-01,8.87832832e+00,1.74506544e-03,6.90538559e+01,8.00112610e+01,1.85431652e+01,4.32843238e-01,9.52003479e-01
5345803-S04-156I3-A-L-C-190,20.02.2020-09:21:04,1.90000000e+01,6.44228518e-01,8.96668911e+00,1.98612083e-03,1.39546768e+02,7.98111038e+01,1.87657356e+01,1.25650778e-01,1.52471051e-01
5345803-S04-156I3-A-L-C-190,20.02.2020-09:21:06,1.90000000e+01,6.45256937e-01,8.91516304e+00,1.86535763e-03,1.38021301e+02,8.01329956e+01,1.87630539e+01,2.14331299e-01,3.74029070e-01
5345803-S04-156I3-A-L-C-190,20.02.2020-09:21:08,1.90000000e+01,6.45346701e-01,8.92644691e+00,1.86182174e-03,1.14553528e+02,8.01704941e+01,1.87982082e+01,2.26863012e-01,3.63663107e-01
5345803-S04-156I3-A-L-C-190,20.02.2020-09:21:10,1.90000000e+01,6.44358456e-01,8.91570473e+00,1.97124970e-03,2.25138580e+02,8.02075806e+01,1.87555065e+01,1.69668987e-01,3.11281055e-01
5345803-S04-156I3-A-L-C-190,20.02.2020-09:21:12,2.00000000e+01,6.41146481e-01,8.96891975e+00,1.62471575e-03,2.06685623e+02,7.95705109e+01,1.86242905e+01,8.34450424e-02,1.01005882e-01
5345803-S04-156I3-A-L-C-190,20.02.2020-09:21:14,9.00000000e+00,6.46535158e-01,8.90412235e+00,1.75976555e-03,1.11313759e+02,8.02879105e+01,1.88132420e+01,2.38563433e-01,3.60743463e-01
5345803-S04-156I3-A-L-C-190,20.02.2020-09:21:37,9.00000000e+00,6.44449949e-01,8.97967625e+00,2.11488246e-03,1.34636673e+02,8.00044479e+01,1.88449173e+01,2.34511495e-01,3.68370831e-01
5345803-S04-156I3-A-L-C-190,20.02.2020-09:21:39,2.00000000e+01,6.40803158e-01,8.89193344e+00,1.95144117e-03,1.54781387e+02,8.03064346e+01,1.86252174e+01,3.63276809e-01,7.34268546e-01
5345803-S04-156I3-A-L-C-190,20.02.2020-09:21:41,9.00000000e+00,6.45066261e-01,8.93355560e+00,1.78433582e-03,1.48554794e+02,8.03418732e+01,1.88452034e+01,1.86152607e-01,2.95262516e-01
5345803-S04-156I3-A-L-C-190,20.02.2020-09:21:43,1.90000000e+01,6.41746283e-01,8.96364307e+00,1.94468570e-03,1.36955521e+02,8.00907669e+01,1.87525578e+01,2.20179617e-01,5.63200533e-01
5345803-S04-156I3-A-L-C-190,20.02.2020-09:22:01,8.00000000e+00,6.46699131e-01,8.96926308e+00,2.28270446e-03,4.79505341e+02,8.02405701e+01,1.89445038e+01,1.02042250e-01,3.06778073e-01
5345803-S04-156I3-A-L-C-190,20.02.2020-09:22:03,9.00000000e+00,6.45436406e-01,8.94065475e+00,2.00501713e-03,9.49930267e+01,8.01816940e+01,1.88333778e+01,2.80494034e-01,4.15327936e-01
5345803-S04-156I3-A-L-C-190,20.02.2020-09:22:05,2.00000000e+01,6.40099704e-01,8.89509678e+00,1.69066247e-03,1.42392380e+02,8.03726578e+01,1.86267395e+01,3.14633220e-01,1.02104163e+00
5345803-S04-156I3-A-L-C-190,20.02.2020-09:22:07,2.10000000e+01,6.39395118e-01,8.90136147e+00,2.27304315e-03,1.99898529e+02,8.00788727e+01,1.85512810e+01,3.18834245e-01,9.92352307e-01
5345803-S04-156I3-A-L-C-190,20.02.2020-09:22:09,8.00000000e+00,6.46400154e-01,8.96204472e+00,1.64671929e-03,3.07433350e+02,8.03262939e+01,1.89407196e+01,1.24324217e-01,3.55805248e-01
5345803-S04-156I3-A-L-C-190,20.02.2020-09:22:11,7.00000000e+00,6.47020280e-01,8.96799755e+00,1.86812505e-03,1.51606201e+02,8.05534973e+01,1.90251446e+01,2.23159790e-01,4.54411626e-01
5345803-S04-156I3-A-L-C-190,20.02.2020-09:22:34,1.90000000e+01,6.42085314e-01,8.92855835e+00,2.06196308e-03,1.79737823e+02,8.01426239e+01,1.87011280e+01,2.20903397e-01,5.57340443e-01
5345803-S04-156I3-A-L-C-190,20.02.2020-09:22:36,2.00000000e+00,6.38579249e-01,8.82891941e+00,2.10754434e-03,1.46087402e+02,8.00309372e+01,1.83658257e+01,3.21574181e-01,1.79750478e+00
5345803-S04-156I3-A-L-C-190,20.02.2020-09:22:38,9.00000000e+00,6.44876122e-01,8.95719433e+00,1.63166982e-03,2.72196625e+02,8.03519363e+01,1.88918648e+01,5.63296229e-02,9.96168777e-02
5345803-S04-156I3-A-L-C-190,20.02.2020-09:22:40,9.00000000e+00,6.46150053e-01,8.96747494e+00,2.20947247e-03,1.31031082e+02,7.98708801e+01,1.88374557e+01,2.15028107e-01,4.27715749e-01
5345803-S04-156I3-A-L-C-190,20.02.2020-09:22:42,9.00000000e+00,6.42333806e-01,9.03344250e+00,2.00499897e-03,2.91451447e+02,7.96322479e+01,1.88075905e+01,7.20102713e-02,9.26904380e-02
5345803-S04-156I3-A-L-C-190,20.02.2020-09:22:45,1.90000000e+01,6.44113541e-01,8.93983555e+00,1.76838250e-03,2.63934113e+02,8.00872879e+01,1.87709293e+01,1.35135442e-01,2.06614166e-01
5345803-S04-156I3-A-L-C-190,20.02.2020-09:22:47,1.90000000e+01,6.42441094e-01,9.02469540e+00,1.92712271e-03,3.30215302e+02,7.96467285e+01,1.87959404e+01,1.00132816e-01,1.24162726e-01
5345803-S04-156I3-A-L-C-190,20.02.2020-09:22:49,9.00000000e+00,6.45917416e-01,8.95672512e+00,1.77083549e-03,9.25895081e+01,7.99384918e+01,1.88240204e+01,2.45112270e-01,5.19506931e-01
5345803-S04-156I3-A-L-C-190,20.02.2020-09:22:51,9.00000000e+00,6.46563947e-01,8.96719933e+00,1.93772011e-03,4.11732330e+02,7.99645920e+01,1.88710575e+01,1.31099433e-01,3.26575398e-01
5345803-S04-156I3-A-L-C-190,20.02.2020-09:22:53,9.00000000e+00,6.46250367e-01,8.96495914e+00,1.85061293e-03,1.15291054e+02,7.99741440e+01,1.88594475e+01,2.07626745e-01,4.04313087e-01
5345803-S04-156I3-A-L-C-190,20.02.2020-09:23:39,9.00000000e+00,6.45190418e-01,8.96372414e+00,1.68884243e-03,1.65845627e+02,8.01794968e+01,1.88742599e+01,1.32251695e-01,1.66360304e-01
5345803-S04-156I3-A-L-C-190,20.02.2020-09:23:41,2.10000000e+01,6.39386952e-01,8.91846371e+00,2.16597621e-03,1.29797180e+02,7.99369965e+01,1.85537567e+01,1.82056561e-01,3.38723719e-01
5345803-S04-156I3-A-L-C-190,20.02.2020-09:23:43,2.00000000e+01,6.41935110e-01,8.91369915e+00,1.72312476e-03,1.22498909e+02,8.02154846e+01,1.86826077e+01,2.25430772e-01,4.14145172e-01
5345803-S04-156I3-A-L-C-190,20.02.2020-09:23:45,2.00000000e+01,6.41549647e-01,8.92272758e+00,1.49996311e-03,1.76168304e+02,7.99613342e+01,1.86310844e+01,1.27982423e-01,1.65491253e-01
5345803-S04-156I3-A-L-C-190,20.02.2020-09:23:47,9.00000000e+00,6.44875109e-01,8.96425343e+00,1.39408302e-03,3.58543762e+02,8.02862930e+01,1.88912792e+01,6.79961070e-02,1.24513485e-01
5345803-S04-156I3-A-L-C-190,20.02.2020-09:23:49,2.00000000e+01,6.40844345e-01,8.90599346e+00,1.86859455e-03,3.81040802e+02,8.03472824e+01,1.86653576e+01,8.23205262e-02,2.36147285e-01
5345803-S04-156I3-A-L-C-190,20.02.2020-09:23:51,1.90000000e+01,6.43187106e-01,8.93920326e+00,1.95185316e-03,1.69399414e+02,8.02846680e+01,1.87887974e+01,9.70425084e-02,1.32639498e-01
5345803-S04-156I3-A-L-C-190,20.02.2020-09:23:54,1.90000000e+01,6.42503262e-01,8.93945885e+00,1.84466806e-03,3.28172089e+02,8.02803955e+01,1.87683582e+01,6.37036860e-02,9.30971652e-02
5345803-S04-156I3-A-L-C-190,20.02.2020-09:23:56,9.00000000e+00,6.42814219e-01,8.93475628e+00,1.68584439e-03,2.70064819e+02,8.04887085e+01,1.88162613e+01,1.13342375e-01,1.44366607e-01
5345803-S04-156I3-A-L-C-190,20.02.2020-09:23:58,9.00000000e+00,6.43077910e-01,8.93836784e+00,1.61870755e-03,2.81643860e+02,8.04396896e+01,1.88201180e+01,8.07608888e-02,1.04598515e-01
5345803-S04-156I3-A-L-C-190,20.02.2020-09:16:47,2.00000000e+00,6.41526878e-01,8.82035351e+00,1.60216948e-03,1.29925690e+02,7.98465195e+01,1.83902245e+01,2.27194652e-01,5.30964077e-01
5345803-S04-156I3-A-L-C-190,20.02.2020-09:16:49,1.00000000e+00,6.41989410e-01,8.84045506e+00,1.99361844e-03,1.55800583e+02,7.97151489e+01,1.84150791e+01,1.81182086e-01,4.61760283e-01
5345803-S04-156I3-A-L-C-190,20.02.2020-09:16:51,9.00000000e+00,6.45205677e-01,8.95898533e+00,1.90074381e-03,2.75751362e+01,8.00820160e+01,1.88417912e+01,7.23918319e-01,9.36274588e-01
5345803-S04-156I3-A-L-C-190,20.02.2020-09:16:53,9.00000000e+00,6.47511899e-01,8.93755150e+00,2.02253973e-03,1.25716286e+02,8.02123108e+01,1.88945942e+01,2.37648770e-01,3.88135701e-01
5345803-S04-156I3-A-L-C-190,20.02.2020-09:16:55,9.00000000e+00,6.47462189e-01,8.91670418e+00,1.93519297e-03,1.86015610e+02,8.01073761e+01,1.88244152e+01,1.14356577e-01,1.59081459e-01
5345803-S04-156I3-A-L-C-190,20.02.2020-09:16:58,1.00000000e+00,6.41175926e-01,8.83569050e+00,1.88714359e-03,1.06603897e+02,7.99159012e+01,1.84281216e+01,2.71937072e-01,5.23945510e-01
5345803-S04-156I3-A-L-C-190,20.02.2020-09:17:00,2.00000000e+01,6.43164635e-01,8.92440605e+00,2.16466491e-03,1.20299431e+02,8.00154037e+01,1.86941319e+01,2.02906802e-01,3.27757418e-01
5345803-S04-156I3-A-L-C-190,20.02.2020-09:17:02,1.90000000e+01,6.45115018e-01,8.91863155e+00,2.16804701e-03,1.18184074e+02,7.99397278e+01,1.87209644e+01,1.61066338e-01,2.29460582e-01
5345803-S04-156I3-A-L-C-190,20.02.2020-09:17:04,1.00000000e+00,6.42519712e-01,8.83963776e+00,1.88432098e-03,1.15059349e+02,7.97267685e+01,1.84312706e+01,2.15326712e-01,5.72114646e-01
5345803-S04-156I3-A-L-C-190,20.02.2020-09:17:06,2.00000000e+01,6.45700753e-01,8.87460041e+00,2.29289779e-03,5.88493500e+01,8.00475998e+01,1.86706142e+01,2.73790896e-01,9.72051620e-01
5345803-S04-156I3-A-L-C-190,20.02.2020-09:18:49,1.90000000e+01,6.46376014e-01,8.90480042e+00,2.12033419e-03,7.29322281e+01,7.99489899e+01,1.87306385e+01,4.48903114e-01,1.00949836e+00
5345803-S04-156I3-A-L-C-190,20.02.2020-09:18:51,9.00000000e+00,6.45369351e-01,9.00781059e+00,2.02771928e-03,3.08573017e+01,7.95629120e+01,1.88264503e+01,7.47829080e-01,8.77443075e-01
5345803-S04-156I3-A-L-C-190,20.02.2020-09:18:53,1.90000000e+01,6.46110892e-01,8.90715122e+00,1.74862216e-03,1.23839165e+02,8.02125549e+01,1.87896385e+01,1.96466669e-01,2.46595159e-01
5345803-S04-156I3-A-L-C-190,20.02.2020-09:18:55,2.00000000e+01,6.41053081e-01,8.88617706e+00,1.84671255e-03,1.49043350e+02,8.03447495e+01,1.86293049e+01,3.37526262e-01,1.28024435e+00
5345803-S04-156I3-A-L-C-190,20.02.2020-09:18:57,2.00000000e+01,6.40880108e-01,8.91232967e+00,2.11661612e-03,2.07215790e+02,8.00642853e+01,1.86138878e+01,2.25787237e-01,5.22941232e-01
5345803-S04-156I3-A-L-C-190,20.02.2020-09:18:59,1.90000000e+01,6.42594814e-01,8.96964550e+00,2.15211045e-03,2.32534271e+02,7.97999039e+01,1.87216892e+01,9.90546346e-02,1.26793846e-01
5345803-S04-156I3-A-L-C-190,20.02.2020-09:19:01,1.90000000e+01,6.42427623e-01,8.98764992e+00,1.80874264e-03,2.33135376e+02,7.99710617e+01,1.87946148e+01,7.94111565e-02,1.07974246e-01
5345803-S04-156I3-A-L-C-190,20.02.2020-09:19:03,1.90000000e+01,6.42403245e-01,8.97589874e+00,1.96488644e-03,2.33783478e+02,7.98924484e+01,1.87508774e+01,1.26611397e-01,1.66705206e-01
5345803-S04-156I3-A-L-C-190,20.02.2020-09:19:05,2.00000000e+01,6.41161442e-01,8.92251015e+00,1.78968254e-03,1.92720901e+02,8.01860733e+01,1.86716881e+01,1.99288294e-01,3.95624250e-01
5345803-S04-156I3-A-L-C-190,20.02.2020-09:19:08,2.00000000e+01,6.40160978e-01,8.91172504e+00,1.91739493e-03,1.59983063e+02,8.02699966e+01,1.86395054e+01,2.04899937e-01,4.22128946e-01
5345803-S04-156I3-A-L-C-190,20.02.2020-09:19:52,2.00000000e+01,6.42514706e-01,8.92141533e+00,1.76590262e-03,1.44860352e+02,8.00543442e+01,1.86780682e+01,2.63218999e-01,5.96075296e-01
5345803-S04-156I3-A-L-C-190,20.02.2020-09:19:54,2.10000000e+01,6.41558468e-01,8.89355087e+00,2.18405575e-03,1.68671494e+02,7.98907928e+01,1.85540352e+01,2.39476889e-01,6.87436044e-01
5345803-S04-156I3-A-L-C-190,20.02.2020-09:19:56,1.90000000e+01,6.45352662e-01,8.93998814e+00,2.26265960e-03,1.34281067e+02,8.00129089e+01,1.87898922e+01,1.49313673e-01,2.62495250e-01
5345803-S04-156I3-A-L-C-190,20.02.2020-09:19:58,1.90000000e+01,6.41774595e-01,8.97813988e+00,1.96764525e-03,8.40964203e+01,7.98952103e+01,1.87378540e+01,2.60881126e-01,3.16744179e-01
5345803-S04-156I3-A-L-C-190,20.02.2020-09:20:00,9.00000000e+00,6.46050692e-01,8.91508389e+00,1.80847768e-03,6.00060272e+01,8.03596878e+01,1.88391151e+01,4.37402457e-01,6.59171522e-01
5345803-S04-156I3-A-L-C-190,20.02.2020-09:20:02,8.00000000e+00,6.49267197e-01,8.94559956e+00,2.00699968e-03,2.93455536e+02,8.01819458e+01,1.89556942e+01,5.61528951e-02,1.00913458e-01
5345803-S04-156I3-A-L-C-190,20.02.2020-09:20:04,2.00000000e+01,6.43944740e-01,8.90129375e+00,1.96406594e-03,1.21215042e+02,8.00906754e+01,1.86858940e+01,1.91336125e-01,2.51667589e-01
5345803-S04-156I3-A-L-C-190,20.02.2020-09:20:06,8.00000000e+00,6.46403849e-01,8.95963383e+00,2.17646500e-03,1.39972153e+02,8.03283386e+01,1.89362144e+01,2.15630993e-01,3.31932336e-01
5345803-S04-156I3-A-L-C-190,20.02.2020-09:20:08,8.00000000e+00,6.47221625e-01,8.96097374e+00,2.12114071e-03,1.27440559e+02,8.02566910e+01,1.89460926e+01,1.70364499e-01,2.60384709e-01
5345803-S04-156I3-A-L-C-190,20.02.2020-09:20:11,2.00000000e+01,6.44257486e-01,8.91169930e+00,2.02329969e-03,1.34848358e+02,7.98902588e+01,1.86699867e+01,1.95493668e-01,3.09078276e-01
5345803-S04-156I3-A-L-C-190,20.02.2020-09:20:34,1.90000000e+01,6.43432379e-01,8.95403194e+00,2.17581075e-03,8.46172256e+01,7.97845154e+01,1.87098522e+01,2.44882494e-01,2.93796629e-01
5345803-S04-156I3-A-L-C-190,20.02.2020-09:20:36,1.90000000e+01,6.44685984e-01,8.92206287e+00,2.26552202e-03,1.75030960e+02,8.00118866e+01,1.87326088e+01,1.29431233e-01,2.55396038e-01
5345803-S04-156I3-A-L-C-190,20.02.2020-09:20:38,1.90000000e+01,6.44986689e-01,8.96950817e+00,2.06251559e-03,2.26728668e+02,7.97416458e+01,1.87773705e+01,1.19690374e-01,1.46745473e-01
5345803-S04-156I3-A-L-C-190,20.02.2020-09:20:40,9.00000000e+00,6.44567370e-01,8.97970676e+00,2.18325015e-03,1.61417831e+02,7.98344803e+01,1.88083706e+01,1.88258544e-01,2.25524947e-01
5345803-S04-156I3-A-L-C-190,20.02.2020-09:20:42,8.00000000e+00,6.48170412e-01,8.93338490e+00,1.75259972e-03,1.35824249e+02,8.03793106e+01,1.89443531e+01,1.94025636e-01,2.63452798e-01
5345803-S04-156I3-A-L-C-190,20.02.2020-09:20:44,8.00000000e+00,6.48276269e-01,8.94373417e+00,1.97422737e-03,1.55152390e+02,8.01619339e+01,1.89180927e+01,1.54866576e-01,2.12181553e-01
5345803-S04-156I3-A-L-C-190,20.02.2020-09:20:47,8.00000000e+00,6.48468614e-01,8.93423176e+00,2.01522349e-03,2.99607574e+02,8.03172150e+01,1.89402199e+01,1.24093011e-01,1.73012123e-01
5345803-S04-156I3-A-L-C-190,20.02.2020-09:20:49,2.00000000e+01,6.45471811e-01,8.89403629e+00,2.17070756e-03,9.37624130e+01,8.00196304e+01,1.86983356e+01,3.18343282e-01,3.96157891e-01
5345803-S04-156I3-A-L-C-190,20.02.2020-09:20:51,1.90000000e+01,6.46578550e-01,8.90611553e+00,1.97101966e-03,3.04133820e+02,8.00915985e+01,1.87727013e+01,9.67122167e-02,1.37078255e-01
5345803-S04-156I3-A-L-C-190,20.02.2020-09:20:53,9.00000000e+00,6.46305799e-01,8.91380119e+00,1.78927521e-03,1.72939224e+02,8.02169876e+01,1.88103790e+01,1.71689153e-01,2.20970243e-01
5345803-S04-156I3-A-L-C-190,20.02.2020-09:21:16,9.00000000e+00,6.46376252e-01,8.94154549e+00,1.56827003e-03,1.43406555e+02,8.02545700e+01,1.88798256e+01,2.45609134e-01,3.13004613e-01
5345803-S04-156I3-A-L-C-190,20.02.2020-09:21:18,9.00000000e+00,6.47888243e-01,8.96025276e+00,2.14955979e-03,2.54632278e+02,7.99361115e+01,1.88883305e+01,1.00494713e-01,1.29147530e-01
5345803-S04-156I3-A-L-C-190,20.02.2020-09:21:20,1.90000000e+01,6.45960331e-01,8.93440914e+00,1.50731148e-03,1.06287857e+02,7.99609833e+01,1.87836494e+01,2.25788713e-01,2.89353490e-01
5345803-S04-156I3-A-L-C-190,20.02.2020-09:21:23,1.90000000e+01,6.44846857e-01,8.92315769e+00,2.21080286e-03,1.75984955e+02,7.99145279e+01,1.87167759e+01,1.33553773e-01,2.19983473e-01
5345803-S04-156I3-A-L-C-190,20.02.2020-09:21:25,2.00000000e+01,6.43688440e-01,8.92735767e+00,2.37023132e-03,9.01997986e+01,7.99042892e+01,1.86895542e+01,2.36003280e-01,2.79858917e-01
5345803-S04-156I3-A-L-C-190,20.02.2020-09:21:27,9.00000000e+00,6.47296071e-01,8.94428635e+00,1.65961566e-03,1.46745819e+02,8.00730438e+01,1.88697090e+01,1.95118502e-01,2.37096056e-01
5345803-S04-156I3-A-L-C-190,20.02.2020-09:21:29,9.00000000e+00,6.47159278e-01,8.94858265e+00,1.72960781e-03,8.73760757e+01,8.00547562e+01,1.88704720e+01,2.19340220e-01,2.66041726e-01
5345803-S04-156I3-A-L-C-190,20.02.2020-09:21:31,9.00000000e+00,6.46139860e-01,8.93771076e+00,1.57384656e-03,1.54921951e+02,8.01742783e+01,1.88459530e+01,1.66880980e-01,2.20452905e-01
5345803-S04-156I3-A-L-C-190,20.02.2020-09:21:33,9.00000000e+00,6.46059692e-01,8.93390179e+00,1.56220549e-03,6.57827148e+01,8.01080093e+01,1.88200130e+01,3.33769530e-01,4.07695025e-01
5345803-S04-156I3-A-L-C-190,20.02.2020-09:21:35,2.10000000e+01,6.41971052e-01,8.90504265e+00,2.32018856e-03,1.20961548e+02,7.98325043e+01,1.85763950e+01,3.27851743e-01,6.69321835e-01
5345803-S04-156I3-A-L-C-190,20.02.2020-09:22:13,8.00000000e+00,6.44636929e-01,8.98056221e+00,1.63655716e-03,4.39031677e+01,8.03727417e+01,1.89390278e+01,7.23254979e-01,8.50527585e-01
5345803-S04-156I3-A-L-C-190,20.02.2020-09:22:15,2.00000000e+00,6.38425052e-01,8.82587433e+00,1.92413863e-03,1.38987732e+02,8.01692429e+01,1.83867779e+01,3.58409345e-01,1.09176803e+00
5345803-S04-156I3-A-L-C-190,20.02.2020-09:22:17,9.00000000e+00,6.44389510e-01,8.97358227e+00,1.95972878e-03,1.89279480e+02,8.03294830e+01,1.89068642e+01,1.39545873e-01,1.94238573e-01
5345803-S04-156I3-A-L-C-190,20.02.2020-09:22:20,1.90000000e+01,6.43115878e-01,8.96022892e+00,2.00962857e-03,5.96351013e+01,8.00823746e+01,1.87834549e+01,3.65688354e-01,5.12572348e-01
5345803-S04-156I3-A-L-C-190,20.02.2020-09:22:22,1.90000000e+01,6.43679976e-01,8.95563412e+00,2.52545392e-03,1.29490005e+02,7.97468414e+01,1.87115631e+01,2.19388098e-01,3.45015138e-01
5345803-S04-156I3-A-L-C-190,20.02.2020-09:22:24,1.00000000e+00,6.38085485e-01,8.84665012e+00,2.03764322e-03,1.45477386e+02,8.01727142e+01,1.84210548e+01,3.04462284e-01,1.06899297e+00
5345803-S04-156I3-A-L-C-190,20.02.2020-09:22:26,1.00000000e+00,6.35464072e-01,8.89005756e+00,1.94325589e-03,4.12532074e+02,8.00639648e+01,1.84103851e+01,1.43142119e-01,3.93357188e-01
5345803-S04-156I3-A-L-C-190,20.02.2020-09:22:28,2.00000000e+00,6.36260748e-01,8.88098621e+00,2.19796808e-03,2.50895172e+02,7.98307571e+01,1.83610191e+01,2.42148608e-01,5.02439499e-01
5345803-S04-156I3-A-L-C-190,20.02.2020-09:22:30,9.00000000e+00,6.44501626e-01,8.93570232e+00,1.59145903e-03,1.83537277e+02,8.03061981e+01,1.88248711e+01,1.90391734e-01,5.01136482e-01
5345803-S04-156I3-A-L-C-190,20.02.2020-09:22:32,1.90000000e+01,6.42407298e-01,8.92464447e+00,1.95585308e-03,1.19911018e+02,8.01648788e+01,1.87074966e+01,2.97375292e-01,6.69540584e-01
5345803-S04-156I3-A-L-C-190,20.02.2020-09:22:55,1.90000000e+01,6.42278731e-01,9.03687859e+00,2.44295620e-03,2.44713150e+02,7.93608856e+01,1.87490234e+01,8.96911770e-02,1.14489838e-01
5345803-S04-156I3-A-L-C-190,20.02.2020-09:23:20,9.00000000e+00,6.44679427e-01,8.95999527e+00,1.99421216e-03,9.74421921e+01,8.00625610e+01,1.88239727e+01,2.54671931e-01,5.23214459e-01
5345803-S04-156I3-A-L-C-190,20.02.2020-09:23:22,1.90000000e+01,6.43812060e-01,8.94327545e+00,2.13006465e-03,5.41011353e+02,7.99560776e+01,1.87386131e+01,8.15080628e-02,1.26045033e-01
5345803-S04-156I3-A-L-C-190,20.02.2020-09:23:24,1.90000000e+01,6.43256664e-01,8.93790245e+00,1.97635731e-03,4.08585022e+02,8.01194916e+01,1.87494373e+01,6.75302148e-02,2.05012560e-01
5345803-S04-156I3-A-L-C-190,20.02.2020-09:23:26,9.00000000e+00,6.43047750e-01,8.95741844e+00,1.96244800e-03,3.30171539e+02,8.02851105e+01,1.88231068e+01,5.44168204e-02,1.09210618e-01
5345803-S04-156I3-A-L-C-190,20.02.2020-09:23:28,1.40000000e+01,6.31684065e-01,8.50697899e+00,1.15713605e-03,1.64536087e+02,7.88984833e+01,1.72573490e+01,9.30946097e-02,1.11217424e-01
5345803-S04-156I3-A-L-C-190,20.02.2020-09:23:30,2.10000000e+01,6.38597727e-01,8.91138077e+00,1.51445228e-03,2.65092529e+02,8.01121674e+01,1.85567150e+01,1.00543469e-01,1.79464325e-01
5345803-S04-156I3-A-L-C-190,20.02.2020-09:23:32,9.00000000e+00,6.43870533e-01,8.94757080e+00,1.73963327e-03,1.87376755e+02,8.02692337e+01,1.88227463e+01,1.09933168e-01,1.71368301e-01
5345803-S04-156I3-A-L-C-190,20.02.2020-09:23:35,1.90000000e+01,6.44495666e-01,8.93899918e+00,1.64837297e-03,2.16540741e+02,8.00863190e+01,1.87800789e+01,7.73247629e-02,1.00537270e-01
5345803-S04-156I3-A-L-C-190,20.02.2020-09:23:37,9.00000000e+00,6.43677652e-01,8.97019482e+00,1.99509342e-03,1.25285515e+02,8.02539368e+01,1.88610935e+01,1.33126467e-01,1.70416951e-01
5345803-S04-156I3-A-L-C-190,20.02.2020-09:24:00,9.00000000e+00,6.42398894e-01,8.93506908e+00,1.77489338e-03,2.25671326e+02,8.04945908e+01,1.88061371e+01,1.05274156e-01,1.31244645e-01
5345803-S04-156I3-A-L-C-190,20.02.2020-09:24:02,9.00000000e+00,6.43080652e-01,8.94780254e+00,1.77673285e-03,6.62438110e+02,8.03583450e+01,1.88210144e+01,6.23760372e-02,8.26958418e-02
5345803-S04-156I3-A-L-C-190,20.02.2020-09:24:04,9.00000000e+00,6.43113554e-01,8.94828510e+00,1.97647535e-03,1.98557388e+02,8.03736801e+01,1.88265820e+01,1.19647726e-01,1.46093890e-01
5345803-S04-156I3-A-L-C-190,20.02.2020-09:24:06,2.00000000e+01,6.41601384e-01,8.92624760e+00,2.16598040e-03,3.05279877e+02,8.01919632e+01,1.86937008e+01,1.26089320e-01,3.68828118e-01
5345803-S04-156I3-A-L-C-190,20.02.2020-09:24:08,2.00000000e+01,6.41112268e-01,8.94121647e+00,1.75649475e-03,1.50468674e+02,7.99133759e+01,1.86457710e+01,1.29219979e-01,1.93953902e-01
5345803-S04-156I3-A-L-C-190,20.02.2020-09:24:10,2.00000000e+01,6.40565038e-01,8.93527222e+00,1.55695202e-03,3.59165405e+02,8.01316757e+01,1.86683292e+01,1.10006638e-01,1.80546328e-01
5345803-S04-156I3-A-L-C-190,20.02.2020-09:24:12,2.10000000e+01,6.40241742e-01,8.88867188e+00,1.76720391e-03,2.26189682e+02,8.00757370e+01,1.85486355e+01,7.96417743e-02,9.81991813e-02
5345803-S04-156I3-A-L-C-190,20.02.2020-09:24:14,9.00000000e+00,6.43366456e-01,8.95641041e+00,1.70240912e-03,1.74188751e+02,8.04306412e+01,1.88644485e+01,1.02892958e-01,1.26445204e-01
5345803-S04-156I3-A-L-C-190,20.02.2020-09:24:17,9.00000000e+00,6.44191682e-01,8.96554565e+00,2.18644715e-03,2.52891174e+02,7.99792404e+01,1.88017960e+01,9.68343914e-02,1.26683250e-01
5345803-S04-156I3-A-L-C-190,20.02.2020-09:24:19,9.00000000e+00,6.44068122e-01,8.94750404e+00,1.50863954e-03,2.30259888e+02,8.01592789e+01,1.88025932e+01,7.35510066e-02,1.03818402e-01
5345803-S04-156I3-A-L-C-190,20.02.2020-09:24:21,1.90000000e+01,6.41700864e-01,9.01307774e+00,1.82832393e-03,3.32247009e+02,7.96931992e+01,1.87610512e+01,9.36100930e-02,1.16762318e-01
5345803-S04-156I3-A-L-C-190,20.02.2020-09:24:23,1.90000000e+01,6.45764828e-01,8.95896339e+00,2.22127163e-03,1.14159660e+02,7.98196869e+01,1.87963009e+01,4.19078201e-01,6.03512883e-01
5345803-S04-156I3-A-L-C-190,20.02.2020-09:24:25,1.90000000e+01,6.44190907e-01,8.94281292e+00,1.97977084e-03,2.23529480e+02,7.99863205e+01,1.87557583e+01,1.05476893e-01,1.71342149e-01
5345803-S04-156I3-A-L-C-190,20.02.2020-09:24:27,8.00000000e+00,6.46575987e-01,8.96667957e+00,1.61207281e-03,4.09325378e+02,8.01550598e+01,1.89152622e+01,1.08476043e-01,3.06540698e-01
5345803-S04-156I3-A-L-C-190,20.02.2020-09:24:29,1.90000000e+01,6.41883671e-01,9.02271461e+00,2.31825467e-03,2.55141571e+02,7.94359360e+01,1.87258167e+01,1.38011187e-01,1.67382076e-01
5345803-S04-156I3-A-L-C-190,20.02.2020-09:24:31,9.00000000e+00,6.46500766e-01,8.96862411e+00,2.07263348e-03,3.14827454e+02,7.99846649e+01,1.88769512e+01,1.29482314e-01,3.35965037e-01
5345803-S04-156I3-A-L-C-190,20.02.2020-09:24:33,1.90000000e+01,6.43801332e-01,8.92763138e+00,1.83367019e-03,1.36638229e+02,7.99375153e+01,1.87011776e+01,2.15689406e-01,3.03275734e-01
5345803-S04-156I3-A-L-C-190,20.02.2020-09:24:35,1.90000000e+01,6.43282831e-01,8.89985943e+00,1.53764337e-03,8.00801697e+01,8.03030624e+01,1.87131729e+01,2.79206395e-01,4.94260997e-01
5345803-S04-156I3-A-L-C-190,20.02.2020-09:24:38,1.90000000e+01,6.44941449e-01,8.91926003e+00,1.95356808e-03,6.80751114e+01,8.02904282e+01,1.87993622e+01,3.03630561e-01,4.25905973e-01
5345803-S04-156I3-A-L-C-190,20.02.2020-09:24:40,1.00000000e+00,6.40990913e-01,8.83434010e+00,1.83931622e-03,8.66759186e+01,8.00416718e+01,1.84489784e+01,3.18716973e-01,6.65599585e-01
5345803-S04-156I3-A-L-C-190,20.02.2020-09:25:03,2.00000000e+01,6.41978621e-01,8.91884422e+00,1.84220495e-03,6.95357285e+01,8.00419693e+01,1.86542225e+01,2.98137069e-01,3.43905777e-01
5345803-S04-156I3-A-L-C-190,20.02.2020-09:25:05,1.90000000e+01,6.43441617e-01,8.93359661e+00,1.56319281e-03,3.83218803e+01,8.02760239e+01,1.87824211e+01,4.93221939e-01,6.10298455e-01
5345803-S04-156I3-A-L-C-190,20.02.2020-09:25:07,1.00000000e+00,6.38353884e-01,8.85944557e+00,1.62799878e-03,2.50034771e+01,7.99735794e+01,1.84096184e+01,9.70820963e-01,2.05716252e+00
5345803-S04-156I3-A-L-C-190,20.02.2020-09:25:09,1.90000000e+01,6.42873347e-01,8.90603256e+00,1.70201482e-03,2.77093639e+01,8.02982559e+01,1.87131119e+01,7.05527842e-01,1.03124452e+00
5345803-S04-156I3-A-L-C-190,20.02.2020-09:25:11,1.00000000e+00,6.40692711e-01,8.85635185e+00,1.95089588e-03,4.14005737e+01,7.99075165e+01,1.84553604e+01,7.49838352e-01,1.08713233e+00
5345803-S04-156I3-A-L-C-190,20.02.2020-09:25:13,1.90000000e+01,6.43240511e-01,8.90116119e+00,1.71889225e-03,6.11216698e+01,8.04045792e+01,1.87383366e+01,3.61624449e-01,7.42944539e-01
5345803-S04-156I3-A-L-C-190,20.02.2020-09:25:15,9.00000000e+00,6.45659804e-01,8.93729019e+00,1.63931784e-03,1.12253174e+02,8.03096161e+01,1.88628521e+01,1.98907822e-01,3.20711881e-01
5345803-S04-156I3-A-L-C-190,20.02.2020-09:25:17,1.90000000e+01,6.43248856e-01,8.90783405e+00,1.77235680e-03,9.96319885e+01,8.03575821e+01,1.87416668e+01,2.21591488e-01,5.04255891e-01
5345803-S04-156I3-A-L-C-190,20.02.2020-09:25:19,9.00000000e+00,6.44922733e-01,8.92215443e+00,1.63878466e-03,1.47168564e+02,8.04739227e+01,1.88478909e+01,1.56949401e-01,3.14012051e-01
5345803-S04-156I3-A-L-C-190,20.02.2020-09:25:21,2.00000000e+01,6.40872359e-01,8.89108944e+00,1.61332788e-03,1.07650742e+02,8.04455566e+01,1.86577282e+01,1.74792215e-01,3.16504151e-01
5345803-S04-156I3-A-L-C-190,20.02.2020-09:25:45,2.10000000e+01,6.41185820e-01,8.84322643e+00,1.45815033e-03,1.26840378e+02,8.03381805e+01,1.85415840e+01,1.71083570e-01,4.43078160e-01
5345803-S04-156I3-A-L-C-190,20.02.2020-09:25:47,2.10000000e+01,6.43206060e-01,8.85970116e+00,1.86448998e-03,4.73382530e+01,8.01196671e+01,1.85839729e+01,5.76967478e-01,7.55779088e-01
5345803-S04-156I3-A-L-C-190,20.02.2020-09:25:49,2.00000000e+01,6.43712342e-01,8.87085533e+00,1.61638309e-03,1.63876373e+02,8.03973160e+01,1.86865482e+01,1.66499540e-01,2.35841945e-01
5345803-S04-156I3-A-L-C-190,20.02.2020-09:25:51,9.00000000e+00,6.45225942e-01,8.89745998e+00,1.89389498e-03,1.28654724e+02,8.04757919e+01,1.88049984e+01,1.83489799e-01,3.21565479e-01
5345803-S04-156I3-A-L-C-190,20.02.2020-09:25:53,9.00000000e+00,6.44790232e-01,8.92722321e+00,2.04343046e-03,8.81154785e+01,8.02738419e+01,1.88078480e+01,2.39351466e-01,3.77975255e-01
5345803-S04-156I3-A-L-C-190,20.02.2020-09:25:55,1.90000000e+01,6.42776251e-01,8.90571308e+00,1.66956265e-03,1.33207672e+02,8.03874130e+01,1.87303886e+01,1.73261181e-01,5.57534814e-01
5345803-S04-156I3-A-L-C-190,20.02.2020-09:25:57,1.90000000e+01,6.42579913e-01,8.90872097e+00,1.62719132e-03,1.86395493e+02,8.05360413e+01,1.87656212e+01,1.57374367e-01,4.72148657e-01
5345803-S04-156I3-A-L-C-190,20.02.2020-09:25:59,9.00000000e+00,6.44685745e-01,8.92640495e+00,1.79416884e-03,1.76712845e+02,8.04949799e+01,1.88548737e+01,1.34683967e-01,2.48449415e-01
5345803-S04-156I3-A-L-C-190,20.02.2020-09:26:01,1.90000000e+01,6.42459989e-01,8.90545464e+00,1.91288150e-03,2.16192368e+02,8.03721695e+01,1.87170792e+01,1.38238549e-01,5.06977856e-01
5345803-S04-156I3-A-L-C-190,20.02.2020-09:26:03,1.90000000e+01,6.42694533e-01,8.90345287e+00,1.77774800e-03,1.60221313e+02,8.03988495e+01,1.87259178e+01,1.71416745e-01,4.86235201e-01
5345803-S04-156I3-A-L-C-190,20.02.2020-09:26:49,1.90000000e+01,6.45108879e-01,8.95742512e+00,1.93444034e-03,8.08800583e+01,7.99265289e+01,1.87991142e+01,4.06096995e-01,4.98877972e-01
5345803-S04-156I3-A-L-C-190,20.02.2020-09:26:51,1.90000000e+01,6.44210219e-01,8.94373035e+00,2.32390710e-03,9.54655380e+01,7.98778152e+01,1.87327995e+01,2.97879785e-01,3.83435994e-01
5345803-S04-156I3-A-L-C-190,20.02.2020-09:26:54,2.10000000e+01,6.41786218e-01,8.89988613e+00,2.41347309e-03,7.83749008e+01,7.96987839e+01,1.85292015e+01,3.32817405e-01,4.80189115e-01
5345803-S04-156I3-A-L-C-190,20.02.2020-09:26:56,1.90000000e+01,6.43437505e-01,8.89980221e+00,2.11878587e-03,1.06221252e+02,8.02899170e+01,1.87144871e+01,2.22352877e-01,5.22875607e-01
5345803-S04-156I3-A-L-C-190,20.02.2020-09:26:58,2.10000000e+01,6.42353833e-01,8.87000847e+00,1.94076262e-03,9.02798767e+01,8.01100006e+01,1.85786991e+01,3.31273288e-01,7.48547137e-01
5345803-S04-156I3-A-L-C-190,20.02.2020-09:27:00,1.90000000e+01,6.44950807e-01,8.92455387e+00,1.79190026e-03,1.08283737e+02,7.99743958e+01,1.87367516e+01,3.13223392e-01,6.71221733e-01
5345803-S04-156I3-A-L-C-190,20.02.2020-09:27:02,9.00000000e+00,6.45496190e-01,8.95878601e+00,2.04495690e-03,1.01317329e+02,8.00449142e+01,1.88411236e+01,2.92371631e-01,3.71288002e-01
5345803-S04-156I3-A-L-C-190,20.02.2020-09:27:04,2.00000000e+01,6.42675102e-01,8.91502190e+00,2.26149708e-03,1.20181610e+02,7.97913971e+01,1.86080189e+01,3.13391834e-01,6.40980721e-01
5345803-S04-156I3-A-L-C-190,20.02.2020-09:29:04,1.90000000e+01,6.44569874e-01,8.95493889e+00,2.24295189e-03,1.36568405e+02,7.99168167e+01,1.87759113e+01,2.08279163e-01,2.52331465e-01
5345803-S04-156I3-A-L-C-190,20.02.2020-09:29:06,1.00000000e+00,6.40511096e-01,8.83311558e+00,1.93489308e-03,1.83450638e+02,8.00734329e+01,1.84399281e+01,2.70263046e-01,1.37419939e+00
5345803-S04-156I3-A-L-C-190,20.02.2020-09:29:58,1.90000000e+01,6.43772662e-01,8.93432713e+00,1.64961827e-03,1.35725067e+02,8.02179108e+01,1.87800140e+01,1.86042503e-01,4.00531054e-01
5345803-S04-156I3-A-L-C-190,20.02.2020-09:30:00,1.90000000e+01,6.43463433e-01,8.92727661e+00,1.74582237e-03,3.12493713e+02,8.02207336e+01,1.87568417e+01,1.00554310e-01,2.77772903e-01
5345803-S04-156I3-A-L-C-190,20.02.2020-09:30:02,9.00000000e+00,6.44726932e-01,8.94347000e+00,1.85558631e-03,2.86126984e+02,8.03033829e+01,1.88471603e+01,6.29545525e-02,9.24785435e-02
5345803-S04-156I3-A-L-C-190,20.02.2020-09:30:04,1.90000000e+01,6.42870486e-01,8.93540478e+00,2.12097797e-03,4.02031891e+02,8.01174545e+01,1.87324715e+01,1.28254935e-01,3.26598942e-01
5345803-S04-156I3-A-L-C-190,20.02.2020-09:30:07,1.90000000e+01,6.42274618e-01,8.94484234e+00,2.00476102e-03,9.23802338e+01,8.00663452e+01,1.87229233e+01,2.35464185e-01,3.13883841e-01
5345803-S04-156I3-A-L-C-190,20.02.2020-09:30:09,2.40000000e+01,6.38694942e-01,8.90571308e+00,1.86643400e-03,6.00049925e+00,7.94100571e+01,1.83851795e+01,3.26059747e+00,3.73383474e+00
5345803-S04-156I3-A-L-C-190,20.02.2020-09:30:11,9.00000000e+00,6.44155681e-01,8.94462395e+00,1.64437341e-03,6.64534302e+01,8.03193970e+01,1.88366451e+01,4.33046043e-01,5.06282151e-01
5345803-S04-156I3-A-L-C-190,20.02.2020-09:30:13,1.90000000e+01,6.42847657e-01,8.91979694e+00,1.71325170e-03,2.34180573e+02,8.03955231e+01,1.87639866e+01,9.25852805e-02,2.78847158e-01
5345803-S04-156I3-A-L-C-190,20.02.2020-09:30:15,9.00000000e+00,6.43388391e-01,8.91876411e+00,1.69758149e-03,2.28748093e+02,8.04998093e+01,1.88019524e+01,1.23839967e-01,3.67985576e-01
5345803-S04-156I3-A-L-C-190,20.02.2020-09:30:17,9.00000000e+00,6.44190252e-01,8.93750763e+00,1.96202029e-03,1.12245407e+02,8.03628464e+01,1.88328514e+01,1.69316903e-01,3.42720240e-01
5345803-S04-156I3-A-L-C-190,20.02.2020-09:30:40,2.10000000e+01,6.39672339e-01,8.86373997e+00,1.68405194e-03,1.26670738e+02,8.03336182e+01,1.85396729e+01,2.67111689e-01,8.22538376e-01
5345803-S04-156I3-A-L-C-190,20.02.2020-09:30:42,8.00000000e+00,6.45777225e-01,8.93601608e+00,1.86663377e-03,1.96282440e+02,8.05780106e+01,1.89266338e+01,1.04206011e-01,1.82236195e-01
5345803-S04-156I3-A-L-C-190,20.02.2020-09:30:44,1.00000000e+00,6.39868498e-01,8.85742855e+00,2.09899177e-03,2.01367401e+02,8.01755600e+01,1.84956932e+01,1.84936270e-01,7.40948498e-01
5345803-S04-156I3-A-L-C-190,20.02.2020-09:30:46,9.00000000e+00,6.46358490e-01,8.93131542e+00,1.91984000e-03,1.17915497e+02,8.03893814e+01,1.88893833e+01,2.21415430e-01,3.14746052e-01
5345803-S04-156I3-A-L-C-190,20.02.2020-09:30:48,1.90000000e+01,6.43656671e-01,8.91541481e+00,1.75670418e-03,1.06403038e+02,8.04277039e+01,1.87858868e+01,2.34129474e-01,4.06061888e-01
5345803-S04-156I3-A-L-C-190,20.02.2020-09:30:50,1.90000000e+01,6.42255366e-01,8.91199493e+00,1.85183447e-03,3.26767548e+02,8.04536591e+01,1.87438450e+01,9.87387225e-02,3.86162639e-01
5345803-S04-156I3-A-L-C-190,20.02.2020-09:30:52,1.00000000e+00,6.39192939e-01,8.85066509e+00,1.91059336e-03,2.84264435e+02,8.02683334e+01,1.84834213e+01,1.63701579e-01,9.06397283e-01
5345803-S04-156I3-A-L-C-190,20.02.2020-09:30:55,2.00000000e+01,6.43349767e-01,8.90343952e+00,2.08113086e-03,3.23792847e+02,8.01850204e+01,1.86951256e+01,9.76093933e-02,4.33422834e-01
5345803-S04-156I3-A-L-C-190,20.02.2020-09:30:57,8.00000000e+00,6.46819949e-01,8.94796944e+00,1.74708199e-03,1.22419670e+02,8.04272842e+01,1.89470463e+01,1.80715173e-01,2.56148070e-01
5345803-S04-156I3-A-L-C-190,20.02.2020-09:30:59,8.00000000e+00,6.46924853e-01,8.96270180e+00,1.62977574e-03,4.57191406e+02,8.04772110e+01,1.89931011e+01,5.69830760e-02,1.00662805e-01
5345803-S04-156I3-A-L-C-190,20.02.2020-09:31:22,9.00000000e+00,6.44603372e-01,8.93127441e+00,1.82083994e-03,1.40358322e+02,8.02887802e+01,1.88144302e+01,1.77105442e-01,3.46228302e-01
5345803-S04-156I3-A-L-C-190,20.02.2020-09:31:24,2.00000000e+01,6.41307712e-01,8.86648178e+00,1.70139736e-03,2.49692947e+02,8.05558929e+01,1.86442661e+01,1.78503230e-01,9.84500527e-01
5345803-S04-156I3-A-L-C-190,20.02.2020-09:31:26,9.00000000e+00,6.43255711e-01,8.92789459e+00,1.82675174e-03,3.31781616e+02,8.05229874e+01,1.88227348e+01,9.14057866e-02,3.56042564e-01
5345803-S04-156I3-A-L-C-190,20.02.2020-09:31:28,1.90000000e+01,6.43261194e-01,8.92683029e+00,2.13564886e-03,1.48995117e+02,8.02230835e+01,1.87505569e+01,1.59819007e-01,5.83847165e-01
5345803-S04-156I3-A-L-C-190,20.02.2020-09:31:30,8.00000000e+00,6.46615684e-01,8.95574474e+00,1.85037020e-03,1.80305099e+02,8.05217819e+01,1.89797935e+01,1.09365121e-01,2.16167763e-01
5345803-S04-156I3-A-L-C-190,20.02.2020-09:31:32,9.00000000e+00,6.45059109e-01,8.95635509e+00,1.79336080e-03,2.59326599e+02,8.03688354e+01,1.88994293e+01,1.03399418e-01,2.65580326e-01
5345803-S04-156I3-A-L-C-190,20.02.2020-09:31:34,8.00000000e+00,6.46046102e-01,8.97205639e+00,1.91471481e-03,3.02981140e+02,8.03571091e+01,1.89587650e+01,6.39017895e-02,1.97806790e-01
5345803-S04-156I3-A-L-C-190,20.02.2020-09:31:36,8.00000000e+00,6.46902204e-01,8.95940208e+00,1.86600885e-03,2.16891968e+02,8.04810867e+01,1.89863605e+01,1.06140189e-01,1.70056537e-01
5345803-S04-156I3-A-L-C-190,20.02.2020-09:31:39,8.00000000e+00,6.45968914e-01,8.95936680e+00,1.86367880e-03,2.77793182e+02,8.03569412e+01,1.89296455e+01,8.57913122e-02,2.64416009e-01
5345803-S04-156I3-A-L-C-190,20.02.2020-09:31:41,2.00000000e+01,6.41574979e-01,8.87389946e+00,2.04556831e-03,2.96489716e+02,8.02738571e+01,1.86022835e+01,1.25940651e-01,7.28628755e-01
5345803-S04-156I3-A-L-C-190,20.02.2020-09:32:04,1.90000000e+01,6.43109262e-01,8.94197369e+00,2.04362674e-03,9.24030457e+01,8.00548782e+01,1.87385559e+01,2.99795806e-01,6.45341218e-01
5345803-S04-156I3-A-L-C-190,20.02.2020-09:32:06,9.00000000e+00,6.43911064e-01,8.96525097e+00,1.86583109e-03,1.68266510e+02,8.00767288e+01,1.88158970e+01,1.89891577e-01,3.75532717e-01
5345803-S04-156I3-A-L-C-190,20.02.2020-09:32:08,8.00000000e+00,6.46386921e-01,8.97489452e+00,2.02066079e-03,1.85276031e+02,8.02892151e+01,1.89587345e+01,1.74778357e-01,2.35495016e-01
5345803-S04-156I3-A-L-C-190,20.02.2020-09:32:10,8.00000000e+00,6.45821273e-01,8.98582745e+00,1.87161029e-03,1.12221375e+02,8.01253891e+01,1.89265194e+01,2.10726812e-01,2.84983724e-01
5345803-S04-156I3-A-L-C-190,20.02.2020-09:32:12,8.00000000e+00,6.47027373e-01,8.95447445e+00,1.67665957e-03,1.05637329e+02,8.03300858e+01,1.89439793e+01,2.49648511e-01,3.08264673e-01
5345803-S04-156I3-A-L-C-190,20.02.2020-09:32:14,8.00000000e+00,6.45935833e-01,8.97931385e+00,1.73665676e-03,1.67507919e+02,8.01977997e+01,1.89332504e+01,2.16297910e-01,2.84449995e-01
5345803-S04-156I3-A-L-C-190,20.02.2020-09:32:16,9.00000000e+00,6.44461989e-01,8.98430634e+00,1.94282038e-03,1.50963394e+02,8.01266479e+01,1.88837833e+01,1.97274268e-01,3.47046733e-01
5345803-S04-156I3-A-L-C-190,20.02.2020-09:32:18,2.00000000e+01,6.43008769e-01,8.91016674e+00,2.27283337e-03,1.02782387e+02,7.97983627e+01,1.86091652e+01,3.96132529e-01,7.79944062e-01
5345803-S04-156I3-A-L-C-190,20.02.2020-09:32:20,8.00000000e+00,6.45832002e-01,8.99035835e+00,1.87163998e-03,1.32741898e+02,8.01230164e+01,1.89358177e+01,1.94322735e-01,2.58030266e-01
5345803-S04-156I3-A-L-C-190,20.02.2020-09:32:23,9.00000000e+00,6.44793093e-01,8.96964931e+00,1.99962524e-03,1.16902763e+02,8.00841217e+01,1.88526516e+01,2.54040003e-01,4.95678574e-01
5345803-S04-156I3-A-L-C-190,20.02.2020-09:24:42,2.10000000e+01,6.40490234e-01,8.90878868e+00,1.97403389e-03,5.98363953e+01,8.00435104e+01,1.85903473e+01,2.80498534e-01,3.50279123e-01
5345803-S04-156I3-A-L-C-190,20.02.2020-09:24:44,1.90000000e+01,6.43422067e-01,8.87702847e+00,1.76531076e-03,1.00223244e+02,8.04488831e+01,1.87031078e+01,3.57409328e-01,8.50804865e-01
5345803-S04-156I3-A-L-C-190,20.02.2020-09:24:46,1.00000000e+00,6.38867140e-01,8.84834576e+00,1.57498010e-03,7.11940460e+01,8.02616272e+01,1.84676132e+01,4.33069170e-01,1.25008881e+00
5345803-S04-156I3-A-L-C-190,20.02.2020-09:24:48,2.00000000e+01,6.42140329e-01,8.87022209e+00,1.66779349e-03,6.46674957e+01,8.03039246e+01,1.86179314e+01,3.53547245e-01,7.50726163e-01
5345803-S04-156I3-A-L-C-190,20.02.2020-09:24:50,2.10000000e+01,6.41868591e-01,8.87097740e+00,2.02000770e-03,5.93880539e+01,8.01930542e+01,1.85859394e+01,4.24753308e-01,6.67812407e-01
5345803-S04-156I3-A-L-C-190,20.02.2020-09:24:52,2.00000000e+01,6.43205702e-01,8.86940479e+00,1.75753585e-03,5.44640083e+01,8.02853470e+01,1.86427898e+01,3.85287791e-01,6.87909245e-01
5345803-S04-156I3-A-L-C-190,20.02.2020-09:24:54,1.90000000e+01,6.43343806e-01,8.88964272e+00,1.60736626e-03,7.00953903e+01,8.03477936e+01,1.87038765e+01,3.25161338e-01,5.31459093e-01
5345803-S04-156I3-A-L-C-190,20.02.2020-09:24:56,2.10000000e+01,6.43338382e-01,8.86802197e+00,2.05202401e-03,5.72539940e+01,8.00940628e+01,1.85993061e+01,4.02810514e-01,6.71233594e-01
5345803-S04-156I3-A-L-C-190,20.02.2020-09:24:58,2.00000000e+00,6.38873339e-01,8.82653236e+00,1.64838054e-03,2.47228756e+01,8.00529404e+01,1.83743668e+01,1.02316892e+00,2.01507473e+00
5345803-S04-156I3-A-L-C-190,20.02.2020-09:25:01,1.90000000e+01,6.43469393e-01,8.89288044e+00,1.23633805e-03,3.31914864e+01,8.03539429e+01,1.87157726e+01,6.37562752e-01,1.04076099e+00
5345803-S04-156I3-A-L-C-190,20.02.2020-09:26:05,2.00000000e+01,6.42412543e-01,8.93608952e+00,2.15751212e-03,2.46545303e+02,8.00266190e+01,1.86993351e+01,1.66910425e-01,4.79164064e-01
5345803-S04-156I3-A-L-C-190,20.02.2020-09:26:07,1.90000000e+01,6.42053843e-01,8.93536663e+00,1.90403638e-03,1.43609085e+02,8.02540894e+01,1.87405014e+01,2.53036708e-01,6.20180368e-01
5345803-S04-156I3-A-L-C-190,20.02.2020-09:26:10,8.00000000e+00,6.46206200e-01,8.98865604e+00,2.04015966e-03,4.37769867e+02,8.01328812e+01,1.89455338e+01,9.30213034e-02,2.04079449e-01
5345803-S04-156I3-A-L-C-190,20.02.2020-09:26:12,9.00000000e+00,6.44058526e-01,8.95605373e+00,2.06090230e-03,9.56497498e+01,8.02976608e+01,1.88527660e+01,3.27743411e-01,7.13742971e-01
5345803-S04-156I3-A-L-C-190,20.02.2020-09:26:14,8.00000000e+00,6.46659017e-01,8.97724915e+00,2.09213444e-03,1.60462097e+02,8.01937790e+01,1.89491386e+01,1.54569536e-01,2.96357661e-01
5345803-S04-156I3-A-L-C-190,20.02.2020-09:26:16,1.90000000e+01,6.43212020e-01,8.93990803e+00,1.92436029e-03,1.39833527e+02,8.02164230e+01,1.87750301e+01,2.64557570e-01,5.45380414e-01
5345803-S04-156I3-A-L-C-190,20.02.2020-09:26:18,9.00000000e+00,6.45021081e-01,8.98666382e+00,2.01762840e-03,1.77368744e+02,8.00109329e+01,1.88778248e+01,2.34998226e-01,3.70039642e-01
5345803-S04-156I3-A-L-C-190,20.02.2020-09:26:20,9.00000000e+00,6.44407392e-01,8.91570187e+00,1.99752720e-03,4.41611366e+01,8.05083771e+01,1.88272686e+01,9.37790751e-01,1.28307760e+00
5345803-S04-156I3-A-L-C-190,20.02.2020-09:26:22,2.10000000e+01,6.39851153e-01,8.87247562e+00,1.68438745e-03,9.44740448e+01,8.02736816e+01,1.85492840e+01,5.00850201e-01,8.55121493e-01
5345803-S04-156I3-A-L-C-190,20.02.2020-09:26:24,2.00000000e+01,6.42879426e-01,8.85388660e+00,1.66644156e-03,1.05832581e+02,8.03824539e+01,1.86232243e+01,3.05874228e-01,1.65543818e+00
5345803-S04-156I3-A-L-C-190,20.02.2020-09:29:08,2.10000000e+01,6.41659558e-01,8.84190845e+00,1.80960028e-03,1.07286293e+02,8.04516983e+01,1.85787315e+01,3.34443659e-01,1.97211111e+00
5345803-S04-156I3-A-L-C-190,20.02.2020-09:29:11,9.00000000e+00,6.45183146e-01,8.94956779e+00,1.93855038e-03,5.99914246e+02,8.02481842e+01,1.88603802e+01,4.36461754e-02,6.96739331e-02
5345803-S04-156I3-A-L-C-190,20.02.2020-09:29:41,1.00000000e+00,6.36465073e-01,8.81709766e+00,1.43884413e-03,2.06573944e+02,8.06696167e+01,1.84263973e+01,1.41439900e-01,3.91153842e-01
5345803-S04-156I3-A-L-C-190,20.02.2020-09:29:43,8.00000000e+00,6.44742489e-01,8.96224594e+00,1.93457271e-03,3.40703522e+02,8.04664764e+01,1.89255428e+01,6.95763901e-02,9.38900858e-02
5345803-S04-156I3-A-L-C-190,20.02.2020-09:29:46,9.00000000e+00,6.45136893e-01,8.97204018e+00,1.78195070e-03,3.52567810e+02,8.02382050e+01,1.89040337e+01,5.97811565e-02,8.32724050e-02
5345803-S04-156I3-A-L-C-190,20.02.2020-09:29:48,9.00000000e+00,6.43585384e-01,8.92148876e+00,1.57578068e-03,2.21279175e+02,8.04536514e+01,1.88026657e+01,1.27552897e-01,2.65378863e-01
5345803-S04-156I3-A-L-C-190,20.02.2020-09:29:50,1.90000000e+01,6.43126190e-01,8.93070889e+00,1.95608032e-03,1.17469673e+02,8.00291824e+01,1.87094364e+01,1.83962971e-01,2.15920776e-01
5345803-S04-156I3-A-L-C-190,20.02.2020-09:29:52,2.00000000e+01,6.41344190e-01,8.90578842e+00,1.94048544e-03,2.65142670e+02,8.02459641e+01,1.86559315e+01,1.06539793e-01,2.75598556e-01
5345803-S04-156I3-A-L-C-190,20.02.2020-09:29:54,7.00000000e+00,6.46679699e-01,8.99640465e+00,1.84584281e-03,2.33638611e+02,8.03329544e+01,1.90231380e+01,8.35008845e-02,1.18681677e-01
5345803-S04-156I3-A-L-C-190,20.02.2020-09:29:56,9.00000000e+00,6.43702388e-01,8.94926929e+00,1.88857876e-03,2.17123779e+02,8.03736649e+01,1.88458900e+01,8.17046911e-02,1.16963618e-01
5345803-S04-156I3-A-L-C-190,20.02.2020-09:30:19,8.00000000e+00,6.45467639e-01,8.94799423e+00,1.64114288e-03,4.47150787e+02,8.05405731e+01,1.89341183e+01,7.25709498e-02,1.89659089e-01
5345803-S04-156I3-A-L-C-190,20.02.2020-09:30:21,8.00000000e+00,6.46642625e-01,8.95231342e+00,1.75455469e-03,2.57484375e+02,8.05960159e+01,1.89908047e+01,6.27147332e-02,1.05573758e-01
5345803-S04-156I3-A-L-C-190,20.02.2020-09:30:23,1.90000000e+01,6.42399013e-01,8.94929123e+00,1.78738462e-03,4.67261200e+02,7.99574509e+01,1.87103806e+01,8.45415592e-02,2.68640608e-01
5345803-S04-156I3-A-L-C-190,20.02.2020-09:30:25,2.00000000e+01,6.41784251e-01,8.94233799e+00,1.80990831e-03,1.86500244e+02,8.00329514e+01,1.86955891e+01,1.45902365e-01,3.26029301e-01
5345803-S04-156I3-A-L-C-190,20.02.2020-09:30:27,9.00000000e+00,6.44642353e-01,8.95014858e+00,2.05321214e-03,2.82366211e+02,8.02954712e+01,1.88569012e+01,9.64576378e-02,2.26154312e-01
5345803-S04-156I3-A-L-C-190,20.02.2020-09:30:29,9.00000000e+00,6.45228446e-01,8.93081570e+00,1.62392249e-03,1.63929184e+02,8.05485916e+01,1.88926468e+01,1.43058211e-01,3.44078720e-01
5345803-S04-156I3-A-L-C-190,20.02.2020-09:30:32,8.00000000e+00,6.46831810e-01,8.95268154e+00,1.59295660e-03,1.56704987e+02,8.05663376e+01,1.89901485e+01,1.32794440e-01,1.89509362e-01
5345803-S04-156I3-A-L-C-190,20.02.2020-09:30:34,8.00000000e+00,6.45563781e-01,8.93812084e+00,1.70277618e-03,2.08757721e+02,8.05485001e+01,1.89179058e+01,1.29516616e-01,3.44403952e-01
5345803-S04-156I3-A-L-C-190,20.02.2020-09:30:36,2.10000000e+01,6.39637411e-01,8.87093067e+00,1.82388665e-03,3.38346252e+02,8.02459869e+01,1.85334625e+01,1.66934624e-01,6.65041625e-01
5345803-S04-156I3-A-L-C-190,20.02.2020-09:30:38,9.00000000e+00,6.43740714e-01,8.92800426e+00,1.58553454e-03,1.29428360e+02,8.03718567e+01,1.88018055e+01,1.73810840e-01,6.12614095e-01
5345803-S04-156I3-A-L-C-190,20.02.2020-09:31:01,8.00000000e+00,6.46359086e-01,8.95504284e+00,1.89898419e-03,4.07936798e+02,8.03780136e+01,1.89369049e+01,6.88238293e-02,1.62822604e-01
5345803-S04-156I3-A-L-C-190,20.02.2020-09:31:03,2.10000000e+01,6.39801025e-01,8.86058998e+00,1.57912076e-03,1.24193741e+02,8.02649612e+01,1.85209694e+01,2.71495551e-01,1.22568369e+00
5345803-S04-156I3-A-L-C-190,20.02.2020-09:31:05,2.10000000e+01,6.39485359e-01,8.85788822e+00,1.58853177e-03,3.36805298e+02,8.03138351e+01,1.85174580e+01,1.57333761e-01,9.36214387e-01
5345803-S04-156I3-A-L-C-190,20.02.2020-09:31:07,1.00000000e+00,6.39544249e-01,8.85684776e+00,1.88457605e-03,2.47641251e+02,8.02334976e+01,1.84984665e+01,1.62643656e-01,9.49595571e-01
5345803-S04-156I3-A-L-C-190,20.02.2020-09:31:09,9.00000000e+00,6.45548701e-01,8.93172836e+00,1.82200072e-03,1.52315414e+02,8.05484161e+01,1.89039135e+01,1.34348869e-01,2.16850728e-01
5345803-S04-156I3-A-L-C-190,20.02.2020-09:31:11,1.90000000e+01,6.42849088e-01,8.90278912e+00,1.50080293e-03,9.93663864e+01,8.03285828e+01,1.87126560e+01,2.08075583e-01,5.65650344e-01
5345803-S04-156I3-A-L-C-190,20.02.2020-09:31:13,2.10000000e+01,6.41466379e-01,8.85690403e+00,2.04563374e-03,4.03638824e+02,8.02431335e+01,1.85564079e+01,1.05882704e-01,8.50202799e-01
5345803-S04-156I3-A-L-C-190,20.02.2020-09:31:15,2.00000000e+01,6.42947376e-01,8.89960098e+00,1.70974713e-03,1.84718063e+02,8.02737350e+01,1.86960411e+01,1.04679763e-01,4.18832511e-01
5345803-S04-156I3-A-L-C-190,20.02.2020-09:31:18,2.10000000e+01,6.39820695e-01,8.87861919e+00,1.70704455e-03,2.24690109e+02,8.03020325e+01,1.85678005e+01,1.99684113e-01,7.73058236e-01
5345803-S04-156I3-A-L-C-190,20.02.2020-09:31:20,1.90000000e+01,6.44026041e-01,8.93363190e+00,2.33550649e-03,7.14251251e+01,8.00316467e+01,1.87423248e+01,2.94621497e-01,4.70984250e-01
5345803-S04-156I3-A-L-C-190,20.02.2020-09:31:43,9.00000000e+00,6.45287395e-01,8.95071411e+00,1.73347676e-03,2.91076569e+02,8.02325287e+01,1.88621655e+01,7.12793022e-02,1.77275687e-01
5345803-S04-156I3-A-L-C-190,20.02.2020-09:31:45,1.90000000e+01,6.43768132e-01,8.92514610e+00,1.63282582e-03,1.09682816e+02,8.01627274e+01,1.87476788e+01,3.05805087e-01,6.80175662e-01
5345803-S04-156I3-A-L-C-190,20.02.2020-09:31:47,1.90000000e+01,6.43483400e-01,8.92771721e+00,1.99465849e-03,1.54270615e+02,8.00754242e+01,1.87243710e+01,2.57533252e-01,6.16956592e-01
5345803-S04-156I3-A-L-C-190,20.02.2020-09:31:49,8.00000000e+00,6.46050036e-01,8.98518085e+00,2.11218931e-03,2.06179642e+02,8.01487350e+01,1.89373779e+01,1.47487670e-01,1.99171618e-01
5345803-S04-156I3-A-L-C-190,20.02.2020-09:31:51,9.00000000e+00,6.45250559e-01,8.96741962e+00,1.82138756e-03,1.59519089e+02,8.01882477e+01,1.88858604e+01,1.88307509e-01,2.80352473e-01
5345803-S04-156I3-A-L-C-190,20.02.2020-09:31:53,1.90000000e+01,6.43344283e-01,8.94005013e+00,2.08261167e-03,1.04246979e+02,8.00658417e+01,1.87439404e+01,2.25395083e-01,5.22658050e-01
5345803-S04-156I3-A-L-C-190,20.02.2020-09:31:55,1.90000000e+01,6.43207550e-01,8.93580246e+00,1.66523200e-03,1.75121689e+02,8.03544693e+01,1.87985744e+01,2.74375468e-01,6.20275795e-01
5345803-S04-156I3-A-L-C-190,20.02.2020-09:31:57,9.00000000e+00,6.45427406e-01,8.97351170e+00,1.68532820e-03,1.98806641e+02,8.01557159e+01,1.88962021e+01,1.09148905e-01,1.93179354e-01
5345803-S04-156I3-A-L-C-190,20.02.2020-09:32:00,7.00000000e+00,6.49167299e-01,9.00208950e+00,1.76494627e-03,8.10850830e+01,8.03718185e+01,1.91176262e+01,2.72685140e-01,3.69086981e-01
5345803-S04-156I3-A-L-C-190,20.02.2020-09:32:02,1.90000000e+01,6.43430412e-01,8.93082809e+00,1.95827428e-03,7.41819000e+01,7.99910278e+01,1.87096138e+01,4.19362903e-01,7.52584994e-01
5345803-S04-156I3-A-L-C-190,20.02.2020-09:32:25,1.90000000e+01,6.42574012e-01,8.94585037e+00,1.78639195e-03,4.70280533e+01,8.00342255e+01,1.87262478e+01,4.30265844e-01,7.32120216e-01
5345803-S04-156I3-A-L-C-190,20.02.2020-09:32:27,8.00000000e+00,6.45445585e-01,8.99038029e+00,2.01858766e-03,7.61837387e+01,8.00690536e+01,1.89117870e+01,2.83729434e-01,4.66892362e-01
5345803-S04-156I3-A-L-C-190,20.02.2020-09:32:29,9.00000000e+00,6.44869566e-01,8.97405148e+00,1.75546820e-03,1.47124786e+02,8.02436066e+01,1.89017105e+01,1.77520975e-01,4.25493717e-01
5345803-S04-156I3-A-L-C-190,20.02.2020-09:32:39,1.90000000e+01,6.40655398e-01,8.94750118e+00,1.81852560e-03,1.22838005e+02,8.01539688e+01,1.87017174e+01,2.56377250e-01,4.28782910e-01
5345803-S04-156I3-A-L-C-190,20.02.2020-09:32:41,1.90000000e+01,6.39614463e-01,8.94833565e+00,1.86845742e-03,1.24750244e+02,8.03155365e+01,1.87107105e+01,2.32209682e-01,4.27439243e-01
5345803-S04-156I3-A-L-C-190,20.02.2020-09:32:43,2.00000000e+01,6.40477479e-01,8.93979931e+00,1.78491080e-03,1.18441833e+02,8.01726913e+01,1.86847935e+01,2.31642485e-01,4.78485972e-01
5345803-S04-156I3-A-L-C-190,20.02.2020-09:32:45,9.00000000e+00,6.42691255e-01,9.00387955e+00,1.85565348e-03,3.54639709e+02,8.01174469e+01,1.88707581e+01,5.42232320e-02,6.97945133e-02
5345803-S04-156I3-A-L-C-190,20.02.2020-09:32:47,1.90000000e+01,6.40684664e-01,8.96602154e+00,1.65368232e-03,1.93770615e+02,8.01663742e+01,1.87441864e+01,2.11368904e-01,5.27862787e-01
5345803-S04-156I3-A-L-C-190,20.02.2020-09:32:51,1.90000000e+01,6.42873168e-01,8.93544674e+00,1.59431994e-03,1.39399979e+02,8.00925064e+01,1.87268028e+01,2.43115738e-01,3.87629539e-01
5345803-S04-156I3-A-L-C-190-QA,20.02.2020-09:34:49,2.30000000e+01,6.41170144e-01,8.93511772e+00,1.87332602e-03,1.80330338e+02,7.96676025e+01,1.85774250e+01,1.25362933e-01,1.76691607e-01
5345803-S04-156I3-A-L-C-190-QA,20.02.2020-09:42:25,1.00000000e+01,6.46977663e-01,8.93960667e+00,2.15216842e-03,8.52982025e+01,8.01032944e+01,1.88576794e+01,4.59201217e-01,7.01768279e-01
5345803-S04-156I3-A-L-C-190-QA,20.02.2020-09:42:28,1.00000000e+01,6.46598458e-01,8.95618439e+00,1.77653565e-03,2.16480789e+02,8.03045425e+01,1.89290161e+01,1.91660717e-01,2.94091880e-01
5345803-S04-156I3-A-L-C-190-QA,20.02.2020-09:42:30,1.00000000e+01,6.47899151e-01,8.95407295e+00,2.04468146e-03,2.48721664e+02,7.99086227e+01,1.88691292e+01,2.21233144e-01,2.99129725e-01
5345803-S04-156I3-A-L-C-190-QA,20.02.2020-09:42:32,1.00000000e+01,6.45037174e-01,9.03529167e+00,1.96947204e-03,1.98208817e+02,7.98634567e+01,1.89454632e+01,1.52640864e-01,2.22865671e-01
5345803-S04-156I3-A-L-C-190-QA,20.02.2020-09:42:34,1.00000000e+01,6.47899508e-01,8.93879414e+00,1.91625149e-03,1.07592026e+02,8.02451553e+01,1.89162750e+01,3.17525506e-01,4.42745566e-01
5345803-S04-156I3-A-L-C-190-QA,20.02.2020-09:42:36,1.00000000e+01,6.47782207e-01,8.92882347e+00,1.60859874e-03,2.94616272e+02,8.04573135e+01,1.89417019e+01,1.57210112e-01,4.20645088e-01
5345803-S04-156I3-A-L-C-190-QA,20.02.2020-09:42:38,1.00000000e+01,6.46718442e-01,8.93673134e+00,1.93321682e-03,1.15852882e+02,8.01238174e+01,1.88488884e+01,3.35977316e-01,4.54935044e-01
5345803-S04-156I3-A-L-C-190-QA,20.02.2020-09:42:40,1.00000000e+01,6.47537708e-01,8.93853664e+00,1.89165503e-03,1.10767159e+02,8.01914978e+01,1.88925247e+01,3.47318083e-01,5.04890680e-01
5345803-S04-156I3-A-L-C-190-QA,20.02.2020-09:42:42,1.00000000e+01,6.46355093e-01,8.98393440e+00,1.90656818e-03,1.16173096e+02,8.00885391e+01,1.89294643e+01,2.38199472e-01,3.60663295e-01
5345803-S04-156I3-A-L-C-190-QA,20.02.2020-09:42:44,1.00000000e+01,6.46939874e-01,8.93859100e+00,1.88432995e-03,1.25420296e+02,8.02280350e+01,1.88837986e+01,2.97564209e-01,4.04381633e-01
5345803-S04-156I3-A-L-C-190,20.02.2020-09:25:24,2.00000000e+01,6.40999317e-01,8.88238144e+00,1.73172902e-03,3.05565979e+02,8.04174957e+01,1.86366444e+01,1.06295899e-01,2.17346326e-01
5345803-S04-156I3-A-L-C-190,20.02.2020-09:25:26,2.00000000e+01,6.40553951e-01,8.89532948e+00,1.60082593e-03,1.14089890e+02,8.05364685e+01,1.86784382e+01,1.79383442e-01,2.76271611e-01
5345803-S04-156I3-A-L-C-190,20.02.2020-09:25:28,1.90000000e+01,6.42992675e-01,8.91707420e+00,1.79999426e-03,1.32729248e+02,8.04080353e+01,1.87654114e+01,1.66145965e-01,2.49167576e-01
5345803-S04-156I3-A-L-C-190,20.02.2020-09:25:30,1.90000000e+01,6.43014431e-01,8.90944958e+00,1.54614833e-03,1.11942894e+02,8.04706345e+01,1.87645969e+01,1.76480755e-01,2.55942196e-01
5345803-S04-156I3-A-L-C-190,20.02.2020-09:25:32,2.00000000e+01,6.41834021e-01,8.88637066e+00,1.65285973e-03,1.27733826e+02,8.04170303e+01,1.86691856e+01,1.57385692e-01,1.98618919e-01
5345803-S04-156I3-A-L-C-190,20.02.2020-09:25:34,1.90000000e+01,6.43419206e-01,8.89509964e+00,2.01120623e-03,1.28413864e+02,8.04597244e+01,1.87436237e+01,2.04437494e-01,5.61271906e-01
5345803-S04-156I3-A-L-C-190,20.02.2020-09:25:36,2.00000000e+01,6.42059803e-01,8.89164066e+00,1.81557774e-03,1.40337769e+02,8.02449188e+01,1.86468353e+01,1.24841914e-01,1.58069864e-01
5345803-S04-156I3-A-L-C-190,20.02.2020-09:25:38,2.10000000e+01,6.41327143e-01,8.86546040e+00,1.80424599e-03,1.23330612e+02,8.02750244e+01,1.85776825e+01,1.62158981e-01,2.01086581e-01
5345803-S04-156I3-A-L-C-190,20.02.2020-09:25:40,1.00000000e+00,6.38798654e-01,8.81449509e+00,1.64947228e-03,1.61856277e+02,8.02851028e+01,1.84003735e+01,1.61188796e-01,6.61390245e-01
5345803-S04-156I3-A-L-C-190,20.02.2020-09:25:42,1.00000000e+00,6.40357554e-01,8.83189774e+00,1.70882919e-03,1.61523575e+02,8.03118973e+01,1.84878616e+01,1.84619725e-01,4.84139949e-01
5345803-S04-156I3-A-L-C-190,20.02.2020-09:26:27,2.00000000e+01,6.43076956e-01,8.87283230e+00,1.69156387e-03,6.79207230e+01,8.03791580e+01,1.86680470e+01,4.70265418e-01,1.97256958e+00
5345803-S04-156I3-A-L-C-190,20.02.2020-09:26:29,9.00000000e+00,6.44533157e-01,8.99906063e+00,2.01051007e-03,1.30758835e+02,7.98256836e+01,1.88458309e+01,1.50525853e-01,2.13869140e-01
5345803-S04-156I3-A-L-C-190,20.02.2020-09:26:33,2.00000000e+00,6.38234138e-01,8.80961227e+00,1.76312937e-03,3.67918549e+01,8.01744080e+01,1.83485928e+01,1.09838629e+00,2.91432858e+00
5345803-S04-156I3-A-L-C-190,20.02.2020-09:26:35,1.90000000e+01,6.45304203e-01,8.96419430e+00,2.05706479e-03,2.17688004e+02,7.98436432e+01,1.87994995e+01,1.72609985e-01,2.12516859e-01
5345803-S04-156I3-A-L-C-190,20.02.2020-09:26:37,2.10000000e+01,6.38581574e-01,8.82629299e+00,1.84384140e-03,9.01447067e+01,8.06476135e+01,1.85019073e+01,4.06803966e-01,1.34410655e+00
5345803-S04-156I3-A-L-C-190,20.02.2020-09:26:39,1.90000000e+01,6.44576311e-01,8.92928696e+00,1.91362237e-03,1.09838898e+02,8.00143127e+01,1.87451534e+01,2.68724680e-01,3.59201789e-01
5345803-S04-156I3-A-L-C-190,20.02.2020-09:26:41,2.00000000e+01,6.43658161e-01,8.92444611e+00,1.88565603e-03,6.59020309e+01,7.98602295e+01,1.86722775e+01,4.66068447e-01,5.75038612e-01
5345803-S04-156I3-A-L-C-190,20.02.2020-09:26:43,1.90000000e+01,6.44214332e-01,8.95073032e+00,2.26383284e-03,6.03458900e+01,7.98461685e+01,1.87401543e+01,4.85822618e-01,5.89928448e-01
5345803-S04-156I3-A-L-C-190,20.02.2020-09:26:45,2.00000000e+01,6.43570006e-01,8.91987610e+00,2.01759534e-03,6.13148651e+01,7.99448013e+01,1.86799221e+01,4.89260346e-01,6.17145360e-01
5345803-S04-156I3-A-L-C-190,20.02.2020-09:26:47,2.10000000e+01,6.42738521e-01,8.89952946e+00,2.22314382e-03,1.23592140e+02,7.97725372e+01,1.85731239e+01,3.21067154e-01,4.59829986e-01
5345803-S04-156I3-A-L-C-190-QA,20.02.2020-09:35:17,2.30000000e+01,6.40853107e-01,8.94244099e+00,1.82687456e-03,1.83228485e+02,7.95449142e+01,1.85548382e+01,1.22384697e-01,1.73709124e-01
5345803-S04-156I3-A-L-C-190-QA,20.02.2020-09:35:38,2.30000000e+01,6.40698910e-01,8.93279934e+00,1.77895674e-03,1.85281830e+02,7.95461884e+01,1.85306702e+01,1.21585608e-01,1.72481775e-01
5345803-S04-156I3-A-L-C-190-QA,20.02.2020-09:37:50,2.30000000e+01,6.41420543e-01,8.90696716e+00,1.90333929e-03,1.89705048e+02,7.95931931e+01,1.85088253e+01,1.24571271e-01,1.76662683e-01
5345803-S04-156I3-A-L-C-190-QA,20.02.2020-09:42:10,1.00000000e+01,6.46649778e-01,8.93286419e+00,1.74829829e-03,2.65934418e+02,8.03925018e+01,1.89019051e+01,8.17829520e-02,1.30952477e-01
5345803-S04-156I3-A-L-C-190-QA,20.02.2020-09:42:13,1.00000000e+01,6.46547139e-01,8.91427135e+00,1.63288624e-03,1.88860870e+02,8.05515213e+01,1.88968754e+01,9.80490819e-02,1.58380941e-01
5345803-S04-156I3-A-L-C-190-QA,20.02.2020-09:42:15,1.00000000e+01,6.46480739e-01,8.92580891e+00,1.85159780e-03,3.71934906e+02,8.04702759e+01,1.89003067e+01,6.18320815e-02,1.16773963e-01
5345803-S04-156I3-A-L-C-190-QA,20.02.2020-09:42:17,1.00000000e+01,6.44680381e-01,8.93681908e+00,1.91927666e-03,1.66966782e+02,8.03418427e+01,1.88408012e+01,1.15124792e-01,1.74272820e-01
5345803-S04-156I3-A-L-C-190-QA,20.02.2020-09:42:19,1.00000000e+01,6.46763802e-01,8.93313026e+00,2.08344613e-03,1.22415611e+02,8.02082596e+01,1.88624744e+01,1.53488100e-01,2.17387185e-01
5345803-S04-156I3-A-L-C-190-QA,20.02.2020-09:42:21,1.00000000e+01,6.45542562e-01,8.93260670e+00,1.72289589e-03,1.33540283e+02,8.05846100e+01,1.89140873e+01,1.69058606e-01,4.03705895e-01
5345803-S04-156I3-A-L-C-190-QA,20.02.2020-09:42:23,1.00000000e+01,6.46431148e-01,8.97696495e+00,1.87928928e-03,1.13514946e+02,7.99670258e+01,1.88883038e+01,2.50079632e-01,3.00439119e-01
5345803-S04-156I3-A-L-C-190,20.02.2020-09:43:44,8.00000000e+00,6.46979034e-01,8.97949791e+00,1.87152741e-03,2.11316864e+02,8.03033447e+01,1.89891720e+01,1.80378079e-01,2.68343776e-01
5345803-S04-156I3-A-L-C-190,20.02.2020-09:43:46,1.90000000e+01,6.45787537e-01,8.91340351e+00,2.01552454e-03,1.38317490e+02,8.01832047e+01,1.87865410e+01,3.35263222e-01,4.69851822e-01
5345803-S04-156I3-A-L-C-190,20.02.2020-09:43:48,1.90000000e+01,6.44574940e-01,8.93273926e+00,1.95262406e-03,1.43556213e+02,8.01697388e+01,1.87887859e+01,2.66468287e-01,4.73039716e-01
5345803-S04-156I3-A-L-C-190,20.02.2020-09:43:51,9.00000000e+00,6.46134257e-01,8.94330311e+00,1.85126811e-03,2.80859344e+02,8.02218246e+01,1.88687611e+01,1.07243262e-01,2.88951725e-01
5345803-S04-156I3-A-L-C-190,20.02.2020-09:43:53,8.00000000e+00,6.46786749e-01,8.95328712e+00,1.89827825e-03,5.12785767e+02,8.02272644e+01,1.89101868e+01,7.77676553e-02,2.17341676e-01
5345803-S04-156I3-A-L-C-190,20.02.2020-09:43:55,1.90000000e+01,6.44921303e-01,8.93402863e+00,2.09314958e-03,2.14586823e+02,7.99825058e+01,1.87576866e+01,1.15752183e-01,2.16740951e-01
5345803-S04-156I3-A-L-C-190,20.02.2020-09:43:57,9.00000000e+00,6.45844698e-01,8.94306755e+00,1.94659934e-03,5.36075500e+02,8.02209167e+01,1.88595982e+01,9.91180837e-02,3.26154560e-01
5345803-S04-156I3-A-L-C-190,20.02.2020-09:43:59,9.00000000e+00,6.45340860e-01,8.94058895e+00,1.96687644e-03,3.44075073e+02,8.01478806e+01,1.88225079e+01,9.76070538e-02,2.95583338e-01
5345803-S04-156I3-A-L-C-190,20.02.2020-09:44:01,9.00000000e+00,6.46582365e-01,8.95961094e+00,2.18362361e-03,5.13241272e+02,8.01132278e+01,1.88906727e+01,8.21712166e-02,2.33379051e-01
5345803-S04-156I3-A-L-C-190,20.02.2020-09:44:03,1.90000000e+01,6.45766854e-01,8.92841244e+00,1.93378341e-03,1.85354858e+02,7.99629211e+01,1.87658768e+01,1.47875279e-01,2.01862156e-01
5345803-S04-156I3-A-L-C-190,20.02.2020-09:44:48,2.00000000e+01,6.41096294e-01,8.87967014e+00,1.80327438e-03,7.30542450e+01,8.03832932e+01,1.86258488e+01,3.54857504e-01,7.87579298e-01
5345803-S04-156I3-A-L-C-190,20.02.2020-09:44:50,2.00000000e+01,6.40910566e-01,8.87138081e+00,1.45002187e-03,9.90014954e+01,8.04265060e+01,1.86130714e+01,3.39588881e-01,5.94713330e-01
5345803-S04-156I3-A-L-C-190,20.02.2020-09:44:52,9.00000000e+00,6.45122707e-01,8.94892979e+00,1.93030701e-03,9.42862473e+01,8.02412491e+01,1.88556423e+01,2.71443874e-01,3.34641039e-01
5345803-S04-156I3-A-L-C-190,20.02.2020-09:44:54,9.00000000e+00,6.44704580e-01,8.94486237e+00,2.00680690e-03,6.69099731e+01,8.02440720e+01,1.88355179e+01,3.47746670e-01,4.42890406e-01
5345803-S04-156I3-A-L-C-190,20.02.2020-09:44:56,1.90000000e+01,6.42925680e-01,8.92460442e+00,1.85410853e-03,6.97817764e+01,8.00953751e+01,1.87062798e+01,3.41557562e-01,4.74854320e-01
5345803-S04-156I3-A-L-C-190,20.02.2020-09:44:58,1.90000000e+01,6.43114924e-01,8.89548588e+00,1.60433108e-03,2.74011902e+02,8.04785233e+01,1.87399502e+01,8.76724198e-02,1.94071919e-01
5345803-S04-156I3-A-L-C-190,20.02.2020-09:45:00,1.90000000e+01,6.45543277e-01,8.90764236e+00,1.98627380e-03,1.28243271e+02,8.03082733e+01,1.87965717e+01,2.58495152e-01,2.99984187e-01
5345803-S04-156I3-A-L-C-190,20.02.2020-09:45:02,1.00000000e+00,6.42524481e-01,8.79880428e+00,1.68087275e-03,1.17845566e+02,8.02453461e+01,1.84655952e+01,3.56831193e-01,1.04033768e+00
5345803-S04-156I3-A-L-C-190,20.02.2020-09:45:04,1.00000000e+00,6.42217219e-01,8.80361748e+00,1.85349735e-03,9.30818634e+01,8.01814499e+01,1.84521599e+01,4.60405618e-01,1.20431745e+00
5345803-S04-156I3-A-L-C-190,20.02.2020-09:45:06,1.00000000e+00,6.44389570e-01,8.80370235e+00,2.12330953e-03,1.57257629e+02,7.99977036e+01,1.84723244e+01,3.64410728e-01,1.21896267e+00
5345803-S04-156I3-A-L-C-190,20.02.2020-09:45:30,2.10000000e+01,6.43244743e-01,8.83927631e+00,1.88493729e-03,4.57029648e+01,8.00061111e+01,1.85159645e+01,6.36543572e-01,7.67148376e-01
5345803-S04-156I3-A-L-C-190,20.02.2020-09:45:32,1.00000000e+00,6.40792966e-01,8.88597679e+00,2.06444063e-03,5.81564827e+01,7.97943573e+01,1.84937630e+01,6.37911916e-01,7.58869886e-01
5345803-S04-156I3-A-L-C-190,20.02.2020-09:45:34,2.10000000e+01,6.41361475e-01,8.90337658e+00,1.88232353e-03,7.92786255e+01,7.99232635e+01,1.85763779e+01,4.00209934e-01,4.78487253e-01
5345803-S04-156I3-A-L-C-190,20.02.2020-09:45:36,2.00000000e+01,6.42585158e-01,8.88591576e+00,1.58492627e-03,2.18994965e+02,8.04579544e+01,1.86995888e+01,9.03200284e-02,3.04697782e-01
5345803-S04-156I3-A-L-C-190,20.02.2020-09:45:38,1.90000000e+01,6.43179357e-01,8.89995384e+00,1.60178752e-03,1.56269821e+02,8.03724747e+01,1.87265320e+01,1.23214848e-01,3.29805166e-01
5345803-S04-156I3-A-L-C-190,20.02.2020-09:45:40,8.00000000e+00,6.45156801e-01,8.98321438e+00,1.77099230e-03,1.88810699e+02,8.04758148e+01,1.89842167e+01,8.86122361e-02,1.51932329e-01
5345803-S04-156I3-A-L-C-190,20.02.2020-09:45:42,2.00000000e+01,6.39920831e-01,8.91833973e+00,1.92827836e-03,1.01296745e+02,8.02251663e+01,1.86359291e+01,2.37073436e-01,4.53114003e-01
5345803-S04-156I3-A-L-C-190,20.02.2020-09:45:45,1.90000000e+01,6.41795099e-01,8.93631649e+00,1.64754700e-03,1.76813736e+02,8.03465347e+01,1.87565212e+01,1.42775103e-01,3.72334778e-01
5345803-S04-156I3-A-L-C-190,20.02.2020-09:45:47,1.90000000e+01,6.41863465e-01,8.94343662e+00,1.74936175e-03,2.93330566e+02,8.02880783e+01,1.87598057e+01,1.06580675e-01,3.03143084e-01
5345803-S04-156I3-A-L-C-190,20.02.2020-09:45:49,1.90000000e+01,6.42981350e-01,8.90309334e+00,1.91204820e-03,2.36543991e+02,8.03861084e+01,1.87305489e+01,1.05758689e-01,2.04561591e-01
5345803-S04-156I3-A-L-C-190,20.02.2020-09:46:33,1.00000000e+00,6.37920439e-01,8.86099148e+00,1.77749526e-03,1.00487732e+02,8.02323990e+01,1.84598770e+01,2.76833743e-01,5.34977138e-01
5345803-S04-156I3-A-L-C-190,20.02.2020-09:46:35,9.00000000e+00,6.44997418e-01,8.96651173e+00,1.95874204e-03,1.19380997e+02,8.01457748e+01,1.88665428e+01,2.37651139e-01,3.56281072e-01
5345803-S04-156I3-A-L-C-190,20.02.2020-09:46:37,8.00000000e+00,6.46786809e-01,8.98795509e+00,1.81571371e-03,1.11328110e+02,8.02442627e+01,1.89874325e+01,1.98621020e-01,2.43629649e-01
5345803-S04-156I3-A-L-C-190,20.02.2020-09:46:39,8.00000000e+00,6.46688938e-01,8.98505688e+00,1.72752235e-03,1.08075348e+02,8.02977448e+01,1.89910851e+01,1.49016589e-01,1.87099546e-01
5345803-S04-156I3-A-L-C-190,20.02.2020-09:46:41,1.90000000e+01,6.44698739e-01,8.94082642e+00,1.66536774e-03,1.20830078e+02,8.01174774e+01,1.87971478e+01,1.78422347e-01,2.34092921e-01
5345803-S04-156I3-A-L-C-190,20.02.2020-09:46:43,1.90000000e+01,6.41650319e-01,8.93763638e+00,1.66336028e-03,1.88782303e+02,8.02467880e+01,1.87317753e+01,9.86637250e-02,1.86759934e-01
5345803-S04-156I3-A-L-C-190,20.02.2020-09:46:46,2.00000000e+01,6.43869221e-01,8.91874695e+00,2.14757305e-03,3.07974148e+01,7.98914185e+01,1.86737633e+01,1.00215805e+00,1.18345523e+00
5345803-S04-156I3-A-L-C-190,20.02.2020-09:46:48,9.00000000e+00,6.44847095e-01,8.94173908e+00,1.89898349e-03,3.55463226e+02,8.03659515e+01,1.88617077e+01,6.72447234e-02,1.18869014e-01
5345803-S04-156I3-A-L-C-190,20.02.2020-09:46:50,2.00000000e+01,6.41157568e-01,8.90185356e+00,1.83982169e-03,1.11480026e+02,8.01165619e+01,1.86121998e+01,1.88543469e-01,3.75461400e-01
5345803-S04-156I3-A-L-C-190,20.02.2020-09:46:52,2.00000000e+01,6.41967535e-01,8.93942356e+00,2.09943810e-03,4.11218323e+02,7.99758224e+01,1.86814880e+01,7.22970366e-02,1.53321713e-01
5345803-S04-156I3-A-L-C-190,20.02.2020-09:47:15,9.00000000e+00,6.45370901e-01,8.93850040e+00,1.90779998e-03,1.91566788e+02,8.03098068e+01,1.88570080e+01,1.16959043e-01,1.92620933e-01
5345803-S04-156I3-A-L-C-190,20.02.2020-09:47:17,1.90000000e+01,6.43392444e-01,8.89725780e+00,1.45262142e-03,4.37910805e+01,8.03422699e+01,1.87200241e+01,5.03130078e-01,6.49864912e-01
5345803-S04-156I3-A-L-C-190,20.02.2020-09:47:19,2.10000000e+01,6.42681718e-01,8.87360287e+00,1.80557906e-03,8.79378433e+01,8.00866089e+01,1.85902843e+01,2.78323412e-01,4.00409132e-01
5345803-S04-156I3-A-L-C-190,20.02.2020-09:47:21,2.00000000e+01,6.43360138e-01,8.89264488e+00,2.01871200e-03,1.28084167e+02,8.00787506e+01,1.86480141e+01,1.86478049e-01,3.03538054e-01
5345803-S04-156I3-A-L-C-190,20.02.2020-09:47:23,2.00000000e+01,6.42818987e-01,8.90734673e+00,1.77801005e-03,4.47717590e+01,8.01524734e+01,1.86803131e+01,7.49464333e-01,1.03450167e+00
5345803-S04-156I3-A-L-C-190,20.02.2020-09:47:26,2.00000000e+00,6.38954461e-01,8.85011768e+00,1.85588142e-03,5.75646362e+01,7.99308090e+01,1.83976917e+01,6.72997475e-01,1.11228108e+00
5345803-S04-156I3-A-L-C-190,20.02.2020-09:47:28,7.00000000e+00,6.47063553e-01,8.98593521e+00,1.89070590e-03,4.91460381e+01,8.04360886e+01,1.90366859e+01,5.07148504e-01,5.95513225e-01
5345803-S04-156I3-A-L-C-190,20.02.2020-09:47:30,2.10000000e+01,6.42625630e-01,8.89139557e+00,2.13076710e-03,2.33029613e+01,7.97249908e+01,1.85418339e+01,9.52464879e-01,1.40453160e+00
5345803-S04-156I3-A-L-C-190,20.02.2020-09:47:32,8.00000000e+00,6.47343099e-01,8.98002529e+00,2.01392034e-03,3.46551666e+01,8.01935883e+01,1.89750061e+01,8.18127751e-01,9.62226689e-01
5345803-S04-156I3-A-L-C-190,20.02.2020-09:47:34,1.90000000e+01,6.45120382e-01,8.92868614e+00,1.72622793e-03,2.74722080e+01,8.01083832e+01,1.87817707e+01,1.19559002e+00,1.45700991e+00
5345803-S04-156I3-A-L-C-190-QA,20.02.2020-09:42:46,1.00000000e+01,6.45924568e-01,8.94889259e+00,2.10077572e-03,2.62761322e+02,8.01623001e+01,1.88604259e+01,1.62691951e-01,2.63538480e-01
5345803-S04-156I3-A-L-C-190-QA,20.02.2020-09:42:49,1.00000000e+01,6.46016002e-01,8.94197369e+00,1.87101809e-03,9.51951370e+01,8.01298523e+01,1.88408813e+01,2.50778079e-01,3.46112698e-01
5345803-S04-156I3-A-L-C-190-QA,20.02.2020-09:42:51,1.00000000e+01,6.45718992e-01,8.96008873e+00,2.02019955e-03,1.34884613e+02,7.99948349e+01,1.88385735e+01,2.00136930e-01,3.56897056e-01
5345803-S04-156I3-A-L-C-190,20.02.2020-09:43:08,7.00000000e+00,6.49754941e-01,8.96662426e+00,2.01557274e-03,2.16620316e+02,8.05549316e+01,1.91029701e+01,1.42023683e-01,4.23427373e-01
5345803-S04-156I3-A-L-C-190,20.02.2020-09:43:10,2.00000000e+01,6.39940560e-01,8.91146183e+00,1.70148036e-03,1.20116295e+02,8.01314926e+01,1.86003876e+01,3.29124212e-01,6.02200449e-01
5345803-S04-156I3-A-L-C-190,20.02.2020-09:43:12,9.00000000e+00,6.43257201e-01,8.93737602e+00,1.49672246e-03,3.80276062e+02,8.03429871e+01,1.88006516e+01,1.06083490e-01,2.41081208e-01
5345803-S04-156I3-A-L-C-190,20.02.2020-09:43:15,2.00000000e+01,6.40036702e-01,8.91795254e+00,1.65900495e-03,1.76791046e+02,8.02289658e+01,1.86393776e+01,2.18056992e-01,4.55000937e-01
5345803-S04-156I3-A-L-C-190,20.02.2020-09:43:17,1.90000000e+01,6.42926157e-01,8.97377396e+00,1.58286665e-03,2.11858292e+02,8.00422974e+01,1.87968903e+01,1.05896808e-01,1.27389222e-01
5345803-S04-156I3-A-L-C-190,20.02.2020-09:43:19,2.00000000e+01,6.42631412e-01,8.91024876e+00,2.05388642e-03,4.00448341e+01,8.00843811e+01,1.86650772e+01,7.31653929e-01,1.22766066e+00
5345803-S04-156I3-A-L-C-190,20.02.2020-09:43:21,1.90000000e+01,6.43127859e-01,8.93393135e+00,1.92382454e-03,2.13495468e+02,8.01363144e+01,1.87412891e+01,1.42571092e-01,1.88354596e-01
5345803-S04-156I3-A-L-C-190,20.02.2020-09:44:06,9.00000000e+00,6.45710528e-01,8.93167305e+00,1.70317723e-03,4.06892151e+02,8.04355164e+01,1.88820324e+01,1.00653797e-01,2.76001483e-01
5345803-S04-156I3-A-L-C-190,20.02.2020-09:44:08,7.00000000e+00,6.48766577e-01,8.98502541e+00,1.77902833e-03,8.39076843e+02,8.05482330e+01,1.91114655e+01,4.97485772e-02,7.70137161e-02
5345803-S04-156I3-A-L-C-190,20.02.2020-09:44:10,8.00000000e+00,6.46023810e-01,8.94865990e+00,1.70792534e-03,1.85479370e+02,8.04484177e+01,1.89301567e+01,1.49641916e-01,2.62342751e-01
5345803-S04-156I3-A-L-C-190,20.02.2020-09:44:12,8.00000000e+00,6.45390749e-01,8.96813297e+00,1.90118758e-03,7.69109619e+02,8.03091888e+01,1.89199600e+01,8.20354372e-02,1.71559751e-01
5345803-S04-156I3-A-L-C-190,20.02.2020-09:44:14,7.00000000e+00,6.47983611e-01,8.98819351e+00,1.84532523e-03,2.64919952e+02,8.06004105e+01,1.91075020e+01,7.77963847e-02,1.06876917e-01
5345803-S04-156I3-A-L-C-190,20.02.2020-09:44:16,8.00000000e+00,6.46934450e-01,8.96227074e+00,2.00996315e-03,1.91992920e+02,8.03335876e+01,1.89585743e+01,1.04785360e-01,1.65210739e-01
5345803-S04-156I3-A-L-C-190,20.02.2020-09:44:18,2.00000000e+01,6.43578291e-01,8.88556576e+00,1.93779415e-03,1.36732452e+02,8.00985718e+01,1.86441002e+01,1.61029026e-01,2.59781480e-01
5345803-S04-156I3-A-L-C-190,20.02.2020-09:44:20,2.10000000e+01,6.41453743e-01,8.85891438e+00,1.90772198e-03,2.97330353e+02,8.03284836e+01,1.85799942e+01,2.70263702e-01,2.02301216e+00
5345803-S04-156I3-A-L-C-190,20.02.2020-09:44:22,8.00000000e+00,6.47202134e-01,8.95727348e+00,1.65820913e-03,1.64326035e+02,8.04151382e+01,1.89750862e+01,1.53197825e-01,3.98285270e-01
5345803-S04-156I3-A-L-C-190,20.02.2020-09:44:24,2.00000000e+00,6.34446681e-01,8.78873539e+00,1.68693427e-03,1.83827576e+02,8.03830566e+01,1.82438393e+01,3.43152761e-01,2.32785368e+00
5345803-S04-156I3-A-L-C-190,20.02.2020-09:45:09,1.90000000e+01,6.45003796e-01,8.88017941e+00,1.90668693e-03,5.33970833e+01,8.03465576e+01,1.87318859e+01,5.56132197e-01,6.46449089e-01
5345803-S04-156I3-A-L-C-190,20.02.2020-09:45:11,2.10000000e+01,6.43279672e-01,8.85242844e+00,1.68568944e-03,6.14919281e+01,8.00836258e+01,1.85624886e+01,4.85201836e-01,6.71725035e-01
5345803-S04-156I3-A-L-C-190,20.02.2020-09:45:13,2.10000000e+01,6.42050028e-01,8.85859394e+00,1.96278654e-03,6.87178268e+01,8.00096359e+01,1.85227795e+01,4.77220058e-01,7.05846369e-01
5345803-S04-156I3-A-L-C-190,20.02.2020-09:45:15,2.10000000e+01,6.40418649e-01,8.89727116e+00,1.91761483e-03,8.76260223e+01,7.99669266e+01,1.85464764e+01,3.24559867e-01,4.06101882e-01
5345803-S04-156I3-A-L-C-190,20.02.2020-09:45:17,2.10000000e+01,6.42334640e-01,8.83613586e+00,1.90449273e-03,7.44683380e+01,8.02863007e+01,1.85479259e+01,4.02079791e-01,5.04524648e-01
5345803-S04-156I3-A-L-C-190,20.02.2020-09:45:19,1.00000000e+00,6.42404854e-01,8.81778526e+00,2.08092667e-03,5.45997124e+01,8.01495667e+01,1.84799042e+01,5.89398205e-01,7.08014011e-01
5345803-S04-156I3-A-L-C-190,20.02.2020-09:45:21,2.10000000e+01,6.43193543e-01,8.84815311e+00,1.99933490e-03,8.30867844e+01,8.02502823e+01,1.85896435e+01,4.16016430e-01,5.26425123e-01
5345803-S04-156I3-A-L-C-190,20.02.2020-09:45:23,2.00000000e+00,6.37626708e-01,8.74562740e+00,1.66858092e-03,5.20225143e+01,8.04664841e+01,1.82642860e+01,6.23890638e-01,8.16385090e-01
5345803-S04-156I3-A-L-C-190,20.02.2020-09:45:25,2.10000000e+01,6.43325090e-01,8.83762741e+00,1.65628700e-03,5.62583389e+01,8.02586288e+01,1.85732594e+01,5.72285950e-01,6.89430952e-01
5345803-S04-156I3-A-L-C-190,20.02.2020-09:45:28,2.10000000e+01,6.42810822e-01,8.83863258e+00,1.85820181e-03,6.47841797e+01,8.03274231e+01,1.85764294e+01,5.40270865e-01,6.78037345e-01
5345803-S04-156I3-A-L-C-190,20.02.2020-09:45:51,9.00000000e+00,6.44077659e-01,8.96002388e+00,1.81265012e-03,1.44830688e+02,8.04472504e+01,1.88968239e+01,1.37475610e-01,2.12880373e-01
5345803-S04-156I3-A-L-C-190,20.02.2020-09:45:53,1.90000000e+01,6.42727375e-01,8.91614437e+00,1.81307073e-03,1.79695084e+02,8.03632736e+01,1.87452698e+01,1.21176951e-01,2.72461921e-01
5345803-S04-156I3-A-L-C-190,20.02.2020-09:45:55,2.00000000e+01,6.40888870e-01,8.90835667e+00,1.76557503e-03,2.14877609e+02,8.02261734e+01,1.86434631e+01,8.29389617e-02,1.13871582e-01
5345803-S04-156I3-A-L-C-190,20.02.2020-09:45:57,2.00000000e+01,6.40981972e-01,8.90481758e+00,1.82068627e-03,2.14797043e+02,8.02113113e+01,1.86353092e+01,1.06865577e-01,1.37993768e-01
5345803-S04-156I3-A-L-C-190,20.02.2020-09:45:59,2.00000000e+01,6.41333401e-01,8.91602516e+00,1.80789281e-03,1.24338531e+02,8.01064606e+01,1.86445923e+01,1.17483392e-01,1.50626197e-01
5345803-S04-156I3-A-L-C-190,20.02.2020-09:46:02,2.00000000e+00,6.36555016e-01,8.83660603e+00,2.08924711e-03,2.75110901e+02,8.00887909e+01,1.83367920e+01,1.47480920e-01,5.87567687e-01
5345803-S04-156I3-A-L-C-190,20.02.2020-09:46:04,2.00000000e+01,6.40622556e-01,8.90552998e+00,1.84118457e-03,3.11535370e+02,8.01792603e+01,1.86189098e+01,8.05734470e-02,2.98048735e-01
5345803-S04-156I3-A-L-C-190,20.02.2020-09:46:06,2.00000000e+01,6.42129540e-01,8.88519382e+00,1.98218087e-03,2.66356110e+02,8.02128601e+01,1.86278954e+01,8.34846571e-02,1.84459865e-01
5345803-S04-156I3-A-L-C-190,20.02.2020-09:46:08,1.00000000e+00,6.41498089e-01,8.83436489e+00,1.73748401e-03,4.58857689e+01,8.00080185e+01,1.84558659e+01,4.66656238e-01,9.92347479e-01
5345803-S04-156I3-A-L-C-190,20.02.2020-09:46:10,2.10000000e+01,6.41632438e-01,8.83556271e+00,1.86916406e-03,1.85405472e+02,8.02223663e+01,1.85116940e+01,1.24986649e-01,3.04010421e-01
5345803-S04-156I3-A-L-C-190,20.02.2020-09:46:54,2.00000000e+01,6.42421544e-01,8.94816494e+00,2.36411649e-03,2.97150909e+02,7.96572800e+01,1.86384468e+01,8.96525234e-02,1.51115686e-01
5345803-S04-156I3-A-L-C-190,20.02.2020-09:46:56,1.90000000e+01,6.43580735e-01,8.94095993e+00,1.71872834e-03,3.17243378e+02,8.02021179e+01,1.87846546e+01,5.36688901e-02,1.20975569e-01
5345803-S04-156I3-A-L-C-190,20.02.2020-09:46:58,7.00000000e+00,6.47107065e-01,9.02168083e+00,1.89035339e-03,7.87132263e+01,8.01052246e+01,1.90350761e+01,2.74986893e-01,3.30012202e-01
5345803-S04-156I3-A-L-C-190,20.02.2020-09:47:00,8.00000000e+00,6.46610200e-01,8.95340157e+00,1.72422919e-03,3.78789764e+02,8.03640442e+01,1.89374981e+01,1.25195742e-01,1.66297123e-01
5345803-S04-156I3-A-L-C-190,20.02.2020-09:47:02,1.90000000e+01,6.43544436e-01,8.93478489e+00,1.84656493e-03,6.92064590e+01,8.03199234e+01,1.87981930e+01,2.98148662e-01,4.79711741e-01
5345803-S04-156I3-A-L-C-190,20.02.2020-09:47:04,1.90000000e+01,6.42939150e-01,8.91552639e+00,1.67322636e-03,2.98360138e+02,8.01830826e+01,1.87081051e+01,7.56875277e-02,9.97788608e-02
5345803-S04-156I3-A-L-C-190,20.02.2020-09:47:06,1.90000000e+01,6.42970026e-01,8.91831112e+00,1.70720392e-03,4.60015381e+02,8.03223038e+01,1.87473431e+01,5.77135794e-02,8.88292193e-02
5345803-S04-156I3-A-L-C-190,20.02.2020-09:47:09,9.00000000e+00,6.45041943e-01,8.94355774e+00,2.14694138e-03,2.91509247e+02,8.01611786e+01,1.88231621e+01,9.43587050e-02,1.52157634e-01
5345803-S04-156I3-A-L-C-190,20.02.2020-09:47:11,2.10000000e+01,6.39128089e-01,8.87045860e+00,1.58073672e-03,1.29883957e+02,8.05902557e+01,1.85971622e+01,2.34588385e-01,5.32418728e-01
5345803-S04-156I3-A-L-C-190,20.02.2020-09:47:13,2.10000000e+01,6.40620947e-01,8.86163521e+00,1.49005686e-03,3.06957611e+02,8.03218384e+01,1.85600357e+01,1.30958140e-01,5.96571445e-01
5345803-S04-156I3-A-L-C-190,20.02.2020-09:47:36,1.40000000e+01,6.43167078e-01,8.93103695e+00,1.82323484e-03,1.27741594e+01,8.00779572e+01,1.87227154e+01,1.84394813e+00,2.20782733e+00
5345803-S04-156I3-A-L-C-190,20.02.2020-09:47:38,2.00000000e+01,6.41899824e-01,8.90827751e+00,1.88652892e-03,4.18265686e+01,8.03053894e+01,1.86911449e+01,5.28033674e-01,7.90015876e-01
5345803-S04-156I3-A-L-C-190,20.02.2020-09:47:40,1.00000000e+00,6.38674915e-01,8.84146595e+00,1.84082019e-03,4.01904755e+01,8.01166534e+01,1.84143829e+01,5.74701309e-01,9.28344786e-01
5345803-S04-156I3-A-L-C-190,20.02.2020-09:47:42,9.00000000e+00,6.45374000e-01,8.95296860e+00,1.74810458e-03,4.33520889e+01,8.01539154e+01,1.88509598e+01,5.96911788e-01,7.00116694e-01
5345803-S04-156I3-A-L-C-190,20.02.2020-09:47:44,1.90000000e+01,6.42416835e-01,8.91261387e+00,1.83053047e-03,3.18460968e+02,8.03671570e+01,1.87296982e+01,8.70020241e-02,2.12867007e-01
5345803-S04-156I3-A-L-C-190,20.02.2020-09:47:46,9.00000000e+00,6.43835127e-01,8.92391968e+00,1.84858707e-03,2.62441010e+02,8.04412613e+01,1.88121929e+01,1.21382415e-01,2.60528475e-01
5345803-S04-156I3-A-L-C-190,20.02.2020-09:47:48,1.90000000e+01,6.43717468e-01,8.92322350e+00,1.79120316e-03,2.11090057e+02,8.02562180e+01,1.87640228e+01,1.31562158e-01,2.83090264e-01
5345803-S04-156I3-A-L-C-190,20.02.2020-09:47:51,1.90000000e+01,6.43583179e-01,8.90929413e+00,1.93824037e-03,8.87233810e+01,8.01938629e+01,1.87162704e+01,2.25066110e-01,4.91053343e-01
5345803-S04-156I3-A-L-C-190,20.02.2020-09:47:53,1.90000000e+01,6.44197524e-01,8.94134235e+00,1.80346228e-03,3.39008240e+02,8.01429749e+01,1.87895966e+01,9.66205671e-02,1.43066883e-01
5345803-S04-156I3-A-L-C-190,20.02.2020-09:47:55,9.00000000e+00,6.44446671e-01,8.93852329e+00,2.02235207e-03,2.63532288e+02,8.01997452e+01,1.88042469e+01,1.17019974e-01,4.57755327e-01
5345803-S04-156I3-A-L-C-190,20.02.2020-09:48:18,1.90000000e+01,6.46081567e-01,8.97276497e+00,2.66918214e-03,1.22167603e+02,7.94565277e+01,1.87487965e+01,2.03686669e-01,2.54098445e-01
5345803-S04-156I3-A-L-C-190,20.02.2020-09:48:20,1.90000000e+01,6.41518235e-01,8.92726231e+00,1.64791918e-03,1.27526031e+02,8.03417511e+01,1.87283192e+01,2.28033558e-01,4.60396200e-01
5345803-S04-156I3-A-L-C-190,20.02.2020-09:48:22,9.00000000e+00,6.45083487e-01,8.95276737e+00,1.85458432e-03,2.25047363e+02,8.03052902e+01,1.88776340e+01,1.05617702e-01,1.34198189e-01
5345803-S04-156I3-A-L-C-190,20.02.2020-09:48:24,2.00000000e+01,6.40157580e-01,8.89811707e+00,1.64933351e-03,1.28836411e+02,8.03941574e+01,1.86397324e+01,2.24205822e-01,5.05236626e-01
5345803-S04-156I3-A-L-C-190,20.02.2020-09:48:26,2.00000000e+01,6.40203774e-01,8.92075348e+00,1.72295456e-03,8.26775665e+01,8.02727203e+01,1.86602707e+01,3.58789206e-01,6.31840944e-01
5345803-S04-156I3-A-L-C-190,20.02.2020-09:48:28,2.00000000e+01,6.40980959e-01,8.91843987e+00,1.61116500e-03,1.22067764e+02,8.02687607e+01,1.86771564e+01,2.46081635e-01,4.11437422e-01
5345803-S04-156I3-A-L-C-190,20.02.2020-09:48:31,1.90000000e+01,6.42262042e-01,8.93173218e+00,1.78555294e-03,1.31653564e+02,8.01956482e+01,1.87253056e+01,1.86100259e-01,2.98700690e-01
5345803-S04-156I3-A-L-C-190,20.02.2020-09:48:33,1.00000000e+00,6.38633490e-01,8.86941624e+00,1.68388407e-03,5.70793114e+01,8.01829147e+01,1.84866734e+01,3.54682028e-01,5.17451882e-01
5345803-S04-156I3-A-L-C-190,20.02.2020-09:48:35,2.10000000e+01,6.41210079e-01,8.83969688e+00,1.57607452e-03,1.01807129e+02,8.02630234e+01,1.85175457e+01,2.60956466e-01,3.18302929e-01
5345803-S04-156I3-A-L-C-190,20.02.2020-09:48:37,1.90000000e+01,6.43877208e-01,8.90522575e+00,1.72557426e-03,1.13558426e+02,8.04383545e+01,1.87733326e+01,1.92611486e-01,3.99265617e-01
5345803-S04-156I3-A-L-C-190,20.02.2020-09:49:11,2.00000000e+01,6.42929018e-01,8.90567207e+00,1.75576878e-03,1.52456909e+02,7.99106445e+01,1.86236382e+01,2.19119012e-01,4.15877014e-01
5345803-S04-156I3-A-L-C-190,20.02.2020-09:49:13,9.00000000e+00,6.46226287e-01,8.95072937e+00,1.59694219e-03,1.60639999e+02,8.01214218e+01,1.88634834e+01,1.86152145e-01,2.24530905e-01
5345803-S04-156I3-A-L-C-190,20.02.2020-09:49:15,2.10000000e+01,6.43741667e-01,8.89368439e+00,1.62610703e-03,1.28486389e+02,7.97912445e+01,1.85942554e+01,1.31868139e-01,1.67938471e-01
5345803-S04-156I3-A-L-C-190,20.02.2020-09:49:18,8.00000000e+00,6.48500502e-01,8.97955608e+00,2.10405327e-03,1.10479485e+02,8.02038879e+01,1.90103817e+01,2.52827853e-01,3.48693192e-01
5345803-S04-156I3-A-L-C-190,20.02.2020-09:49:20,1.90000000e+01,6.45090640e-01,8.92252731e+00,1.59217510e-03,2.24991592e+02,7.99400024e+01,1.87285004e+01,1.46522164e-01,1.93821415e-01
5345803-S04-156I3-A-L-C-190,20.02.2020-09:49:22,8.00000000e+00,6.46702051e-01,8.98700428e+00,1.96732278e-03,8.48619461e+01,8.02267685e+01,1.89787960e+01,2.91889995e-01,3.89979422e-01
5345803-S04-156I3-A-L-C-190,20.02.2020-09:49:24,1.00000000e+00,6.39342785e-01,8.84055805e+00,1.78093207e-03,8.85113297e+01,8.01107941e+01,1.84303970e+01,2.40086451e-01,5.58498800e-01
5345803-S04-156I3-A-L-C-190,20.02.2020-09:49:26,2.10000000e+01,6.44981980e-01,8.85730553e+00,2.16681254e-03,1.04187668e+02,7.99845352e+01,1.85988235e+01,3.10495496e-01,1.37964642e+00
5345803-S04-156I3-A-L-C-190,20.02.2020-09:49:28,2.10000000e+01,6.41704619e-01,8.87428570e+00,1.72815553e-03,1.06744537e+02,7.99770432e+01,1.85380535e+01,1.88906029e-01,3.10663849e-01
5345803-S04-156I3-A-L-C-190,20.02.2020-09:49:30,1.90000000e+01,6.44346237e-01,8.91672230e+00,2.00221245e-03,2.26238403e+02,8.00880585e+01,1.87293396e+01,1.82218388e-01,3.97613913e-01
5345803-S04-156I3-A-L-C-190,20.02.2020-09:43:23,9.00000000e+00,6.43688500e-01,8.95880127e+00,2.04718951e-03,2.08401260e+02,8.01533279e+01,1.88138390e+01,1.37585357e-01,2.72936314e-01
5345803-S04-156I3-A-L-C-190,20.02.2020-09:43:25,2.10000000e+01,6.40342474e-01,8.88594627e+00,1.93891418e-03,9.05432587e+01,8.01833572e+01,1.85707912e+01,5.41885853e-01,8.89434457e-01
5345803-S04-156I3-A-L-C-190,20.02.2020-09:43:27,2.10000000e+01,6.39617026e-01,8.87699318e+00,1.61925587e-03,1.35268402e+02,8.02788086e+01,1.85531216e+01,5.14797390e-01,7.83559620e-01
5345803-S04-156I3-A-L-C-190,20.02.2020-09:43:29,2.00000000e+01,6.40899897e-01,8.90142536e+00,1.71921519e-03,1.64129562e+02,8.03074951e+01,1.86481647e+01,2.36361414e-01,4.68464404e-01
5345803-S04-156I3-A-L-C-190,20.02.2020-09:43:31,2.00000000e+01,6.41514957e-01,8.90635300e+00,1.77383889e-03,1.12141655e+02,8.00688477e+01,1.86208916e+01,3.38635713e-01,5.75352788e-01
5345803-S04-156I3-A-L-C-190,20.02.2020-09:43:33,8.00000000e+00,6.46514118e-01,8.99103642e+00,2.06498825e-03,1.36833954e+02,8.01778412e+01,1.89702206e+01,1.95384920e-01,2.41980806e-01
5345803-S04-156I3-A-L-C-190,20.02.2020-09:43:36,2.00000000e+01,6.41572058e-01,8.93180656e+00,1.88428187e-03,2.33414307e+02,8.01574478e+01,1.86964359e+01,2.26146787e-01,4.85961884e-01
5345803-S04-156I3-A-L-C-190,20.02.2020-09:43:38,9.00000000e+00,6.44879043e-01,8.94496059e+00,1.84850930e-03,3.94724884e+02,8.01379013e+01,1.88158951e+01,1.52102441e-01,3.68334919e-01
5345803-S04-156I3-A-L-C-190,20.02.2020-09:43:40,9.00000000e+00,6.44670963e-01,8.93000317e+00,1.91197905e-03,2.44334915e+02,8.02881470e+01,1.88135777e+01,2.13951960e-01,4.94584233e-01
5345803-S04-156I3-A-L-C-190,20.02.2020-09:43:42,8.00000000e+00,6.45873845e-01,8.98297024e+00,1.71734521e-03,1.12542099e+02,8.02420578e+01,1.89495945e+01,3.36879343e-01,5.38078845e-01
5345803-S04-156I3-A-L-C-190,20.02.2020-09:44:27,8.00000000e+00,6.46304607e-01,8.95120525e+00,1.87613268e-03,1.01861053e+02,8.03451462e+01,1.89194546e+01,2.41498187e-01,5.17018914e-01
5345803-S04-156I3-A-L-C-190,20.02.2020-09:44:29,9.00000000e+00,6.45327270e-01,8.93486118e+00,2.03908072e-03,3.00307922e+02,8.03192749e+01,1.88502789e+01,1.45781964e-01,2.68200070e-01
5345803-S04-156I3-A-L-C-190,20.02.2020-09:44:31,9.00000000e+00,6.45233095e-01,8.91864300e+00,1.72008236e-03,1.49083740e+02,8.05331650e+01,1.88634186e+01,1.79256633e-01,2.43144318e-01
5345803-S04-156I3-A-L-C-190,20.02.2020-09:44:33,8.00000000e+00,6.46263182e-01,8.99221802e+00,1.95396435e-03,4.71677460e+02,8.03634262e+01,1.90092449e+01,9.13833976e-02,1.44124389e-01
5345803-S04-156I3-A-L-C-190,20.02.2020-09:44:35,8.00000000e+00,6.46754026e-01,8.99882412e+00,1.94957620e-03,1.12504128e+02,8.02542953e+01,1.90118046e+01,1.91072866e-01,2.75176555e-01
5345803-S04-156I3-A-L-C-190,20.02.2020-09:44:37,8.00000000e+00,6.47020400e-01,8.96380520e+00,1.88673020e-03,2.03930054e+02,8.03157349e+01,1.89601250e+01,1.82378024e-01,5.79773366e-01
5345803-S04-156I3-A-L-C-190,20.02.2020-09:44:39,7.00000000e+00,6.48402810e-01,8.99034500e+00,1.86159764e-03,1.88961563e+02,8.05588837e+01,1.91145878e+01,1.10338382e-01,1.42493710e-01
5345803-S04-156I3-A-L-C-190,20.02.2020-09:44:41,9.00000000e+00,6.45766616e-01,8.93021488e+00,1.80625764e-03,7.17579422e+01,8.01954193e+01,1.88242302e+01,5.26646316e-01,7.32269883e-01
5345803-S04-156I3-A-L-C-190,20.02.2020-09:44:43,2.00000000e+01,6.41107857e-01,8.89447403e+00,1.59366603e-03,1.01395660e+02,8.03097458e+01,1.86401672e+01,3.25252116e-01,6.94999635e-01
5345803-S04-156I3-A-L-C-190,20.02.2020-09:44:46,2.00000000e+01,6.41725421e-01,8.89133167e+00,1.55105069e-03,7.52280426e+01,8.04067993e+01,1.86740704e+01,3.70608836e-01,6.83437288e-01
5345803-S04-156I3-A-L-C-190,20.02.2020-09:46:12,2.00000000e+00,6.39813244e-01,8.81354523e+00,1.85473671e-03,1.98952118e+02,8.01378021e+01,1.83938007e+01,1.01459868e-01,1.35197699e-01
5345803-S04-156I3-A-L-C-190,20.02.2020-09:46:14,1.90000000e+01,6.44626796e-01,8.90680504e+00,1.76613266e-03,3.65398010e+02,8.03138046e+01,1.87694149e+01,7.43158311e-02,1.81515396e-01
5345803-S04-156I3-A-L-C-190,20.02.2020-09:46:16,2.10000000e+01,6.40229821e-01,8.90311146e+00,1.75200612e-03,1.39285034e+02,7.99682007e+01,1.85534744e+01,1.50157079e-01,1.81798071e-01
5345803-S04-156I3-A-L-C-190,20.02.2020-09:46:18,2.00000000e+01,6.42098129e-01,8.87015629e+00,1.72799139e-03,2.31939484e+02,8.02954330e+01,1.86146011e+01,9.38890576e-02,2.47790813e-01
5345803-S04-156I3-A-L-C-190,20.02.2020-09:46:20,2.10000000e+01,6.42630816e-01,8.87236786e+00,2.23041931e-03,1.37484451e+02,8.01344681e+01,1.85973320e+01,1.50108159e-01,3.22010189e-01
5345803-S04-156I3-A-L-C-190,20.02.2020-09:46:22,2.10000000e+01,6.40482545e-01,8.90717793e+00,2.17428198e-03,2.36098801e+02,7.98082581e+01,1.85321350e+01,1.11810900e-01,1.47349074e-01
5345803-S04-156I3-A-L-C-190,20.02.2020-09:46:25,2.00000000e+01,6.42659962e-01,8.87695122e+00,1.93943491e-03,4.08948555e+01,8.01057739e+01,1.86011200e+01,4.40766305e-01,6.80831313e-01
5345803-S04-156I3-A-L-C-190,20.02.2020-09:46:27,2.10000000e+01,6.38471425e-01,8.89645386e+00,1.65892777e-03,2.62024323e+02,8.03598328e+01,1.85792274e+01,1.16691135e-01,2.71140814e-01
5345803-S04-156I3-A-L-C-190,20.02.2020-09:46:29,2.00000000e+01,6.41163468e-01,8.92379761e+00,1.30694651e-03,1.46908295e+02,8.02433624e+01,1.86877861e+01,1.94867730e-01,4.06411350e-01
5345803-S04-156I3-A-L-C-190,20.02.2020-09:46:31,2.00000000e+01,6.40762746e-01,8.91921234e+00,2.05018721e-03,1.48762085e+02,8.00607834e+01,1.86240368e+01,1.92287192e-01,3.89756471e-01
5345803-S04-156I3-A-L-C-190,20.02.2020-09:47:57,1.90000000e+01,6.42817438e-01,8.91778374e+00,1.67026068e-03,3.74176483e+02,8.02453384e+01,1.87238255e+01,7.05274269e-02,1.84167832e-01
5345803-S04-156I3-A-L-C-190,20.02.2020-09:47:59,9.00000000e+00,6.44096851e-01,8.93466187e+00,1.95780070e-03,1.79810715e+02,8.03572388e+01,1.88228111e+01,1.53155074e-01,2.33221188e-01
5345803-S04-156I3-A-L-C-190,20.02.2020-09:48:01,2.00000000e+01,6.41458511e-01,8.89975548e+00,1.59316196e-03,3.17726227e+02,8.02658539e+01,1.86512375e+01,1.02245517e-01,3.14815760e-01
5345803-S04-156I3-A-L-C-190,20.02.2020-09:48:03,1.90000000e+01,6.43220425e-01,8.93904495e+00,1.54668244e-03,2.82039398e+02,8.01799850e+01,1.87649364e+01,6.56903312e-02,1.58895344e-01
5345803-S04-156I3-A-L-C-190,20.02.2020-09:48:05,1.90000000e+01,6.42088711e-01,8.94804573e+00,1.49268960e-03,4.24353729e+02,8.01833649e+01,1.87515736e+01,5.10338321e-02,1.05638891e-01
5345803-S04-156I3-A-L-C-190,20.02.2020-09:48:07,2.00000000e+01,6.42064691e-01,8.90787411e+00,2.01111496e-03,2.10102936e+02,8.02139587e+01,1.86738129e+01,1.27261519e-01,2.23666534e-01
5345803-S04-156I3-A-L-C-190,20.02.2020-09:48:09,1.90000000e+01,6.41252160e-01,8.94417381e+00,2.00486230e-03,3.61755005e+02,8.01838303e+01,1.87191467e+01,7.00146183e-02,1.36382446e-01
5345803-S04-156I3-A-L-C-190,20.02.2020-09:48:11,1.90000000e+01,6.42227709e-01,8.93414116e+00,1.58382894e-03,3.61289276e+02,8.02070007e+01,1.87320080e+01,6.62547499e-02,1.44593701e-01
5345803-S04-156I3-A-L-C-190,20.02.2020-09:48:14,1.90000000e+01,6.43525422e-01,8.92342281e+00,1.67765899e-03,1.00021904e+02,8.04107056e+01,1.87949543e+01,2.69797951e-01,4.34580535e-01
5345803-S04-156I3-A-L-C-190,20.02.2020-09:48:16,1.90000000e+01,6.42462790e-01,8.91178417e+00,1.68866862e-03,1.34536804e+02,8.04713287e+01,1.87535706e+01,1.58556834e-01,2.89200991e-01
5345803-S04-156I3-A-L-C-190,20.02.2020-09:48:39,2.00000000e+01,6.43094063e-01,8.92739964e+00,1.82168151e-03,1.24974167e+02,8.00121841e+01,1.86975975e+01,2.15817913e-01,2.70065427e-01
5345803-S04-156I3-A-L-C-190,20.02.2020-09:48:41,2.00000000e+00,6.39493346e-01,8.83958054e+00,1.95146340e-03,9.73466034e+01,7.97707825e+01,1.83544655e+01,3.46255600e-01,7.43604720e-01
5345803-S04-156I3-A-L-C-190,20.02.2020-09:48:43,2.10000000e+01,6.42098725e-01,8.88929272e+00,1.83712377e-03,9.52490768e+01,7.98462296e+01,1.85504150e+01,2.96000838e-01,3.51928085e-01
5345803-S04-156I3-A-L-C-190,20.02.2020-09:48:56,1.90000000e+01,6.42698705e-01,8.91587257e+00,1.72872434e-03,1.27040298e+02,8.03424759e+01,1.87390137e+01,2.39700630e-01,4.48561758e-01
5345803-S04-156I3-A-L-C-190,20.02.2020-09:48:59,2.10000000e+01,6.41186059e-01,8.89373016e+00,1.78504270e-03,8.07894821e+01,8.01148224e+01,1.85956402e+01,3.69321644e-01,6.85145497e-01
5345803-S04-156I3-A-L-C-190,20.02.2020-09:49:01,9.00000000e+00,6.45723999e-01,8.92762756e+00,1.72262697e-03,1.26177406e+02,8.01839294e+01,1.88148403e+01,1.81756750e-01,2.58070022e-01
5345803-S04-156I3-A-L-C-190,20.02.2020-09:49:03,1.90000000e+01,6.45280480e-01,8.91621208e+00,1.81006687e-03,1.12058136e+02,8.02544479e+01,1.87943878e+01,2.60242194e-01,3.47282559e-01
5345803-S04-156I3-A-L-C-190,20.02.2020-09:49:05,2.00000000e+01,6.42848969e-01,8.91230774e+00,2.00966164e-03,1.27650688e+02,8.00281143e+01,1.86625900e+01,1.84938610e-01,3.04560632e-01
5345803-S04-156I3-A-L-C-190,20.02.2020-09:49:07,2.00000000e+01,6.41861260e-01,8.94118404e+00,1.85997959e-03,1.07945938e+02,7.99376907e+01,1.86731682e+01,2.51892895e-01,3.80669832e-01
5345803-S04-156I3-A-L-C-190,20.02.2020-09:49:09,2.00000000e+01,6.42564714e-01,8.88403797e+00,1.87980430e-03,6.28332634e+01,8.00789948e+01,1.86069870e+01,4.24288511e-01,6.13705516e-01
5345803-S04-156I3-A-L-C-190,20.02.2020-09:49:32,2.10000000e+01,6.42778873e-01,8.88243198e+00,1.89922110e-03,1.32816040e+02,8.00037842e+01,1.85923462e+01,1.88864499e-01,4.84970748e-01
5345803-S04-156I3-A-L-C-190,20.02.2020-09:49:34,3.00000000e+00,6.36821389e-01,8.76439667e+00,1.86198391e-03,9.38057556e+01,7.94581223e+01,1.80512867e+01,3.88014615e-01,5.93563974e-01
5345803-S04-156I3-A-L-C-190,20.02.2020-09:49:36,3.00000000e+00,6.39314175e-01,8.79786396e+00,1.82146183e-03,9.33460236e+01,7.94583893e+01,1.81912079e+01,3.10587168e-01,4.83520508e-01
5345803-S04-156I3-A-L-C-190,20.02.2020-09:49:38,8.00000000e+00,6.47696316e-01,8.92878342e+00,1.65895384e-03,2.46705139e+02,8.03794479e+01,1.89207764e+01,1.43208608e-01,2.09919184e-01
5345803-S04-156I3-A-L-C-190,20.02.2020-09:49:40,9.00000000e+00,6.48335755e-01,8.92344761e+00,1.99749623e-03,1.31796097e+02,8.01943588e+01,1.88845501e+01,1.61765829e-01,2.25395277e-01
5345803-S04-156I3-A-L-C-190,20.02.2020-09:49:43,9.00000000e+00,6.47055030e-01,8.90685272e+00,1.90362439e-03,6.82297211e+01,8.02027664e+01,1.88141689e+01,2.14809150e-01,3.01245719e-01
5345803-S04-156I3-A-L-C-190,20.02.2020-09:49:45,9.00000000e+00,6.42764628e-01,8.94646168e+00,1.71857560e-03,1.48332108e+02,8.04433975e+01,1.88288536e+01,1.42466128e-01,1.78150058e-01
5345803-S04-156I3-A-L-C-190,20.02.2020-09:49:47,1.00000000e+00,6.39982402e-01,8.86497879e+00,1.74662482e-03,1.23312370e+02,7.99594803e+01,1.84648552e+01,2.81491876e-01,5.16814411e-01
5345803-S04-156I3-A-L-C-190,20.02.2020-09:49:49,2.00000000e+01,6.41926646e-01,8.93838310e+00,1.72658358e-03,7.81003265e+01,7.97299728e+01,1.86207085e+01,1.98733777e-01,2.29628935e-01
5345803-S04-156I3-A-L-C-190,20.02.2020-09:49:51,1.90000000e+01,6.44619286e-01,8.92980194e+00,1.83931261e-03,1.23300392e+02,7.98964310e+01,1.87198639e+01,1.87953115e-01,2.43118897e-01
5345803-S04-156I3-A-L-C-190,20.02.2020-09:50:37,2.00000000e+01,6.42921686e-01,8.88689613e+00,1.68555009e-03,1.57370804e+02,8.01870575e+01,1.86484451e+01,1.33559957e-01,2.03585312e-01
5345803-S04-156I3-A-L-C-190,20.02.2020-09:50:39,2.00000000e+01,6.43796384e-01,8.88437557e+00,1.73358817e-03,1.65190033e+02,8.02053757e+01,1.86727867e+01,1.31590232e-01,2.48015448e-01
5345803-S04-156I3-A-L-C-190,20.02.2020-09:50:41,2.00000000e+01,6.42113149e-01,8.93776894e+00,2.08523101e-03,3.96538910e+02,7.96345062e+01,1.86025372e+01,3.90666761e-02,4.84747961e-02
5345803-S04-156I3-A-L-C-190,20.02.2020-09:50:43,2.10000000e+01,6.41576469e-01,8.86706829e+00,1.67888484e-03,2.10867172e+02,8.02283554e+01,1.85774689e+01,9.25413966e-02,1.28162771e-01
5345803-S04-156I3-A-L-C-190,20.02.2020-09:50:45,2.10000000e+01,6.40872419e-01,8.83402634e+00,1.77396811e-03,5.32561646e+02,8.03510513e+01,1.85162067e+01,9.12534520e-02,3.09862852e-01
5345803-S04-156I3-A-L-C-190,20.02.2020-09:50:48,1.90000000e+01,6.44011021e-01,8.90594769e+00,1.69635285e-03,1.96910629e+02,8.02994614e+01,1.87463303e+01,1.15313314e-01,1.61536783e-01
5345803-S04-156I3-A-L-C-190,20.02.2020-09:50:50,1.00000000e+00,6.40254438e-01,8.84078789e+00,1.85288256e-03,5.15564514e+02,8.00865860e+01,1.84515781e+01,9.84110832e-02,4.45145160e-01
5345803-S04-156I3-A-L-C-190,20.02.2020-09:50:52,1.90000000e+01,6.43025815e-01,8.90709114e+00,1.81597075e-03,2.33552322e+02,8.03777618e+01,1.87383099e+01,8.94244313e-02,1.27584085e-01
5345803-S04-156I3-A-L-C-190,20.02.2020-09:50:54,2.10000000e+01,6.40302658e-01,8.84047031e+00,1.90679287e-03,1.69672272e+02,8.03060913e+01,1.85028801e+01,1.85951218e-01,4.81935412e-01
5345803-S04-156I3-A-L-C-190,20.02.2020-09:50:56,2.10000000e+01,6.42587364e-01,8.88228512e+00,1.89860258e-03,1.98103592e+02,8.00004196e+01,1.85857182e+01,1.30630344e-01,1.75241441e-01
5345803-S04-156I3-A-L-C-190,20.02.2020-09:51:26,1.90000000e+01,6.43319070e-01,8.91600895e+00,1.86732691e-03,1.24218666e+02,8.03959427e+01,1.87698708e+01,1.66137159e-01,2.43393719e-01
5345803-S04-156I3-A-L-C-190,20.02.2020-09:51:29,2.10000000e+01,6.40043557e-01,8.86288261e+00,1.75388972e-03,7.92157516e+01,8.02949677e+01,1.85397148e+01,3.09105486e-01,5.55237710e-01
5345803-S04-156I3-A-L-C-190,20.02.2020-09:51:31,2.10000000e+01,6.39439762e-01,8.87698650e+00,1.56017998e-03,9.90660858e+01,8.03559113e+01,1.85657806e+01,2.47256353e-01,4.48611557e-01
5345803-S04-156I3-A-L-C-190,20.02.2020-09:51:33,2.10000000e+01,6.39466703e-01,8.88121223e+00,1.60694448e-03,1.98973969e+02,8.04028473e+01,1.85862503e+01,1.34591118e-01,2.96504945e-01
5345803-S04-156I3-A-L-C-190,20.02.2020-09:51:35,2.10000000e+01,6.40134573e-01,8.80168915e+00,1.60379475e-03,2.01694016e+02,8.06711121e+01,1.85005875e+01,1.94613472e-01,9.62429464e-01
5345803-S04-156I3-A-L-C-190,20.02.2020-09:51:37,2.00000000e+01,6.43221855e-01,8.87041759e+00,1.60472083e-03,1.50863846e+02,8.04864044e+01,1.86920757e+01,1.74965441e-01,6.29112124e-01
5345803-S04-156I3-A-L-C-190,20.02.2020-09:51:39,2.10000000e+01,6.40742183e-01,8.86465931e+00,1.43445202e-03,1.68542374e+02,8.02749557e+01,1.85590458e+01,1.35080293e-01,3.18631440e-01
5345803-S04-156I3-A-L-C-190,20.02.2020-09:51:41,9.00000000e+00,6.44178808e-01,8.91341782e+00,1.72406272e-03,2.44308838e+02,8.04990234e+01,1.88135815e+01,1.02786958e-01,1.96689382e-01
5345803-S04-156I3-A-L-C-190,20.02.2020-09:51:43,2.10000000e+01,6.40397191e-01,8.86270428e+00,1.52047887e-03,2.58487152e+02,8.04412231e+01,1.85833740e+01,1.76129743e-01,6.19996607e-01
5345803-S04-156I3-A-L-C-190,20.02.2020-09:51:45,9.00000000e+00,6.44785285e-01,8.91369629e+00,1.63417228e-03,1.43437912e+02,8.05955200e+01,1.88544559e+01,1.32344708e-01,3.06439042e-01
5345803-S04-156I3-A-L-C-190,20.02.2020-09:49:53,1.90000000e+01,6.45777702e-01,8.89255619e+00,2.05640588e-03,1.35679504e+02,8.01861115e+01,1.87429962e+01,2.93813437e-01,1.03653455e+00
5345803-S04-156I3-A-L-C-190,20.02.2020-09:49:55,9.00000000e+00,6.44668400e-01,8.94135475e+00,1.84080866e-03,1.08468559e+02,8.02266693e+01,1.88229904e+01,2.87240803e-01,3.73269141e-01
5345803-S04-156I3-A-L-C-190,20.02.2020-09:49:57,1.90000000e+01,6.43536985e-01,8.96358776e+00,1.91341341e-03,1.08888283e+02,7.97979965e+01,1.87360287e+01,2.96320021e-01,3.95411283e-01
5345803-S04-156I3-A-L-C-190,20.02.2020-09:50:00,9.00000000e+00,6.45696163e-01,8.94637585e+00,1.77840400e-03,1.13518044e+02,8.02606964e+01,1.88715878e+01,2.12500572e-01,2.71911174e-01
5345803-S04-156I3-A-L-C-190,20.02.2020-09:50:02,1.00000000e+00,6.40686333e-01,8.89809322e+00,1.71467953e-03,7.33623810e+01,7.97219086e+01,1.84990883e+01,3.88916999e-01,6.45591259e-01
5345803-S04-156I3-A-L-C-190,20.02.2020-09:50:04,2.10000000e+01,6.40068412e-01,8.88499355e+00,1.68106763e-03,1.85707291e+02,7.99477692e+01,1.85063190e+01,2.07839668e-01,4.00510967e-01
5345803-S04-156I3-A-L-C-190,20.02.2020-09:50:08,2.00000000e+01,6.41720712e-01,8.94439888e+00,1.98648009e-03,9.01696091e+01,7.97377472e+01,1.86290779e+01,2.68586129e-01,3.75724673e-01
5345803-S04-156I3-A-L-C-190,20.02.2020-09:50:10,1.90000000e+01,6.43527746e-01,8.91049862e+00,1.76515651e-03,1.30178223e+02,8.02533875e+01,1.87310810e+01,2.32586905e-01,2.76063830e-01
5345803-S04-156I3-A-L-C-190,20.02.2020-09:50:12,9.00000000e+00,6.43669486e-01,8.94652843e+00,1.57124596e-03,1.11698395e+02,8.02522125e+01,1.88106880e+01,2.00049907e-01,2.66156614e-01
5345803-S04-156I3-A-L-C-190,20.02.2020-09:50:14,8.00000000e+00,6.45405948e-01,9.01114941e+00,2.08993698e-03,1.23653687e+02,7.99562912e+01,1.89276180e+01,1.75446033e-01,2.34465137e-01
5345803-S04-156I3-A-L-C-190,20.02.2020-09:50:58,1.00000000e+00,6.39999449e-01,8.84647942e+00,1.74145226e-03,2.90520233e+02,8.02559509e+01,1.84951344e+01,1.39248207e-01,3.05492729e-01
5345803-S04-156I3-A-L-C-190,20.02.2020-09:51:00,1.90000000e+01,6.44380450e-01,8.87077332e+00,1.47057825e-03,2.01061813e+02,8.05870743e+01,1.87499199e+01,1.63849786e-01,3.28222960e-01
5345803-S04-156I3-A-L-C-190,20.02.2020-09:51:10,2.10000000e+01,6.39921308e-01,8.84266663e+00,1.46139611e-03,1.94376572e+02,8.05125885e+01,1.85440159e+01,1.46981880e-01,5.02077997e-01
5345803-S04-156I3-A-L-C-190,20.02.2020-09:51:12,9.00000000e+00,6.44076586e-01,8.90830421e+00,1.42978143e-03,1.29298828e+02,8.06389313e+01,1.88324795e+01,1.48771957e-01,2.55110472e-01
5345803-S04-156I3-A-L-C-190,20.02.2020-09:51:14,2.10000000e+01,6.40259087e-01,8.84958076e+00,1.66217110e-03,3.22136719e+02,8.03056870e+01,1.85205956e+01,1.18626125e-01,2.82257766e-01
5345803-S04-156I3-A-L-C-190,20.02.2020-09:51:16,1.40000000e+01,6.42254472e-01,8.85503960e+00,1.94331608e-03,2.43197632e+01,8.02991791e+01,1.85882683e+01,1.61950696e+00,2.36190033e+00
5345803-S04-156I3-A-L-C-190,20.02.2020-09:51:18,8.00000000e+00,6.45060837e-01,8.95146847e+00,1.75636867e-03,1.12628708e+02,8.06430054e+01,1.89536076e+01,2.09839374e-01,2.73181468e-01
5345803-S04-156I3-A-L-C-190,20.02.2020-09:51:20,7.00000000e+00,6.48454428e-01,9.01094532e+00,1.71355030e-03,2.00135468e+02,8.04282684e+01,1.91288433e+01,9.51720700e-02,1.13333084e-01
5345803-S04-156I3-A-L-C-190,20.02.2020-09:51:22,2.00000000e+01,6.41439855e-01,8.89424324e+00,1.80660840e-03,2.10345810e+02,8.01505051e+01,1.86123581e+01,2.19203815e-01,6.14750087e-01
5345803-S04-156I3-A-L-C-190,20.02.2020-09:51:24,1.90000000e+01,6.44366562e-01,8.93204784e+00,1.67070888e-03,1.70659637e+02,8.01305695e+01,1.87720833e+01,1.80953294e-01,3.43099147e-01
5345803-S04-156I3-A-L-C-190,20.02.2020-09:52:40,1.90000000e+01,6.45744562e-01,8.91997528e+00,2.17254926e-03,4.33357758e+02,8.01203613e+01,1.87844086e+01,5.76249175e-02,2.19492555e-01
5345803-S04-156I3-A-L-C-190,20.02.2020-09:52:42,9.00000000e+00,6.46246791e-01,8.91470051e+00,1.87448633e-03,3.90770050e+02,8.01868210e+01,1.88034840e+01,4.67235185e-02,8.61455947e-02
5345803-S04-156I3-A-L-C-190,20.02.2020-09:52:44,1.90000000e+01,6.42032683e-01,8.92362404e+00,1.81820942e-03,4.17218597e+02,8.02995529e+01,1.87258568e+01,6.88981861e-02,1.28486916e-01
5345803-S04-156I3-A-L-C-190,20.02.2020-09:52:46,1.90000000e+01,6.42758727e-01,8.92325974e+00,1.73969183e-03,2.71391785e+02,8.01982727e+01,1.87226257e+01,9.11440700e-02,1.71247363e-01
5345803-S04-156I3-A-L-C-190,20.02.2020-09:52:48,1.90000000e+01,6.44660354e-01,8.92448521e+00,1.93557143e-03,7.60050110e+02,8.02492371e+01,1.87925301e+01,3.49545069e-02,6.16923384e-02
5345803-S04-156I3-A-L-C-190,20.02.2020-09:52:52,9.00000000e+00,6.45310462e-01,8.95148468e+00,1.99792604e-03,3.88454956e+02,8.02317886e+01,1.88642902e+01,7.13286325e-02,1.27946630e-01
5345803-S04-156I3-A-L-C-190,20.02.2020-09:52:55,2.00000000e+01,6.42141998e-01,8.91207886e+00,1.75314164e-03,3.85866821e+02,8.00569534e+01,1.86483040e+01,5.84224761e-02,1.12241186e-01
5345803-S04-156I3-A-L-C-190,20.02.2020-09:52:57,2.00000000e+01,6.41707778e-01,8.91623211e+00,1.85297779e-03,1.45635132e+02,8.00418472e+01,1.86408634e+01,1.24843188e-01,2.06119791e-01
5345803-S04-156I3-A-L-C-190,20.02.2020-09:52:59,1.90000000e+01,6.45206451e-01,8.93316746e+00,1.92676857e-03,1.05403467e+03,8.00370865e+01,1.87769775e+01,2.77934317e-02,4.15368155e-02
5345803-S04-156I3-A-L-C-190,20.02.2020-09:53:01,9.00000000e+00,6.45158947e-01,8.92882442e+00,1.82820880e-03,3.14071014e+02,8.02905807e+01,1.88259029e+01,1.01120532e-01,1.26570582e-01
5345803-S04-156I3-A-L-C-190,20.02.2020-09:54:07,1.90000000e+01,6.43939376e-01,8.90099144e+00,1.93280540e-03,2.15641052e+02,8.02457275e+01,1.87212753e+01,1.15490794e-01,1.42038077e-01
5345803-S04-156I3-A-L-C-190,20.02.2020-09:54:09,1.90000000e+01,6.42406166e-01,8.91590977e+00,1.93090132e-03,2.91145935e+02,8.02637558e+01,1.87122097e+01,1.18862078e-01,2.95186102e-01
5345803-S04-156I3-A-L-C-190,20.02.2020-09:54:11,1.90000000e+01,6.42309248e-01,8.92530251e+00,1.78571278e-03,4.14007080e+02,8.01833725e+01,1.87103386e+01,5.40921018e-02,1.06595814e-01
5345803-S04-156I3-A-L-C-190,20.02.2020-09:54:13,1.00000000e+00,6.41397357e-01,8.80960846e+00,1.50842662e-03,1.34578598e+02,8.01832428e+01,1.84415569e+01,1.60440952e-01,5.87040603e-01
5345803-S04-156I3-A-L-C-190,20.02.2020-09:54:15,1.90000000e+01,6.43074989e-01,8.88902855e+00,1.69019669e-03,4.57443787e+02,8.04468842e+01,1.87178230e+01,5.94825335e-02,1.93170130e-01
5345803-S04-156I3-A-L-C-190,20.02.2020-09:54:17,1.90000000e+01,6.45383358e-01,8.90823555e+00,1.77767733e-03,3.02587860e+02,8.02756042e+01,1.87855186e+01,1.25123024e-01,2.26981044e-01
5345803-S04-156I3-A-L-C-190,20.02.2020-09:54:19,1.90000000e+01,6.43783271e-01,8.91329288e+00,1.85923744e-03,2.55111801e+02,8.02796326e+01,1.87505226e+01,9.29749086e-02,1.21497810e-01
5345803-S04-156I3-A-L-C-190,20.02.2020-09:54:21,1.90000000e+01,6.43425405e-01,8.89902973e+00,1.85308058e-03,1.91355881e+02,8.03347626e+01,1.87229633e+01,1.07571311e-01,1.34499162e-01
5345803-S04-156I3-A-L-C-190,20.02.2020-09:54:23,2.00000000e+01,6.44291520e-01,8.89458847e+00,2.08112225e-03,3.02935211e+02,8.01668701e+01,1.86996460e+01,7.95233250e-02,2.72905976e-01
5345803-S04-156I3-A-L-C-190,20.02.2020-09:54:26,1.90000000e+01,6.43395662e-01,8.91554928e+00,1.90813653e-03,3.49172943e+02,8.02973480e+01,1.87481155e+01,6.08732998e-02,9.06833410e-02
5345803-S04-156I3-A-L-C-190,20.02.2020-09:54:49,1.90000000e+01,6.43899381e-01,8.89428043e+00,1.75841653e-03,4.07039001e+02,8.03389359e+01,1.87277260e+01,6.30202219e-02,8.35567489e-02
5345803-S04-156I3-A-L-C-190,20.02.2020-09:54:51,2.10000000e+01,6.42342150e-01,8.85922146e+00,1.87597156e-03,2.42584732e+02,8.01137009e+01,1.85566235e+01,1.00158431e-01,1.33201167e-01
5345803-S04-156I3-A-L-C-190,20.02.2020-09:54:53,1.90000000e+01,6.43777132e-01,8.90846920e+00,1.77812821e-03,3.99259583e+02,8.03684769e+01,1.87609386e+01,5.03826924e-02,6.96880445e-02
5345803-S04-156I3-A-L-C-190,20.02.2020-09:54:55,2.10000000e+01,6.42235875e-01,8.86068249e+00,1.72616635e-03,1.99696884e+02,8.01630630e+01,1.85680466e+01,1.05750874e-01,1.38401419e-01
5345803-S04-156I3-A-L-C-190,20.02.2020-09:54:57,1.90000000e+01,6.42553151e-01,8.90851116e+00,1.84838520e-03,3.25402710e+02,8.03714447e+01,1.87260494e+01,8.28084573e-02,2.39971012e-01
5345803-S04-156I3-A-L-C-190,20.02.2020-09:54:59,2.00000000e+01,6.42735422e-01,8.90892410e+00,2.08105287e-03,1.59794174e+02,8.00805817e+01,1.86644363e+01,1.86857507e-01,4.01867568e-01
5345803-S04-156I3-A-L-C-190,20.02.2020-09:55:01,9.00000000e+00,6.45157874e-01,8.92674923e+00,1.84199109e-03,1.41485550e+02,8.04955597e+01,1.88695488e+01,1.67478994e-01,2.45843083e-01
5345803-S04-156I3-A-L-C-190,20.02.2020-09:55:04,1.90000000e+01,6.43357933e-01,8.91270924e+00,1.87167875e-03,1.33542908e+02,8.01767502e+01,1.87128963e+01,1.94951579e-01,3.89327139e-01
5345803-S04-156I3-A-L-C-190,20.02.2020-09:55:06,2.00000000e+01,6.41835630e-01,8.92136955e+00,1.95571780e-03,6.05335938e+02,8.01640244e+01,1.86837921e+01,5.59519008e-02,1.08005367e-01
5345803-S04-156I3-A-L-C-190,20.02.2020-09:55:08,1.90000000e+01,6.45350933e-01,8.91073704e+00,1.78411778e-03,2.55845459e+02,8.02441864e+01,1.87824974e+01,1.02395676e-01,1.27996907e-01
5345803-S04-156I3-A-L-C-190,20.02.2020-09:55:53,7.00000000e+00,6.50693178e-01,8.96603012e+00,1.60119717e-03,2.20311142e+02,8.06527252e+01,1.91525097e+01,1.46547496e-01,2.11866617e-01
5345803-S04-156I3-A-L-C-190,20.02.2020-09:55:55,8.00000000e+00,6.47923589e-01,8.96125221e+00,1.74226356e-03,2.21824341e+02,8.03081589e+01,1.89793930e+01,1.09675787e-01,2.32466936e-01
5345803-S04-156I3-A-L-C-190,20.02.2020-09:55:58,9.00000000e+00,6.46998405e-01,8.96835327e+00,2.27748649e-03,1.08470055e+02,7.98881378e+01,1.88681107e+01,2.53735393e-01,4.07662898e-01
5345803-S04-156I3-A-L-C-190,20.02.2020-09:56:00,8.00000000e+00,6.48990095e-01,8.97686005e+00,2.16922187e-03,1.50367035e+02,8.01599274e+01,1.90085964e+01,2.04447672e-01,3.06080550e-01
5345803-S04-156I3-A-L-C-190,20.02.2020-09:56:02,9.00000000e+00,6.45930827e-01,8.95236778e+00,1.93285942e-03,1.11272270e+02,8.01816711e+01,1.88724899e+01,2.47574136e-01,4.73306775e-01
5345803-S04-156I3-A-L-C-190,20.02.2020-09:56:04,8.00000000e+00,6.47368729e-01,8.96082401e+00,1.91535288e-03,1.43483337e+02,8.03640594e+01,1.89754353e+01,2.23334908e-01,3.49602044e-01
5345803-S04-156I3-A-L-C-190,20.02.2020-09:56:06,9.00000000e+00,6.46503806e-01,8.96655846e+00,2.02205102e-03,7.29990463e+01,8.00156860e+01,1.88800087e+01,3.63449931e-01,5.41652262e-01
5345803-S04-156I3-A-L-C-190,20.02.2020-09:56:26,1.90000000e+01,6.43945456e-01,8.94872761e+00,1.68613554e-03,8.97988586e+01,8.01323166e+01,1.87952595e+01,3.00025046e-01,5.57094514e-01
5345803-S04-156I3-A-L-C-190,20.02.2020-09:56:29,1.90000000e+01,6.44032836e-01,8.94419384e+00,1.96217815e-03,9.08820953e+01,7.99837265e+01,1.87534466e+01,3.01229775e-01,5.23105502e-01
5345803-S04-156I3-A-L-C-190,20.02.2020-09:56:31,9.00000000e+00,6.46143258e-01,8.94905376e+00,2.03504902e-03,4.82092323e+01,8.00642776e+01,1.88440800e+01,7.84836113e-01,1.03365529e+00
5345803-S04-156I3-A-L-C-190,20.02.2020-09:56:54,9.00000000e+00,6.45870030e-01,8.94353390e+00,1.85720914e-03,3.82279449e+02,8.03358002e+01,1.88883324e+01,1.03230365e-01,2.89113283e-01
5345803-S04-156I3-A-L-C-190,20.02.2020-09:56:56,8.00000000e+00,6.47997558e-01,8.94386673e+00,2.02760077e-03,1.32668274e+02,8.03871918e+01,1.89633789e+01,1.96976706e-01,2.87239552e-01
5345803-S04-156I3-A-L-C-190,20.02.2020-09:56:58,9.00000000e+00,6.45741582e-01,8.94328403e+00,2.01493083e-03,7.60593796e+01,8.01737595e+01,1.88459587e+01,3.38712960e-01,5.03302872e-01
5345803-S04-156I3-A-L-C-190,20.02.2020-09:57:00,9.00000000e+00,6.48346305e-01,8.91828346e+00,1.57732889e-03,5.86592598e+01,7.99595718e+01,1.88186722e+01,3.72831851e-01,4.38505828e-01
5345803-S04-156I3-A-L-C-190,20.02.2020-09:57:02,7.00000000e+00,6.50346875e-01,8.96342468e+00,1.94241130e-03,3.37075867e+02,8.06145859e+01,1.91277046e+01,1.18770838e-01,1.86280772e-01
5345803-S04-156I3-A-L-C-190,20.02.2020-09:57:04,9.00000000e+00,6.46953702e-01,8.90763950e+00,1.75800815e-03,2.86776764e+02,8.05939789e+01,1.89046497e+01,1.05571136e-01,1.42960161e-01
5345803-S04-156I3-A-L-C-190,20.02.2020-09:57:06,1.90000000e+01,6.43487394e-01,8.91568947e+00,1.75010459e-03,9.24888153e+01,8.01817780e+01,1.87240963e+01,2.10776433e-01,4.24643010e-01
5345803-S04-156I3-A-L-C-190,20.02.2020-09:57:09,1.90000000e+01,6.47369742e-01,8.87232494e+00,1.65225007e-03,8.56051025e+01,8.00846863e+01,1.87227440e+01,3.08143973e-01,3.73559654e-01
5345803-S04-156I3-A-L-C-190,20.02.2020-09:57:11,1.90000000e+01,6.43195450e-01,8.91362953e+00,1.81512430e-03,3.35890656e+02,8.03562393e+01,1.87519875e+01,1.04613386e-01,2.42974788e-01
5345803-S04-156I3-A-L-C-190,20.02.2020-09:57:13,1.90000000e+01,6.45770133e-01,8.91132355e+00,2.02818797e-03,1.65954407e+02,8.02481003e+01,1.87968521e+01,1.66031450e-01,3.55494052e-01
5345803-S04-156I3-A-L-C-190,20.02.2020-09:57:57,8.00000000e+00,6.45950615e-01,8.96156120e+00,1.83268008e-03,9.12828369e+01,8.02718201e+01,1.89136906e+01,3.18489760e-01,4.05355513e-01
5345803-S04-156I3-A-L-C-190,20.02.2020-09:57:59,1.90000000e+01,6.42196476e-01,8.96271610e+00,1.72908104e-03,1.88232422e+02,8.00382080e+01,1.87514610e+01,1.48998067e-01,1.91239074e-01
5345803-S04-156I3-A-L-C-190,20.02.2020-09:58:01,1.90000000e+01,6.42511189e-01,8.97066021e+00,1.82653521e-03,4.38624329e+02,8.00122452e+01,1.87711868e+01,6.35025799e-02,9.71599966e-02
5345803-S04-156I3-A-L-C-190,20.02.2020-09:58:03,9.00000000e+00,6.45122945e-01,8.93414688e+00,1.85352098e-03,1.16240471e+02,8.04415665e+01,1.88714943e+01,2.61039466e-01,3.60868126e-01
5345803-S04-156I3-A-L-C-190,20.02.2020-09:58:06,1.90000000e+01,6.43110037e-01,8.91745758e+00,1.66725984e-03,1.34801300e+02,8.02241135e+01,1.87267094e+01,1.50934100e-01,1.90148249e-01
5345803-S04-156I3-A-L-C-190,20.02.2020-09:58:08,9.00000000e+00,6.44470572e-01,8.92931175e+00,1.68567151e-03,1.65606400e+02,8.03337555e+01,1.88169556e+01,1.40520066e-01,2.91014582e-01
5345803-S04-156I3-A-L-C-190,20.02.2020-09:58:10,2.00000000e+01,6.41890407e-01,8.86370182e+00,1.47446292e-03,1.34320374e+02,8.03721695e+01,1.86128082e+01,2.35865295e-01,7.89848983e-01
5345803-S04-156I3-A-L-C-190,20.02.2020-09:58:12,1.90000000e+01,6.44870341e-01,8.92156792e+00,1.68979913e-03,1.90550629e+02,8.02462769e+01,1.87918129e+01,2.23817661e-01,6.74583554e-01
5345803-S04-156I3-A-L-C-190,20.02.2020-09:58:14,1.90000000e+01,6.44419968e-01,8.92378235e+00,1.77601376e-03,1.03309052e+02,8.02663193e+01,1.87880421e+01,2.86142319e-01,6.94212794e-01
5345803-S04-156I3-A-L-C-190,20.02.2020-09:58:16,8.00000000e+00,6.46588206e-01,8.96407127e+00,1.81999081e-03,6.92503281e+01,8.02095413e+01,1.89229698e+01,3.99011046e-01,5.39451420e-01
5345803-S04-156I3-A-L-C-190,20.02.2020-09:50:16,2.00000000e+01,6.39824450e-01,8.95611191e+00,2.00533168e-03,1.53300888e+02,7.97483215e+01,1.86008205e+01,1.53874427e-01,2.10281625e-01
5345803-S04-156I3-A-L-C-190,20.02.2020-09:50:18,9.00000000e+00,6.44771576e-01,8.95731068e+00,1.73081865e-03,1.09904846e+02,8.01152878e+01,1.88334179e+01,1.76870525e-01,2.23188192e-01
5345803-S04-156I3-A-L-C-190,20.02.2020-09:50:20,2.00000000e+00,6.38730526e-01,8.84761333e+00,1.72681198e-03,6.83641815e+01,7.98039474e+01,1.83568611e+01,3.28324705e-01,5.73393285e-01
5345803-S04-156I3-A-L-C-190,20.02.2020-09:50:23,1.90000000e+01,6.44921660e-01,8.95714092e+00,2.14983826e-03,1.07893768e+02,7.97534332e+01,1.87523613e+01,2.16648176e-01,2.94593990e-01
5345803-S04-156I3-A-L-C-190,20.02.2020-09:50:25,2.00000000e+01,6.42987669e-01,8.91145992e+00,1.65844674e-03,1.07646965e+02,8.00568466e+01,1.86715412e+01,2.04208076e-01,2.73252457e-01
5345803-S04-156I3-A-L-C-190,20.02.2020-09:50:27,2.00000000e+01,6.42948329e-01,8.90457726e+00,1.73732708e-03,5.09553452e+01,8.00241241e+01,1.86483536e+01,5.85922360e-01,8.19299161e-01
5345803-S04-156I3-A-L-C-190,20.02.2020-09:50:29,1.00000000e+00,6.39113784e-01,8.84456730e+00,1.60164537e-03,1.45319809e+02,8.03834381e+01,1.84948826e+01,2.11845189e-01,4.36382383e-01
5345803-S04-156I3-A-L-C-190,20.02.2020-09:50:31,9.00000000e+00,6.45242512e-01,8.92134953e+00,1.58636482e-03,1.11971001e+02,8.05688248e+01,1.88777714e+01,1.85869426e-01,3.68819773e-01
5345803-S04-156I3-A-L-C-190,20.02.2020-09:50:33,2.10000000e+01,6.39830470e-01,8.85362339e+00,1.87014323e-03,2.88949554e+02,8.04013519e+01,1.85387115e+01,1.84114471e-01,6.19255781e-01
5345803-S04-156I3-A-L-C-190,20.02.2020-09:50:35,9.00000000e+00,6.44565463e-01,8.89570999e+00,1.49919896e-03,2.52670517e+02,8.06637115e+01,1.88259125e+01,1.05729014e-01,2.78820246e-01
5345803-S04-156I3-A-L-C-190,20.02.2020-09:51:47,2.10000000e+01,6.40220165e-01,8.84601021e+00,1.57363375e-03,1.78737167e+02,8.02763519e+01,1.85052357e+01,1.34149849e-01,3.09757829e-01
5345803-S04-156I3-A-L-C-190,20.02.2020-09:51:50,2.00000000e+01,6.42224550e-01,8.87497330e+00,1.70761801e-03,1.75970306e+02,8.03544617e+01,1.86420689e+01,1.23237833e-01,1.88647330e-01
5345803-S04-156I3-A-L-C-190,20.02.2020-09:51:52,1.00000000e+00,6.40107632e-01,8.83311939e+00,1.82235707e-03,2.08663986e+02,8.02438049e+01,1.84675312e+01,9.91011709e-02,4.03868824e-01
5345803-S04-156I3-A-L-C-190,20.02.2020-09:51:54,2.00000000e+01,6.42032027e-01,8.91458130e+00,1.62938866e-03,3.58937897e+02,8.00749359e+01,1.86545353e+01,7.07165748e-02,1.83168367e-01
5345803-S04-156I3-A-L-C-190,20.02.2020-09:51:56,2.00000000e+01,6.43229306e-01,8.87147999e+00,1.62320840e-03,2.30714874e+02,8.01763077e+01,1.86225090e+01,1.16960123e-01,1.58747435e-01
5345803-S04-156I3-A-L-C-190,20.02.2020-09:51:58,2.00000000e+00,6.40517056e-01,8.78371620e+00,1.76865852e-03,1.51907913e+02,8.00108795e+01,1.83226471e+01,1.73485681e-01,5.35027087e-01
5345803-S04-156I3-A-L-C-190,20.02.2020-09:52:00,2.00000000e+01,6.43513918e-01,8.89113331e+00,1.82257430e-03,4.08997162e+02,8.01552124e+01,1.86671066e+01,8.27819332e-02,1.80302754e-01
5345803-S04-156I3-A-L-C-190,20.02.2020-09:52:13,2.00000000e+01,6.43220067e-01,8.88648319e+00,1.75342022e-03,3.41399292e+02,8.01040344e+01,1.86369171e+01,6.91485405e-02,1.64989963e-01
5345803-S04-156I3-A-L-C-190,20.02.2020-09:52:15,2.10000000e+01,6.41579628e-01,8.93126678e+00,2.06691143e-03,1.68737915e+02,7.96306305e+01,1.85726547e+01,1.15403213e-01,1.38645247e-01
5345803-S04-156I3-A-L-C-190,20.02.2020-09:52:17,2.10000000e+01,6.40451014e-01,8.86406231e+00,1.43448624e-03,2.65829803e+02,8.04294128e+01,1.85850544e+01,1.93845958e-01,6.90976799e-01
5345803-S04-156I3-A-L-C-190,20.02.2020-09:53:03,2.10000000e+01,6.41194761e-01,8.91239738e+00,2.00777128e-03,8.82778625e+01,7.99285202e+01,1.85915890e+01,2.70319223e-01,3.67255658e-01
5345803-S04-156I3-A-L-C-190,20.02.2020-09:53:05,1.90000000e+01,6.45250320e-01,8.93104553e+00,1.90878834e-03,1.67820114e+02,8.00384140e+01,1.87741032e+01,9.73014906e-02,1.18170574e-01
5345803-S04-156I3-A-L-C-190,20.02.2020-09:53:07,1.90000000e+01,6.43686414e-01,8.94142151e+00,1.84031622e-03,1.60156113e+02,8.00487518e+01,1.87527790e+01,1.20803125e-01,1.64054453e-01
5345803-S04-156I3-A-L-C-190,20.02.2020-09:53:10,2.00000000e+01,6.41965389e-01,8.91756630e+00,1.85253657e-03,2.58075531e+02,8.00027313e+01,1.86420193e+01,8.80589783e-02,1.56901777e-01
5345803-S04-156I3-A-L-C-190,20.02.2020-09:53:12,2.00000000e+01,6.42654836e-01,8.91608047e+00,1.73136999e-03,2.75716461e+02,8.01289978e+01,1.86883812e+01,9.04555768e-02,1.72397107e-01
5345803-S04-156I3-A-L-C-190,20.02.2020-09:53:14,2.10000000e+01,6.41446650e-01,8.89437485e+00,2.10970151e-03,1.55571320e+02,7.99211121e+01,1.85595608e+01,1.27594545e-01,1.58754587e-01
5345803-S04-156I3-A-L-C-190,20.02.2020-09:53:16,9.00000000e+00,6.44313872e-01,8.93307877e+00,1.86812773e-03,4.06728577e+02,8.02870178e+01,1.88093662e+01,8.18581656e-02,1.24062710e-01
5345803-S04-156I3-A-L-C-190,20.02.2020-09:53:18,2.00000000e+01,6.42537653e-01,8.92003822e+00,1.84394268e-03,2.74699890e+02,8.01364059e+01,1.86949940e+01,7.85133913e-02,1.57279193e-01
5345803-S04-156I3-A-L-C-190,20.02.2020-09:53:20,1.90000000e+01,6.44498706e-01,8.92063522e+00,1.75997196e-03,4.37361847e+02,8.03099899e+01,1.87939301e+01,3.52148190e-02,5.87424897e-02
5345803-S04-156I3-A-L-C-190,20.02.2020-09:53:22,9.00000000e+00,6.45375192e-01,8.93304253e+00,1.81905506e-03,5.95187187e+01,8.02185898e+01,1.88242149e+01,2.61045486e-01,3.15637290e-01
5345803-S04-156I3-A-L-C-190,20.02.2020-09:54:28,1.90000000e+01,6.42556190e-01,8.91454124e+00,1.74007565e-03,1.61858749e+02,8.02640228e+01,1.87137680e+01,1.39449462e-01,2.11392328e-01
5345803-S04-156I3-A-L-C-190,20.02.2020-09:54:30,1.90000000e+01,6.44143820e-01,8.90836048e+00,1.81816786e-03,1.78974792e+02,8.03247147e+01,1.87611732e+01,1.01398669e-01,1.29477173e-01
5345803-S04-156I3-A-L-C-190,20.02.2020-09:54:32,2.00000000e+01,6.44098818e-01,8.90604305e+00,2.08542589e-03,8.46704590e+02,7.99469299e+01,1.86667767e+01,3.12392581e-02,6.18670955e-02
5345803-S04-156I3-A-L-C-190,20.02.2020-09:54:34,2.00000000e+01,6.43770993e-01,8.89445877e+00,2.08457187e-03,4.67763550e+02,7.99107437e+01,1.86245708e+01,6.49849027e-02,9.42200646e-02
5345803-S04-156I3-A-L-C-190,20.02.2020-09:54:36,1.90000000e+01,6.42769992e-01,8.90964890e+00,1.80646498e-03,3.69478333e+02,8.03023758e+01,1.87186604e+01,9.72488821e-02,2.80476689e-01
5345803-S04-156I3-A-L-C-190,20.02.2020-09:54:38,2.00000000e+01,6.42755687e-01,8.89885902e+00,1.76893896e-03,1.08164406e+02,8.03000717e+01,1.86950397e+01,2.20527381e-01,4.74624664e-01
5345803-S04-156I3-A-L-C-190,20.02.2020-09:54:40,2.00000000e+01,6.41989648e-01,8.91045666e+00,1.78250053e-03,2.59650940e+02,8.02008972e+01,1.86740036e+01,1.10867277e-01,1.71467006e-01
5345803-S04-156I3-A-L-C-190,20.02.2020-09:54:42,1.90000000e+01,6.43916368e-01,8.88577271e+00,1.86148577e-03,3.45332672e+02,8.03251953e+01,1.87071075e+01,7.55947158e-02,2.97168314e-01
5345803-S04-156I3-A-L-C-190,20.02.2020-09:54:45,1.90000000e+01,6.45191371e-01,8.90140247e+00,1.72409520e-03,7.66068848e+02,8.04161453e+01,1.87983818e+01,4.88461666e-02,1.94251731e-01
5345803-S04-156I3-A-L-C-190,20.02.2020-09:54:47,1.90000000e+01,6.44078255e-01,8.92102718e+00,1.70921197e-03,1.62763412e+02,8.02951889e+01,1.87790318e+01,1.08645223e-01,1.36822715e-01
5345803-S04-156I3-A-L-C-190,20.02.2020-09:55:10,1.90000000e+01,6.45537972e-01,8.92839909e+00,1.96703174e-03,1.44924988e+02,8.01228333e+01,1.87967110e+01,1.89171240e-01,2.64357001e-01
5345803-S04-156I3-A-L-C-190,20.02.2020-09:55:12,1.90000000e+01,6.44873619e-01,8.90871334e+00,1.80560374e-03,1.41916412e+02,8.02480698e+01,1.87652512e+01,1.33591324e-01,1.64397046e-01
5345803-S04-156I3-A-L-C-190,20.02.2020-09:55:14,1.90000000e+01,6.44741297e-01,8.92580128e+00,1.86348148e-03,6.06919067e+02,8.01732483e+01,1.87798615e+01,4.86906841e-02,8.97292495e-02
5345803-S04-156I3-A-L-C-190,20.02.2020-09:55:16,1.90000000e+01,6.43757403e-01,8.91554356e+00,1.87889510e-03,2.84391785e+02,8.00509415e+01,1.87010822e+01,6.90124035e-02,8.71492848e-02
5345803-S04-156I3-A-L-C-190,20.02.2020-09:55:18,9.00000000e+00,6.44798815e-01,8.93554497e+00,1.82178535e-03,4.08411652e+02,8.02612228e+01,1.88226738e+01,5.69430292e-02,9.91552696e-02
5345803-S04-156I3-A-L-C-190,20.02.2020-09:55:21,1.90000000e+01,6.43591285e-01,8.92874908e+00,1.97145366e-03,9.41623230e+01,7.99582062e+01,1.87022572e+01,2.27503717e-01,2.67241329e-01
5345803-S04-156I3-A-L-C-190,20.02.2020-09:55:23,2.00000000e+01,6.42660618e-01,8.90761757e+00,1.83630851e-03,1.29389725e+02,8.01042175e+01,1.86650333e+01,1.69665724e-01,2.70227820e-01
5345803-S04-156I3-A-L-C-190,20.02.2020-09:55:25,8.00000000e+00,6.48225069e-01,8.98891830e+00,2.01768498e-03,6.39361389e+02,8.01053925e+01,1.89987583e+01,3.31030712e-02,4.53361534e-02
5345803-S04-156I3-A-L-C-190,20.02.2020-09:55:27,1.90000000e+01,6.45325899e-01,8.93594837e+00,2.18695495e-03,4.98390472e+02,8.00222626e+01,1.87828197e+01,5.27844392e-02,9.47500095e-02
5345803-S04-156I3-A-L-C-190,20.02.2020-09:55:30,1.90000000e+01,6.44484103e-01,8.92288589e+00,1.78158202e-03,1.18110909e+02,8.03155670e+01,1.87995510e+01,1.78766027e-01,2.18682289e-01
5345803-S04-156I3-A-L-C-190,20.02.2020-09:56:33,1.90000000e+01,6.42673492e-01,8.91653156e+00,1.77151186e-03,6.42154694e+01,8.02178955e+01,1.87106037e+01,4.18817312e-01,6.93814516e-01
5345803-S04-156I3-A-L-C-190,20.02.2020-09:56:35,8.00000000e+00,6.45594418e-01,8.96795082e+00,1.91302260e-03,1.68423264e+02,8.03191376e+01,1.89278927e+01,2.05899656e-01,3.79880399e-01
5345803-S04-156I3-A-L-C-190,20.02.2020-09:56:37,9.00000000e+00,6.46642745e-01,8.95945358e+00,1.98755437e-03,8.65874481e+01,8.01444016e+01,1.88994579e+01,2.68070906e-01,4.22306091e-01
5345803-S04-156I3-A-L-C-190,20.02.2020-09:56:39,9.00000000e+00,6.45991385e-01,8.95146179e+00,1.79782475e-03,1.59730896e+02,8.02828751e+01,1.88961697e+01,2.62929231e-01,5.03763795e-01
5345803-S04-156I3-A-L-C-190,20.02.2020-09:56:41,8.00000000e+00,6.47584558e-01,8.94928646e+00,1.91224902e-03,8.98061752e+01,8.03200531e+01,1.89469395e+01,2.64892817e-01,3.86919200e-01
5345803-S04-156I3-A-L-C-190,20.02.2020-09:56:43,8.00000000e+00,6.48466587e-01,8.96041393e+00,1.86558953e-03,1.87610504e+02,8.03906784e+01,1.90130405e+01,1.49700657e-01,2.47166991e-01
5345803-S04-156I3-A-L-C-190,20.02.2020-09:56:45,9.00000000e+00,6.45624578e-01,8.93973923e+00,1.95654714e-03,1.49182861e+02,8.02819290e+01,1.88604870e+01,2.39102364e-01,4.54091460e-01
5345803-S04-156I3-A-L-C-190,20.02.2020-09:56:47,7.00000000e+00,6.47759497e-01,8.96499825e+00,1.87313801e-03,1.58402954e+02,8.05346298e+01,1.90360508e+01,1.95910469e-01,2.85038769e-01
5345803-S04-156I3-A-L-C-190,20.02.2020-09:56:50,9.00000000e+00,6.46215618e-01,8.95508099e+00,1.88057369e-03,7.39462433e+01,8.01977463e+01,1.88903217e+01,3.06078941e-01,4.63103890e-01
5345803-S04-156I3-A-L-C-190,20.02.2020-09:56:52,8.00000000e+00,6.47457838e-01,8.95606041e+00,2.02395720e-03,1.70567352e+02,8.02645569e+01,1.89444714e+01,1.84680730e-01,2.92493254e-01
5345803-S04-156I3-A-L-C-190,20.02.2020-09:57:15,9.00000000e+00,6.45210862e-01,8.92007923e+00,1.84091809e-03,1.31408615e+02,8.02611160e+01,1.88020744e+01,2.48868138e-01,5.65032601e-01
5345803-S04-156I3-A-L-C-190,20.02.2020-09:57:17,7.00000000e+00,6.49293482e-01,8.93900967e+00,1.88858609e-03,1.24435211e+02,8.05127716e+01,1.90206528e+01,2.20510855e-01,2.99127668e-01
5345803-S04-156I3-A-L-C-190,20.02.2020-09:57:19,7.00000000e+00,6.48762763e-01,8.94294357e+00,1.90862361e-03,4.06495331e+02,8.06472397e+01,1.90452251e+01,8.67735222e-02,1.53518766e-01
5345803-S04-156I3-A-L-C-190,20.02.2020-09:57:21,1.90000000e+01,6.44984066e-01,8.94085217e+00,1.70490984e-03,4.92890015e+01,8.00586624e+01,1.87917156e+01,6.70470774e-01,8.99600327e-01
5345803-S04-156I3-A-L-C-190,20.02.2020-09:57:23,9.00000000e+00,6.44905508e-01,8.93955040e+00,1.92080473e-03,6.36974449e+01,8.02954102e+01,1.88422451e+01,3.46977890e-01,6.06845856e-01
5345803-S04-156I3-A-L-C-190,20.02.2020-09:57:25,2.00000000e+01,6.40739977e-01,8.91660500e+00,1.59457175e-03,2.25275085e+02,8.02511292e+01,1.86621914e+01,1.92994013e-01,4.39015269e-01
5345803-S04-156I3-A-L-C-190,20.02.2020-09:57:27,1.90000000e+01,6.43336892e-01,8.93194294e+00,1.92898931e-03,2.83342621e+02,8.00655899e+01,1.87266674e+01,1.74451455e-01,3.21119010e-01
5345803-S04-156I3-A-L-C-190,20.02.2020-09:57:30,2.00000000e+01,6.40313864e-01,8.91635418e+00,1.70172111e-03,2.06258835e+02,8.02821960e+01,1.86564770e+01,2.06425712e-01,4.46763366e-01
5345803-S04-156I3-A-L-C-190,20.02.2020-09:57:32,2.10000000e+01,6.40212238e-01,8.89725208e+00,1.87545072e-03,1.25224419e+02,8.02149277e+01,1.85979595e+01,2.28211895e-01,5.50803781e-01
5345803-S04-156I3-A-L-C-190,20.02.2020-09:57:34,9.00000000e+00,6.47109807e-01,8.93320751e+00,1.68432004e-03,2.19961319e+02,8.02091751e+01,1.88729458e+01,1.38008505e-01,1.88170239e-01
5345803-S04-156I3-A-L-C-190,20.02.2020-09:58:18,1.00000000e+00,6.39843285e-01,8.83576584e+00,1.84170099e-03,1.85225143e+02,8.01357574e+01,1.84405708e+01,2.45339721e-01,1.06873167e+00
5345803-S04-156I3-A-L-C-190,20.02.2020-09:58:20,9.00000000e+00,6.45790458e-01,8.93733978e+00,1.72394316e-03,5.84287949e+01,8.00973511e+01,1.88169060e+01,5.43360770e-01,9.69041526e-01
5345803-S04-156I3-A-L-C-190,20.02.2020-09:58:22,2.00000000e+01,6.40696108e-01,8.91111755e+00,1.58593908e-03,1.27596924e+02,8.03525314e+01,1.86729965e+01,2.49175608e-01,4.82420504e-01
5345803-S04-156I3-A-L-C-190,20.02.2020-09:58:24,2.00000000e+01,6.40396416e-01,8.91075611e+00,1.77603145e-03,4.46902557e+02,8.01798401e+01,1.86233921e+01,2.39727840e-01,6.45950615e-01
5345803-S04-156I3-A-L-C-190,20.02.2020-09:58:27,1.90000000e+01,6.43676162e-01,8.92690563e+00,1.84811384e-03,2.55652023e+02,8.02523422e+01,1.87696552e+01,2.38589942e-01,5.53333044e-01
5345803-S04-156I3-A-L-C-190,20.02.2020-09:58:29,9.00000000e+00,6.44400001e-01,8.95385647e+00,1.89471454e-03,1.05674187e+02,8.01749496e+01,1.88293152e+01,2.89152563e-01,4.32016283e-01
5345803-S04-156I3-A-L-C-190,20.02.2020-09:58:31,2.00000000e+01,6.40524685e-01,8.89701557e+00,1.63941027e-03,1.91651230e+02,8.02726517e+01,1.86199303e+01,2.04253659e-01,5.14177144e-01
5345803-S04-156I3-A-L-C-190,20.02.2020-09:58:33,2.10000000e+01,6.42040312e-01,8.84971428e+00,1.77709304e-03,2.54655106e+02,8.02340927e+01,1.85558434e+01,1.81738660e-01,7.01497376e-01
5345803-S04-156I3-A-L-C-190,20.02.2020-09:58:35,1.90000000e+01,6.43203318e-01,8.92078400e+00,1.83705112e-03,2.96699188e+02,8.02334671e+01,1.87385960e+01,1.38098225e-01,3.38960081e-01
5345803-S04-156I3-A-L-C-190,20.02.2020-09:58:37,2.00000000e+01,6.42555475e-01,8.88128281e+00,1.86155352e-03,2.41554047e+02,8.02132874e+01,1.86321449e+01,1.65926263e-01,6.66848600e-01
5345803-S04-156I3-A-L-C-190,20.02.2020-09:52:19,2.00000000e+01,6.42044485e-01,8.88652039e+00,1.73833198e-03,3.65391113e+02,8.03453522e+01,1.86589775e+01,8.72398391e-02,1.50035962e-01
5345803-S04-156I3-A-L-C-190,20.02.2020-09:52:21,2.10000000e+01,6.39746070e-01,8.85418606e+00,1.77835056e-03,2.88494965e+02,8.04313354e+01,1.85443573e+01,1.75230205e-01,6.46000147e-01
5345803-S04-156I3-A-L-C-190,20.02.2020-09:52:23,2.10000000e+01,6.39967203e-01,8.87810802e+00,1.77149940e-03,4.47262535e+01,8.00789948e+01,1.85193996e+01,3.92978281e-01,4.85672176e-01
5345803-S04-156I3-A-L-C-190,20.02.2020-09:52:25,1.90000000e+01,6.47528291e-01,8.88066578e+00,1.77242432e-03,3.21262970e+02,8.01283646e+01,1.87551594e+01,9.02002454e-02,1.97943538e-01
5345803-S04-156I3-A-L-C-190,20.02.2020-09:52:27,7.00000000e+00,6.48970723e-01,8.99978638e+00,1.90714502e-03,1.70137268e+02,8.00911560e+01,1.90402241e+01,1.14114173e-01,1.42301425e-01
5345803-S04-156I3-A-L-C-190,20.02.2020-09:52:29,2.00000000e+01,6.43174887e-01,8.91567135e+00,2.06485437e-03,1.21176506e+02,7.97922897e+01,1.86240559e+01,1.98449656e-01,2.56362289e-01
5345803-S04-156I3-A-L-C-190,20.02.2020-09:52:32,2.00000000e+01,6.42168283e-01,8.90596867e+00,1.83725159e-03,3.44022949e+02,8.00190048e+01,1.86274490e+01,7.14493170e-02,1.49544328e-01
5345803-S04-156I3-A-L-C-190,20.02.2020-09:52:34,2.00000000e+00,6.35531783e-01,8.75584793e+00,1.46541779e-03,3.70855133e+02,8.07593765e+01,1.82918911e+01,1.41549289e-01,5.26174128e-01
5345803-S04-156I3-A-L-C-190,20.02.2020-09:52:36,2.00000000e+01,6.41885102e-01,8.90693378e+00,1.83501164e-03,1.60002274e+02,7.99944763e+01,1.86155434e+01,1.44416541e-01,2.19894916e-01
5345803-S04-156I3-A-L-C-190,20.02.2020-09:52:38,1.90000000e+01,6.43220305e-01,8.92865372e+00,1.71428884e-03,1.29807007e+02,8.02422409e+01,1.87576733e+01,1.24326505e-01,1.78318605e-01
5345803-S04-156I3-A-L-C-190,20.02.2020-09:55:32,1.30000000e+01,6.30430579e-01,8.58651352e+00,1.47547189e-03,8.55584183e+01,8.02721558e+01,1.76868000e+01,3.77391160e-01,2.12430358e+00
5345803-S04-156I3-A-L-C-190,20.02.2020-09:55:34,2.00000000e+01,6.42393529e-01,8.91310406e+00,1.79903093e-03,1.52934982e+02,8.01395645e+01,1.86770077e+01,1.78488404e-01,5.05787551e-01
5345803-S04-156I3-A-L-C-190,20.02.2020-09:55:36,9.00000000e+00,6.45193517e-01,8.94648647e+00,2.05301121e-03,1.06761986e+02,8.01138153e+01,1.88226223e+01,2.43775457e-01,5.36501527e-01
5345803-S04-156I3-A-L-C-190,20.02.2020-09:55:38,9.00000000e+00,6.46012247e-01,8.95695782e+00,2.03431142e-03,1.20486847e+02,8.01371002e+01,1.88740501e+01,1.68428749e-01,2.91803300e-01
5345803-S04-156I3-A-L-C-190,20.02.2020-09:55:41,2.10000000e+01,6.40450180e-01,8.88133430e+00,1.57756417e-03,5.47279663e+01,8.01252136e+01,1.85508137e+01,4.51909542e-01,7.85740912e-01
5345803-S04-156I3-A-L-C-190,20.02.2020-09:55:43,2.10000000e+01,6.41638696e-01,8.88798904e+00,1.92885089e-03,3.72204865e+02,7.99019012e+01,1.85473289e+01,9.65778306e-02,2.99282670e-01
5345803-S04-156I3-A-L-C-190,20.02.2020-09:55:45,2.10000000e+01,6.41711533e-01,8.89557934e+00,1.73640030e-03,1.80130432e+02,8.00093460e+01,1.85902405e+01,1.42548367e-01,3.28038067e-01
5345803-S04-156I3-A-L-C-190,20.02.2020-09:55:47,7.00000000e+00,6.50648832e-01,8.97551823e+00,1.80837046e-03,1.24654800e+02,8.06518478e+01,1.91712627e+01,1.98570848e-01,2.62149662e-01
5345803-S04-156I3-A-L-C-190,20.02.2020-09:55:49,1.00000000e+00,6.39378130e-01,8.85659790e+00,1.76121516e-03,1.13148567e+02,8.00236816e+01,1.84447765e+01,3.17078799e-01,1.08757639e+00
5345803-S04-156I3-A-L-C-190,20.02.2020-09:55:51,9.00000000e+00,6.48395598e-01,8.93462849e+00,1.66804262e-03,2.83401611e+02,8.00373535e+01,1.88729362e+01,1.13661051e-01,1.50965691e-01
5345803-S04-156I3-A-L-C-190,20.02.2020-09:57:36,1.90000000e+01,6.42278492e-01,8.96310806e+00,1.96940685e-03,2.28020660e+02,7.99554672e+01,1.87352867e+01,9.96416509e-02,1.36889145e-01
5345803-S04-156I3-A-L-C-190,20.02.2020-09:57:38,1.00000000e+00,6.40084982e-01,8.82745838e+00,1.68795860e-03,1.69290604e+02,8.02691040e+01,1.84608593e+01,2.70323604e-01,1.04514289e+00
5345803-S04-156I3-A-L-C-190,20.02.2020-09:57:40,1.90000000e+01,6.43639445e-01,8.92040253e+00,1.59558700e-03,1.27862312e+02,8.02849731e+01,1.87625370e+01,1.95581481e-01,2.45568231e-01
5345803-S04-156I3-A-L-C-190,20.02.2020-09:57:42,9.00000000e+00,6.45065367e-01,8.95770645e+00,1.81175512e-03,1.67266373e+02,8.03104553e+01,1.88887329e+01,1.82027921e-01,2.43742809e-01
5345803-S04-156I3-A-L-C-190,20.02.2020-09:57:44,1.00000000e+00,6.40225708e-01,8.81872368e+00,1.71420502e-03,2.15019363e+02,8.02436905e+01,1.84408073e+01,2.22181395e-01,1.01911271e+00
5345803-S04-156I3-A-L-C-190,20.02.2020-09:57:47,2.00000000e+01,6.42657697e-01,8.90019131e+00,1.76791637e-03,1.55327820e+02,8.02792435e+01,1.86901379e+01,2.72322506e-01,5.92923284e-01
5345803-S04-156I3-A-L-C-190,20.02.2020-09:57:49,2.10000000e+01,6.42062902e-01,8.86621475e+00,1.62439770e-03,8.66986160e+01,8.02122345e+01,1.85860291e+01,3.72200549e-01,9.44816649e-01
5345803-S04-156I3-A-L-C-190,20.02.2020-09:57:51,1.90000000e+01,6.43929482e-01,8.92303848e+00,1.63465494e-03,3.30119476e+02,8.02512360e+01,1.87686501e+01,1.02907434e-01,2.45830894e-01
5345803-S04-156I3-A-L-C-190,20.02.2020-09:57:53,1.00000000e+00,6.40233099e-01,8.82597446e+00,1.76122622e-03,1.04168060e+02,8.01505966e+01,1.84347706e+01,3.96786779e-01,1.11333764e+00
5345803-S04-156I3-A-L-C-190,20.02.2020-09:57:55,1.90000000e+01,6.42664731e-01,8.92858219e+00,1.80024898e-03,8.63165970e+01,8.02078705e+01,1.87332935e+01,4.15825456e-01,5.65189719e-01
5345803-S04-156I3-A-L-C-190,20.02.2020-09:58:39,1.90000000e+01,6.44070327e-01,8.93214035e+00,1.81781256e-03,1.64439545e+02,8.02685318e+01,1.87959538e+01,1.86782375e-01,3.27130139e-01
5345803-S04-156I3-A-L-C-190,20.02.2020-09:58:42,9.00000000e+00,6.43440068e-01,8.96857548e+00,1.70647539e-03,2.20439865e+02,8.00873337e+01,1.88115940e+01,9.09218863e-02,1.13494903e-01
5345803-S04-156I3-A-L-C-190,20.02.2020-09:58:44,2.00000000e+01,6.40663087e-01,8.90974712e+00,1.88254891e-03,3.79313171e+02,8.01595154e+01,1.86243172e+01,1.50748119e-01,4.85415578e-01
5345803-S04-156I3-A-L-C-190,20.02.2020-09:58:46,2.00000000e+01,6.40516460e-01,8.91815948e+00,1.67544396e-03,1.45863632e+02,8.01679916e+01,1.86396065e+01,2.37854674e-01,4.66755062e-01
5345803-S04-156I3-A-L-C-190,20.02.2020-09:58:48,9.00000000e+00,6.46912158e-01,8.92502594e+00,1.64918450e-03,3.67562469e+02,8.01000824e+01,1.88242607e+01,8.91737789e-02,1.37510955e-01
5345803-S04-156I3-A-L-C-190,20.02.2020-09:58:50,8.00000000e+00,6.46867990e-01,8.95393276e+00,1.82127429e-03,2.34723404e+02,8.03647614e+01,1.89463425e+01,1.24321282e-01,1.79041520e-01
5345803-S04-156I3-A-L-C-190,20.02.2020-09:58:52,9.00000000e+00,6.45454228e-01,8.93901920e+00,1.88436848e-03,2.04061783e+02,8.02751007e+01,1.88523884e+01,2.20562831e-01,5.25762677e-01
5345803-S04-156I3-A-L-C-190,20.02.2020-09:58:54,8.00000000e+00,6.46728039e-01,8.96947193e+00,2.07579369e-03,2.31719727e+02,8.01817017e+01,1.89318924e+01,1.92451626e-01,3.04527581e-01
5345803-S04-156I3-A-L-C-190,20.02.2020-09:58:56,1.90000000e+01,6.44135833e-01,8.95750427e+00,2.18624133e-03,8.00313568e+01,7.97835159e+01,1.87373352e+01,2.78698891e-01,4.59783614e-01
5345803-S04-156I3-A-L-C-190,20.02.2020-09:58:58,2.00000000e+01,6.41250908e-01,8.92236900e+00,1.46752538e-03,3.36561890e+02,8.01500473e+01,1.86656075e+01,1.13492675e-01,3.42879802e-01
5345803-S04-156I3-A-L-C-190,20.02.2020-09:59:23,2.00000000e+01,6.43246293e-01,8.90187740e+00,1.95623958e-03,1.64661087e+02,7.99444046e+01,1.86327610e+01,1.81440368e-01,7.71380782e-01
5345803-S04-156I3-A-L-C-190,20.02.2020-09:59:25,9.00000000e+00,6.45464480e-01,8.94491482e+00,1.72342977e-03,1.56432907e+02,8.02462845e+01,1.88583508e+01,1.40028179e-01,1.75057754e-01
5345803-S04-156I3-A-L-C-190,20.02.2020-09:59:27,9.00000000e+00,6.45821869e-01,8.95974255e+00,1.93883968e-03,1.76851547e+02,8.02580566e+01,1.89028435e+01,1.51581720e-01,1.93209797e-01
5345803-S04-156I3-A-L-C-190,20.02.2020-09:59:29,8.00000000e+00,6.45966768e-01,8.94648170e+00,1.63430767e-03,2.74607849e+02,8.04802780e+01,1.89313755e+01,9.58841294e-02,1.30768552e-01
5345803-S04-156I3-A-L-C-190,20.02.2020-09:59:44,9.00000000e+00,6.46858215e-01,8.93651581e+00,1.78413268e-03,1.05572044e+02,8.02796555e+01,1.88891773e+01,2.09352911e-01,3.73478800e-01
5345803-S04-156I3-A-L-C-190,20.02.2020-09:59:46,2.10000000e+01,6.40991211e-01,8.87534904e+00,1.98317319e-03,2.55136902e+02,8.02483215e+01,1.85824795e+01,2.16608196e-01,7.95446754e-01
5345803-S04-156I3-A-L-C-190,20.02.2020-09:59:48,8.00000000e+00,6.47008538e-01,8.96240520e+00,1.90873409e-03,4.28259552e+02,8.04566650e+01,1.89900799e+01,6.86035976e-02,8.84529501e-02
5345803-S04-156I3-A-L-C-190,20.02.2020-09:59:50,9.00000000e+00,6.44055665e-01,8.92472458e+00,1.60979840e-03,1.48107056e+02,8.04336472e+01,1.88185501e+01,1.71289280e-01,2.65393972e-01
5345803-S04-156I3-A-L-C-190,20.02.2020-09:59:52,2.00000000e+01,6.41333640e-01,8.89753342e+00,1.58364582e-03,1.91196198e+02,8.02287674e+01,1.86343384e+01,1.52286962e-01,1.78696081e-01
5345803-S04-156I3-A-L-C-190,20.02.2020-09:59:54,7.00000000e+00,6.49180353e-01,8.97708702e+00,2.02444801e-03,2.09102814e+02,8.03995285e+01,1.90714855e+01,1.73827335e-01,2.21992612e-01
5345803-S04-156I3-A-L-C-190,20.02.2020-10:01:00,2.10000000e+01,6.42177582e-01,8.89046192e+00,1.98705238e-03,7.37173386e+01,7.98705368e+01,1.85607815e+01,2.50815302e-01,3.10959309e-01
5345803-S04-156I3-A-L-C-190,20.02.2020-10:01:02,2.10000000e+01,6.41731083e-01,8.85708618e+00,2.03417288e-03,6.81593475e+01,7.99936218e+01,1.85067215e+01,2.80789346e-01,4.46510553e-01
5345803-S04-156I3-A-L-C-190,20.02.2020-10:01:04,1.90000000e+01,6.44228339e-01,8.90722275e+00,1.98945077e-03,1.07870598e+02,8.00853348e+01,1.87053280e+01,1.85024798e-01,2.94984072e-01
5345803-S04-156I3-A-L-C-190,20.02.2020-10:01:06,1.90000000e+01,6.44664586e-01,8.90779209e+00,1.88185403e-03,1.29936691e+02,8.01146469e+01,1.87260418e+01,1.70045421e-01,2.74689704e-01
5345803-S04-156I3-A-L-C-190,20.02.2020-10:01:08,2.00000000e+01,6.42511964e-01,8.90930843e+00,2.03710911e-03,1.17578705e+02,7.98851547e+01,1.86132183e+01,1.81925640e-01,2.85624623e-01
5345803-S04-156I3-A-L-C-190,20.02.2020-10:01:11,2.00000000e+01,6.43526435e-01,8.90661907e+00,1.82376499e-03,2.86897308e+02,8.01095123e+01,1.86893234e+01,1.13506503e-01,2.13823512e-01
5345803-S04-156I3-A-L-C-190,20.02.2020-10:01:13,9.00000000e+00,6.46359921e-01,8.94409084e+00,2.16317410e-03,1.17263367e+02,8.00096283e+01,1.88270836e+01,1.68376043e-01,2.20199063e-01
5345803-S04-156I3-A-L-C-190,20.02.2020-10:01:15,2.10000000e+01,6.43273830e-01,8.87642765e+00,1.91003585e-03,1.51601089e+02,7.99660110e+01,1.85853081e+01,1.78514257e-01,3.90998900e-01
5345803-S04-156I3-A-L-C-190,20.02.2020-10:01:17,2.10000000e+01,6.42430127e-01,8.85989952e+00,2.00371165e-03,1.03637291e+02,7.99132080e+01,1.85141373e+01,2.61666000e-01,5.23309171e-01
5345803-S04-156I3-A-L-C-190,20.02.2020-10:01:19,1.90000000e+01,6.45479858e-01,8.93144703e+00,2.00813287e-03,1.10631516e+02,8.01080704e+01,1.87979698e+01,2.26696998e-01,2.89755255e-01
5345803-S04-156I3-A-L-C-190,20.02.2020-10:01:42,1.90000000e+01,6.45249665e-01,8.91288471e+00,2.14530202e-03,2.57934174e+02,7.99647064e+01,1.87186527e+01,7.97716826e-02,1.20411843e-01
5345803-S04-156I3-A-L-C-190,20.02.2020-10:01:44,2.10000000e+01,6.43013895e-01,8.87688923e+00,2.06347625e-03,2.76450684e+02,7.99685974e+01,1.85793629e+01,1.37627497e-01,3.21114331e-01
5345803-S04-156I3-A-L-C-190,20.02.2020-10:01:46,2.00000000e+01,6.44425035e-01,8.92069340e+00,2.08266359e-03,1.97950485e+02,7.98093796e+01,1.86747627e+01,1.25841543e-01,2.00138718e-01
5345803-S04-156I3-A-L-C-190,20.02.2020-10:01:49,2.00000000e+01,6.43965602e-01,8.91184616e+00,2.11287080e-03,2.38496964e+02,7.99552078e+01,1.86770096e+01,1.43593952e-01,2.47869879e-01
5345803-S04-156I3-A-L-C-190,20.02.2020-10:01:51,2.10000000e+01,6.42605662e-01,8.85994530e+00,1.82416930e-03,1.21101349e+02,7.99571762e+01,1.85294800e+01,2.71657437e-01,7.19018459e-01
5345803-S04-156I3-A-L-C-190,20.02.2020-10:01:53,2.00000000e+01,6.44105971e-01,8.91623402e+00,2.30588787e-03,2.17664978e+02,7.97345123e+01,1.86386890e+01,1.25888050e-01,1.90408215e-01
5345803-S04-156I3-A-L-C-190,20.02.2020-10:01:55,2.00000000e+01,6.44257128e-01,8.90266705e+00,1.98007911e-03,1.56829163e+02,7.99030685e+01,1.86540451e+01,1.35242119e-01,2.41422400e-01
5345803-S04-156I3-A-L-C-190,20.02.2020-10:01:57,2.10000000e+01,6.42351687e-01,8.88868618e+00,1.87634362e-03,2.06671143e+02,7.97838821e+01,1.85419674e+01,1.07532032e-01,1.62048280e-01
5345803-S04-156I3-A-L-C-190,20.02.2020-10:01:59,2.00000000e+01,6.43574655e-01,8.90952206e+00,1.96921197e-03,1.99220154e+02,8.00288849e+01,1.86779976e+01,1.15874469e-01,1.96371064e-01
5345803-S04-156I3-A-L-C-190,20.02.2020-10:02:01,2.00000000e+01,6.43648744e-01,8.90514088e+00,1.89547322e-03,2.03631210e+02,7.99981384e+01,1.86637897e+01,1.16357051e-01,2.60557920e-01
5345803-S04-156I3-A-L-C-190,20.02.2020-10:02:50,1.90000000e+01,6.43359900e-01,8.93157291e+00,1.87087909e-03,5.62291641e+01,8.01554413e+01,1.87475758e+01,3.64369452e-01,4.50337380e-01
5345803-S04-156I3-A-L-C-190,20.02.2020-10:02:52,1.90000000e+01,6.42764628e-01,8.91322136e+00,1.77727290e-03,4.88902969e+01,8.02710876e+01,1.87187138e+01,3.76453131e-01,4.87915963e-01
5345803-S04-156I3-A-L-C-190,20.02.2020-10:02:54,1.90000000e+01,6.43432200e-01,8.93240452e+00,1.81701500e-03,8.66217270e+01,8.02354660e+01,1.87701511e+01,2.70596921e-01,3.66875768e-01
5345803-S04-156I3-A-L-C-190,20.02.2020-10:02:56,1.90000000e+01,6.43406391e-01,8.92302227e+00,1.82412448e-03,5.25348969e+01,8.02397537e+01,1.87506847e+01,4.26075816e-01,5.45458674e-01
5345803-S04-156I3-A-L-C-190,20.02.2020-10:02:58,1.90000000e+01,6.43146217e-01,8.91201496e+00,1.71839737e-03,8.59376068e+01,8.03514938e+01,1.87460480e+01,2.47352511e-01,3.43442023e-01
5345803-S04-156I3-A-L-C-190,20.02.2020-10:03:00,1.00000000e+00,6.38729036e-01,8.85668945e+00,1.74726103e-03,8.25211945e+01,8.02844086e+01,1.84862785e+01,3.09452295e-01,5.24299502e-01
5345803-S04-156I3-A-L-C-190,20.02.2020-10:03:02,1.00000000e+00,6.40551269e-01,8.84723949e+00,1.98856439e-03,1.67574326e+02,7.98975220e+01,1.84299927e+01,1.92590222e-01,5.39168477e-01
5345803-S04-156I3-A-L-C-190,20.02.2020-10:03:04,2.10000000e+01,6.42366111e-01,8.86776066e+00,1.95733528e-03,1.50652313e+02,8.00018539e+01,1.85492725e+01,2.42812023e-01,5.64525306e-01
5345803-S04-156I3-A-L-C-190,20.02.2020-10:03:06,2.10000000e+01,6.40954316e-01,8.89020538e+00,2.05124286e-03,1.73283310e+02,7.97656860e+01,1.85005722e+01,2.63869435e-01,5.09498537e-01
5345803-S04-156I3-A-L-C-190,20.02.2020-10:03:08,2.10000000e+01,6.42142892e-01,8.89557076e+00,1.79396756e-03,7.22847290e+01,7.99277496e+01,1.85837479e+01,3.27056020e-01,3.85734439e-01
5345803-S04-156I3-A-L-C-190,20.02.2020-09:53:24,9.00000000e+00,6.44697785e-01,8.93507576e+00,1.86992832e-03,1.45590805e+02,8.03235703e+01,1.88333511e+01,1.22800067e-01,1.59216717e-01
5345803-S04-156I3-A-L-C-190,20.02.2020-09:53:27,1.90000000e+01,6.44288301e-01,8.92820168e+00,2.02266080e-03,4.90474335e+02,8.01852112e+01,1.87745152e+01,5.36823198e-02,1.03406973e-01
5345803-S04-156I3-A-L-C-190,20.02.2020-09:53:29,9.00000000e+00,6.44610345e-01,8.92429447e+00,1.91567466e-03,4.83071259e+02,8.03115082e+01,1.88052521e+01,5.10686785e-02,7.71001577e-02
5345803-S04-156I3-A-L-C-190,20.02.2020-09:53:31,1.90000000e+01,6.43935144e-01,8.92389584e+00,1.89853134e-03,3.76169159e+02,8.03303909e+01,1.87891293e+01,5.66423945e-02,1.03787422e-01
5345803-S04-156I3-A-L-C-190,20.02.2020-09:53:33,1.90000000e+01,6.44348443e-01,8.92425346e+00,1.94441108e-03,6.03585083e+02,8.01312866e+01,1.87553425e+01,5.21406680e-02,7.09098727e-02
5345803-S04-156I3-A-L-C-190,20.02.2020-09:53:35,1.90000000e+01,6.44035697e-01,8.91953945e+00,1.95203780e-03,1.96197281e+02,8.02429657e+01,1.87624512e+01,1.31489605e-01,1.60735518e-01
5345803-S04-156I3-A-L-C-190,20.02.2020-09:53:37,2.00000000e+01,6.42106831e-01,8.92861557e+00,1.99387874e-03,5.51636230e+02,8.01320496e+01,1.86994095e+01,6.17361143e-02,1.12383835e-01
5345803-S04-156I3-A-L-C-190,20.02.2020-09:53:39,8.00000000e+00,6.46573424e-01,8.95988274e+00,1.73462578e-03,1.07575104e+02,8.03503494e+01,1.89468994e+01,1.97206080e-01,3.70985121e-01
5345803-S04-156I3-A-L-C-190,20.02.2020-09:53:41,1.90000000e+01,6.44018292e-01,8.93660069e+00,2.09510792e-03,2.35445404e+02,8.00726166e+01,1.87579250e+01,1.34283647e-01,2.80942351e-01
5345803-S04-156I3-A-L-C-190,20.02.2020-09:53:43,1.90000000e+01,6.45094872e-01,8.91868019e+00,1.88229501e-03,1.09290283e+02,8.02215805e+01,1.87864895e+01,2.43103355e-01,2.95838296e-01
5345803-S04-156I3-A-L-C-190,20.02.2020-09:59:01,1.90000000e+01,6.44890785e-01,8.94964886e+00,2.23213783e-03,2.72168854e+02,7.97625198e+01,1.87379131e+01,1.24880120e-01,3.30535233e-01
5345803-S04-156I3-A-L-C-190,20.02.2020-09:59:03,2.00000000e+01,6.43839777e-01,8.91708088e+00,2.10035476e-03,1.83620255e+02,7.98604126e+01,1.86621742e+01,1.14146635e-01,1.38615429e-01
5345803-S04-156I3-A-L-C-190,20.02.2020-09:59:05,9.00000000e+00,6.46478891e-01,8.92932796e+00,1.88328326e-03,1.21765213e+02,8.01596985e+01,1.88347301e+01,1.87834769e-01,2.63295054e-01
5345803-S04-156I3-A-L-C-190,20.02.2020-09:59:07,1.90000000e+01,6.43738747e-01,8.92700768e+00,1.91916327e-03,1.99111649e+02,8.02769089e+01,1.87774429e+01,1.25581622e-01,4.16046351e-01
5345803-S04-156I3-A-L-C-190,20.02.2020-09:59:09,2.00000000e+01,6.42606497e-01,8.89497471e+00,1.78612384e-03,1.83832901e+02,8.00268250e+01,1.86189671e+01,2.58981615e-01,5.71155071e-01
5345803-S04-156I3-A-L-C-190,20.02.2020-09:59:11,8.00000000e+00,6.45989954e-01,8.97286510e+00,1.92833401e-03,3.07721100e+02,8.01688690e+01,1.89144135e+01,9.05450657e-02,1.28028765e-01
5345803-S04-156I3-A-L-C-190,20.02.2020-09:59:15,8.00000000e+00,6.46240175e-01,8.95800209e+00,1.70669705e-03,2.46681656e+02,8.03197861e+01,1.89259586e+01,1.51132375e-01,2.17892170e-01
5345803-S04-156I3-A-L-C-190,20.02.2020-09:59:17,9.00000000e+00,6.45379245e-01,8.93411541e+00,1.79864222e-03,1.40270126e+02,8.03868256e+01,1.88660793e+01,1.68983728e-01,2.55397022e-01
5345803-S04-156I3-A-L-C-190,20.02.2020-09:59:19,1.90000000e+01,6.43286586e-01,8.91729355e+00,1.83291116e-03,2.50982040e+02,8.03030090e+01,1.87499275e+01,1.61426470e-01,3.33663315e-01
5345803-S04-156I3-A-L-C-190,20.02.2020-09:59:21,9.00000000e+00,6.46250010e-01,8.95722961e+00,1.83561584e-03,2.40236740e+02,8.01562881e+01,1.88860912e+01,1.37770236e-01,1.79429784e-01
5345803-S04-156I3-A-L-C-190,20.02.2020-09:59:56,9.00000000e+00,6.45534575e-01,8.93437290e+00,1.90190156e-03,1.80246262e+02,8.03538742e+01,1.88634281e+01,1.92424774e-01,2.88075864e-01
5345803-S04-156I3-A-L-C-190,20.02.2020-09:59:58,9.00000000e+00,6.44464433e-01,8.91751766e+00,1.78414269e-03,1.88622650e+02,8.04170303e+01,1.88114033e+01,1.27662987e-01,3.35930377e-01
5345803-S04-156I3-A-L-C-190,20.02.2020-10:00:01,2.10000000e+01,6.41137898e-01,8.86652851e+00,1.83208939e-03,3.04680328e+02,8.03580780e+01,1.85936546e+01,1.97889864e-01,6.99320436e-01
5345803-S04-156I3-A-L-C-190,20.02.2020-10:00:03,1.90000000e+01,6.45015657e-01,8.91958809e+00,1.67493103e-03,1.78529495e+02,8.02478943e+01,1.87922554e+01,1.33470193e-01,1.92572117e-01
5345803-S04-156I3-A-L-C-190,20.02.2020-10:00:05,2.00000000e+01,6.42487586e-01,8.89691544e+00,1.83408300e-03,2.90348877e+02,8.01924057e+01,1.86581097e+01,1.30126372e-01,3.60544890e-01
5345803-S04-156I3-A-L-C-190,20.02.2020-10:00:07,9.00000000e+00,6.45735562e-01,8.92977619e+00,1.67580566e-03,1.96432617e+02,8.03570099e+01,1.88603287e+01,1.30000636e-01,2.11019620e-01
5345803-S04-156I3-A-L-C-190,20.02.2020-10:00:09,9.00000000e+00,6.45680666e-01,8.92681026e+00,1.68427604e-03,2.95429230e+02,8.03404770e+01,1.88485832e+01,1.25029787e-01,2.16921896e-01
5345803-S04-156I3-A-L-C-190,20.02.2020-10:00:11,9.00000000e+00,6.44828260e-01,8.93751240e+00,1.71780377e-03,2.62790131e+02,8.02415924e+01,1.88230705e+01,1.40700236e-01,3.04446071e-01
5345803-S04-156I3-A-L-C-190,20.02.2020-10:00:13,9.00000000e+00,6.44614875e-01,8.94247532e+00,1.79451099e-03,2.79192627e+02,8.01889496e+01,1.88149376e+01,1.16576180e-01,3.19489300e-01
5345803-S04-156I3-A-L-C-190,20.02.2020-10:00:15,1.90000000e+01,6.44829690e-01,8.91587734e+00,2.02195416e-03,1.62680984e+02,8.00506973e+01,1.87328739e+01,1.71162099e-01,3.54341120e-01
5345803-S04-156I3-A-L-C-190,20.02.2020-10:01:21,2.10000000e+01,6.41893089e-01,8.86250305e+00,1.86898385e-03,1.40481644e+02,7.99987183e+01,1.85238953e+01,2.65083760e-01,6.35376692e-01
5345803-S04-156I3-A-L-C-190,20.02.2020-10:01:23,2.00000000e+00,6.39501393e-01,8.81535435e+00,1.78477960e-03,1.91502319e+02,8.00778351e+01,1.83748512e+01,1.82439432e-01,5.92052162e-01
5345803-S04-156I3-A-L-C-190,20.02.2020-10:01:25,1.00000000e+00,6.39533043e-01,8.84979820e+00,2.06913543e-03,1.53330399e+02,7.99094849e+01,1.84087734e+01,1.79791331e-01,4.10221010e-01
5345803-S04-156I3-A-L-C-190,20.02.2020-10:01:27,1.00000000e+00,6.39626801e-01,8.85221386e+00,1.84871559e-03,2.44065475e+02,8.00032806e+01,1.84381161e+01,1.49815679e-01,4.33782399e-01
5345803-S04-156I3-A-L-C-190,20.02.2020-10:01:29,2.00000000e+00,6.40518129e-01,8.83946323e+00,2.19772360e-03,1.62743973e+02,7.97244415e+01,1.83729553e+01,1.68290198e-01,5.08676767e-01
5345803-S04-156I3-A-L-C-190,20.02.2020-10:01:32,2.00000000e+01,6.42842531e-01,8.90143394e+00,1.89641211e-03,1.27230614e+02,7.99612656e+01,1.86240616e+01,2.22723752e-01,3.32355589e-01
5345803-S04-156I3-A-L-C-190,20.02.2020-10:01:34,2.00000000e+01,6.43048644e-01,8.88369942e+00,1.98427960e-03,1.89531540e+02,8.01491241e+01,1.86365986e+01,1.56000182e-01,2.61311948e-01
5345803-S04-156I3-A-L-C-190,20.02.2020-10:01:36,1.00000000e+00,6.38607204e-01,8.86372662e+00,1.73046987e-03,1.45858047e+02,7.99816284e+01,1.84276772e+01,2.10689515e-01,3.69745731e-01
5345803-S04-156I3-A-L-C-190,20.02.2020-10:01:38,2.00000000e+01,6.43159628e-01,8.90291405e+00,1.81973900e-03,1.28966507e+02,8.01268311e+01,1.86749363e+01,1.26071811e-01,2.20263109e-01
5345803-S04-156I3-A-L-C-190,20.02.2020-10:01:40,2.00000000e+01,6.42064393e-01,8.88678932e+00,2.07797810e-03,1.50391724e+02,8.02049561e+01,1.86275120e+01,1.78076819e-01,2.49762371e-01
5345803-S04-156I3-A-L-C-190,20.02.2020-10:03:11,2.10000000e+01,6.42506301e-01,8.89985085e+00,2.01489008e-03,1.10593559e+02,7.98799820e+01,1.85920925e+01,2.07763359e-01,2.47561097e-01
5345803-S04-156I3-A-L-C-190,20.02.2020-10:03:13,1.00000000e+00,6.40726924e-01,8.89096165e+00,1.98365841e-03,1.18868904e+02,7.97637787e+01,1.84951401e+01,3.20199996e-01,5.69494367e-01
5345803-S04-156I3-A-L-C-190,20.02.2020-10:03:15,1.90000000e+01,6.43366098e-01,8.90526199e+00,1.82864873e-03,1.87864288e+02,8.02223892e+01,1.87081432e+01,2.64497548e-01,4.91325617e-01
5345803-S04-156I3-A-L-C-190,20.02.2020-10:03:17,1.90000000e+01,6.43358529e-01,8.92151165e+00,1.89266820e-03,1.42240997e+02,8.02164078e+01,1.87406616e+01,2.42383868e-01,4.39552993e-01
5345803-S04-156I3-A-L-C-190,20.02.2020-10:03:21,2.00000000e+01,6.41619325e-01,8.92407799e+00,2.12328811e-03,1.83611679e+02,7.98117371e+01,1.86010628e+01,2.45659977e-01,4.61176008e-01
5345803-S04-156I3-A-L-C-190,20.02.2020-10:03:23,2.00000000e+01,6.44297779e-01,8.89913273e+00,2.04779138e-03,6.27245674e+01,7.99840164e+01,1.86667080e+01,3.41347575e-01,4.85938996e-01
5345803-S04-156I3-A-L-C-190,20.02.2020-10:03:25,1.90000000e+01,6.44386709e-01,8.89902306e+00,1.70808122e-03,5.98263550e+01,8.01538391e+01,1.87086926e+01,3.48960757e-01,4.57984418e-01
5345803-S04-156I3-A-L-C-190,20.02.2020-10:03:28,2.00000000e+01,6.41917229e-01,8.90043831e+00,1.98649988e-03,9.82444687e+01,7.99849472e+01,1.86006832e+01,2.50936121e-01,3.57994050e-01
5345803-S04-156I3-A-L-C-190,20.02.2020-10:03:30,2.00000000e+01,6.42442286e-01,8.91223049e+00,1.90578832e-03,1.80239944e+02,7.99253311e+01,1.86266689e+01,1.33374229e-01,2.02795923e-01
5345803-S04-156I3-A-L-C-190,20.02.2020-10:03:32,2.10000000e+01,6.41305625e-01,8.88852024e+00,2.01602769e-03,7.17904816e+01,7.99695206e+01,1.85544987e+01,2.92717397e-01,4.01350111e-01
5345803-S04-156I3-A-L-C-190,20.02.2020-10:03:55,2.00000000e+00,6.39530301e-01,8.81235504e+00,1.80077180e-03,1.14822960e+02,8.01004486e+01,1.83746147e+01,2.40778998e-01,6.48984671e-01
5345803-S04-156I3-A-L-C-190,20.02.2020-10:03:57,2.00000000e+00,6.40369952e-01,8.82102585e+00,1.92140299e-03,1.14401352e+02,7.99800034e+01,1.83891506e+01,2.14701846e-01,5.27291059e-01
5345803-S04-156I3-A-L-C-190,20.02.2020-10:03:59,1.00000000e+00,6.41341209e-01,8.84735298e+00,1.92362955e-03,8.09029007e+01,8.00995865e+01,1.84996281e+01,2.42961884e-01,5.91052949e-01
5345803-S04-156I3-A-L-C-190,20.02.2020-10:04:01,2.10000000e+01,6.42269850e-01,8.86466408e+00,1.93585583e-03,1.06861771e+02,7.99950104e+01,1.85384274e+01,2.20513090e-01,4.83988583e-01
5345803-S04-156I3-A-L-C-190,20.02.2020-10:04:04,2.10000000e+01,6.42733037e-01,8.87472057e+00,1.88302039e-03,2.90116028e+02,8.00258865e+01,1.85800114e+01,1.37244716e-01,3.80898148e-01
5345803-S04-156I3-A-L-C-190,20.02.2020-10:04:06,1.00000000e+00,6.40682638e-01,8.84152508e+00,1.93184789e-03,2.46615082e+02,7.99172821e+01,1.84264240e+01,1.43043429e-01,4.22205061e-01
5345803-S04-156I3-A-L-C-190,20.02.2020-10:04:08,1.90000000e+01,6.46234095e-01,8.93126202e+00,2.01583980e-03,1.94795074e+02,8.00106201e+01,1.87966518e+01,1.23172760e-01,1.71684504e-01
5345803-S04-156I3-A-L-C-190,20.02.2020-10:04:10,1.90000000e+01,6.45484269e-01,8.92229939e+00,2.06754496e-03,1.06223770e+02,7.98721237e+01,1.87235355e+01,2.01281846e-01,2.55423665e-01
5345803-S04-156I3-A-L-C-190,20.02.2020-10:04:12,2.00000000e+01,6.42508626e-01,8.90638351e+00,1.93829148e-03,1.16956635e+02,7.99543533e+01,1.86231289e+01,1.75404817e-01,2.76198387e-01
5345803-S04-156I3-A-L-C-190,20.02.2020-10:04:14,1.90000000e+01,6.44301891e-01,8.89179039e+00,1.73450739e-03,1.65027847e+02,8.02044220e+01,1.87028236e+01,1.39541775e-01,2.67282546e-01
5345803-S04-156I3-A-L-C-190,20.02.2020-10:05:01,9.00000000e+00,6.46106780e-01,8.91442966e+00,1.83311780e-03,2.36559998e+02,8.02897644e+01,1.88229733e+01,1.68557703e-01,2.71127731e-01
5345803-S04-156I3-A-L-C-190,20.02.2020-10:05:03,2.10000000e+01,6.42204046e-01,8.85192680e+00,1.74108439e-03,1.60478409e+02,8.02092667e+01,1.85594711e+01,2.77263910e-01,6.32554293e-01
5345803-S04-156I3-A-L-C-190,20.02.2020-10:05:05,2.10000000e+01,6.42162979e-01,8.85495186e+00,1.75330474e-03,1.42355209e+02,8.01806259e+01,1.85579967e+01,2.55100518e-01,5.32763183e-01
5345803-S04-156I3-A-L-C-190,20.02.2020-10:05:07,9.00000000e+00,6.47274315e-01,8.92223358e+00,1.77461398e-03,1.37913071e+02,8.01481323e+01,1.88402004e+01,2.00908422e-01,2.62973726e-01
5345803-S04-156I3-A-L-C-190,20.02.2020-10:05:09,9.00000000e+00,6.46656930e-01,8.92210770e+00,1.94672740e-03,1.08000160e+02,8.00849609e+01,1.88071308e+01,2.66291946e-01,3.60542804e-01
5345803-S04-156I3-A-L-C-190,20.02.2020-10:05:11,9.00000000e+00,6.47197306e-01,8.91942024e+00,1.76652672e-03,8.47266998e+01,8.01611862e+01,1.88350887e+01,2.56545067e-01,3.48487824e-01
5345803-S04-156I3-A-L-C-190,20.02.2020-10:05:13,9.00000000e+00,6.47014201e-01,8.92445564e+00,1.78080553e-03,1.16564903e+02,8.02061539e+01,1.88509598e+01,2.33792067e-01,3.15368801e-01
5345803-S04-156I3-A-L-C-190,20.02.2020-10:05:15,2.10000000e+01,6.42363727e-01,8.85570717e+00,1.74496218e-03,1.37015137e+02,8.01150208e+01,1.85501919e+01,2.45026872e-01,5.66895425e-01
5345803-S04-156I3-A-L-C-190,20.02.2020-10:05:17,9.00000000e+00,6.46694541e-01,8.91453934e+00,1.86780619e-03,9.26704483e+01,8.03920975e+01,1.88643417e+01,3.05242598e-01,4.07954097e-01
5345803-S04-156I3-A-L-C-190,20.02.2020-10:05:19,1.00000000e+00,6.41652703e-01,8.82916355e+00,1.83487078e-03,1.02799904e+02,8.01010742e+01,1.84709034e+01,3.06141853e-01,6.48334086e-01
5345803-S04-156I3-A-L-C-190,20.02.2020-10:05:42,1.90000000e+01,6.44209743e-01,8.94539642e+00,2.27710744e-03,2.95224762e+02,8.00196838e+01,1.87695541e+01,1.12516150e-01,2.25541979e-01
5345803-S04-156I3-A-L-C-190,20.02.2020-10:05:44,2.10000000e+01,6.38375223e-01,8.85812092e+00,1.64542277e-03,1.07593407e+02,8.04823761e+01,1.85245895e+01,2.88709313e-01,1.04876769e+00
5345803-S04-156I3-A-L-C-190,20.02.2020-10:05:47,2.10000000e+01,6.42818630e-01,8.89826393e+00,1.95580907e-03,1.38226990e+02,7.96885605e+01,1.85532455e+01,2.32867211e-01,6.33853078e-01
5345803-S04-156I3-A-L-C-190,20.02.2020-10:05:49,2.00000000e+01,6.44933999e-01,8.89709949e+00,1.81665248e-03,1.19204468e+02,8.00050049e+01,1.86857738e+01,2.40550786e-01,5.69318891e-01
5345803-S04-156I3-A-L-C-190,20.02.2020-10:05:51,9.00000000e+00,6.46572471e-01,8.91699505e+00,1.95102347e-03,9.78612747e+01,8.02125168e+01,1.88238354e+01,2.20174357e-01,5.10173976e-01
5345803-S04-156I3-A-L-C-190,20.02.2020-10:05:53,1.90000000e+01,6.45078897e-01,8.91560936e+00,2.22760043e-03,1.18731735e+02,7.99043198e+01,1.87052841e+01,2.12833479e-01,2.93331861e-01
5345803-S04-156I3-A-L-C-190,20.02.2020-10:05:55,1.90000000e+01,6.45940602e-01,8.92428112e+00,1.88766525e-03,2.72604645e+02,7.99384613e+01,1.87565002e+01,9.09361839e-02,1.43768474e-01
5345803-S04-156I3-A-L-C-190,20.02.2020-10:05:57,2.00000000e+01,6.42016113e-01,8.96046638e+00,1.81720441e-03,2.07663132e+02,7.96269608e+01,1.86451931e+01,1.03153460e-01,1.29572064e-01
5345803-S04-156I3-A-L-C-190,20.02.2020-10:05:59,1.00000000e+00,6.42446160e-01,8.81874847e+00,1.85751158e-03,2.14675858e+02,8.01664047e+01,1.84869938e+01,4.05230910e-01,1.88060713e+00
5345803-S04-156I3-A-L-C-190,20.02.2020-10:06:01,1.00000000e+00,6.43695414e-01,8.81665611e+00,1.88163784e-03,1.47983536e+02,7.97850342e+01,1.84304504e+01,2.24427700e-01,6.35486722e-01
5345803-S04-156I3-A-L-C-190,20.02.2020-09:53:45,1.90000000e+01,6.42611265e-01,8.92871475e+00,1.90214661e-03,2.29825058e+02,8.01788864e+01,1.87252445e+01,1.05773300e-01,1.71140909e-01
5345803-S04-156I3-A-L-C-190,20.02.2020-09:53:48,8.00000000e+00,6.48392677e-01,8.98434353e+00,2.00729351e-03,4.09911224e+02,8.00130539e+01,1.89721050e+01,5.20183928e-02,6.47910535e-02
5345803-S04-156I3-A-L-C-190,20.02.2020-09:53:50,9.00000000e+00,6.45559490e-01,8.92631435e+00,1.84547564e-03,3.93490997e+02,8.01944580e+01,1.88097496e+01,4.35505249e-02,5.81833124e-02
5345803-S04-156I3-A-L-C-190,20.02.2020-09:53:52,2.00000000e+01,6.43479407e-01,8.93779373e+00,2.26440420e-03,2.35979691e+02,7.97284241e+01,1.86641560e+01,6.83956519e-02,8.32762867e-02
5345803-S04-156I3-A-L-C-190,20.02.2020-09:53:54,9.00000000e+00,6.45358443e-01,8.92703819e+00,1.77825219e-03,1.86024246e+02,8.01751251e+01,1.88008823e+01,8.07026699e-02,1.02992520e-01
5345803-S04-156I3-A-L-C-190,20.02.2020-09:53:56,1.90000000e+01,6.44740939e-01,8.92652130e+00,1.72705669e-03,1.11227295e+02,8.01762161e+01,1.87820625e+01,1.74202666e-01,2.25861982e-01
5345803-S04-156I3-A-L-C-190,20.02.2020-09:53:58,1.90000000e+01,6.45379543e-01,8.92264080e+00,1.78187469e-03,5.63709961e+02,8.01837387e+01,1.87942562e+01,4.45335321e-02,6.53745681e-02
5345803-S04-156I3-A-L-C-190,20.02.2020-09:54:00,1.90000000e+01,6.44817054e-01,8.90744781e+00,1.94081594e-03,3.03707489e+02,8.01958542e+01,1.87487316e+01,5.53261638e-02,7.40218386e-02
5345803-S04-156I3-A-L-C-190,20.02.2020-09:54:02,2.10000000e+01,6.42663360e-01,8.89792919e+00,1.87579752e-03,2.63346893e+02,7.98511200e+01,1.85859051e+01,6.64516836e-02,1.03712782e-01
5345803-S04-156I3-A-L-C-190,20.02.2020-09:54:04,2.00000000e+01,6.43326342e-01,8.90999126e+00,2.09295540e-03,1.78026642e+02,7.99244308e+01,1.86474037e+01,1.15248859e-01,1.35261104e-01
5345803-S04-156I3-A-L-C-190,20.02.2020-10:00:18,9.00000000e+00,6.45993173e-01,8.96206856e+00,1.88584020e-03,2.82715485e+02,8.01558609e+01,1.88886833e+01,1.43137857e-01,1.88213378e-01
5345803-S04-156I3-A-L-C-190,20.02.2020-10:00:20,7.00000000e+00,6.49429023e-01,8.98225307e+00,1.91290444e-03,1.94321808e+02,8.04171600e+01,1.90939541e+01,1.40732050e-01,1.84897229e-01
5345803-S04-156I3-A-L-C-190,20.02.2020-10:00:22,9.00000000e+00,6.46120131e-01,8.94578362e+00,1.73340156e-03,2.63529297e+02,8.03225861e+01,1.88972931e+01,1.16223916e-01,1.91544965e-01
5345803-S04-156I3-A-L-C-190,20.02.2020-10:00:24,1.90000000e+01,6.43083870e-01,8.91527653e+00,1.69945916e-03,1.32719818e+02,8.02248535e+01,1.87215405e+01,1.59001797e-01,1.87685773e-01
5345803-S04-156I3-A-L-C-190,20.02.2020-10:00:26,2.00000000e+01,6.42710686e-01,8.92099380e+00,1.76631066e-03,2.45892090e+02,8.01010818e+01,1.86937885e+01,1.04101025e-01,1.23924464e-01
5345803-S04-156I3-A-L-C-190,20.02.2020-10:00:28,2.00000000e+01,6.42425120e-01,8.89792824e+00,1.90092006e-03,2.49250351e+02,8.00507278e+01,1.86254559e+01,1.45938814e-01,5.94476700e-01
5345803-S04-156I3-A-L-C-190,20.02.2020-10:00:31,1.00000000e+00,6.40045643e-01,8.83417225e+00,1.97597779e-03,8.83230743e+01,8.00586090e+01,1.84253197e+01,2.90620267e-01,7.76494026e-01
5345803-S04-156I3-A-L-C-190,20.02.2020-10:00:33,2.10000000e+01,6.42849207e-01,8.90328312e+00,1.98777928e-03,2.48974648e+01,7.96787643e+01,1.85623112e+01,5.83476663e-01,7.76322305e-01
5345803-S04-156I3-A-L-C-190,20.02.2020-10:00:35,1.90000000e+01,6.45677149e-01,8.93778706e+00,2.06014561e-03,8.91388397e+01,8.00179443e+01,1.87958946e+01,1.88684478e-01,2.43884146e-01
5345803-S04-156I3-A-L-C-190,20.02.2020-10:00:37,9.00000000e+00,6.46216273e-01,8.93434238e+00,2.17332994e-03,1.50758484e+02,8.00007095e+01,1.88002911e+01,1.86559454e-01,2.47052655e-01
5345803-S04-156I3-A-L-C-190,20.02.2020-10:02:03,2.10000000e+01,6.42746925e-01,8.89501476e+00,1.92723225e-03,1.46874771e+02,7.97465515e+01,1.85578995e+01,1.36514083e-01,1.85342014e-01
5345803-S04-156I3-A-L-C-190,20.02.2020-10:02:05,2.00000000e+01,6.43490672e-01,8.91001511e+00,2.00616382e-03,2.29626892e+02,8.01043930e+01,1.86942139e+01,1.33933514e-01,2.99289852e-01
5345803-S04-156I3-A-L-C-190,20.02.2020-10:02:07,1.90000000e+01,6.45344198e-01,8.91766453e+00,2.18210369e-03,1.82324142e+02,7.99788971e+01,1.87347622e+01,1.24381043e-01,1.87463477e-01
5345803-S04-156I3-A-L-C-190,20.02.2020-10:02:10,1.90000000e+01,6.44748509e-01,8.92681694e+00,2.14058859e-03,1.13294502e+02,8.00324173e+01,1.87492161e+01,1.90296561e-01,2.58919537e-01
5345803-S04-156I3-A-L-C-190,20.02.2020-10:02:12,2.10000000e+01,6.42544568e-01,8.87055206e+00,1.84911559e-03,1.43651443e+02,8.01156616e+01,1.85866661e+01,1.72024980e-01,3.67887616e-01
5345803-S04-156I3-A-L-C-190,20.02.2020-10:02:14,1.90000000e+01,6.45651400e-01,8.93395042e+00,2.01662094e-03,1.15066261e+02,8.00547104e+01,1.87957096e+01,1.87836170e-01,2.54500151e-01
5345803-S04-156I3-A-L-C-190,20.02.2020-10:02:16,2.00000000e+01,6.41775072e-01,8.93920994e+00,1.93387747e-03,7.20935364e+01,7.98627777e+01,1.86490440e+01,2.78031677e-01,4.78168398e-01
5345803-S04-156I3-A-L-C-190,20.02.2020-10:02:18,2.10000000e+01,6.41015708e-01,8.92492294e+00,1.92417332e-03,1.83833740e+02,7.98203354e+01,1.85873260e+01,2.06369951e-01,4.66126770e-01
5345803-S04-156I3-A-L-C-190,20.02.2020-10:02:20,1.90000000e+01,6.44428849e-01,8.91820431e+00,1.86787616e-03,1.14300232e+02,8.02032547e+01,1.87618027e+01,2.27767587e-01,4.37673867e-01
5345803-S04-156I3-A-L-C-190,20.02.2020-10:02:22,2.10000000e+01,6.41908407e-01,8.84308338e+00,1.69366901e-03,5.62615128e+01,8.02593842e+01,1.85439739e+01,4.66961741e-01,1.24935412e+00
5345803-S04-156I3-A-L-C-190,20.02.2020-10:03:34,2.00000000e+01,6.42159224e-01,8.89710426e+00,1.82593090e-03,9.09081573e+01,7.99998932e+01,1.86042023e+01,1.94930881e-01,2.83134133e-01
5345803-S04-156I3-A-L-C-190,20.02.2020-10:03:36,2.10000000e+01,6.41729414e-01,8.92694473e+00,1.96913141e-03,1.03344475e+02,7.97386856e+01,1.85931969e+01,3.05777431e-01,5.65019965e-01
5345803-S04-156I3-A-L-C-190,20.02.2020-10:03:38,1.90000000e+01,6.43861473e-01,8.90626144e+00,1.95143453e-03,1.01729370e+02,8.01738815e+01,1.87133274e+01,2.46197477e-01,3.69564116e-01
5345803-S04-156I3-A-L-C-190,20.02.2020-10:03:40,1.90000000e+01,6.44242227e-01,8.90138912e+00,1.75970444e-03,8.28451080e+01,8.01691666e+01,1.87130508e+01,2.77928442e-01,4.25139189e-01
5345803-S04-156I3-A-L-C-190,20.02.2020-10:03:43,1.90000000e+01,6.45589590e-01,8.91968536e+00,1.86412421e-03,1.03936020e+02,8.01579819e+01,1.87881069e+01,2.20878676e-01,2.82597661e-01
5345803-S04-156I3-A-L-C-190,20.02.2020-10:03:45,2.10000000e+01,6.38169825e-01,8.86738586e+00,1.69966964e-03,1.09751953e+02,8.03708954e+01,1.85123215e+01,3.75788838e-01,9.72534716e-01
5345803-S04-156I3-A-L-C-190,20.02.2020-10:03:47,2.10000000e+01,6.43353045e-01,8.87234306e+00,1.99523615e-03,1.54985825e+02,8.00445938e+01,1.85972996e+01,1.58057496e-01,2.68930078e-01
5345803-S04-156I3-A-L-C-190,20.02.2020-10:03:49,2.10000000e+01,6.41993523e-01,8.86282349e+00,1.93511031e-03,1.05414803e+02,8.00023270e+01,1.85283012e+01,2.14546815e-01,3.98877800e-01
5345803-S04-156I3-A-L-C-190,20.02.2020-10:03:51,1.00000000e+00,6.41000748e-01,8.83951092e+00,1.71137555e-03,3.09246307e+02,8.02132187e+01,1.84996243e+01,1.08466260e-01,3.04696530e-01
5345803-S04-156I3-A-L-C-190,20.02.2020-10:03:53,1.00000000e+00,6.39133215e-01,8.83382893e+00,1.96209969e-03,1.97261810e+02,8.01193542e+01,1.84122982e+01,1.62799716e-01,4.39074278e-01
5345803-S04-156I3-A-L-C-190,20.02.2020-10:04:16,2.10000000e+01,6.43059909e-01,8.86985779e+00,2.03612773e-03,7.89473801e+01,7.98736038e+01,1.85439205e+01,2.67041773e-01,4.00518566e-01
5345803-S04-156I3-A-L-C-190,20.02.2020-10:04:18,2.10000000e+01,6.42637968e-01,8.85836029e+00,1.85790577e-03,1.26189095e+02,8.01419373e+01,1.85699081e+01,1.69996917e-01,3.03879321e-01
5345803-S04-156I3-A-L-C-190,20.02.2020-10:04:21,2.00000000e+01,6.42237008e-01,8.89051151e+00,1.72664272e-03,5.23662529e+01,8.02093430e+01,1.86413441e+01,3.45070302e-01,5.54333627e-01
5345803-S04-156I3-A-L-C-190,20.02.2020-10:04:23,9.00000000e+00,6.44811571e-01,8.94295502e+00,1.79246126e-03,1.26168495e+02,8.03275757e+01,1.88542271e+01,2.01156616e-01,2.94902056e-01
5345803-S04-156I3-A-L-C-190,20.02.2020-10:04:25,1.00000000e+00,6.40258372e-01,8.83969879e+00,1.79294858e-03,8.33713989e+01,8.01176376e+01,1.84565735e+01,2.86989927e-01,7.95360267e-01
5345803-S04-156I3-A-L-C-190,20.02.2020-10:04:27,1.90000000e+01,6.43232048e-01,8.94884777e+00,1.94301945e-03,9.08971481e+01,8.00984650e+01,1.87667542e+01,3.10065538e-01,4.63576406e-01
5345803-S04-156I3-A-L-C-190,20.02.2020-10:04:29,8.00000000e+00,6.47499382e-01,8.94157696e+00,1.85701821e-03,9.13091812e+01,8.03341827e+01,1.89314575e+01,2.51570493e-01,3.15631747e-01
5345803-S04-156I3-A-L-C-190,20.02.2020-10:04:31,1.90000000e+01,6.43034637e-01,8.94230747e+00,1.89689884e-03,1.80437271e+02,8.01531143e+01,1.87600746e+01,1.55250669e-01,3.14590245e-01
5345803-S04-156I3-A-L-C-190,20.02.2020-10:04:33,9.00000000e+00,6.46169484e-01,8.95428085e+00,1.97208952e-03,4.13874420e+02,8.02111664e+01,1.88904438e+01,1.00978196e-01,1.88000217e-01
5345803-S04-156I3-A-L-C-190,20.02.2020-10:04:35,8.00000000e+00,6.47203803e-01,8.95563221e+00,1.85974408e-03,1.34944275e+02,8.02556839e+01,1.89340401e+01,2.02013388e-01,2.63280451e-01
5345803-S04-156I3-A-L-C-190,20.02.2020-10:05:22,2.00000000e+01,6.43892467e-01,8.93310070e+00,2.07395945e-03,2.44099014e+02,7.97159805e+01,1.86634178e+01,1.14773370e-01,1.62881300e-01
5345803-S04-156I3-A-L-C-190,20.02.2020-10:05:24,9.00000000e+00,6.47237659e-01,8.93627453e+00,1.79880601e-03,7.41727753e+01,8.02118759e+01,1.88837891e+01,3.38066757e-01,4.13406789e-01
5345803-S04-156I3-A-L-C-190,20.02.2020-10:05:26,8.00000000e+00,6.48073733e-01,8.92875290e+00,1.87277549e-03,2.68171539e+02,8.03495941e+01,1.89247055e+01,1.12926297e-01,1.62978411e-01
5345803-S04-156I3-A-L-C-190,20.02.2020-10:05:28,1.90000000e+01,6.43794656e-01,8.90505219e+00,1.77925988e-03,2.57724091e+02,8.02302094e+01,1.87219868e+01,1.16046615e-01,1.86370179e-01
5345803-S04-156I3-A-L-C-190,20.02.2020-10:05:30,1.90000000e+01,6.45597219e-01,8.90620232e+00,1.65382389e-03,2.05579819e+02,8.02300797e+01,1.87768002e+01,1.64057642e-01,2.90562004e-01
5345803-S04-156I3-A-L-C-190,20.02.2020-10:05:32,2.10000000e+01,6.41774178e-01,8.85005760e+00,1.91709935e-03,1.99597107e+02,8.01149292e+01,1.85213242e+01,2.40053445e-01,6.06463432e-01
5345803-S04-156I3-A-L-C-190,20.02.2020-10:05:34,9.00000000e+00,6.47032559e-01,8.92799950e+00,1.80879794e-03,3.53284424e+02,8.03781433e+01,1.88994198e+01,1.23983532e-01,2.00265199e-01
5345803-S04-156I3-A-L-C-190,20.02.2020-10:05:36,2.10000000e+01,6.42113805e-01,8.86859608e+00,1.81703758e-03,1.93577209e+02,8.01638260e+01,1.85812759e+01,2.66043335e-01,5.69477975e-01
5345803-S04-156I3-A-L-C-190,20.02.2020-10:05:38,9.00000000e+00,6.47114396e-01,8.91870499e+00,1.60311512e-03,2.14837891e+02,8.03559494e+01,1.88769169e+01,1.72299027e-01,2.44677693e-01
5345803-S04-156I3-A-L-C-190,20.02.2020-10:05:40,9.00000000e+00,6.47230983e-01,8.94188404e+00,1.74024573e-03,1.33278976e+02,8.01944809e+01,1.88913498e+01,2.41898969e-01,2.85755813e-01
5345803-S04-156I3-A-L-C-190,20.02.2020-10:06:25,2.10000000e+01,6.45020247e-01,8.86153698e+00,2.16647470e-03,1.40810730e+02,7.97385483e+01,1.85515804e+01,2.73322850e-01,3.38715404e-01
5345803-S04-156I3-A-L-C-190,20.02.2020-10:06:53,1.00000000e+00,6.39821172e-01,8.84185123e+00,1.77625066e-03,4.67502350e+02,8.01844940e+01,1.84638557e+01,1.41376778e-01,4.14881378e-01
5345803-S04-156I3-A-L-C-190,20.02.2020-10:06:56,1.00000000e+00,6.40408218e-01,8.84693718e+00,2.05555977e-03,1.75080887e+02,8.00611191e+01,1.84629745e+01,1.94432437e-01,3.96329612e-01
5345803-S04-156I3-A-L-C-190,20.02.2020-10:06:58,1.00000000e+00,6.41499996e-01,8.84508514e+00,1.92727998e-03,1.75329956e+02,8.00389786e+01,1.84854660e+01,1.90073714e-01,3.63332421e-01
5345803-S04-156I3-A-L-C-190,20.02.2020-10:07:00,2.10000000e+01,6.41768217e-01,8.90976048e+00,2.01010541e-03,2.36181808e+02,7.99014511e+01,1.85964108e+01,1.02121353e-01,1.34298384e-01
5345803-S04-156I3-A-L-C-190,20.02.2020-10:07:02,1.00000000e+00,6.43110752e-01,8.77166748e+00,1.77968328e-03,2.48665726e+02,8.01834717e+01,1.84112377e+01,2.88990527e-01,2.19468641e+00
5345803-S04-156I3-A-L-C-190,20.02.2020-10:07:04,8.00000000e+00,6.50295675e-01,8.86545181e+00,1.92230090e-03,1.95934464e+02,8.05933990e+01,1.89121742e+01,1.47761181e-01,4.46530789e-01
5345803-S04-156I3-A-L-C-190,20.02.2020-10:07:06,1.00000000e+00,6.41996980e-01,8.82087708e+00,1.97587768e-03,3.43321899e+02,8.02186966e+01,1.84905796e+01,1.12754941e-01,3.19090843e-01
5345803-S04-156I3-A-L-C-190,20.02.2020-10:07:10,9.00000000e+00,6.47558630e-01,8.91274452e+00,1.88487384e-03,2.76339935e+02,8.03948517e+01,1.88863907e+01,1.22078516e-01,2.18683630e-01
5345803-S04-156I3-A-L-C-190,20.02.2020-10:07:12,1.00000000e+00,6.41900182e-01,8.79765892e+00,1.82314357e-03,1.90598007e+02,8.02489700e+01,1.84460888e+01,3.35997611e-01,1.46779239e+00
5345803-S04-156I3-A-L-C-190,20.02.2020-10:08:38,1.00000000e+00,6.42440498e-01,8.84997272e+00,2.20050546e-03,2.00798096e+02,7.96680756e+01,1.84369621e+01,1.55277640e-01,1.96030080e-01
5345803-S04-156I3-A-L-C-190,20.02.2020-10:08:40,1.00000000e+00,6.43584073e-01,8.83396339e+00,1.87444163e-03,3.42828369e+02,7.98985214e+01,1.84896984e+01,8.67768377e-02,2.74544507e-01
5345803-S04-156I3-A-L-C-190,20.02.2020-10:08:42,2.00000000e+01,6.45164073e-01,8.86986542e+00,1.74159731e-03,2.83313934e+02,8.01754303e+01,1.86749191e+01,1.06156506e-01,2.12769687e-01
5345803-S04-156I3-A-L-C-190,20.02.2020-10:08:44,1.00000000e+00,6.42102420e-01,8.85071850e+00,1.89783948e-03,1.76526077e+02,7.98537369e+01,1.84717598e+01,1.41343847e-01,1.70389622e-01
5345803-S04-156I3-A-L-C-190,20.02.2020-10:08:47,1.00000000e+00,6.42021060e-01,8.85491562e+00,2.22531660e-03,5.41383484e+02,7.96818008e+01,1.84383926e+01,7.20969588e-02,8.86463970e-02
5345803-S04-156I3-A-L-C-190,20.02.2020-10:08:49,2.00000000e+01,6.45623565e-01,8.86569309e+00,1.95563049e-03,2.55638748e+02,8.01220016e+01,1.86669807e+01,1.27363458e-01,2.25277066e-01
5345803-S04-156I3-A-L-C-190,20.02.2020-10:08:51,1.00000000e+00,6.40861094e-01,8.85162354e+00,2.22014892e-03,3.46138519e+02,7.98504028e+01,1.84371662e+01,8.62041935e-02,1.15231305e-01
5345803-S04-156I3-A-L-C-190,20.02.2020-10:08:53,2.00000000e+00,6.42360270e-01,8.72905445e+00,1.72583282e-03,3.19095764e+02,8.03307343e+01,1.83340244e+01,2.20065534e-01,8.04578245e-01
5345803-S04-156I3-A-L-C-190,20.02.2020-10:08:55,2.10000000e+01,6.41749322e-01,8.89946079e+00,1.85603031e-03,2.50286942e+02,7.98965073e+01,1.85732155e+01,1.12722516e-01,1.43665656e-01
5345803-S04-156I3-A-L-C-190,20.02.2020-10:08:57,2.00000000e+01,6.41847968e-01,8.91412640e+00,1.82664383e-03,1.82103806e+02,8.00346451e+01,1.86388531e+01,1.62035093e-01,2.00909197e-01
5345803-S04-156I3-A-L-C-190,20.02.2020-10:00:39,2.00000000e+01,6.44375026e-01,8.91026783e+00,1.96034368e-03,1.79566391e+02,7.99524612e+01,1.86849327e+01,1.18942611e-01,2.34284997e-01
5345803-S04-156I3-A-L-C-190,20.02.2020-10:00:41,2.10000000e+01,6.42643273e-01,8.91197205e+00,2.18682480e-03,1.37898468e+02,7.97420197e+01,1.85892220e+01,1.59249231e-01,2.54885644e-01
5345803-S04-156I3-A-L-C-190,20.02.2020-10:00:43,2.00000000e+01,6.43430471e-01,8.89751244e+00,2.13093986e-03,1.16853424e+02,8.00399399e+01,1.86512165e+01,2.22548693e-01,3.70903611e-01
5345803-S04-156I3-A-L-C-190,20.02.2020-10:00:45,2.00000000e+01,6.42841160e-01,8.91140652e+00,1.89592759e-03,1.21130768e+02,7.98804092e+01,1.86260357e+01,1.94185868e-01,3.15594941e-01
5345803-S04-156I3-A-L-C-190,20.02.2020-10:00:47,2.10000000e+01,6.42430365e-01,8.90310097e+00,2.02633208e-03,3.67639275e+01,7.97127609e+01,1.85577545e+01,5.90311229e-01,7.86979437e-01
5345803-S04-156I3-A-L-C-190,20.02.2020-10:00:49,2.00000000e+01,6.41943872e-01,8.90979195e+00,1.91591377e-03,5.62542763e+01,8.00266113e+01,1.86307030e+01,3.23676527e-01,3.88866305e-01
5345803-S04-156I3-A-L-C-190,20.02.2020-10:00:51,2.00000000e+01,6.42150521e-01,8.90139675e+00,1.81963015e-03,1.07076180e+02,8.00939789e+01,1.86348152e+01,1.93186060e-01,2.48270214e-01
5345803-S04-156I3-A-L-C-190,20.02.2020-10:00:54,1.00000000e+00,6.40259385e-01,8.84381771e+00,1.82143762e-03,5.72605591e+01,8.01729431e+01,1.84779491e+01,4.19838250e-01,8.10370862e-01
5345803-S04-156I3-A-L-C-190,20.02.2020-10:00:56,9.00000000e+00,6.44851446e-01,8.95106697e+00,1.92789198e-03,1.73291977e+02,8.01795044e+01,1.88377075e+01,1.87243968e-01,2.61030138e-01
5345803-S04-156I3-A-L-C-190,20.02.2020-10:00:58,1.90000000e+01,6.42481506e-01,8.92610645e+00,1.83200953e-03,5.63306694e+01,8.02597656e+01,1.87348728e+01,4.10027355e-01,6.01811945e-01
5345803-S04-156I3-A-L-C-190,20.02.2020-10:02:24,2.00000000e+01,6.42664075e-01,8.93892288e+00,1.98364025e-03,6.29478645e+01,7.98932571e+01,1.86814060e+01,4.56891984e-01,6.51997983e-01
5345803-S04-156I3-A-L-C-190,20.02.2020-10:02:26,2.10000000e+01,6.40960157e-01,8.90565491e+00,1.74373784e-03,8.88739243e+01,7.98440857e+01,1.85511055e+01,4.40301359e-01,7.65397370e-01
5345803-S04-156I3-A-L-C-190,20.02.2020-10:02:28,2.00000000e+01,6.43811643e-01,8.90522480e+00,1.95625238e-03,6.27486420e+01,8.00312042e+01,1.86764030e+01,4.62936938e-01,6.15051806e-01
5345803-S04-156I3-A-L-C-190,20.02.2020-10:02:30,1.00000000e+00,6.39536321e-01,8.87101269e+00,1.98537833e-03,1.10326149e+02,7.98085098e+01,1.84296799e+01,2.71201670e-01,5.14064908e-01
5345803-S04-156I3-A-L-C-190,20.02.2020-10:02:33,1.00000000e+00,6.41890109e-01,8.84740543e+00,1.88168872e-03,1.37217209e+02,7.98492737e+01,1.84577084e+01,1.98093995e-01,5.20488083e-01
5345803-S04-156I3-A-L-C-190,20.02.2020-10:02:35,2.10000000e+01,6.42823935e-01,8.87865543e+00,1.81857264e-03,1.11683388e+02,7.99315491e+01,1.85689621e+01,2.37875178e-01,4.78156120e-01
5345803-S04-156I3-A-L-C-190,20.02.2020-10:02:37,1.90000000e+01,6.42631710e-01,8.90293980e+00,1.75476167e-03,5.93859863e+01,8.03523636e+01,1.87121830e+01,3.60281646e-01,4.63756412e-01
5345803-S04-156I3-A-L-C-190,20.02.2020-10:02:39,1.90000000e+01,6.43216550e-01,8.92809200e+00,1.84776739e-03,7.95152664e+01,8.01092377e+01,1.87252960e+01,2.83411175e-01,3.89055610e-01
5345803-S04-156I3-A-L-C-190,20.02.2020-10:02:41,2.10000000e+01,6.39437616e-01,8.88138866e+00,1.74202246e-03,9.22368164e+01,8.00418167e+01,1.85023212e+01,2.99111187e-01,5.26004910e-01
5345803-S04-156I3-A-L-C-190,20.02.2020-10:02:43,2.00000000e+01,6.42690718e-01,8.91338825e+00,2.04987149e-03,6.78819427e+01,8.00597534e+01,1.86676350e+01,3.00862819e-01,4.10584807e-01
5345803-S04-156I3-A-L-C-190,20.02.2020-10:04:40,9.00000000e+00,6.46041393e-01,8.94789219e+00,1.90000702e-03,1.90084824e+02,8.00742111e+01,1.88409996e+01,1.74232572e-01,2.40527019e-01
5345803-S04-156I3-A-L-C-190,20.02.2020-10:04:42,1.90000000e+01,6.44978464e-01,8.91808796e+00,1.95689825e-03,1.52586670e+02,8.02954788e+01,1.87991524e+01,2.19142392e-01,3.41317743e-01
5345803-S04-156I3-A-L-C-190,20.02.2020-10:04:44,2.10000000e+01,6.42367661e-01,8.86700058e+00,1.72395003e-03,3.15921204e+02,8.01602020e+01,1.85844364e+01,1.56258360e-01,5.01932681e-01
5345803-S04-156I3-A-L-C-190,20.02.2020-10:04:46,2.10000000e+01,6.42628789e-01,8.86620331e+00,1.79690926e-03,1.07861710e+02,8.00770416e+01,1.85710335e+01,2.99085319e-01,5.60571551e-01
5345803-S04-156I3-A-L-C-190,20.02.2020-10:04:48,2.10000000e+01,6.42554700e-01,8.85214043e+00,1.54091697e-03,1.19369240e+02,8.01851425e+01,1.85644684e+01,2.70081133e-01,6.53322756e-01
5345803-S04-156I3-A-L-C-190,20.02.2020-10:04:50,1.90000000e+01,6.44454360e-01,8.90491772e+00,1.84203405e-03,2.37358856e+02,8.01126480e+01,1.87134285e+01,1.58923268e-01,2.46332183e-01
5345803-S04-156I3-A-L-C-190,20.02.2020-10:04:52,9.00000000e+00,6.47147894e-01,8.93736267e+00,1.98532804e-03,2.06241547e+02,8.01352310e+01,1.88654270e+01,1.07495062e-01,1.67089134e-01
5345803-S04-156I3-A-L-C-190,20.02.2020-10:04:54,8.00000000e+00,6.48676872e-01,8.96367264e+00,1.81838567e-03,1.95414688e+02,8.02898560e+01,1.90022621e+01,1.07733995e-01,1.33908108e-01
5345803-S04-156I3-A-L-C-190,20.02.2020-10:04:56,7.00000000e+00,6.50521576e-01,8.94723606e+00,1.92322431e-03,1.01037270e+02,8.05577545e+01,1.90848236e+01,2.91002303e-01,4.14969087e-01
5345803-S04-156I3-A-L-C-190,20.02.2020-10:04:59,2.10000000e+01,6.41970694e-01,8.85018539e+00,1.80903904e-03,1.11311157e+02,8.00911789e+01,1.85217686e+01,3.01782608e-01,6.65390313e-01
5345803-S04-156I3-A-L-C-190,20.02.2020-10:06:04,2.10000000e+01,6.42845809e-01,8.86602974e+00,1.97164272e-03,2.91564423e+02,7.97828140e+01,1.85086842e+01,1.04838051e-01,1.37630910e-01
5345803-S04-156I3-A-L-C-190,20.02.2020-10:06:06,2.10000000e+01,6.43021405e-01,8.83944702e+00,1.85891893e-03,1.41443481e+02,8.03368149e+01,1.85864029e+01,3.13303709e-01,1.09235251e+00
5345803-S04-156I3-A-L-C-190,20.02.2020-10:06:08,1.90000000e+01,6.46623373e-01,8.90553665e+00,1.91261957e-03,1.38530701e+02,7.98643417e+01,1.87195168e+01,1.89376041e-01,2.40413651e-01
5345803-S04-156I3-A-L-C-190,20.02.2020-10:06:10,2.10000000e+01,6.44361556e-01,8.86089134e+00,2.05742801e-03,1.64251938e+02,7.98431778e+01,1.85556030e+01,1.71459883e-01,3.22982013e-01
5345803-S04-156I3-A-L-C-190,20.02.2020-10:06:12,2.10000000e+01,6.43922389e-01,8.86739349e+00,1.98444934e-03,2.72849884e+02,7.99778748e+01,1.85878677e+01,1.16767697e-01,2.52854735e-01
5345803-S04-156I3-A-L-C-190,20.02.2020-10:06:14,2.00000000e+01,6.45801067e-01,8.89063072e+00,2.12195865e-03,1.51545151e+02,7.97663651e+01,1.86415195e+01,1.56286627e-01,2.99280047e-01
5345803-S04-156I3-A-L-C-190,20.02.2020-10:06:16,1.00000000e+00,6.40909851e-01,8.85418987e+00,1.89336564e-03,2.14567871e+02,8.00430908e+01,1.84884224e+01,1.66055933e-01,3.46980125e-01
5345803-S04-156I3-A-L-C-190,20.02.2020-10:06:18,2.10000000e+01,6.41379833e-01,8.91339588e+00,1.83990912e-03,2.74782776e+02,7.99304733e+01,1.85994930e+01,1.21959962e-01,1.57953724e-01
5345803-S04-156I3-A-L-C-190,20.02.2020-10:06:20,1.00000000e+00,6.40252054e-01,8.84701824e+00,1.64176838e-03,5.39887817e+02,8.01268158e+01,1.84737892e+01,1.43757299e-01,4.02510017e-01
5345803-S04-156I3-A-L-C-190,20.02.2020-10:06:23,2.00000000e+01,6.41709149e-01,8.90864658e+00,1.57114759e-03,3.67644531e+02,7.99625702e+01,1.86065941e+01,9.25639793e-02,1.20552570e-01
5345803-S04-156I3-A-L-C-190,20.02.2020-10:07:15,1.00000000e+00,6.39784217e-01,8.89655685e+00,1.95356156e-03,2.53996597e+02,7.97481384e+01,1.84759274e+01,9.86826271e-02,1.24658279e-01
5345803-S04-156I3-A-L-C-190,20.02.2020-10:07:17,1.00000000e+00,6.39596283e-01,8.89645386e+00,1.56222761e-03,2.05276779e+02,7.98463211e+01,1.84930248e+01,1.14764415e-01,1.40826494e-01
5345803-S04-156I3-A-L-C-190,20.02.2020-10:07:19,9.00000000e+00,6.46660030e-01,8.91023350e+00,2.08865455e-03,1.61621048e+02,8.03372116e+01,1.88413506e+01,1.79349348e-01,2.70851880e-01
5345803-S04-156I3-A-L-C-190,20.02.2020-10:07:21,8.00000000e+00,6.50158584e-01,8.90612698e+00,2.17481842e-03,3.64389648e+02,8.04945831e+01,1.89716473e+01,1.14180520e-01,3.76453787e-01
5345803-S04-156I3-A-L-C-190,20.02.2020-10:07:23,1.00000000e+00,6.39784992e-01,8.89982605e+00,1.85967854e-03,2.81650116e+02,7.98130646e+01,1.84977875e+01,8.99827108e-02,1.16124831e-01
5345803-S04-156I3-A-L-C-190,20.02.2020-10:07:25,2.00000000e+01,6.41554415e-01,8.94687939e+00,1.98952691e-03,2.07011856e+02,7.98401337e+01,1.86533356e+01,1.38528630e-01,1.65804788e-01
5345803-S04-156I3-A-L-C-190,20.02.2020-10:07:27,2.10000000e+01,6.40002847e-01,8.90180683e+00,1.91816734e-03,1.47599014e+02,7.97957382e+01,1.85041866e+01,1.41026810e-01,1.73730969e-01
5345803-S04-156I3-A-L-C-190,20.02.2020-10:07:29,2.40000000e+01,6.49804592e-01,8.89508533e+00,2.17706827e-03,8.68021107e+00,7.99316101e+01,1.88053627e+01,2.92359424e+00,3.82621598e+00
5345803-S04-156I3-A-L-C-190,20.02.2020-10:07:31,8.00000000e+00,6.50287747e-01,8.90463352e+00,2.03761202e-03,3.34618652e+02,8.05760040e+01,1.89914227e+01,1.08757496e-01,3.79794270e-01
5345803-S04-156I3-A-L-C-190,20.02.2020-10:07:33,1.00000000e+00,6.40168488e-01,8.89945412e+00,1.99873862e-03,2.73781982e+02,7.97141647e+01,1.84851665e+01,9.34299827e-02,1.19068816e-01
5345803-S04-156I3-A-L-C-190,20.02.2020-10:08:59,2.00000000e+01,6.40898585e-01,8.90338039e+00,1.87562720e-03,4.23566223e+02,8.01441345e+01,1.86142750e+01,1.20703436e-01,1.56905234e-01
5345803-S04-156I3-A-L-C-190,20.02.2020-10:09:01,2.10000000e+01,6.41810298e-01,8.92747116e+00,2.25777435e-03,1.58946976e+02,7.96003876e+01,1.85643826e+01,1.71533599e-01,2.05541402e-01
5345803-S04-156I3-A-L-C-190,20.02.2020-10:09:03,1.00000000e+00,6.43186986e-01,8.80361366e+00,1.93412695e-03,2.08016678e+02,8.01289368e+01,1.84679127e+01,3.06540459e-01,1.16464520e+00
5345803-S04-156I3-A-L-C-190,20.02.2020-10:09:05,2.10000000e+01,6.40907824e-01,8.90349674e+00,2.04619206e-03,1.96155197e+02,7.99288254e+01,1.85647793e+01,1.82291076e-01,2.26835907e-01
5345803-S04-156I3-A-L-C-190,20.02.2020-10:09:07,1.00000000e+00,6.43935442e-01,8.78833294e+00,1.84414780e-03,3.78258667e+02,8.02427673e+01,1.84835300e+01,1.59798443e-01,6.18672073e-01
5345803-S04-156I3-A-L-C-190,20.02.2020-10:09:10,2.00000000e+01,6.45102799e-01,8.85381794e+00,2.02581636e-03,2.40061676e+02,8.00311890e+01,1.86058254e+01,1.60335377e-01,2.65889734e-01
5345803-S04-156I3-A-L-C-190,20.02.2020-10:09:12,1.00000000e+00,6.42540991e-01,8.85615349e+00,1.80914148e-03,1.78649094e+02,7.98058090e+01,1.84846268e+01,1.14363618e-01,1.45389318e-01
5345803-S04-156I3-A-L-C-190,20.02.2020-10:09:14,2.00000000e+01,6.44837439e-01,8.87744808e+00,2.11519958e-03,3.10929626e+02,7.99644318e+01,1.86322556e+01,1.05031326e-01,2.06273004e-01
5345803-S04-156I3-A-L-C-190,20.02.2020-10:09:16,1.00000000e+00,6.41745746e-01,8.85633850e+00,2.07284326e-03,3.67595551e+02,7.97936859e+01,1.84593296e+01,7.52892345e-02,1.00457534e-01
5345803-S04-156I3-A-L-C-190,20.02.2020-10:09:18,1.00000000e+00,6.42503679e-01,8.83085442e+00,1.96327479e-03,2.21713226e+02,8.00856171e+01,1.84953709e+01,1.62704363e-01,3.60926628e-01
5345803-S04-156I3-A-L-C-190,20.02.2020-10:09:43,2.10000000e+01,6.43645406e-01,8.85300159e+00,1.81736238e-03,1.01518600e+02,8.01336288e+01,1.85858421e+01,2.85629421e-01,5.72335958e-01
5345803-S04-156I3-A-L-C-190,20.02.2020-10:09:45,1.00000000e+00,6.42459452e-01,8.83767796e+00,1.78413303e-03,5.21617813e+01,7.99619293e+01,1.84798031e+01,6.37485802e-01,1.07057893e+00
5345803-S04-156I3-A-L-C-190,20.02.2020-10:09:47,2.00000000e+01,6.43859386e-01,8.85150337e+00,1.82990159e-03,2.64968781e+02,8.02096939e+01,1.86065178e+01,1.62421435e-01,3.47048581e-01
5345803-S04-156I3-A-L-C-190,20.02.2020-10:09:49,1.00000000e+00,6.42002642e-01,8.77711201e+00,1.76086556e-03,2.35379105e+02,8.02650604e+01,1.84096355e+01,3.61902177e-01,1.42142403e+00
5345803-S04-156I3-A-L-C-190,20.02.2020-10:09:51,2.10000000e+01,6.41879737e-01,8.90158939e+00,1.89693470e-03,2.88712952e+02,7.98374329e+01,1.85676956e+01,1.13972932e-01,1.49078652e-01
5345803-S04-156I3-A-L-C-190,20.02.2020-10:09:53,2.10000000e+01,6.43775940e-01,8.84963703e+00,2.04478204e-03,1.70182098e+02,8.01362610e+01,1.85831566e+01,1.68696791e-01,4.10508156e-01
5345803-S04-156I3-A-L-C-190,20.02.2020-10:09:55,2.00000000e+00,6.41282022e-01,8.76840878e+00,1.98722072e-03,8.38343277e+01,8.01366425e+01,1.83413448e+01,7.30320692e-01,2.35878301e+00
5345803-S04-156I3-A-L-C-190,20.02.2020-10:09:58,2.00000000e+01,6.45932198e-01,8.87698555e+00,1.96982757e-03,2.82038544e+02,8.00390625e+01,1.86803341e+01,8.35589990e-02,1.39797047e-01
5345803-S04-156I3-A-L-C-190,20.02.2020-10:10:00,2.10000000e+01,6.43765390e-01,8.85932446e+00,2.00277544e-03,3.79454865e+02,7.99221649e+01,1.85534935e+01,1.05875701e-01,1.34542331e-01
5345803-S04-156I3-A-L-C-190,20.02.2020-10:10:02,1.90000000e+01,6.44941211e-01,8.93382072e+00,1.95084396e-03,3.34525482e+02,7.99287033e+01,1.87452106e+01,1.06158048e-01,1.26291439e-01
5345803-S04-156I3-A-L-C-190,20.02.2020-10:10:25,2.00000000e+01,6.40919507e-01,8.93854237e+00,2.02387688e-03,1.62914810e+02,7.98656769e+01,1.86234684e+01,1.34485632e-01,1.64521441e-01
5345803-S04-156I3-A-L-C-190,20.02.2020-10:10:27,1.00000000e+00,6.41516387e-01,8.78227425e+00,1.65859424e-03,1.17756645e+02,8.02988205e+01,1.84142532e+01,5.82525134e-01,2.04157805e+00
5345803-S04-156I3-A-L-C-190,20.02.2020-10:10:29,9.00000000e+00,6.47063673e-01,8.91238594e+00,1.95461442e-03,2.33803696e+02,8.02757034e+01,1.88432293e+01,1.19644672e-01,1.42657146e-01
5345803-S04-156I3-A-L-C-190,20.02.2020-10:10:31,2.00000000e+01,6.45186961e-01,8.88841438e+00,1.93847215e-03,2.01234909e+02,8.00567932e+01,1.86869431e+01,1.40243366e-01,1.73295617e-01
5345803-S04-156I3-A-L-C-190,20.02.2020-10:10:33,1.90000000e+01,6.44386709e-01,8.89361000e+00,1.85971987e-03,2.26716568e+02,8.01791077e+01,1.87032070e+01,1.55113965e-01,2.56294310e-01
5345803-S04-156I3-A-L-C-190,20.02.2020-10:10:35,1.90000000e+01,6.43871129e-01,8.89503574e+00,1.92345690e-03,1.34358109e+02,8.02385330e+01,1.87050915e+01,2.09189758e-01,3.10090303e-01
5345803-S04-156I3-A-L-C-190,20.02.2020-10:10:38,2.00000000e+01,6.45392299e-01,8.86420059e+00,1.90731301e-03,1.07249725e+02,7.99331055e+01,1.86131649e+01,2.64772117e-01,3.47810477e-01
5345803-S04-156I3-A-L-C-190,20.02.2020-10:10:41,2.00000000e+00,6.41686380e-01,8.77921677e+00,1.77255273e-03,1.38899063e+02,7.98856277e+01,1.83179760e+01,2.77831435e-01,5.18380404e-01
5345803-S04-156I3-A-L-C-190,20.02.2020-10:10:43,1.90000000e+01,6.44839406e-01,8.90186977e+00,1.87296048e-03,1.51882385e+02,8.00522537e+01,1.87040882e+01,1.85033411e-01,2.19957024e-01
5345803-S04-156I3-A-L-C-190,20.02.2020-10:10:45,1.00000000e+00,6.38970971e-01,8.90498924e+00,2.14549107e-03,1.56453125e+02,7.95761719e+01,1.84301014e+01,1.56833425e-01,2.19486743e-01
5345803-S04-156I3-A-L-C-190,20.02.2020-10:07:36,9.00000000e+00,6.47363245e-01,8.87884331e+00,1.77123584e-03,4.66374573e+02,8.04689484e+01,1.88262119e+01,1.09652355e-01,1.98879242e-01
5345803-S04-156I3-A-L-C-190,20.02.2020-10:07:38,2.10000000e+01,6.42632365e-01,8.85251999e+00,1.82323658e-03,2.29186432e+02,8.02124176e+01,1.85738220e+01,1.95410237e-01,4.16624546e-01
5345803-S04-156I3-A-L-C-190,20.02.2020-10:07:40,1.00000000e+00,6.41210079e-01,8.85138226e+00,1.86686369e-03,3.31877411e+02,7.99996338e+01,1.84811764e+01,1.95318475e-01,3.68174791e-01
5345803-S04-156I3-A-L-C-190,20.02.2020-10:07:42,2.10000000e+01,6.41772091e-01,8.89065075e+00,1.94158324e-03,4.62616577e+02,7.98475800e+01,1.85441246e+01,6.04315214e-02,8.14767554e-02
5345803-S04-156I3-A-L-C-190,20.02.2020-10:07:44,2.00000000e+01,6.42336726e-01,8.90609550e+00,2.01271917e-03,2.67867828e+02,7.99622726e+01,1.86193886e+01,1.28561333e-01,1.57046080e-01
5345803-S04-156I3-A-L-C-190,20.02.2020-10:07:46,2.10000000e+01,6.41894937e-01,8.83927917e+00,2.00737710e-03,2.03244095e+02,8.01592636e+01,1.85124855e+01,1.46629199e-01,4.98562217e-01
5345803-S04-156I3-A-L-C-190,20.02.2020-10:07:48,2.10000000e+01,6.42556906e-01,8.85698032e+00,1.87747274e-03,1.80303909e+02,8.01059113e+01,1.85563259e+01,1.76252365e-01,3.34612012e-01
5345803-S04-156I3-A-L-C-190,20.02.2020-10:07:50,2.00000000e+01,6.41659498e-01,8.91903305e+00,1.89798512e-03,2.76313416e+02,7.98613052e+01,1.86032581e+01,8.87400508e-02,1.17504753e-01
5345803-S04-156I3-A-L-C-190,20.02.2020-10:07:52,1.00000000e+00,6.39104784e-01,8.83996964e+00,2.04152800e-03,2.88108917e+02,8.01060715e+01,1.84212227e+01,1.68234676e-01,3.93986493e-01
5345803-S04-156I3-A-L-C-190,20.02.2020-10:07:54,1.00000000e+00,6.40251517e-01,8.83320045e+00,1.81465002e-03,2.04585861e+02,7.99863358e+01,1.84125843e+01,1.99377477e-01,3.71521831e-01
5345803-S04-156I3-A-L-C-190,20.02.2020-10:09:20,1.00000000e+00,6.41757905e-01,8.83850765e+00,1.94092433e-03,2.80907471e+02,8.00505219e+01,1.84818115e+01,9.79182869e-02,1.18112229e-01
5345803-S04-156I3-A-L-C-190,20.02.2020-10:09:22,2.00000000e+01,6.44766569e-01,8.85931778e+00,1.98903563e-03,3.38534088e+02,8.00474777e+01,1.86114674e+01,1.34634003e-01,2.52973855e-01
5345803-S04-156I3-A-L-C-190,20.02.2020-10:09:24,2.10000000e+01,6.43390238e-01,8.82902050e+00,2.10692687e-03,1.60070282e+02,8.01721191e+01,1.85370464e+01,2.58669108e-01,8.33372653e-01
5345803-S04-156I3-A-L-C-190,20.02.2020-10:09:26,2.10000000e+01,6.44256711e-01,8.82895660e+00,1.96181261e-03,1.90848129e+02,7.99055710e+01,1.85001640e+01,2.50181705e-01,4.13170993e-01
5345803-S04-156I3-A-L-C-190,20.02.2020-10:09:30,1.30000000e+01,6.40431464e-01,8.68978977e+00,2.17765849e-03,3.37137939e+02,7.94015274e+01,1.79862652e+01,1.15051523e-01,2.05392882e-01
5345803-S04-156I3-A-L-C-190,20.02.2020-10:09:33,1.00000000e+00,6.42589688e-01,8.84456253e+00,2.09674495e-03,1.48004150e+02,7.98995361e+01,1.84835167e+01,2.24018067e-01,3.79086435e-01
5345803-S04-156I3-A-L-C-190,20.02.2020-10:09:35,2.10000000e+01,6.43501282e-01,8.83410072e+00,2.03677360e-03,3.40353058e+02,8.01054993e+01,1.85354977e+01,1.29526228e-01,3.75291616e-01
5345803-S04-156I3-A-L-C-190,20.02.2020-10:09:37,2.10000000e+01,6.43801033e-01,8.84340858e+00,1.66801235e-03,1.76349487e+02,8.02276230e+01,1.85919743e+01,1.92640975e-01,4.60019350e-01
5345803-S04-156I3-A-L-C-190,20.02.2020-10:09:39,2.10000000e+01,6.43544734e-01,8.84764576e+00,1.75617158e-03,2.03173462e+02,8.01666565e+01,1.85793457e+01,1.74849659e-01,4.28584903e-01
5345803-S04-156I3-A-L-C-190,20.02.2020-10:09:41,1.00000000e+00,6.42252684e-01,8.83420658e+00,1.93869870e-03,1.85779785e+02,8.00095215e+01,1.84775906e+01,2.49903470e-01,6.54215574e-01
5345803-S04-156I3-A-L-C-190,20.02.2020-10:10:04,2.10000000e+01,6.44761562e-01,8.85552502e+00,1.90457853e-03,1.25376419e+02,7.99719009e+01,1.85857925e+01,1.79529205e-01,2.95279443e-01
5345803-S04-156I3-A-L-C-190,20.02.2020-10:10:06,2.00000000e+00,6.39243841e-01,8.83587265e+00,2.17820448e-03,1.43971710e+02,7.96001358e+01,1.83003769e+01,2.17627212e-01,4.63385016e-01
5345803-S04-156I3-A-L-C-190,20.02.2020-10:10:08,1.00000000e+00,6.42378271e-01,8.81317902e+00,2.08846852e-03,3.77851135e+02,7.98918686e+01,1.84101028e+01,1.08773760e-01,3.20494890e-01
5345803-S04-156I3-A-L-C-190,20.02.2020-10:10:10,1.00000000e+00,6.43220305e-01,8.81732464e+00,1.77740492e-03,2.79850555e+02,7.99714966e+01,1.84612904e+01,1.18351370e-01,2.96734482e-01
5345803-S04-156I3-A-L-C-190,20.02.2020-10:10:12,2.00000000e+01,6.41885281e-01,8.91606998e+00,1.84413872e-03,1.56868530e+02,8.00446396e+01,1.86463280e+01,1.81875721e-01,2.24452645e-01
5345803-S04-156I3-A-L-C-190,20.02.2020-10:10:14,1.90000000e+01,6.44762039e-01,8.91854763e+00,1.93754118e-03,1.68546600e+02,8.00617294e+01,1.87391014e+01,1.16561264e-01,1.40230134e-01
5345803-S04-156I3-A-L-C-190,20.02.2020-10:10:16,1.00000000e+00,6.40686870e-01,8.92706680e+00,2.15704925e-03,2.38450653e+02,7.94403687e+01,1.84937973e+01,1.29295677e-01,1.81820095e-01
5345803-S04-156I3-A-L-C-190,20.02.2020-10:10:18,1.00000000e+00,6.41657174e-01,8.79386806e+00,2.12347438e-03,1.46482590e+02,8.01314697e+01,1.84041729e+01,4.18839097e-01,1.55003047e+00
5345803-S04-156I3-A-L-C-190,20.02.2020-10:10:21,2.10000000e+01,6.41775787e-01,8.91605377e+00,2.00868770e-03,2.58250824e+02,7.97993317e+01,1.85859795e+01,9.84747261e-02,1.30147904e-01
5345803-S04-156I3-A-L-C-190,20.02.2020-10:10:23,1.00000000e+00,6.42433047e-01,8.80886173e+00,1.80357532e-03,1.77265182e+02,8.02812653e+01,1.84923496e+01,3.32580090e-01,1.45702279e+00
5345803-S04-156I3-A-L-C-190,20.02.2020-10:10:47,2.00000000e+01,6.45491898e-01,8.87007713e+00,2.15655845e-03,1.29229782e+02,8.00719147e+01,1.86607285e+01,2.38984138e-01,4.14001971e-01
5345803-S04-156I3-A-L-C-190,20.02.2020-10:10:49,2.00000000e+01,6.43741846e-01,8.88653564e+00,1.87957298e-03,2.22194061e+02,8.02796555e+01,1.86930389e+01,1.80110350e-01,3.22455496e-01
5345803-S04-156I3-A-L-C-190,20.02.2020-10:10:51,1.90000000e+01,6.43135488e-01,8.89039135e+00,1.94292131e-03,1.35868225e+02,8.03660583e+01,1.87036438e+01,2.08798856e-01,3.66160780e-01
5345803-S04-156I3-A-L-C-190,20.02.2020-10:10:53,2.00000000e+00,6.41836107e-01,8.79113102e+00,1.74053083e-03,1.36370972e+02,7.98275070e+01,1.83337669e+01,2.69223720e-01,3.53548646e-01
5345803-S04-156I3-A-L-C-190,20.02.2020-10:10:55,1.90000000e+01,6.44983292e-01,8.86986446e+00,1.85736211e-03,1.06383110e+02,8.04071274e+01,1.87236366e+01,2.31505379e-01,3.72514278e-01
5345803-S04-156I3-A-L-C-190,20.02.2020-10:10:57,2.00000000e+01,6.44025385e-01,8.85714245e+00,2.00165855e-03,9.38344345e+01,8.03010483e+01,1.86443844e+01,3.23631972e-01,4.51051295e-01
5345803-S04-156I3-A-L-C-190,20.02.2020-10:11:00,2.00000000e+01,6.44510865e-01,8.84901524e+00,1.90513872e-03,9.76460037e+01,8.03030777e+01,1.86417885e+01,2.52378792e-01,4.07154292e-01
5345803-S04-156I3-A-L-C-190,20.02.2020-10:11:06,2.00000000e+01,6.44135237e-01,8.84682369e+00,1.93942618e-03,9.42004395e+01,8.03740845e+01,1.86427784e+01,2.76792943e-01,4.06397223e-01
5345803-S04-156I3-A-L-C-190,20.02.2020-10:11:08,1.00000000e+00,6.40617967e-01,8.80435276e+00,1.65767444e-03,1.24672028e+02,8.05413666e+01,1.84903755e+01,2.96055019e-01,7.91021109e-01
5345803-S04-156I3-A-L-C-190,20.02.2020-10:11:10,2.00000000e+01,6.44644618e-01,8.86370182e+00,1.82969915e-03,5.34541664e+01,8.01198578e+01,1.86339912e+01,6.35196507e-01,8.23269904e-01
5345803-S04-156I3-A-L-C-190,20.02.2020-10:11:43,2.00000000e+01,6.43460989e-01,8.87621975e+00,2.00163131e-03,1.02991852e+02,8.03625107e+01,1.86824570e+01,3.21086496e-01,5.64766943e-01
5345803-S04-156I3-A-L-C-190,20.02.2020-10:11:46,2.00000000e+01,6.44219398e-01,8.87618446e+00,2.28486001e-03,1.40793701e+02,8.00290146e+01,1.86267815e+01,2.55886137e-01,4.90795225e-01
5345803-S04-156I3-A-L-C-190,20.02.2020-10:11:48,1.90000000e+01,6.45069838e-01,8.89387226e+00,1.77881937e-03,1.06448982e+02,8.01699219e+01,1.87214413e+01,3.24923664e-01,5.13930917e-01
5345803-S04-156I3-A-L-C-190,20.02.2020-10:11:50,3.00000000e+00,6.37811780e-01,8.73847866e+00,1.95931341e-03,8.91165619e+01,7.99791336e+01,1.81440926e+01,5.98187327e-01,1.90475357e+00
5345803-S04-156I3-A-L-C-190,20.02.2020-10:11:52,1.90000000e+01,6.44563317e-01,8.90119076e+00,2.12770840e-03,9.34227753e+01,8.01081543e+01,1.87077103e+01,3.54295522e-01,5.01136184e-01
5345803-S04-156I3-A-L-C-190,20.02.2020-10:11:54,2.00000000e+01,6.43430769e-01,8.87765121e+00,1.92858279e-03,9.99538651e+01,8.01146622e+01,1.86269665e+01,3.81884754e-01,7.15779245e-01
5345803-S04-156I3-A-L-C-190,20.02.2020-10:11:56,1.00000000e+00,6.39955640e-01,8.82348537e+00,1.63325691e-03,5.92097435e+01,8.00598831e+01,1.84007359e+01,6.92847848e-01,1.33981109e+00
5345803-S04-156I3-A-L-C-190,20.02.2020-10:11:58,2.00000000e+01,6.44473553e-01,8.86241055e+00,1.80796953e-03,1.12112961e+02,8.02055206e+01,1.86462460e+01,3.03374231e-01,4.49906498e-01
5345803-S04-156I3-A-L-C-190,20.02.2020-10:12:00,1.00000000e+00,6.40320063e-01,8.83136177e+00,1.86644692e-03,1.12456383e+02,8.00988007e+01,1.84366074e+01,3.34591120e-01,8.28264177e-01
5345803-S04-156I3-A-L-C-190,20.02.2020-10:12:02,2.00000000e+01,6.44556642e-01,8.86927223e+00,2.05538259e-03,8.43051910e+01,8.00635300e+01,1.86300507e+01,3.68931293e-01,5.55363297e-01
5345803-S04-156I3-A-L-C-190,20.02.2020-10:12:46,1.40000000e+01,6.44358039e-01,8.88582039e+00,1.89942331e-03,1.76006355e+01,7.99282532e+01,1.86275330e+01,1.78891480e+00,2.17108727e+00
5345803-S04-156I3-A-L-C-190,20.02.2020-10:12:48,2.00000000e+01,6.44217670e-01,8.86628246e+00,1.73643709e-03,2.24557236e+02,8.01682892e+01,1.86383305e+01,1.82743967e-01,3.36989045e-01
5345803-S04-156I3-A-L-C-190,20.02.2020-10:13:06,2.00000000e+00,6.40657485e-01,8.75451660e+00,1.63281115e-03,1.45237473e+02,7.99553986e+01,1.82530766e+01,3.41469646e-01,8.84024501e-01
5345803-S04-156I3-A-L-C-190,20.02.2020-10:13:08,2.00000000e+00,6.40519559e-01,8.76557541e+00,1.98540837e-03,7.42616196e+01,7.99186325e+01,1.82637959e+01,5.92209697e-01,1.31634724e+00
5345803-S04-156I3-A-L-C-190,20.02.2020-10:13:10,1.90000000e+01,6.45346165e-01,8.89430046e+00,2.04916671e-03,2.68510162e+02,8.01259384e+01,1.87200871e+01,1.97553769e-01,3.81490439e-01
5345803-S04-156I3-A-L-C-190,20.02.2020-10:13:12,2.00000000e+01,6.44890130e-01,8.86705875e+00,1.79876760e-03,2.59455200e+02,8.02155380e+01,1.86704178e+01,1.26474157e-01,2.23358467e-01
5345803-S04-156I3-A-L-C-190,20.02.2020-10:13:32,3.00000000e+00,6.37908816e-01,8.73949242e+00,1.62038393e-03,1.94623230e+02,8.01786575e+01,1.81942348e+01,3.81042361e-01,1.69726241e+00
5345803-S04-156I3-A-L-C-190,20.02.2020-10:13:34,2.00000000e+01,6.44546032e-01,8.86969662e+00,1.71544636e-03,1.23687416e+02,8.02474899e+01,1.86734409e+01,3.33348632e-01,5.67489922e-01
5345803-S04-156I3-A-L-C-190,20.02.2020-10:13:36,1.90000000e+01,6.45183027e-01,8.90072250e+00,2.01328774e-03,2.94833832e+02,8.01647720e+01,1.87379436e+01,1.41365424e-01,2.47411370e-01
5345803-S04-156I3-A-L-C-190,20.02.2020-10:13:38,1.90000000e+01,6.43964946e-01,8.88486862e+00,1.99268898e-03,2.20414627e+02,8.03287888e+01,1.87074509e+01,2.00045303e-01,3.54480594e-01
5345803-S04-156I3-A-L-C-190-qa123,20.02.2020-10:22:11,1.00000000e+01,6.80526137e-01,1.00156946e+01,1.68223353e-03,1.65918689e+03,8.09748764e+01,2.19024582e+01,8.98251962e-03,1.02367876e-02
5345803-S04-156I3-A-L-C-190-qa123,20.02.2020-10:22:15,1.00000000e+01,6.80495501e-01,1.00100765e+01,2.09202361e-03,2.16945337e+03,8.06056290e+01,2.17893734e+01,1.27217229e-02,1.45665249e-02
5345803-S04-156I3-A-L-C-190-qa123,20.02.2020-10:22:19,1.00000000e+01,6.80507421e-01,1.00276537e+01,1.90927659e-03,1.38953674e+03,8.07260971e+01,2.18606358e+01,1.14331245e-02,1.28870709e-02
5345803-S04-156I3-A-L-C-190-qa123,20.02.2020-10:22:23,1.00000000e+01,6.79160178e-01,1.00089426e+01,2.27392698e-03,1.67752515e+03,8.05638275e+01,2.17328739e+01,6.70665689e-03,8.41097254e-03
5345803-S04-156I3-A-L-C-190-qa123,20.02.2020-10:22:27,1.00000000e+01,6.79705560e-01,1.00115147e+01,2.10123369e-03,1.75575903e+03,8.07298889e+01,2.18007603e+01,9.64697544e-03,1.17941573e-02
5345803-S04-156I3-A-L-C-190-qa123,20.02.2020-10:22:31,1.00000000e+01,6.79807603e-01,1.00418186e+01,1.79486244e-03,1.48252356e+03,8.07703857e+01,2.18810043e+01,7.58314133e-03,8.41995515e-03
5345803-S04-156I3-A-L-C-190-qa123,20.02.2020-10:22:35,1.00000000e+01,6.78555369e-01,1.00169220e+01,1.98451616e-03,5.39589697e+03,8.05854721e+01,2.17366714e+01,6.91239815e-03,8.26922990e-03
5345803-S04-156I3-A-L-C-190-qa123,20.02.2020-10:22:39,1.00000000e+01,6.78865552e-01,1.00278816e+01,2.19302136e-03,1.27743750e+03,8.07700653e+01,2.18202686e+01,1.65530704e-02,1.85263064e-02
5345803-S04-156I3-A-L-C-190-qa123,20.02.2020-10:22:43,1.00000000e+01,6.78719163e-01,1.00159073e+01,2.20485870e-03,1.69111316e+03,8.07930145e+01,2.17957039e+01,7.15803169e-03,7.51148211e-03
5345803-S04-156I3-A-L-C-190-qa123,20.02.2020-10:22:47,1.00000000e+01,6.77167714e-01,1.00158558e+01,2.44808267e-03,1.54234717e+03,8.03569870e+01,2.16284142e+01,2.16136463e-02,2.73558628e-02
5345803-S04-156I3-A-L-C-190,20.02.2020-10:07:56,2.10000000e+01,6.41465962e-01,8.89278412e+00,1.88294053e-03,1.83501831e+02,7.98516922e+01,1.85406818e+01,1.42183766e-01,1.77536160e-01
5345803-S04-156I3-A-L-C-190,20.02.2020-10:07:59,2.10000000e+01,6.43952966e-01,8.83825684e+00,2.01587495e-03,1.42482834e+02,8.01993942e+01,1.85789890e+01,2.17678532e-01,4.59963709e-01
5345803-S04-156I3-A-L-C-190,20.02.2020-10:08:01,2.00000000e+00,6.41753674e-01,8.77577400e+00,2.08307244e-03,3.25466675e+02,8.01220703e+01,1.83669128e+01,3.37032825e-01,1.73522282e+00
5345803-S04-156I3-A-L-C-190,20.02.2020-10:08:03,2.10000000e+01,6.42789364e-01,8.89660358e+00,2.04582280e-03,1.61370117e+02,7.98642120e+01,1.85898266e+01,1.96802825e-01,2.33626738e-01
5345803-S04-156I3-A-L-C-190,20.02.2020-10:08:05,1.00000000e+00,6.42012954e-01,8.76915836e+00,1.77393900e-03,2.99098450e+02,8.03138123e+01,1.84044209e+01,5.18545806e-01,1.72381699e+00
5345803-S04-156I3-A-L-C-190,20.02.2020-10:08:07,1.00000000e+00,6.41621768e-01,8.86375618e+00,1.90238317e-03,3.47045288e+02,7.98703384e+01,1.84889641e+01,1.11947171e-01,1.45902380e-01
5345803-S04-156I3-A-L-C-190,20.02.2020-10:08:09,2.00000000e+00,6.42073810e-01,8.78205967e+00,1.94502342e-03,2.18797348e+02,8.01432571e+01,1.83941002e+01,1.71172068e-01,5.51612854e-01
5345803-S04-156I3-A-L-C-190,20.02.2020-10:08:11,2.10000000e+01,6.41893029e-01,8.87759781e+00,2.09482317e-03,1.83272003e+02,7.98649979e+01,1.85244274e+01,2.23609358e-01,2.71404743e-01
5345803-S04-156I3-A-L-C-190,20.02.2020-10:08:13,2.00000000e+01,6.41830862e-01,8.93145084e+00,2.06312514e-03,2.43496048e+02,7.97657394e+01,1.86118355e+01,8.96917060e-02,1.11495532e-01
5345803-S04-156I3-A-L-C-190,20.02.2020-10:08:15,1.90000000e+01,6.46440804e-01,8.88028526e+00,1.89431547e-03,2.29874817e+02,8.01863022e+01,1.87363949e+01,9.09908041e-02,1.43077910e-01
5345803-S04-156I3-A-L-C-190,20.02.2020-10:11:12,2.00000000e+01,6.43785119e-01,8.88374043e+00,1.88369618e-03,5.28167496e+01,8.00626144e+01,1.86378899e+01,4.89879966e-01,6.71380579e-01
5345803-S04-156I3-A-L-C-190,20.02.2020-10:11:24,1.90000000e+01,6.44155622e-01,8.89882660e+00,1.94108905e-03,1.53322830e+02,8.02442398e+01,1.87226620e+01,2.44155630e-01,3.71837348e-01
5345803-S04-156I3-A-L-C-190,20.02.2020-10:11:27,2.00000000e+01,6.43943727e-01,8.83856773e+00,1.66809186e-03,1.50119659e+02,8.04085464e+01,1.86278286e+01,2.39869580e-01,7.69105554e-01
5345803-S04-156I3-A-L-C-190,20.02.2020-10:11:29,8.00000000e+00,6.47688687e-01,8.91764832e+00,2.11625104e-03,1.13773483e+02,8.04808350e+01,1.89207935e+01,2.64756680e-01,4.47876811e-01
5345803-S04-156I3-A-L-C-190,20.02.2020-10:11:31,2.10000000e+01,6.44137859e-01,8.83980370e+00,1.61989045e-03,1.16381775e+02,8.00540619e+01,1.85538921e+01,3.16754371e-01,4.24851775e-01
5345803-S04-156I3-A-L-C-190,20.02.2020-10:11:33,2.00000000e+01,6.45729244e-01,8.86638260e+00,1.94884080e-03,1.01430702e+02,8.02202301e+01,1.86943779e+01,3.32003027e-01,5.33615589e-01
5345803-S04-156I3-A-L-C-190,20.02.2020-10:11:35,2.00000000e+01,6.44594491e-01,8.85824490e+00,1.96018093e-03,1.36262955e+02,8.03602829e+01,1.86769485e+01,2.63606697e-01,4.17993277e-01
5345803-S04-156I3-A-L-C-190,20.02.2020-10:11:37,1.90000000e+01,6.45628870e-01,8.87676716e+00,1.98771222e-03,2.27832733e+02,8.02017822e+01,1.87090607e+01,2.50224829e-01,4.96422440e-01
5345803-S04-156I3-A-L-C-190,20.02.2020-10:11:39,9.00000000e+00,6.46034122e-01,8.91161633e+00,1.86737173e-03,1.60710938e+02,8.02942352e+01,1.88159657e+01,2.32025385e-01,2.89865136e-01
5345803-S04-156I3-A-L-C-190,20.02.2020-10:11:41,1.90000000e+01,6.45406067e-01,8.88757706e+00,1.96361076e-03,1.45313034e+02,8.03026810e+01,1.87489376e+01,2.34146982e-01,2.99428165e-01
5345803-S04-156I3-A-L-C-190,20.02.2020-10:13:40,3.00000000e+00,6.37838244e-01,8.74050331e+00,1.96431624e-03,8.79808884e+01,8.00969696e+01,1.81757908e+01,4.85539168e-01,1.48422778e+00
5345803-S04-156I3-A-L-C-190,20.02.2020-10:13:42,2.10000000e+01,6.40328050e-01,8.85075188e+00,1.78335898e-03,1.16718666e+02,8.01976929e+01,1.85001297e+01,3.42922390e-01,9.19432044e-01
5345803-S04-156I3-A-L-C-190,20.02.2020-10:13:45,2.00000000e+01,6.45263731e-01,8.89087296e+00,1.92812074e-03,1.55308792e+02,8.00160751e+01,1.86848278e+01,2.06546277e-01,3.32887411e-01
5345803-S04-156I3-A-L-C-190,20.02.2020-10:15:47,2.30000000e+01,6.67188585e-01,9.61812878e+00,2.58106063e-03,2.11698166e+02,7.87100525e+01,2.00440769e+01,7.10072517e-02,9.02125388e-02
5345803-S04-156I3-A-L-C-190,20.02.2020-10:16:03,2.30000000e+01,6.67337120e-01,9.62482166e+00,2.55148788e-03,2.21537552e+02,7.85647888e+01,2.00254650e+01,7.07074627e-02,8.96673203e-02
5345803-S04-156I3-A-L-C-190,20.02.2020-10:16:22,2.30000000e+01,6.67121887e-01,9.62014580e+00,2.54363660e-03,2.11285934e+02,7.85642624e+01,2.00091496e+01,7.00389221e-02,8.99299905e-02
5345803-S04-156I3-A-L-C-190-qa,20.02.2020-10:18:28,2.30000000e+01,6.67409182e-01,9.60064125e+00,2.44907499e-03,2.07707184e+02,7.86633606e+01,2.00023766e+01,7.11933002e-02,8.96525458e-02
5345803-S04-156I3-A-L-C-190-qa123,20.02.2020-10:21:13,1.00000000e+01,6.76768601e-01,9.98487663e+00,1.99056347e-03,1.80803101e+03,8.04223862e+01,2.15663433e+01,1.06871938e-02,1.18937436e-02
5345803-S04-156I3-A-L-C-190-qa123,20.02.2020-10:21:17,1.00000000e+01,6.80575669e-01,1.00277491e+01,1.78046187e-03,7.63636963e+02,8.04591904e+01,2.17907524e+01,1.24642532e-02,1.48986382e-02
5345803-S04-156I3-A-L-C-190-qa123,20.02.2020-10:21:23,1.00000000e+01,6.77737355e-01,1.00117235e+01,2.09500734e-03,1.40659814e+03,8.04101791e+01,2.16519966e+01,1.12008639e-02,1.27414083e-02
5345803-S04-156I3-A-L-C-190-qa123,20.02.2020-10:22:51,1.00000000e+01,6.79401100e-01,1.00070734e+01,2.09802226e-03,2.20591919e+03,8.07857132e+01,2.17963905e+01,7.22276652e-03,7.35808769e-03
5345803-S04-156I3-A-L-C-190-qa123,20.02.2020-10:22:55,1.00000000e+01,6.79345608e-01,1.00111227e+01,1.87419355e-03,2.85694995e+03,8.08171997e+01,2.18119278e+01,1.02467313e-02,1.06797284e-02
5345803-S04-156I3-A-L-C-190-qa123,20.02.2020-10:22:59,1.00000000e+01,6.77298605e-01,9.99348736e+00,2.07997859e-03,1.91479175e+03,8.04475403e+01,2.16086044e+01,6.48073573e-03,6.88802032e-03
5345803-S04-156I3-A-L-C-190-qa123,20.02.2020-10:23:03,1.00000000e+01,6.79349482e-01,1.00058832e+01,2.07154430e-03,4.29233350e+03,8.06853561e+01,2.17650719e+01,5.51884947e-03,6.69685565e-03
5345803-S04-156I3-A-L-C-190-qa123,20.02.2020-10:23:07,1.00000000e+01,6.81279004e-01,1.00210972e+01,1.87264488e-03,2.68470190e+03,8.06029282e+01,2.18377438e+01,1.07865324e-02,1.29412059e-02
5345803-S04-156I3-A-L-C-190-qa123,20.02.2020-10:23:11,1.00000000e+01,6.80327356e-01,1.00262337e+01,2.16651079e-03,2.40595923e+03,8.06590805e+01,2.18336182e+01,9.37921461e-03,1.03587834e-02
5345803-S04-156I3-A-L-C-190-qa123,20.02.2020-10:23:15,1.00000000e+01,6.80667341e-01,1.00448380e+01,1.82028092e-03,1.08296423e+03,8.05883179e+01,2.18658638e+01,7.69984070e-03,7.74744852e-03
5345803-S04-156I3-A-L-C-190-qa123,20.02.2020-10:23:19,1.00000000e+01,6.80136681e-01,1.00062361e+01,1.91939762e-03,1.01139288e+03,8.06566391e+01,2.17833061e+01,1.00046610e-02,1.10720545e-02
5345803-S04-156I3-A-L-C-190-qa123,20.02.2020-10:23:23,1.00000000e+01,6.81367278e-01,1.00346727e+01,2.02618609e-03,1.64224268e+03,8.05489883e+01,2.18555279e+01,8.28359369e-03,9.78492666e-03
5345803-S04-156I3-A-L-C-190-qa123,20.02.2020-10:23:27,1.00000000e+01,6.79513633e-01,1.00202484e+01,2.01924634e-03,5.91160840e+03,8.04465485e+01,2.17370586e+01,7.16110924e-03,9.59843956e-03
5345803-S04-156I3-A-L-C-190,20.02.2020-10:08:17,2.10000000e+01,6.41922593e-01,8.89415932e+00,1.91923592e-03,4.43202484e+02,7.99151917e+01,1.85715046e+01,9.26021785e-02,1.22340873e-01
5345803-S04-156I3-A-L-C-190,20.02.2020-10:08:19,2.00000000e+00,6.41081929e-01,8.75367165e+00,1.85358163e-03,2.37703690e+02,8.04058914e+01,1.83663063e+01,3.51835728e-01,1.64818776e+00
5345803-S04-156I3-A-L-C-190,20.02.2020-10:08:21,2.00000000e+01,6.43566370e-01,8.85706520e+00,1.69309753e-03,3.14393372e+02,8.02453690e+01,1.86180134e+01,1.03095181e-01,2.82208830e-01
5345803-S04-156I3-A-L-C-190,20.02.2020-10:08:23,1.00000000e+00,6.42171562e-01,8.83500671e+00,2.15300033e-03,2.48699692e+02,7.99063873e+01,1.84531136e+01,1.89878702e-01,5.04377306e-01
5345803-S04-156I3-A-L-C-190,20.02.2020-10:08:26,2.10000000e+01,6.43643260e-01,8.85341358e+00,1.91896420e-03,3.17256561e+02,8.01569366e+01,1.85920486e+01,1.19449019e-01,2.94335097e-01
5345803-S04-156I3-A-L-C-190,20.02.2020-10:08:28,1.90000000e+01,6.46106482e-01,8.88406944e+00,2.19632918e-03,5.41297241e+02,8.00421677e+01,1.87010117e+01,5.60219400e-02,1.15850605e-01
5345803-S04-156I3-A-L-C-190,20.02.2020-10:08:30,1.00000000e+00,6.42941833e-01,8.81571579e+00,1.97564554e-03,2.82586761e+02,8.00093460e+01,1.84586601e+01,2.11373299e-01,5.17070472e-01
5345803-S04-156I3-A-L-C-190,20.02.2020-10:08:32,1.00000000e+00,6.41918838e-01,8.82473469e+00,1.99074112e-03,4.04850555e+02,8.01774979e+01,1.84869175e+01,1.29019156e-01,4.25023645e-01
5345803-S04-156I3-A-L-C-190,20.02.2020-10:08:34,1.00000000e+00,6.42508209e-01,8.79590988e+00,1.79888494e-03,2.39726364e+02,8.00118256e+01,1.84053402e+01,1.39244556e-01,4.31858778e-01
5345803-S04-156I3-A-L-C-190,20.02.2020-10:08:36,2.00000000e+00,6.43611252e-01,8.80173779e+00,2.22537527e-03,4.89213165e+02,7.97507324e+01,1.83889503e+01,9.63234007e-02,2.18433857e-01
5345803-S04-156I3-A-L-C-190,20.02.2020-10:12:04,2.10000000e+01,6.43573999e-01,8.84999466e+00,1.91757223e-03,4.45524292e+01,8.01843719e+01,1.85892315e+01,8.94172668e-01,1.51106346e+00
5345803-S04-156I3-A-L-C-190,20.02.2020-10:12:06,2.00000000e+01,6.44023955e-01,8.87571144e+00,1.88931846e-03,7.06117935e+01,8.00474625e+01,1.86244297e+01,3.47563654e-01,5.88088870e-01
5345803-S04-156I3-A-L-C-190,20.02.2020-10:12:08,3.00000000e+00,6.39103293e-01,8.73352528e+00,1.75611989e-03,5.45233688e+01,7.98468552e+01,1.81404762e+01,1.05691397e+00,1.51375997e+00
5345803-S04-156I3-A-L-C-190,20.02.2020-10:12:11,2.00000000e+01,6.43509865e-01,8.90480328e+00,1.99440820e-03,3.65760994e+01,7.97810211e+01,1.86084118e+01,5.45748174e-01,6.21560395e-01
5345803-S04-156I3-A-L-C-190,20.02.2020-10:12:13,2.00000000e+01,6.45295024e-01,8.86721039e+00,1.95924588e-03,4.90691452e+01,7.99863586e+01,1.86290817e+01,5.21266222e-01,6.63077414e-01
5345803-S04-156I3-A-L-C-190,20.02.2020-10:12:15,2.10000000e+01,6.41678631e-01,8.88096523e+00,2.05247058e-03,5.18644142e+01,7.98057861e+01,1.85115318e+01,4.80244815e-01,5.50427377e-01
5345803-S04-156I3-A-L-C-190,20.02.2020-10:12:17,1.90000000e+01,6.45862103e-01,8.89394474e+00,1.69745216e-03,2.56628819e+01,8.02317734e+01,1.87590485e+01,1.02292609e+00,1.19095540e+00
5345803-S04-156I3-A-L-C-190,20.02.2020-10:12:19,1.00000000e+00,6.41910255e-01,8.86088753e+00,1.98818953e-03,2.89710274e+01,7.97561722e+01,1.84648590e+01,9.15122926e-01,1.12009811e+00
5345803-S04-156I3-A-L-C-190,20.02.2020-10:12:21,1.40000000e+01,6.39041305e-01,8.82127571e+00,1.84807321e-03,1.94594326e+01,7.98534317e+01,1.83224735e+01,1.32878363e+00,1.71956813e+00
5345803-S04-156I3-A-L-C-190,20.02.2020-10:12:23,1.40000000e+01,6.43629670e-01,8.88687038e+00,1.81342522e-03,1.95134163e+01,7.98967056e+01,1.86013298e+01,1.19814610e+00,1.42562187e+00
5345803-S04-156I3-A-L-C-190-qa123,20.02.2020-10:21:27,1.00000000e+01,6.73757374e-01,9.96898556e+00,1.95181789e-03,1.81378430e+03,8.02814636e+01,2.13986549e+01,7.59634655e-03,8.07712413e-03
5345803-S04-156I3-A-L-C-190-qa123,20.02.2020-10:21:31,1.00000000e+01,6.78824663e-01,1.00015945e+01,2.14213133e-03,3.39180957e+03,8.07115860e+01,2.17460022e+01,9.50717833e-03,9.87087097e-03
5345803-S04-156I3-A-L-C-190-qa123,20.02.2020-10:21:38,1.00000000e+01,6.77552819e-01,1.00170946e+01,2.29484448e-03,1.16694336e+03,8.04629745e+01,2.16719360e+01,1.03886332e-02,1.28033133e-02
5345803-S04-156I3-A-L-C-190-qa123,20.02.2020-10:21:47,1.00000000e+01,6.81082845e-01,1.00104980e+01,1.78563991e-03,1.68677405e+03,8.05716019e+01,2.17998886e+01,1.00900494e-02,1.23238433e-02
5345803-S04-156I3-A-L-C-190-qa123,20.02.2020-10:21:49,1.00000000e+01,6.78088725e-01,9.99463558e+00,2.17555626e-03,7.63572205e+02,8.07499313e+01,2.17176266e+01,2.33229101e-02,2.97938231e-02
5345803-S04-156I3-A-L-C-190-qa123,20.02.2020-10:21:53,1.00000000e+01,6.79354548e-01,9.99129677e+00,2.13100994e-03,1.42253430e+03,8.07385788e+01,2.17478409e+01,1.07101435e-02,1.29767461e-02
5345803-S04-156I3-A-L-C-190-qa123,20.02.2020-10:21:57,1.00000000e+01,6.80209696e-01,1.00118141e+01,1.80696603e-03,1.76637146e+03,8.05046158e+01,2.17567024e+01,8.67945049e-03,1.01905903e-02
5345803-S04-156I3-A-L-C-190-qa123,20.02.2020-10:22:01,1.00000000e+01,6.80257142e-01,1.00310678e+01,2.44321092e-03,9.24878662e+02,8.03359451e+01,2.17543888e+01,2.83953007e-02,3.42563614e-02
5345803-S04-156I3-A-L-C-190-qa123,20.02.2020-10:22:05,1.00000000e+01,6.80416882e-01,1.00199556e+01,1.80365506e-03,1.80502405e+03,8.09602280e+01,2.19042950e+01,1.96963921e-02,2.30601914e-02
5345803-S04-156I3-A-L-C-190-qa123,20.02.2020-10:22:07,1.00000000e+01,6.79062724e-01,9.99657536e+00,1.84083753e-03,8.31278564e+02,8.09356384e+01,2.18030682e+01,6.70917630e-02,7.85289332e-02
5345803-S04-156I3-A-L-C-190,20.02.2020-10:12:25,1.40000000e+01,6.40111446e-01,8.90725422e+00,2.12162221e-03,1.06934214e+01,7.91568451e+01,1.83703804e+01,1.94106495e+00,2.23163366e+00
5345803-S04-156I3-A-L-C-190,20.02.2020-10:12:27,2.40000000e+01,6.40312016e-01,8.85334015e+00,1.74797431e-03,7.47869873e+00,7.96485977e+01,1.83783760e+01,3.78242111e+00,4.53655243e+00
5345803-S04-156I3-A-L-C-190,20.02.2020-10:12:29,2.40000000e+01,6.43292129e-01,8.87916756e+00,1.75147410e-03,1.02860851e+01,7.96892624e+01,1.85272293e+01,2.52049780e+00,2.92855191e+00
5345803-S04-156I3-A-L-C-190,20.02.2020-10:12:31,2.00000000e+01,6.43574715e-01,8.88762093e+00,2.07513524e-03,6.28048706e+01,8.01050568e+01,1.86498184e+01,4.23477262e-01,5.43225825e-01
5345803-S04-156I3-A-L-C-190,20.02.2020-10:12:33,1.90000000e+01,6.45318985e-01,8.89432240e+00,2.00739573e-03,7.30926819e+01,8.00663071e+01,1.87054119e+01,4.68332469e-01,6.59091055e-01
5345803-S04-156I3-A-L-C-190,20.02.2020-10:12:36,2.40000000e+01,6.44522190e-01,8.86971760e+00,1.99699542e-03,1.70088921e+01,7.98356705e+01,1.85769672e+01,2.05085373e+00,2.54019380e+00
5345803-S04-156I3-A-L-C-190,20.02.2020-10:12:38,2.40000000e+01,6.43793702e-01,8.86385059e+00,2.17161980e-03,1.75151157e+01,7.98187866e+01,1.85397758e+01,2.00038290e+00,2.38161707e+00
5345803-S04-156I3-A-L-C-190,20.02.2020-10:12:40,2.40000000e+01,6.44307077e-01,8.87776566e+00,1.94801402e-03,1.25309753e+01,7.98447800e+01,1.85897388e+01,2.52754974e+00,3.05466032e+00
5345803-S04-156I3-A-L-C-190,20.02.2020-10:12:42,2.40000000e+01,6.44554675e-01,8.88850403e+00,2.09370092e-03,1.34680958e+01,7.97840500e+01,1.86052170e+01,2.24347091e+00,2.68009210e+00
5345803-S04-156I3-A-L-C-190,20.02.2020-10:12:44,2.40000000e+01,6.44223571e-01,8.88030624e+00,2.22981558e-03,9.38045979e+00,7.94628296e+01,1.85037079e+01,3.50047922e+00,4.14932299e+00
5345803-S04-156I3-A-L-C-190-qa123,20.02.2020-10:23:31,1.00000000e+01,6.78721368e-01,1.00170774e+01,1.76517863e-03,2.45501147e+03,8.05100555e+01,2.17219791e+01,2.28749886e-02,2.63963304e-02
5345803-S04-156I3-A-L-C-190-qa123,20.02.2020-10:23:35,1.00000000e+01,6.78949118e-01,1.00212202e+01,2.20109383e-03,2.54440259e+03,8.05032120e+01,2.17364082e+01,5.46976319e-03,6.37621339e-03
5345803-S04-156I3-A-L-C-190-qa123,20.02.2020-10:23:39,1.00000000e+01,6.78525388e-01,1.00144062e+01,2.02638842e-03,4.09372632e+03,8.06487274e+01,2.17473087e+01,6.43571327e-03,7.06235692e-03
5345803-S04-156I3-A-L-C-190-qa123,20.02.2020-10:23:43,1.00000000e+01,6.77776456e-01,1.00369024e+01,2.11692904e-03,1.83321106e+03,8.05775528e+01,2.17528877e+01,7.28370203e-03,7.78455846e-03
5345803-S04-156I3-A-L-C-190-qa123,20.02.2020-10:23:47,1.00000000e+01,6.78446949e-01,1.00278444e+01,2.06630258e-03,1.67423718e+03,8.03844681e+01,2.17026272e+01,6.03860617e-03,6.84591616e-03
5345803-S04-156I3-A-L-C-190-qa123,20.02.2020-10:23:51,1.00000000e+01,6.81097448e-01,9.88828468e+00,2.18880223e-03,4.13998199e+02,8.01965408e+01,2.14339676e+01,2.02190559e-02,2.43437700e-02
5345803-S04-156I3-A-L-C-190-qa123,20.02.2020-10:24:12,1.00000000e+01,6.80524111e-01,1.00168505e+01,1.85042073e-03,2.96417896e+03,8.06015778e+01,2.18039379e+01,6.56082388e-03,7.63784116e-03
5345803-S04-156I3-A-L-C-190-qa123,20.02.2020-10:24:18,1.00000000e+01,6.77931190e-01,1.00236759e+01,2.02507200e-03,1.79081885e+03,8.03054733e+01,2.16558132e+01,7.96678104e-03,8.08481500e-03
5345803-S04-156I3-A-L-C-190-qa123,20.02.2020-10:24:22,1.00000000e+01,6.77678645e-01,1.00156488e+01,2.00803834e-03,1.95992212e+03,8.01689301e+01,2.15936317e+01,6.49030879e-03,7.34750787e-03
5345803-S04-156I3-A-L-C-190-qa123,20.02.2020-10:24:26,1.00000000e+01,6.78358257e-01,1.00163002e+01,2.16384651e-03,2.17126782e+03,8.04885406e+01,2.17028713e+01,6.76436722e-03,6.67958241e-03
5345803-S04-156I3-A-L-C-190-qa123,20.02.2020-10:24:30,1.00000000e+01,6.79546058e-01,1.00121593e+01,1.95265061e-03,1.02637964e+03,8.03816223e+01,2.17030182e+01,8.05422571e-03,7.96175934e-03
5345803-S04-156I3-A-L-C-190-qa123,20.02.2020-10:24:34,1.00000000e+01,6.79758489e-01,1.00207815e+01,2.15082918e-03,2.75259497e+03,8.04523239e+01,2.17476101e+01,7.70857651e-03,7.94460811e-03
5345803-S04-156I3-A-L-C-190-qa123,20.02.2020-10:24:38,1.00000000e+01,6.80013418e-01,1.00115681e+01,1.93573907e-03,1.92464551e+03,8.06224213e+01,2.17817173e+01,7.92195182e-03,8.89100973e-03
5345803-S04-156I3-A-L-C-190-qa123,20.02.2020-10:24:42,1.00000000e+01,6.81253910e-01,1.00352736e+01,1.86180195e-03,2.14362891e+03,8.05573578e+01,2.18554707e+01,6.83847163e-03,7.22083636e-03
5345803-S04-156I3-A-L-C-190-qa123,20.02.2020-10:24:46,1.00000000e+01,6.81157053e-01,1.00145817e+01,1.87324535e-03,1.41425745e+03,8.04528885e+01,2.17790241e+01,1.28891477e-02,1.48464413e-02
5345803-S04-156I3-A-L-C-190-qa123,20.02.2020-10:24:50,1.00000000e+01,6.80862844e-01,1.00464516e+01,1.97571353e-03,8.63104370e+02,8.02648010e+01,2.17878380e+01,1.28460452e-02,1.58629511e-02
5345803-S04-156I3-A-L-C-190-qa123,20.02.2020-10:24:54,1.00000000e+01,6.80501580e-01,1.00147238e+01,1.82634324e-03,9.41118652e+02,8.04944077e+01,2.17696037e+01,1.18728532e-02,1.40051013e-02
5345803-S04-156I3-A-L-C-190-qa123,20.02.2020-10:24:58,1.00000000e+01,6.78780317e-01,1.00088177e+01,2.10115546e-03,3.02187402e+03,8.05631104e+01,2.17202568e+01,7.41221802e-03,7.93387555e-03
5345803-S04-156I3-A-L-C-190-qa123,20.02.2020-10:25:02,1.00000000e+01,6.77537918e-01,1.00128222e+01,1.98466796e-03,2.83073730e+03,8.03287201e+01,2.16260700e+01,8.33151024e-03,1.05041163e-02
5345803-S04-156I3-A-L-C-190-qa123,20.02.2020-10:25:06,1.00000000e+01,6.77820742e-01,1.00158634e+01,2.20758771e-03,1.67950427e+03,8.03026581e+01,2.16346493e+01,7.20968656e-03,8.14771932e-03
5345803-S04-156I3-A-L-C-190-qa123,20.02.2020-10:25:10,1.00000000e+01,6.80304110e-01,1.00495710e+01,2.13602907e-03,1.23320569e+03,8.03225784e+01,2.17923946e+01,9.71109513e-03,1.04892133e-02
5345803-S04-156I3-A-L-C-190-qa123,20.02.2020-10:25:14,1.00000000e+01,6.79535091e-01,1.00154324e+01,1.96847552e-03,1.15946033e+03,8.04206390e+01,2.17203007e+01,1.03085097e-02,1.26225213e-02
5345803-S04-156I3-A-L-C-190-qa123,20.02.2020-10:25:18,1.00000000e+01,6.80706441e-01,1.00402575e+01,2.10383395e-03,2.06454590e+03,8.03326263e+01,2.17877998e+01,7.91325420e-03,8.65798257e-03
5345803-S04-156I3-A-L-C-190-qa,20.02.2020-10:26:36,2.30000000e+01,6.67515337e-01,9.60001469e+00,2.40552053e-03,2.14787567e+02,7.86175156e+01,1.99925957e+01,7.22520798e-02,9.17306170e-02
5345803-S04-156I3-A-L-C-190-qa,20.02.2020-10:27:52,2.30000000e+01,6.66651547e-01,9.58039856e+00,2.44173245e-03,2.13702042e+02,7.86273270e+01,1.99284115e+01,7.04522282e-02,8.98759812e-02
5345803-S04-156I3-A-L-C-190-qa,20.02.2020-10:29:29,2.30000000e+01,6.67176723e-01,9.57205963e+00,2.46552890e-03,2.12452286e+02,7.85948868e+01,1.99185295e+01,6.94053993e-02,8.95219594e-02
5345803-S04-156I3-A-L-C-190-qa,20.02.2020-10:29:46,2.30000000e+01,6.66869700e-01,9.55697632e+00,2.42325151e-03,2.12626617e+02,7.86451187e+01,1.98906956e+01,6.98623955e-02,8.89489725e-02
5345803-S04-156I3-A-L-C-190-qa-222,20.02.2020-10:34:18,1.00000000e+01,6.81057632e-01,1.00677891e+01,2.00799294e-03,2.24976929e+03,8.05499954e+01,2.19179630e+01,8.79165716e-03,9.92081128e-03
5345803-S04-156I3-A-L-C-190-qa-222,20.02.2020-10:34:26,1.00000000e+01,6.79980040e-01,1.00385122e+01,2.01857137e-03,1.77624902e+03,8.04853287e+01,2.18021297e+01,9.90290008e-03,1.28453048e-02
5345803-S04-156I3-A-L-C-190-qa-222,20.02.2020-10:34:30,1.00000000e+01,6.80972219e-01,1.00878010e+01,2.04184745e-03,3.12304517e+03,8.04181442e+01,2.19228325e+01,9.44646541e-03,1.07835680e-02
5345803-S04-156I3-A-L-C-190-qa-222,20.02.2020-10:34:32,1.00000000e+01,6.78046405e-01,1.00522757e+01,2.12888443e-03,1.39387256e+03,8.04467850e+01,2.17595139e+01,7.36478390e-03,8.01458675e-03
5345803-S04-156I3-A-L-C-190-qa-222,20.02.2020-10:34:34,1.00000000e+01,6.78101003e-01,1.00619316e+01,2.02274602e-03,1.76071069e+03,8.03659592e+01,2.17602863e+01,8.77909735e-03,1.06927762e-02
5345803-S04-156I3-A-L-C-190-qa-222,20.02.2020-10:34:38,1.00000000e+01,6.78549528e-01,1.00584755e+01,2.19419901e-03,2.16325928e+03,8.06980667e+01,2.18571510e+01,6.74770866e-03,8.11668392e-03
5345803-S04-156I3-A-L-C-190-qa-222,20.02.2020-10:34:42,1.00000000e+01,6.80645585e-01,1.00510330e+01,1.89235806e-03,1.26554480e+03,8.06633072e+01,2.18990097e+01,1.13876024e-02,1.35807004e-02
5345803-S04-156I3-A-L-C-190-qa-222,20.02.2020-10:34:46,1.00000000e+01,6.81415558e-01,1.00942192e+01,2.11479375e-03,1.16569897e+03,8.03036499e+01,2.19198093e+01,1.05053689e-02,1.21297939e-02
5345803-S04-156I3-A-L-C-190-qa-222,20.02.2020-10:34:50,1.00000000e+01,6.81529939e-01,1.00528841e+01,1.63921015e-03,1.35791919e+03,8.05126953e+01,2.18905506e+01,1.28932521e-02,1.47496844e-02
5345803-S04-156I3-A-L-C-190-qa-222,20.02.2020-10:34:54,1.00000000e+01,6.81428730e-01,1.00784531e+01,2.07299506e-03,1.86558508e+03,8.06132202e+01,2.19703655e+01,7.01603014e-03,7.51386629e-03
5345803-S04-156I3-A-L-C-190-qa-222,20.02.2020-10:34:58,1.00000000e+01,6.80262625e-01,1.00594435e+01,2.21130718e-03,1.84880872e+03,8.05777817e+01,2.18817749e+01,7.64758233e-03,8.45286995e-03
5345803-S04-156I3-A-L-C-190-qa-222,20.02.2020-10:35:02,1.00000000e+01,6.80785835e-01,1.00647516e+01,2.00240640e-03,2.91700757e+03,8.05650635e+01,2.19067020e+01,7.61008775e-03,8.08323827e-03
5345803-S04-156I3-A-L-C-190-qa-222,20.02.2020-10:35:06,1.00000000e+01,6.80282354e-01,1.00559721e+01,1.94797630e-03,1.84572900e+03,8.03872528e+01,2.18231373e+01,6.58788439e-03,7.55162071e-03
5345803-S04-156I3-A-L-C-190-qa-222,20.02.2020-10:35:10,1.00000000e+01,6.79923713e-01,1.00712719e+01,1.90264278e-03,1.90603540e+03,8.05027161e+01,2.18761902e+01,6.15999708e-03,7.08377641e-03
5345803-S04-156I3-A-L-C-190-qa-222,20.02.2020-10:35:14,1.00000000e+01,6.78032815e-01,1.00552940e+01,2.13833945e-03,1.49860120e+03,8.01855850e+01,2.16949406e+01,6.73327222e-03,7.57855223e-03
5345803-S04-156I3-A-L-C-190-qa-222,20.02.2020-10:35:18,1.00000000e+01,6.78513050e-01,1.00704546e+01,2.00026063e-03,1.67035559e+03,8.03449326e+01,2.17862473e+01,7.07370928e-03,8.35669134e-03
5345803-S04-156I3-A-L-C-190-qa-222,20.02.2020-10:35:22,1.00000000e+01,6.80968702e-01,1.00488701e+01,1.87051413e-03,1.51720667e+03,8.06334457e+01,2.18965797e+01,6.43089879e-03,7.07015628e-03
5345803-S04-156I3-A-L-C-190-qa-222,20.02.2020-10:35:26,1.00000000e+01,6.79270267e-01,1.00682516e+01,2.28416873e-03,3.34553198e+03,8.02283707e+01,2.17741566e+01,6.68889796e-03,7.15836370e-03
5345803-S04-156I3-A-L-C-190-qa-222,20.02.2020-10:35:30,1.00000000e+01,6.79853857e-01,1.00818853e+01,2.06948235e-03,5.22533447e+03,8.03438263e+01,2.18537769e+01,6.92102313e-03,7.49255577e-03
5345803-S04-156I3-A-L-C-190-qa-222,20.02.2020-10:35:34,1.00000000e+01,6.79365695e-01,1.00693626e+01,1.94551167e-03,1.27504316e+04,8.06118546e+01,2.18837223e+01,6.17355481e-03,6.36719586e-03
5345803-S04-156I3-A-L-C-190-qa-222,20.02.2020-10:35:38,1.00000000e+01,6.79764450e-01,1.00719795e+01,2.07687868e-03,2.24536597e+03,8.04557953e+01,2.18598557e+01,5.32475766e-03,5.74615318e-03
5345803-S04-156I3-A-L-C-190-qa-222,20.02.2020-10:35:42,1.00000000e+01,6.79282069e-01,1.00734711e+01,2.06148392e-03,1.30351709e+03,8.04660339e+01,2.18503590e+01,2.28807423e-02,2.66261734e-02
5345803-S04-156I3-A-L-C-190-qa-222,20.02.2020-10:35:47,1.00000000e+01,6.79525435e-01,1.00792389e+01,2.27184827e-03,2.39683496e+03,8.02837219e+01,2.18211498e+01,7.13925855e-03,9.13916063e-03
5345803-S04-156I3-A-L-C-190-qa-222,20.02.2020-10:35:51,1.00000000e+01,6.81475043e-01,1.00728827e+01,2.10299878e-03,1.35710168e+03,8.04631271e+01,2.19188290e+01,8.93895049e-03,1.14389369e-02
5345803-S04-156I3-A-L-C-190-qa-222,20.02.2020-10:35:55,1.00000000e+01,6.81400478e-01,1.00602636e+01,1.93394138e-03,1.24172791e+03,8.05636749e+01,2.19163265e+01,1.00118453e-02,1.12454966e-02
5345803-S04-156I3-A-L-C-190-qa-222,20.02.2020-10:35:59,1.00000000e+01,6.81042552e-01,1.00867300e+01,1.82443496e-03,1.41052563e+03,8.05943909e+01,2.19708138e+01,7.09567405e-03,7.49695953e-03
5345803-S04-156I3-A-L-C-190-qa-222,20.02.2020-10:36:03,1.00000000e+01,6.81447685e-01,1.00690098e+01,1.92080147e-03,5.32187207e+03,8.06428986e+01,2.19584694e+01,9.11224633e-03,1.00243408e-02
5345803-S04-156I3-A-L-C-190-qa-222,20.02.2020-10:36:05,1.00000000e+01,6.81454599e-01,1.00666847e+01,2.08925502e-03,1.83924719e+03,8.05084457e+01,2.19170208e+01,9.75270662e-03,1.20513542e-02
5345803-S04-156I3-A-L-C-190-qa-222,20.02.2020-10:36:09,1.00000000e+01,6.79270923e-01,1.00548429e+01,2.22752243e-03,7.81721631e+03,8.05951614e+01,2.18445950e+01,6.21024147e-03,6.82129897e-03
5345803-S04-156I3-A-L-C-190-qa-222,20.02.2020-10:36:11,1.00000000e+01,6.77975953e-01,1.00434303e+01,1.86924753e-03,5.17201367e+03,8.04264069e+01,2.17326012e+01,6.22523669e-03,6.73329039e-03
5345803-S04-156I3-A-L-C-190-qa-222,20.02.2020-10:36:15,1.00000000e+01,6.79390848e-01,1.00556374e+01,2.33900850e-03,5.94942139e+03,8.05587692e+01,2.18403111e+01,9.50295478e-03,1.01787560e-02
5345803-S04-156I3-A-L-C-190-qa-222,20.02.2020-10:36:19,1.00000000e+01,6.80105507e-01,1.00629501e+01,1.97629561e-03,1.74463599e+03,8.07370071e+01,2.19275913e+01,6.98776636e-03,7.51170469e-03
5345803-S04-156I3-A-L-C-190-qa-222,20.02.2020-10:36:23,1.00000000e+01,6.78237557e-01,1.00621586e+01,1.97740411e-03,1.44221509e+03,8.05366440e+01,2.18113842e+01,2.20422894e-02,2.72980984e-02
5345803-S04-156I3-A-L-C-190-qa-222,20.02.2020-10:36:27,1.00000000e+01,6.79902315e-01,1.00560875e+01,2.07976182e-03,3.96281665e+03,8.07075958e+01,2.18981133e+01,6.16143644e-03,7.23574823e-03
5345803-S04-156I3-A-L-C-190-qa-222,20.02.2020-10:36:31,1.00000000e+01,6.80287838e-01,1.00702200e+01,1.70298293e-03,1.15783191e+03,8.07592697e+01,2.19553661e+01,1.62798464e-02,1.84853561e-02
5345803-S04-156I3-A-L-C-190-qa-222,20.02.2020-10:36:33,1.00000000e+01,6.79043114e-01,1.00590134e+01,1.94687874e-03,1.49095032e+03,8.05616302e+01,2.18372345e+01,7.35687604e-03,8.40879045e-03
5345803-S04-156I3-A-L-C-190-qa-222,20.02.2020-10:36:37,1.00000000e+01,6.80079162e-01,1.00840635e+01,2.16417084e-03,1.45852087e+03,8.05987473e+01,2.19351215e+01,6.95772236e-03,7.98215438e-03
5345803-S04-156I3-A-L-C-190-qa-222,20.02.2020-10:36:41,1.00000000e+01,6.80993736e-01,1.00713921e+01,2.13229773e-03,1.85299268e+03,8.05986481e+01,2.19369907e+01,1.00344419e-02,1.22092478e-02
5345803-S04-156I3-A-L-C-190-qa-222,20.02.2020-10:36:43,1.00000000e+01,6.80417717e-01,1.00477076e+01,2.10544141e-03,3.47613306e+03,8.04589996e+01,2.18290043e+01,6.73306501e-03,8.46682210e-03
5345803-S04-156I3-A-L-C-190-qa-222,20.02.2020-10:36:47,1.00000000e+01,6.81445003e-01,1.00812130e+01,1.79422938e-03,1.50390039e+03,8.06164322e+01,2.19777813e+01,1.10857273e-02,1.33856107e-02
5345803-S04-156I3-A-L-C-190-qa-222,20.02.2020-10:36:51,1.00000000e+01,6.81448102e-01,1.00648756e+01,1.86700700e-03,1.48514209e+03,8.04861984e+01,2.19068184e+01,1.32698910e-02,1.51908137e-02
5345803-S04-156I3-A-L-C-190-qa-222,20.02.2020-10:36:56,1.00000000e+01,6.80666208e-01,1.00666914e+01,1.97045412e-03,5.72891602e+03,8.07572327e+01,2.19593296e+01,8.99524055e-03,1.00005828e-02
5345803-S04-156I3-A-L-C-190-qa-222,20.02.2020-10:37:00,1.00000000e+01,6.78900599e-01,1.00517216e+01,1.98049610e-03,7.27245544e+02,8.06902008e+01,2.18516445e+01,6.65365085e-02,7.90606737e-02
5345803-S04-156I3-A-L-C-190-qa-222,20.02.2020-10:37:02,1.00000000e+01,6.80855811e-01,1.00740166e+01,1.93279656e-03,1.04650854e+03,8.07133331e+01,2.19694786e+01,2.09054556e-02,2.40372997e-02
5345803-S04-156I3-A-L-C-190-qa-222,20.02.2020-10:37:04,1.00000000e+01,6.81353867e-01,1.00919924e+01,1.93005765e-03,7.78663330e+02,8.03478317e+01,2.19250431e+01,2.94557437e-02,3.50408927e-02
5345803-S04-156I3-A-L-C-190-qa-222,20.02.2020-10:37:08,1.00000000e+01,6.80357337e-01,1.00683136e+01,1.85657421e-03,1.95344104e+03,8.03738098e+01,2.18486729e+01,8.96009058e-03,9.32927988e-03
5345803-S04-156I3-A-L-C-190-qa-222,20.02.2020-10:37:12,1.00000000e+01,6.80697739e-01,1.00462561e+01,1.96899613e-03,2.75125903e+03,8.05549240e+01,2.18608627e+01,1.00556267e-02,1.27103655e-02
5345803-S04-156I3-A-L-C-190-qa-222,20.02.2020-10:37:16,1.00000000e+01,6.79261684e-01,1.00432224e+01,1.82121049e-03,6.02283325e+02,8.06799469e+01,2.18420029e+01,2.30744295e-02,3.01986653e-02
5345803-S04-156I3-A-L-C-190-qa-222,20.02.2020-10:37:19,1.00000000e+01,6.80644035e-01,1.00726166e+01,2.17036484e-03,3.06778931e+03,8.02905960e+01,2.18445835e+01,1.01497406e-02,1.16758244e-02
5345803-S04-156I3-A-L-C-190-qa-222,20.02.2020-10:37:23,1.00000000e+01,6.79307461e-01,1.00670290e+01,2.03912356e-03,9.69186951e+02,8.03699036e+01,2.18111153e+01,9.95648652e-03,1.27973482e-02
5345803-S04-156I3-A-L-C-190-qa-222,20.02.2020-10:37:27,1.00000000e+01,6.79834306e-01,1.00623322e+01,1.69413211e-03,1.34739136e+03,8.06507874e+01,2.18940983e+01,9.05449688e-03,1.04312375e-02
5345803-S04-156I3-A-L-C-190-qa-222,20.02.2020-10:37:31,1.00000000e+01,6.74420953e-01,1.00281401e+01,2.05363450e-03,1.63480151e+03,7.99315186e+01,2.14529095e+01,7.11789588e-03,7.99722038e-03
5345803-S04-156I3-A-L-C-190-qa-222,20.02.2020-10:37:33,1.00000000e+01,6.77785993e-01,1.00598259e+01,2.31762906e-03,1.36215198e+03,8.02595520e+01,2.17168331e+01,1.04389582e-02,1.23930424e-02
5345803-S04-156I3-A-L-C-190-qa-222,20.02.2020-10:37:37,1.00000000e+01,6.81081474e-01,1.00805359e+01,1.94869854e-03,8.25049866e+02,8.02678986e+01,2.18696232e+01,1.19338315e-02,1.42542776e-02
5345803-S04-156I3-A-L-C-190-qa-222,20.02.2020-10:37:39,1.00000000e+01,6.77092910e-01,1.00447636e+01,2.25654710e-03,1.31885510e+03,8.01700745e+01,2.16379929e+01,1.04108825e-02,1.16873123e-02
5345803-S04-156I3-A-L-C-190-qa3333,20.02.2020-10:38:08,1.10000000e+01,6.81801558e-01,1.00818071e+01,1.88454718e-03,1.85797595e+03,8.08836212e+01,2.20634613e+01,6.49374491e-03,7.04356376e-03
5345803-S04-156I3-A-L-C-190-qa3333,20.02.2020-10:38:12,1.10000000e+01,6.79474711e-01,1.00505266e+01,1.99065125e-03,2.37432178e+03,8.09550400e+01,2.19392986e+01,7.63889169e-03,8.41744337e-03
5345803-S04-156I3-A-L-C-190-qa3333,20.02.2020-10:38:16,1.10000000e+01,6.81564033e-01,1.00830650e+01,1.91773800e-03,5.29262451e+03,8.06918488e+01,2.20062275e+01,1.46748396e-02,1.67225171e-02
5345803-S04-156I3-A-L-C-190-qa3333,20.02.2020-10:38:18,1.10000000e+01,6.81308448e-01,1.00323544e+01,1.68276229e-03,1.94959766e+03,8.10033569e+01,2.19718361e+01,1.09468512e-02,1.22253904e-02
5345803-S04-156I3-A-L-C-190-qa3333,20.02.2020-10:38:20,1.10000000e+01,6.80871487e-01,1.00632992e+01,1.82010548e-03,1.48911877e+03,8.09334717e+01,2.20064716e+01,7.28410482e-03,8.33982788e-03
5345803-S04-156I3-A-L-C-190-qa3333,20.02.2020-10:38:22,1.10000000e+01,6.81694269e-01,1.00900536e+01,2.15793028e-03,6.83049561e+03,8.06225510e+01,2.20067730e+01,5.83343953e-03,5.25254896e-03
5345803-S04-156I3-A-L-C-190-qa3333,20.02.2020-10:38:26,1.10000000e+01,6.81111515e-01,1.00685797e+01,1.95549987e-03,2.31726050e+03,8.08448868e+01,2.20016727e+01,6.99478574e-03,7.44450232e-03
5345803-S04-156I3-A-L-C-190-qa3333,20.02.2020-10:38:29,1.10000000e+01,6.81419075e-01,1.00561485e+01,1.82386383e-03,4.64946729e+03,8.09018097e+01,2.19999104e+01,6.44279225e-03,7.71240983e-03
5345803-S04-156I3-A-L-C-190-qa3333,20.02.2020-10:38:33,1.10000000e+01,6.81653023e-01,1.00658712e+01,2.01559626e-03,3.43596777e+03,8.06931381e+01,2.19719219e+01,7.41563877e-03,7.55802868e-03
5345803-S04-156I3-A-L-C-190-qa3333,20.02.2020-10:38:37,1.10000000e+01,6.82302535e-01,1.00981522e+01,2.09844741e-03,3.55385034e+03,8.07239761e+01,2.20718193e+01,1.22900633e-02,1.55758914e-02
5345803-S04-156I3-A-L-C-190-qa3333,20.02.2020-10:38:41,1.10000000e+01,6.81688666e-01,1.00804062e+01,2.03614938e-03,5.62720850e+03,8.08593826e+01,2.20501308e+01,1.35296099e-02,1.57207809e-02
5345803-S04-156I3-A-L-C-190-qa3333,20.02.2020-10:38:43,1.10000000e+01,6.82065070e-01,1.00912027e+01,1.79626211e-03,1.91019043e+03,8.07517014e+01,2.20565262e+01,6.52995380e-03,7.04055978e-03
5345803-S04-156I3-A-L-C-190-qa3333,20.02.2020-10:38:47,1.10000000e+01,6.81230664e-01,1.00752182e+01,2.09004153e-03,2.34359155e+03,8.08565445e+01,2.20232048e+01,2.25923285e-02,2.49879546e-02
5345803-S04-156I3-A-L-C-190-qa3333,20.02.2020-10:38:49,1.10000000e+01,6.81093335e-01,1.01108027e+01,2.03587697e-03,2.34316284e+03,8.05790482e+01,2.20206985e+01,1.13358833e-02,1.38057359e-02
5345803-S04-156I3-A-L-C-190-qa3333,20.02.2020-10:38:51,1.10000000e+01,6.82824075e-01,1.01238394e+01,2.00019591e-03,1.99842896e+03,8.03982697e+01,2.20555286e+01,7.28304405e-03,7.71888997e-03
5345803-S04-156I3-A-L-C-190-qa3333,20.02.2020-10:38:53,1.10000000e+01,6.81775928e-01,1.01085072e+01,1.85937912e-03,1.57219788e+03,8.07176666e+01,2.20756741e+01,9.07615386e-03,1.01936013e-02
5345803-S04-156I3-A-L-C-190-qa3333,20.02.2020-10:38:57,1.10000000e+01,6.80838883e-01,1.01021519e+01,2.33555376e-03,2.50997266e+03,8.03676071e+01,2.19359264e+01,7.60335475e-03,8.10377672e-03
5345803-S04-156I3-A-L-C-190-qa3333,20.02.2020-10:39:03,1.10000000e+01,6.80991232e-01,1.01036797e+01,2.07644841e-03,2.31718945e+03,8.06617279e+01,2.20244617e+01,6.54418441e-03,7.49541353e-03
5345803-S04-156I3-A-L-C-190-qa3333,20.02.2020-10:39:05,1.10000000e+01,6.82343662e-01,1.00984993e+01,2.08456628e-03,1.73361877e+03,8.05033340e+01,2.20135746e+01,7.37948995e-03,8.55221227e-03
5345803-S04-156I3-A-L-C-190-qa3333,20.02.2020-10:39:07,1.10000000e+01,6.81079447e-01,1.00960865e+01,1.93334173e-03,4.23579590e+03,8.06978302e+01,2.20206127e+01,1.32988337e-02,1.52629958e-02
5345803-S04-156I3-A-L-C-190-qa3333-123,20.02.2020-10:40:48,1.00000000e+01,6.84444845e-01,1.01171160e+01,2.06725905e-03,4.19282196e+02,8.06745605e+01,2.21691208e+01,3.72789055e-02,4.50266190e-02
5345803-S04-156I3-A-L-C-190-qa3333-123,20.02.2020-10:40:52,1.00000000e+01,6.83802724e-01,1.01059418e+01,2.31903745e-03,3.77978546e+02,8.05139999e+01,2.20798302e+01,6.65196627e-02,8.26820806e-02
5345803-S04-156I3-A-L-C-190-qa3333-123,20.02.2020-10:40:56,1.00000000e+01,6.83503985e-01,1.01061792e+01,2.34480249e-03,9.92869507e+02,8.06945267e+01,2.21201878e+01,4.88343686e-02,5.64381406e-02
5345803-S04-156I3-A-L-C-190-qa3333-123,20.02.2020-10:41:02,1.00000000e+01,6.85040176e-01,1.01192532e+01,2.38076667e-03,9.77481873e+02,8.06636658e+01,2.21900940e+01,4.36915606e-02,5.20156696e-02
5345803-S04-156I3-A-L-C-190-qa3333-123,20.02.2020-10:41:04,1.00000000e+01,6.84367001e-01,1.01082144e+01,2.36599240e-03,2.79647095e+02,8.07333984e+01,2.21632481e+01,6.94002584e-02,8.12643766e-02
5345803-S04-156I3-A-L-C-190-qa3333-123,20.02.2020-10:41:08,1.00000000e+01,6.84014976e-01,1.01033211e+01,2.26965081e-03,8.88336304e+02,8.08293457e+01,2.21674385e+01,3.84209417e-02,4.38369326e-02
5345803-S04-156I3-A-L-C-190-qa3333-123,20.02.2020-10:41:12,1.00000000e+01,6.84464395e-01,1.01294422e+01,2.48045358e-03,1.39371924e+03,8.06038361e+01,2.21773071e+01,3.48414630e-02,3.89965586e-02
5345803-S04-156I3-A-L-C-190-qa3333-123,20.02.2020-10:41:14,1.00000000e+01,6.85018957e-01,1.00983162e+01,2.36222707e-03,1.98282739e+03,8.06256027e+01,2.21330471e+01,4.22417782e-02,4.96989712e-02
5345803-S04-156I3-A-L-C-190-qa3333-123,20.02.2020-10:41:18,1.00000000e+01,6.84635401e-01,1.01211948e+01,2.12592119e-03,3.05081635e+02,8.09358673e+01,2.22560902e+01,1.06535040e-01,1.25334352e-01
5345803-S04-156I3-A-L-C-190-qa3333-123,20.02.2020-10:41:20,1.00000000e+01,6.83710396e-01,1.01039658e+01,2.14565499e-03,1.13159705e+03,8.09799881e+01,2.22002811e+01,2.83391364e-02,3.40473428e-02
5345803-S04-156I3-A-L-C-190-qa3333-123,20.02.2020-10:41:24,1.00000000e+01,6.84114456e-01,1.01240644e+01,2.27443618e-03,4.19802582e+02,8.07880478e+01,2.22048321e+01,5.41978069e-02,6.22449592e-02
5345803-S04-156I3-A-L-C-190-qa3333-123,20.02.2020-10:41:26,1.00000000e+01,6.84360266e-01,1.01236677e+01,2.28222134e-03,5.28425720e+02,8.06837158e+01,2.21832542e+01,3.60322520e-02,4.23712023e-02
5345803-S04-156I3-A-L-C-190-qa3333-123,20.02.2020-10:41:28,1.00000000e+01,6.85254216e-01,1.00903120e+01,2.18730001e-03,4.86967499e+02,8.09565201e+01,2.22139015e+01,1.05867654e-01,1.25128940e-01
5345803-S04-156I3-A-L-C-190-qa3333-123,20.02.2020-10:41:32,1.00000000e+01,6.85050249e-01,1.00921240e+01,2.15128832e-03,4.64907318e+02,8.09250488e+01,2.22026424e+01,5.14193438e-02,6.13979846e-02
5345803-S04-156I3-A-L-C-190-qa3333-123,20.02.2020-10:41:34,1.00000000e+01,6.84958041e-01,1.00956535e+01,2.30293139e-03,7.39962402e+02,8.07677231e+01,2.21642437e+01,5.53961396e-02,6.22425452e-02
5345803-S04-156I3-A-L-C-190-qa3333-123,20.02.2020-10:41:38,1.00000000e+01,6.84316754e-01,1.01071558e+01,2.13599857e-03,1.16472375e+03,8.08889465e+01,2.22019958e+01,4.80683520e-02,5.59059009e-02
5345803-S04-156I3-A-L-C-190-qa3333-123,20.02.2020-10:41:40,1.00000000e+01,6.85290873e-01,1.00885057e+01,2.35464564e-03,4.04633850e+02,8.08177490e+01,2.21730404e+01,8.24569836e-02,9.66707841e-02
5345803-S04-156I3-A-L-C-190-qa3333-123,20.02.2020-10:41:42,1.00000000e+01,6.84784353e-01,1.00856295e+01,2.14222050e-03,6.08783997e+02,8.09893646e+01,2.21973686e+01,6.94558173e-02,8.23819116e-02
5345803-S04-156I3-A-L-C-190-qa3333-123,20.02.2020-10:41:44,1.00000000e+01,6.85018837e-01,1.00943460e+01,2.39281775e-03,7.27203125e+02,8.07819901e+01,2.21672573e+01,4.47572432e-02,5.63860126e-02
5345803-S04-156I3-A-L-C-190-qa3333-123,20.02.2020-10:41:48,1.00000000e+01,6.84953392e-01,1.01082973e+01,2.33269297e-03,3.01902252e+02,8.07330780e+01,2.21823349e+01,7.22159967e-02,8.47306773e-02
5345803-S04-156I3-A-L-C-190-qa3333-123,20.02.2020-10:41:51,1.00000000e+01,6.84618950e-01,1.00948524e+01,2.26717768e-03,7.13465576e+02,8.09369202e+01,2.21979218e+01,5.35058789e-02,6.32440746e-02
5345803-S04-156I3-A-L-C-190-qa3333-123,20.02.2020-10:41:53,1.00000000e+01,6.84370756e-01,1.01140614e+01,2.28276430e-03,1.80065674e+03,8.08713379e+01,2.22140808e+01,4.65544760e-02,5.27896360e-02
5345803-S04-156I3-A-L-C-190-qa3333-123,20.02.2020-10:41:55,1.00000000e+01,6.84419453e-01,1.01096764e+01,2.30659149e-03,2.98273834e+02,8.07140198e+01,2.21628323e+01,1.04493842e-01,1.20750517e-01
5345803-S04-156I3-A-L-C-190-qa3333-123,20.02.2020-10:41:59,1.00000000e+01,6.84726954e-01,1.00965834e+01,2.43640575e-03,4.07339081e+02,8.05454941e+01,2.20978374e+01,8.02871585e-02,9.26377550e-02
5345803-S04-156I3-A-L-C-190-qa3333-123,20.02.2020-10:42:01,1.00000000e+01,6.84641302e-01,1.01096840e+01,2.18252395e-03,3.63222565e+02,8.09648438e+01,2.22389278e+01,9.85324010e-02,1.13918357e-01
5345803-S04-156I3-A-L-C-190-qa3333-123,20.02.2020-10:42:03,1.00000000e+01,6.85402393e-01,1.01667175e+01,2.63174460e-03,9.44312439e+02,8.02237930e+01,2.21843262e+01,3.07687875e-02,3.51192988e-02
5345803-S04-156I3-A-L-C-190-qa3333-123,20.02.2020-10:42:05,1.00000000e+01,6.83633626e-01,1.01087904e+01,2.23352341e-03,6.42517517e+02,8.07246552e+01,2.21383648e+01,4.29704301e-02,5.12870625e-02
5345803-S04-156I3-A-L-C-190-qa3333-123,20.02.2020-10:42:07,1.00000000e+01,6.84673488e-01,1.01178722e+01,2.23175972e-03,2.91323395e+02,8.09623871e+01,2.22573109e+01,5.56741469e-02,6.78889826e-02
5345803-S04-156I3-A-L-C-190-qa3333-123,20.02.2020-10:42:09,1.00000000e+01,6.85587823e-01,1.01180649e+01,2.25068629e-03,4.12469086e+02,8.04979858e+01,2.21596165e+01,4.21000160e-02,5.09647802e-02
5345803-S04-156I3-A-L-C-190-qa3333-123,20.02.2020-10:42:11,1.00000000e+01,6.83288395e-01,1.01179228e+01,2.27915985e-03,1.28752209e+03,8.08193130e+01,2.21731415e+01,7.12214857e-02,8.27764571e-02
5345803-S04-156I3-A-L-C-190-qa3333-123,20.02.2020-10:42:13,1.00000000e+01,6.82893455e-01,1.01083345e+01,2.52591795e-03,5.38318604e+02,8.06502228e+01,2.20930042e+01,6.79501742e-02,7.68525526e-02
5345803-S04-156I3-A-L-C-190-qa3333-123,20.02.2020-10:42:16,1.00000000e+01,6.85146511e-01,1.01278238e+01,2.39849323e-03,5.88235718e+02,8.04153214e+01,2.21439495e+01,1.09366760e-01,1.31381139e-01
5345803-S04-156I3-A-L-C-190-qa3333-123,20.02.2020-10:42:18,1.00000000e+01,6.84145689e-01,1.01396694e+01,2.37566559e-03,2.71030127e+03,8.04514008e+01,2.21473961e+01,2.33983826e-02,2.76462883e-02
5345803-S04-156I3-A-L-C-190-qa3333-123,20.02.2020-10:42:20,1.00000000e+01,6.85509026e-01,1.01207161e+01,2.29867571e-03,3.14571960e+02,8.08721695e+01,2.22658978e+01,8.29044804e-02,9.84524861e-02
5345803-S04-156I3-A-L-C-190-qa3333-123,20.02.2020-10:42:24,1.00000000e+01,6.84494913e-01,1.01475544e+01,2.53696111e-03,1.06019653e+03,8.02185211e+01,2.21117420e+01,4.11686264e-02,4.81147990e-02
5345803-S04-156I3-A-L-C-190-qa3333-123,20.02.2020-10:42:26,1.00000000e+01,6.83851302e-01,1.00742006e+01,1.98875158e-03,8.33390076e+02,8.11686478e+01,2.21910229e+01,6.72802404e-02,7.89601877e-02
5345803-S04-156I3-A-L-C-190-qa3333-123,20.02.2020-10:42:28,1.00000000e+01,6.84257984e-01,1.00950146e+01,2.30150903e-03,7.19230835e+02,8.10212250e+01,2.22096806e+01,4.70044129e-02,5.55223264e-02
5345803-S04-156I3-A-L-C-190-qa3333-123,20.02.2020-10:42:30,1.00000000e+01,6.85328782e-01,1.01124907e+01,2.19297688e-03,3.50470093e+02,8.09365768e+01,2.22596664e+01,5.85912503e-02,6.81779310e-02
5345803-S04-156I3-A-L-C-190-qa3333-123,20.02.2020-10:42:32,1.00000000e+01,6.84319437e-01,1.00866385e+01,2.11297092e-03,1.55612842e+03,8.10431137e+01,2.21992397e+01,6.97609931e-02,8.90772566e-02
5345803-S04-156I3-A-L-C-190-qa3333-123,20.02.2020-10:42:34,1.00000000e+01,6.84628487e-01,1.00920181e+01,2.06496939e-03,8.11595947e+02,8.09660873e+01,2.21999912e+01,4.91949767e-02,5.92200682e-02
5345803-S04-156I3-A-L-C-190-qa3333-123,20.02.2020-10:42:36,1.00000000e+01,6.83215141e-01,1.01294327e+01,2.40053586e-03,1.61152930e+03,8.07010880e+01,2.21635170e+01,3.73754688e-02,4.50640991e-02
5345803-S04-156I3-A-L-C-190-qa3333-123,20.02.2020-10:42:39,1.00000000e+01,6.83959484e-01,1.01140900e+01,2.22704746e-03,5.17809021e+02,8.08624344e+01,2.21983509e+01,8.56587216e-02,1.01167336e-01
5345803-S04-156I3-A-L-C-190-qa3333-123,20.02.2020-10:42:41,1.00000000e+01,6.84960783e-01,1.01022158e+01,2.24944623e-03,9.52018921e+02,8.08476791e+01,2.22006950e+01,4.36807498e-02,5.20891957e-02
5345803-S04-156I3-A-L-C-190-qa3333-123,20.02.2020-10:42:43,1.00000000e+01,6.84569120e-01,1.01312828e+01,2.60561239e-03,7.47579224e+02,8.04219513e+01,2.21346684e+01,8.18681419e-02,1.02538586e-01
5345803-S04-156I3-A-L-C-190-qa3333-123,20.02.2020-10:42:45,1.00000000e+01,6.85274124e-01,1.01573629e+01,2.38714740e-03,8.29491638e+02,8.02889862e+01,2.21777744e+01,6.35658428e-02,7.69661516e-02
5345803-S04-156I3-A-L-C-190-qa3333-123,20.02.2020-10:42:47,1.00000000e+01,6.85203314e-01,1.01423664e+01,2.37144018e-03,1.48162280e+03,8.02810287e+01,2.21405487e+01,5.46797179e-02,6.43576831e-02
5345803-S04-156I3-A-L-C-190-qa3333-123,20.02.2020-10:42:49,1.00000000e+01,6.85732245e-01,1.01095152e+01,2.22898670e-03,8.65778198e+02,8.03719864e+01,2.21108932e+01,6.52832091e-02,7.67567754e-02
5345803-S04-156I3-A-L-C-190-qa3333-123,20.02.2020-10:42:51,1.00000000e+01,6.84144855e-01,1.01065903e+01,2.47972435e-03,9.83953735e+02,8.05491486e+01,2.21019402e+01,7.06860200e-02,8.52604136e-02
5345803-S04-156I3-A-L-C-190-qa3333-123,20.02.2020-10:42:53,1.00000000e+01,6.85025811e-01,1.00923986e+01,2.18925346e-03,4.29458588e+02,8.07806702e+01,2.21628437e+01,5.10247312e-02,5.99757172e-02
5345803-S04-156I3-A-L-C-190-qa3333-123,20.02.2020-10:42:55,1.00000000e+01,6.85047626e-01,1.01626368e+01,2.30955821e-03,1.81251196e+03,8.05255280e+01,2.22473068e+01,3.05437893e-02,3.72282900e-02
5345803-S04-156I3-A-L-C-190-qa3333-123,20.02.2020-10:42:57,1.00000000e+01,6.84968293e-01,1.00958757e+01,2.39644595e-03,4.53143219e+02,8.04830627e+01,2.20869427e+01,7.97836334e-02,9.64104161e-02
5345803-S04-156I3-A-L-C-190-qa3333-123,20.02.2020-10:43:00,1.00000000e+01,6.84148967e-01,1.01406078e+01,2.36167549e-03,7.45504028e+02,8.07486649e+01,2.22313938e+01,4.35084216e-02,5.14697805e-02
5345803-S04-156I3-A-L-C-190-qa3333-123,20.02.2020-10:43:02,1.00000000e+01,6.84662163e-01,1.01195602e+01,2.17008777e-03,3.52356274e+03,8.07232208e+01,2.21948986e+01,4.13387679e-02,5.21154143e-02
5345803-S04-156I3-A-L-C-190-qa3333-123,20.02.2020-10:43:17,1.00000000e+01,6.85774505e-01,1.01386223e+01,2.12548464e-03,3.85118530e+02,8.07399750e+01,2.22774544e+01,7.04158768e-02,8.34423527e-02
5345803-S04-156I3-A-L-C-190-qa3333-123,20.02.2020-10:43:21,1.00000000e+01,6.85871124e-01,1.01554165e+01,2.40312284e-03,1.13552588e+03,8.03497009e+01,2.22096252e+01,3.11004203e-02,3.61520350e-02
5345803-S04-156I3-A-L-C-190-qa3333-123,20.02.2020-10:43:23,1.00000000e+01,6.84392512e-01,1.00975246e+01,2.26239511e-03,3.16276550e+02,8.07106476e+01,2.21343937e+01,6.17191903e-02,7.16944411e-02
5345803-S04-156I3-A-L-C-190-qa3333-123,20.02.2020-10:43:25,1.00000000e+01,6.85532331e-01,1.01410913e+01,2.16262508e-03,9.99590271e+02,8.06146393e+01,2.22404346e+01,4.59112227e-02,5.34350537e-02
5345803-S04-156I3-A-L-C-190-qa3333-123,20.02.2020-10:43:27,1.00000000e+01,6.85136020e-01,1.01021080e+01,2.06981157e-03,7.27821960e+02,8.09130325e+01,2.22240906e+01,3.75518873e-02,4.73666675e-02
5345803-S04-156I3-A-L-C-190-qa3333-123,20.02.2020-10:43:29,1.00000000e+01,6.84147120e-01,1.01397343e+01,2.14858586e-03,1.81664075e+03,8.06352310e+01,2.21981926e+01,4.06564958e-02,4.82502431e-02
5345803-S04-156I3-A-L-C-190-qa3333-123,20.02.2020-10:43:31,1.00000000e+01,6.83038414e-01,9.50511265e+00,3.66915506e-03,2.00307648e+02,7.87231369e+01,2.02825012e+01,7.54592568e-02,1.00013353e-01
5345803-S04-156I3-A-L-C-190-qa3333-123,20.02.2020-10:43:33,1.00000000e+01,6.85772955e-01,1.01302919e+01,2.22336757e-03,1.14851929e+03,8.06984787e+01,2.22476616e+01,3.32053639e-02,4.01471928e-02
5345803-S04-156I3-A-L-C-190-qa3333-123,20.02.2020-10:44:06,1.00000000e+01,6.85377777e-01,1.00994673e+01,2.22569867e-03,2.84946503e+02,8.07578125e+01,2.21834812e+01,5.63115738e-02,6.73752725e-02
5345803-S04-156I3-A-L-C-190-qa3333-123,20.02.2020-10:44:12,1.00000000e+01,6.84802651e-01,1.01237535e+01,2.25794083e-03,1.07412268e+03,8.08034897e+01,2.22307339e+01,3.26634385e-02,4.05949205e-02
5345803-S04-156I3-A-L-C-190-qa3333-123,20.02.2020-10:44:14,1.00000000e+01,6.84962451e-01,1.01325436e+01,2.51736213e-03,4.14793262e+03,8.03848953e+01,2.21399364e+01,3.62919196e-02,4.09150571e-02
5345803-S04-156I3-A-L-C-190-qa3333-123,20.02.2020-10:44:18,1.00000000e+01,6.85132980e-01,1.02367535e+01,2.95146578e-03,6.03455994e+02,7.95748367e+01,2.21477470e+01,4.47794944e-02,5.22587597e-02
5345803-S04-156I3-A-L-C-190-qa3333-123,20.02.2020-10:44:26,1.00000000e+01,6.85026228e-01,1.01354885e+01,2.35337415e-03,4.39575134e+02,8.06494141e+01,2.22213173e+01,5.08083962e-02,6.24132194e-02
5345803-S04-156I3-A-L-C-190-qa3333-123,20.02.2020-10:44:28,1.00000000e+01,6.84877634e-01,1.00975113e+01,1.98235689e-03,6.05350159e+02,8.08507156e+01,2.21884975e+01,5.03011048e-02,6.01676367e-02
5345803-S04-156I3-A-L-C-190-qa3333-123,20.02.2020-10:44:30,1.00000000e+01,6.84911370e-01,1.01230421e+01,2.10021413e-03,1.23653662e+03,8.08900681e+01,2.22565212e+01,5.94315939e-02,7.40144327e-02
5345803-S04-156I3-A-L-C-190-qa3333-123,20.02.2020-10:44:34,1.00000000e+01,6.85280919e-01,1.00953426e+01,2.18935963e-03,4.58670715e+02,8.07652512e+01,2.21733322e+01,5.66647276e-02,7.01926500e-02
5345803-S04-156I3-A-L-C-190-qa3333-123,20.02.2020-10:44:38,1.00000000e+01,6.84353769e-01,1.01192722e+01,2.24895380e-03,5.20994202e+02,8.07230835e+01,2.21842308e+01,9.91088226e-02,1.16302155e-01
5345803-S04-156I3-A-L-C-190-qa3333-123,20.02.2020-10:44:42,1.00000000e+01,6.84616029e-01,1.01176348e+01,2.15305085e-03,4.31725433e+02,8.08685532e+01,2.22291260e+01,9.38924700e-02,1.07023150e-01
5345803-S04-156I3-A-L-C-190-qa3333-123,20.02.2020-10:44:44,1.00000000e+01,6.84822202e-01,1.01114731e+01,2.58847396e-03,1.31457141e+03,8.04651566e+01,2.21114311e+01,5.25829084e-02,5.79968505e-02
5345803-S04-156I3-A-L-C-190-qa3333-123,20.02.2020-10:44:48,1.00000000e+01,6.84299290e-01,1.01101522e+01,2.06637639e-03,7.62197754e+02,8.08897629e+01,2.22082367e+01,7.63786882e-02,9.04846564e-02
5345803-S04-156I3-A-L-C-190-qa3333-123,20.02.2020-10:44:50,1.00000000e+01,6.84236169e-01,1.01214132e+01,2.19840696e-03,1.01414075e+03,8.07540054e+01,2.21936092e+01,5.80622889e-02,7.17906654e-02
5345803-S04-156I3-A-L-C-190-qa3333-123,20.02.2020-10:44:52,1.00000000e+01,6.85338557e-01,1.01013193e+01,2.24255188e-03,2.39169098e+02,8.06280594e+01,2.21506348e+01,7.70453811e-02,9.13357362e-02
5345803-S04-156I3-A-L-C-190-qa3333-123,20.02.2020-10:44:54,1.00000000e+01,6.85120583e-01,1.01188908e+01,2.49820552e-03,9.73769714e+02,8.03763199e+01,2.21128502e+01,5.82961850e-02,6.71885833e-02
5345803-S04-156I3-A-L-C-190-qa3333-123,20.02.2020-10:44:57,1.00000000e+01,6.85167909e-01,1.01059017e+01,2.05534603e-03,6.91078369e+02,8.08954010e+01,2.22286243e+01,5.80559522e-02,6.67723045e-02
5345803-S04-156I3-A-L-C-190-qa3333-123,20.02.2020-10:44:59,1.00000000e+01,6.84650242e-01,1.00936460e+01,2.19796505e-03,5.23110901e+02,8.07538681e+01,2.21460781e+01,6.65570199e-02,7.74441957e-02
5345803-S04-156I3-A-L-C-190-qa3333-123,20.02.2020-10:45:05,1.00000000e+01,6.83934093e-01,1.01161118e+01,2.25174078e-03,1.96640906e+03,8.07963181e+01,2.21838112e+01,5.54543361e-02,6.31107986e-02
5345803-S04-156I3-A-L-C-190-qa3333-123,20.02.2020-10:45:07,1.00000000e+01,6.84006631e-01,1.01168737e+01,2.17941240e-03,1.51622940e+02,8.07784271e+01,2.21829205e+01,1.30785540e-01,1.40909076e-01
5345803-S04-156I3-A-L-C-190-qa3333-123,20.02.2020-10:45:09,1.00000000e+01,6.85204506e-01,1.01086330e+01,2.19924678e-03,7.55071655e+02,8.06676331e+01,2.21732140e+01,9.16934237e-02,1.06696911e-01
5345803-S04-156I3-A-L-C-190-qa3333-123,20.02.2020-10:45:11,1.00000000e+01,6.85465097e-01,1.00983772e+01,2.14101397e-03,2.32764502e+03,8.06807709e+01,2.21627502e+01,2.70215366e-02,3.27289067e-02
5345803-S04-156I3-A-L-C-190-qa3333-123,20.02.2020-10:45:13,1.00000000e+01,6.83832705e-01,1.01497841e+01,2.48314184e-03,5.38060913e+02,8.06287308e+01,2.22081909e+01,6.02973588e-02,7.24480450e-02
5345803-S04-156I3-A-L-C-190-qa3333-123,20.02.2020-10:45:15,1.00000000e+01,6.82737827e-01,1.01294470e+01,2.53657741e-03,4.66652405e+02,8.05667572e+01,2.21111965e+01,6.92400411e-02,8.41549188e-02
5345803-S04-156I3-A-L-C-190-qa3333-123,20.02.2020-10:45:17,1.00000000e+01,6.84997916e-01,1.01194210e+01,2.13539763e-03,8.60001892e+02,8.06206131e+01,2.21772499e+01,3.74945886e-02,4.36899476e-02
5345803-S04-156I3-A-L-C-190-qa3333-123,20.02.2020-10:45:19,1.00000000e+01,6.85008466e-01,1.01165524e+01,2.39108922e-03,1.55645386e+03,8.04554977e+01,2.21258984e+01,7.18397945e-02,8.32459182e-02
5345803-S04-156I3-A-L-C-190-qa3333-123,20.02.2020-10:45:22,1.00000000e+01,6.84176028e-01,1.01176109e+01,2.63298256e-03,1.28818506e+03,8.03227844e+01,2.20648651e+01,7.82902241e-02,9.12880525e-02
5345803-S04-156I3-A-L-C-190-qa3333-123,20.02.2020-10:45:24,1.00000000e+01,6.83730781e-01,1.01521711e+01,2.30038725e-03,8.91084717e+02,8.06718597e+01,2.22219830e+01,9.36248228e-02,1.10823788e-01
5345803-S04-156I3-A-L-C-190-qa3333-123,20.02.2020-10:45:26,1.00000000e+01,6.85114682e-01,1.01071625e+01,2.18375144e-03,2.22238617e+02,8.07144623e+01,2.21799507e+01,9.52088758e-02,1.16745427e-01
5345803-S04-156I3-A-L-C-190-qa3333-123,20.02.2020-10:45:28,1.00000000e+01,6.84405386e-01,1.01211367e+01,2.28842068e-03,9.46481079e+02,8.06667023e+01,2.21744938e+01,5.78025803e-02,7.07681030e-02
5345803-S04-156I3-A-L-C-190-qa3333-123,20.02.2020-10:45:30,1.00000000e+01,6.84530735e-01,1.00936518e+01,2.33622687e-03,2.62747827e+03,8.05003204e+01,2.20727024e+01,3.47931981e-02,4.12449986e-02
5345803-S04-156I3-A-L-C-190-qa3333-123,20.02.2020-10:45:32,1.00000000e+01,6.84409499e-01,1.01492252e+01,2.05649599e-03,8.63415771e+02,8.08562393e+01,2.22884121e+01,3.92126814e-02,4.97049764e-02
5345803-S04-156I3-A-L-C-190-qa3333-123,20.02.2020-10:45:34,1.00000000e+01,6.84846759e-01,1.01437597e+01,2.31588678e-03,3.12915894e+02,8.05703125e+01,2.22118187e+01,6.62265569e-02,8.00634325e-02
5345803-S04-156I3-A-L-C-190-qa3333-123,20.02.2020-10:45:36,1.00000000e+01,6.85177147e-01,1.00899677e+01,2.20248289e-03,4.26193359e+02,8.03271179e+01,2.20379658e+01,6.20301887e-02,7.59339482e-02
5345803-S04-156I3-A-L-C-190-qa3333-123,20.02.2020-10:45:38,1.00000000e+01,6.85079813e-01,1.01237974e+01,2.30827159e-03,1.33758545e+03,8.06462708e+01,2.21965561e+01,8.49764273e-02,1.01871029e-01
5345803-S04-156I3-A-L-C-190-qa3333-123,20.02.2020-10:45:40,1.00000000e+01,6.82497859e-01,1.01520042e+01,2.30369368e-03,7.54348572e+02,8.05900879e+01,2.21590633e+01,5.37409447e-02,6.36253953e-02
5345803-S04-156I3-A-L-C-190-qa3333-123,20.02.2020-10:45:42,1.00000000e+01,6.85649931e-01,1.01234350e+01,2.27544107e-03,1.24461194e+03,8.03614655e+01,2.21357803e+01,5.47507629e-02,6.25945181e-02
5345803-S04-156I3-A-L-C-190-qa3333-123,20.02.2020-10:45:45,1.00000000e+01,6.85164094e-01,1.01182261e+01,2.27522664e-03,1.38016064e+03,8.05842667e+01,2.21700115e+01,3.45004275e-02,4.09288295e-02
5345803-S04-156I3-A-L-C-190-qa3333-123,20.02.2020-10:45:47,1.00000000e+01,6.82809651e-01,1.01246929e+01,2.15071766e-03,1.68894360e+03,8.07983322e+01,2.21666775e+01,6.49384931e-02,7.82416165e-02
5345803-S04-156I3-A-L-C-190-qa3333-123,20.02.2020-10:45:49,1.00000000e+01,6.83019876e-01,1.01203966e+01,2.67006666e-03,1.18925183e+03,8.04053497e+01,2.20562935e+01,4.54558879e-02,5.31073511e-02
5345803-S04-156I3-A-L-C-190-qa3333-123,20.02.2020-10:45:51,1.00000000e+01,6.84740603e-01,1.01286478e+01,2.39448925e-03,4.67499634e+02,8.04010010e+01,2.21286907e+01,6.44740909e-02,7.65269697e-02
5345803-S04-156I3-A-L-C-190-qa,20.02.2020-10:54:16,1.10000000e+01,6.46478295e-01,8.93419075e+00,1.70808192e-03,2.51065582e+02,8.03802948e+01,1.88968296e+01,8.23793560e-02,1.29557252e-01
5345803-S04-156I3-A-L-C-190-qa,20.02.2020-10:54:18,1.10000000e+01,6.46277606e-01,8.91938019e+00,1.59246742e-03,1.95724167e+02,8.05177460e+01,1.88918972e+01,9.72938389e-02,1.56112537e-01
5345803-S04-156I3-A-L-C-190-qa,20.02.2020-10:54:20,1.10000000e+01,6.46461010e-01,8.92873287e+00,1.70547445e-03,3.38882965e+02,8.04732437e+01,1.89066181e+01,6.05273508e-02,1.13726184e-01
5345803-S04-156I3-A-L-C-190-qa,20.02.2020-10:54:22,1.10000000e+01,6.44499660e-01,8.93984604e+00,1.81154464e-03,1.52910400e+02,8.04334869e+01,1.88633919e+01,1.15066610e-01,1.73349738e-01
5345803-S04-156I3-A-L-C-190-qa,20.02.2020-10:54:25,1.10000000e+01,6.46718621e-01,8.93865585e+00,1.86698267e-03,1.16078087e+02,8.03914413e+01,1.89159260e+01,1.53158039e-01,2.17294574e-01
5345803-S04-156I3-A-L-C-190-qa,20.02.2020-10:54:27,1.10000000e+01,6.45620346e-01,8.94107533e+00,1.86894042e-03,1.32364365e+02,8.04246597e+01,1.88967171e+01,1.67044520e-01,3.99365515e-01
5345803-S04-156I3-A-L-C-190-qa,20.02.2020-10:54:29,1.10000000e+01,6.46267414e-01,8.97770691e+00,1.82435929e-03,1.12733910e+02,7.99613266e+01,1.88837318e+01,2.49380112e-01,2.99500287e-01
5345803-S04-156I3-A-L-C-190-qa,20.02.2020-10:54:31,1.10000000e+01,6.47070050e-01,8.94795704e+00,1.84996007e-03,8.50490189e+01,8.01662521e+01,1.88928261e+01,4.58044052e-01,6.99351907e-01
5345803-S04-156I3-A-L-C-190-qa,20.02.2020-10:54:33,1.10000000e+01,6.45473778e-01,8.95618343e+00,1.92806090e-03,2.07835480e+02,8.03094940e+01,1.88972530e+01,1.91508219e-01,2.94142604e-01
5345803-S04-156I3-A-L-C-190-qa,20.02.2020-10:54:35,1.10000000e+01,6.47575855e-01,8.96576405e+00,2.09250487e-03,2.56792847e+02,7.99172668e+01,1.88863831e+01,2.19995126e-01,2.98334360e-01
5345803-S04-156I3-A-L-C-190-qa,20.02.2020-10:54:37,1.10000000e+01,6.44852877e-01,9.03850555e+00,2.26607127e-03,2.00267410e+02,7.96698227e+01,1.89008503e+01,1.52179122e-01,2.22404927e-01
5345803-S04-156I3-A-L-C-190-qa,20.02.2020-10:54:39,1.10000000e+01,6.47125840e-01,8.94258785e+00,1.99569110e-03,1.07667816e+02,8.02279205e+01,1.88976440e+01,3.15718472e-01,4.41074371e-01
5345803-S04-156I3-A-L-C-190-qa,20.02.2020-10:54:41,1.10000000e+01,6.47452533e-01,8.93375492e+00,2.01947126e-03,2.97652130e+02,8.03491898e+01,1.89170609e+01,1.58352345e-01,4.20240223e-01
5345803-S04-156I3-A-L-C-190-qa,20.02.2020-10:54:44,1.10000000e+01,6.45829737e-01,8.94267368e+00,1.81959197e-03,1.11083450e+02,8.02579803e+01,1.88670444e+01,3.36703002e-01,4.55259979e-01
5345803-S04-156I3-A-L-C-190-qa,20.02.2020-10:54:46,1.10000000e+01,6.47495806e-01,8.94329739e+00,2.23896769e-03,1.06758598e+02,7.99164658e+01,1.88365383e+01,3.47498894e-01,5.05136907e-01
5345803-S04-156I3-A-L-C-190-qa,20.02.2020-10:54:48,1.10000000e+01,6.46438181e-01,8.98979664e+00,1.95003790e-03,1.10662033e+02,7.99916763e+01,1.89213390e+01,2.38910079e-01,3.60106558e-01
5345803-S04-156I3-A-L-C-190-qa,20.02.2020-10:54:50,1.10000000e+01,6.46968603e-01,8.94469261e+00,1.74564985e-03,1.18908546e+02,8.02368240e+01,1.88995953e+01,2.96900541e-01,4.03361738e-01
5345803-S04-156I3-A-L-C-190-qa,20.02.2020-10:54:52,1.10000000e+01,6.46038949e-01,8.94689369e+00,1.84367585e-03,2.62794342e+02,8.02819672e+01,1.88877048e+01,1.62356526e-01,2.63669819e-01
5345803-S04-156I3-A-L-C-190-qa,20.02.2020-10:54:54,1.10000000e+01,6.46016657e-01,8.94518948e+00,1.75412872e-03,9.62378311e+01,8.01344299e+01,1.88487530e+01,2.50908047e-01,3.45726401e-01
5345803-S04-156I3-A-L-C-190-qa,20.02.2020-10:54:56,1.10000000e+01,6.45478129e-01,8.96485138e+00,1.94098311e-03,1.30623642e+02,8.00544434e+01,1.88555965e+01,2.00026602e-01,3.57623905e-01
5345803-S04-156I3-A-L-C-190,20.02.2020-10:56:04,1.10000000e+01,-1.41571881e-03,-2.22851057e-04,-3.17738485e+00,5.08809326e+02,,1.16465208e-06,,
5345803-S04-156I3-A-L-C-190,20.02.2020-10:56:44,2.00000000e+01,6.45516098e-01,8.87715149e+00,2.05311785e-03,1.80687805e+02,7.99932632e+01,1.86579666e+01,1.80223003e-01,3.09518695e-01
5345803-S04-156I3-A-L-C-190,20.02.2020-10:57:40,2.00000000e+01,6.44749701e-01,8.87642097e+00,2.31147930e-03,2.33227371e+02,8.00874405e+01,1.86562214e+01,1.36315614e-01,2.75629908e-01
5345803-S04-156I3-A-L-C-190,20.02.2020-10:57:42,2.00000000e+01,6.45359516e-01,8.87642956e+00,2.10898952e-03,2.16073212e+02,8.00717010e+01,1.86702137e+01,1.45009339e-01,2.32830420e-01
5345803-S04-156I3-A-L-C-190,20.02.2020-10:57:45,2.00000000e+01,6.45550311e-01,8.88405323e+00,2.10843747e-03,2.64595673e+02,8.00526810e+01,1.86873322e+01,9.73689184e-02,1.84529051e-01
5345803-S04-156I3-A-L-C-190,20.02.2020-10:57:47,2.00000000e+01,6.45892560e-01,8.86334610e+00,2.23702379e-03,1.64057251e+02,8.00630951e+01,1.86560898e+01,1.89204037e-01,3.12755525e-01
5345803-S04-156I3-A-L-C-190,20.02.2020-10:57:49,9.00000000e+00,6.48613036e-01,8.91196918e+00,2.50203605e-03,2.55423477e+02,8.02050400e+01,1.88708382e+01,1.74400464e-01,3.73233557e-01
5345803-S04-156I3-A-L-C-190,20.02.2020-10:57:51,8.00000000e+00,6.49341702e-01,8.91106033e+00,2.10550125e-03,2.44231323e+02,8.04070358e+01,1.89376869e+01,1.36792302e-01,3.66645157e-01
5345803-S04-156I3-A-L-C-190,20.02.2020-10:57:55,2.10000000e+01,6.41526163e-01,8.83678341e+00,1.97969796e-03,1.60747345e+02,8.02080002e+01,1.85078716e+01,1.41680047e-01,1.98670983e-01
5345803-S04-156I3-A-L-C-190,20.02.2020-10:57:57,2.00000000e+00,6.41717792e-01,8.84734344e+00,2.47203931e-03,1.12840576e+02,7.96135941e+01,1.83981609e+01,2.64447182e-01,6.21370435e-01
5345803-S04-156I3-A-L-C-190,20.02.2020-10:57:59,1.00000000e+00,6.41243696e-01,8.85982895e+00,2.21346598e-03,1.97383530e+02,7.98520279e+01,1.84656487e+01,3.00461769e-01,6.77216172e-01
5345803-S04-156I3-A-L-C-190,20.02.2020-10:58:01,2.00000000e+01,6.45503759e-01,8.85980320e+00,2.07028165e-03,2.79114166e+02,8.01990356e+01,1.86690502e+01,1.04786620e-01,2.20884949e-01
5345803-S04-156I3-A-L-C-190,20.02.2020-10:58:03,9.00000000e+00,6.49475515e-01,8.89455795e+00,2.11851392e-03,2.72998108e+02,8.02872009e+01,1.88783340e+01,1.62501842e-01,3.87831300e-01
5345803-S04-156I3-A-L-C-190,20.02.2020-10:58:05,9.00000000e+00,6.47899926e-01,8.93155861e+00,2.09699688e-03,3.53652924e+02,8.02007751e+01,1.88905220e+01,1.30778819e-01,1.79820389e-01
5345803-S04-156I3-A-L-C-190,20.02.2020-10:58:08,1.90000000e+01,6.49691164e-01,8.89128780e+00,2.50171917e-03,1.16766956e+03,7.99300537e+01,1.87936840e+01,6.07631579e-02,3.12485278e-01
5345803-S04-156I3-A-L-C-190,20.02.2020-10:58:10,1.90000000e+01,6.46920979e-01,8.91555023e+00,2.62550544e-03,4.21804047e+02,7.97445221e+01,1.87210598e+01,1.05990805e-01,1.59181714e-01
5345803-S04-156I3-A-L-C-190,20.02.2020-10:58:12,2.00000000e+01,6.45064890e-01,8.86401463e+00,2.28064205e-03,2.16785294e+02,8.01183395e+01,1.86464443e+01,1.26207516e-01,2.51126826e-01
5345803-S04-156I3-A-L-C-190,20.02.2020-10:58:14,9.00000000e+00,6.48646355e-01,8.89459515e+00,2.33938429e-03,4.10624268e+02,8.02536011e+01,1.88464222e+01,8.64898264e-02,2.70688504e-01
5345803-S04-156I3-A-L-C-190,20.02.2020-10:58:16,1.90000000e+01,6.48338437e-01,8.86958599e+00,2.46505556e-03,2.84170593e+02,8.00566559e+01,1.87384109e+01,1.29692480e-01,3.62654150e-01
5345803-S04-156I3-A-L-C-190,20.02.2020-10:58:18,2.00000000e+00,6.41586244e-01,8.80592442e+00,2.18998478e-03,1.50857742e+02,7.98694916e+01,1.83671227e+01,1.79029047e-01,2.36867473e-01
5345803-S04-156I3-A-L-C-190,20.02.2020-10:58:21,1.90000000e+01,6.48653388e-01,8.87591171e+00,2.49058683e-03,1.69787231e+02,7.99884720e+01,1.87449074e+01,1.38004139e-01,4.25920725e-01
5345803-S04-156I3-A-L-C-190,20.02.2020-10:58:23,2.00000000e+00,6.41378224e-01,8.76770020e+00,2.11406453e-03,1.88491211e+02,8.00435181e+01,1.83213005e+01,3.30594331e-01,2.38608265e+00
5345803-S04-156I3-A-L-C-190,20.02.2020-10:58:25,2.10000000e+01,6.46303415e-01,8.86283588e+00,2.44308799e-03,1.58407867e+02,7.97018585e+01,1.85826569e+01,1.48254067e-01,2.29410410e-01
5345803-S04-156I3-A-L-C-190,20.02.2020-10:58:27,2.00000000e+01,6.45575464e-01,8.85981750e+00,2.02975469e-03,1.72331833e+02,8.00554733e+01,1.86377296e+01,2.31959760e-01,3.91644210e-01
5345803-S04-156I3-A-L-C-190,20.02.2020-10:58:29,2.00000000e+01,6.45240128e-01,8.86125851e+00,1.85803859e-03,7.44512482e+01,8.01287689e+01,1.86481380e+01,4.27399427e-01,6.82389319e-01
5345803-S04-156I3-A-L-C-190,20.02.2020-10:58:31,2.00000000e+01,6.44328117e-01,8.86612892e+00,1.84821303e-03,7.66211166e+01,8.03261414e+01,1.86779079e+01,4.36950684e-01,6.53339028e-01
5345803-S04-156I3-A-L-C-190,20.02.2020-10:58:33,2.00000000e+01,6.43989921e-01,8.88245487e+00,2.20000721e-03,1.37851807e+02,7.99428177e+01,1.86132298e+01,2.63232112e-01,4.01055038e-01
5345803-S04-156I3-A-L-C-190,20.02.2020-10:58:35,2.10000000e+01,6.43981457e-01,8.83596802e+00,2.23320210e-03,1.35414825e+02,8.02717438e+01,1.85917549e+01,4.70308721e-01,1.12461519e+00
5345803-S04-156I3-A-L-C-190,20.02.2020-10:58:37,2.00000000e+01,6.44083917e-01,8.85532856e+00,2.12472654e-03,6.98685532e+01,8.01201630e+01,1.86002655e+01,3.98599356e-01,5.57181180e-01
5345803-S04-156I3-A-L-C-190,20.02.2020-10:58:40,2.00000000e+00,6.40624166e-01,8.78585434e+00,1.91766873e-03,9.08429260e+01,8.02741241e+01,1.83904819e+01,5.02705932e-01,1.03692460e+00
5345803-S04-156I3-A-L-C-190,20.02.2020-10:58:42,1.00000000e+00,6.41879737e-01,8.81357193e+00,1.75170670e-03,2.72929192e+01,8.02606277e+01,1.84815502e+01,1.09383988e+00,1.56681788e+00
5345803-S04-156I3-A-L-C-190,20.02.2020-10:58:44,2.40000000e+01,6.39863431e-01,8.78305435e+00,1.84594572e-03,1.37211742e+01,7.98688126e+01,1.82700729e+01,2.00886035e+00,2.60602283e+00
5345803-S04-156I3-A-L-C-190,20.02.2020-10:58:46,1.00000000e+00,6.41096354e-01,8.79618073e+00,1.95285375e-03,7.51496735e+01,8.03508682e+01,1.84432812e+01,3.41784596e-01,8.02226901e-01
5345803-S04-156I3-A-L-C-190,20.02.2020-10:58:48,2.10000000e+01,6.42647743e-01,8.84627056e+00,1.92907616e-03,1.91239731e+02,8.01539612e+01,1.85476303e+01,2.08042070e-01,3.59509408e-01
5345803-S04-156I3-A-L-C-190,20.02.2020-10:58:50,2.10000000e+01,6.42783105e-01,8.86769867e+00,1.98308798e-03,1.80617538e+02,7.97652435e+01,1.85062847e+01,2.64916480e-01,4.00218099e-01
5345803-S04-156I3-A-L-C-190,20.02.2020-10:58:52,2.10000000e+01,6.42270505e-01,8.85678864e+00,1.89341919e-03,1.15468170e+02,8.00865402e+01,1.85431709e+01,3.52142602e-01,6.41259551e-01
5345803-S04-156I3-A-L-C-190,20.02.2020-10:58:54,2.00000000e+01,6.44740939e-01,8.86710453e+00,2.00694241e-03,1.66647461e+02,8.01398315e+01,1.86485767e+01,1.94643244e-01,2.81486392e-01
5345803-S04-156I3-A-L-C-190,20.02.2020-10:58:57,8.00000000e+00,6.49379969e-01,8.90155602e+00,2.05296627e-03,1.66644333e+02,8.04924240e+01,1.89386940e+01,1.63997889e-01,3.19599271e-01
5345803-S04-156I3-A-L-C-190,20.02.2020-10:58:59,2.00000000e+01,6.44164145e-01,8.86499023e+00,1.89871434e-03,1.67806717e+02,8.03938065e+01,1.86864853e+01,1.69278204e-01,2.73443878e-01
5345803-S04-156I3-A-L-C-190,20.02.2020-10:59:01,2.00000000e+00,6.40411854e-01,8.82507038e+00,2.04020715e-03,1.98451920e+02,7.97914047e+01,1.83553982e+01,1.94301054e-01,4.05208886e-01
5345803-S04-156I3-A-L-C-190,20.02.2020-10:59:03,2.10000000e+01,6.42298818e-01,8.86214352e+00,1.93717529e-03,2.92222473e+02,8.01050186e+01,1.85594788e+01,1.68534353e-01,3.46618652e-01
5345803-S04-156I3-A-L-C-190,20.02.2020-10:59:05,9.00000000e+00,6.48610711e-01,8.89043903e+00,2.12068320e-03,2.09810867e+02,8.05365219e+01,1.89029846e+01,1.30128846e-01,3.59169990e-01
5345803-S04-156I3-A-L-C-190,20.02.2020-10:59:07,2.10000000e+01,6.42227471e-01,8.85552406e+00,1.88672252e-03,1.92594421e+02,8.01105118e+01,1.85448284e+01,1.94011077e-01,4.23820287e-01
5345803-S04-156I3-A-L-C-190,20.02.2020-10:59:09,2.00000000e+00,6.39425397e-01,8.79378414e+00,2.23709340e-03,2.35902908e+02,7.98043213e+01,1.82651081e+01,2.73899525e-01,5.37726641e-01
5345803-S04-156I3-A-L-C-190,20.02.2020-10:59:11,2.00000000e+00,6.40225410e-01,8.82875347e+00,1.92505890e-03,2.43940857e+02,7.97813034e+01,1.83553905e+01,1.87269434e-01,4.20723975e-01
5345803-S04-156I3-A-L-C-190,20.02.2020-10:59:13,2.00000000e+00,6.39224291e-01,8.83060265e+00,1.74435752e-03,1.93802322e+02,7.99344406e+01,1.83657112e+01,2.29153842e-01,4.58881557e-01
5345803-S04-156I3-A-L-C-190,20.02.2020-10:59:15,1.00000000e+00,6.42154574e-01,8.85383987e+00,2.11637863e-03,5.65967979e+01,7.98315964e+01,1.84746494e+01,7.14349329e-01,9.80665684e-01
5345803-S04-156I3-A-L-C-190,20.02.2020-10:59:18,2.00000000e+00,6.40660465e-01,8.79775238e+00,2.28709495e-03,2.54886963e+02,7.98396378e+01,1.83167496e+01,1.23200230e-01,1.69812217e-01
5345803-S04-156I3-A-L-C-190,20.02.2020-10:59:20,9.00000000e+00,6.48968995e-01,8.93040848e+00,2.30021868e-03,1.86074646e+02,7.99760056e+01,1.88662319e+01,1.65416732e-01,2.62364924e-01
5345803-S04-156I3-A-L-C-190,20.02.2020-10:59:22,2.10000000e+01,6.45290971e-01,8.86961365e+00,2.44701328e-03,4.50720245e+02,7.98157196e+01,1.85942612e+01,7.83415958e-02,1.63614184e-01
5345803-S04-156I3-A-L-C-190,20.02.2020-10:59:24,2.10000000e+01,6.45921409e-01,8.84064770e+00,2.33958731e-03,3.49229248e+02,7.97756348e+01,1.85423260e+01,2.00835571e-01,9.48006392e-01
5345803-S04-156I3-A-L-C-190,20.02.2020-10:59:26,2.00000000e+00,6.41959548e-01,8.81336784e+00,2.39941897e-03,1.78060287e+02,7.98874588e+01,1.83974800e+01,1.70623004e-01,2.28438944e-01
5345803-S04-156I3-A-L-C-190,20.02.2020-10:59:28,2.10000000e+01,6.43281639e-01,8.83979702e+00,2.04091845e-03,1.87940598e+02,8.00236969e+01,1.85221882e+01,2.01747611e-01,4.81691897e-01
5345803-S04-156I3-A-L-C-190,20.02.2020-10:59:30,2.10000000e+01,6.43601894e-01,8.82993221e+00,2.04798719e-03,2.49068802e+02,7.99989395e+01,1.85050011e+01,1.73071042e-01,4.05454218e-01
5345803-S04-156I3-A-L-C-190,20.02.2020-10:59:33,1.00000000e+00,6.42528832e-01,8.85595703e+00,1.88770075e-03,2.73600922e+02,7.98540649e+01,1.84950428e+01,1.27172634e-01,1.55418158e-01
5345803-S04-156I3-A-L-C-190,20.02.2020-10:59:36,2.00000000e+01,6.44977570e-01,8.84890938e+00,2.02214089e-03,3.91032043e+02,8.02271576e+01,1.86374264e+01,1.20727934e-01,2.21887708e-01
5345803-S04-156I3-A-L-C-190,20.02.2020-10:59:38,2.10000000e+01,6.43316805e-01,8.85343456e+00,1.75298087e-03,1.69015152e+02,8.02042007e+01,1.85936222e+01,1.93467587e-01,4.78746682e-01
5345803-S04-156I3-A-L-C-190,20.02.2020-10:59:40,1.90000000e+01,6.47485256e-01,8.86986828e+00,2.27787765e-03,2.44307755e+02,8.00977173e+01,1.87239456e+01,1.38036057e-01,2.03443542e-01
5345803-S04-156I3-A-L-C-190,20.02.2020-10:59:42,2.00000000e+00,6.42676890e-01,8.84373379e+00,2.53703608e-03,1.78162506e+02,7.94725800e+01,1.83855190e+01,3.34300727e-01,9.52491164e-01
5345803-S04-156I3-A-L-C-190,20.02.2020-10:59:44,2.00000000e+01,6.47339940e-01,8.86571026e+00,2.19034124e-03,2.94464417e+02,8.00397797e+01,1.86974335e+01,9.04845968e-02,1.41275197e-01
5345803-S04-156I3-A-L-C-190,20.02.2020-10:59:46,2.00000000e+00,6.39271796e-01,8.81084442e+00,1.87539554e-03,6.74780884e+01,7.99880447e+01,1.83382702e+01,5.40449381e-01,1.19560921e+00
5345803-S04-156I3-A-L-C-190,20.02.2020-10:59:49,2.00000000e+01,6.45488679e-01,8.85839462e+00,1.83069881e-03,4.09337769e+02,8.00793839e+01,1.86377964e+01,1.03590071e-01,1.84615821e-01
5345803-S04-156I3-A-L-C-190,20.02.2020-10:59:51,1.00000000e+00,6.42831743e-01,8.83004570e+00,1.97888562e-03,2.61115234e+02,7.98578796e+01,1.84505043e+01,1.31116256e-01,2.59356737e-01
5345803-S04-156I3-A-L-C-190,20.02.2020-10:59:53,1.00000000e+00,6.41205728e-01,8.85494900e+00,2.01206491e-03,1.51125534e+02,7.99259262e+01,1.84714642e+01,2.89227426e-01,5.21109223e-01
5345803-S04-156I3-A-L-C-190,20.02.2020-10:59:55,1.00000000e+00,6.40731394e-01,8.83891296e+00,2.25574244e-03,1.15688599e+02,8.00227661e+01,1.84466953e+01,2.48207778e-01,4.34619516e-01
5345803-S04-156I3-A-L-C-190,20.02.2020-10:59:57,1.00000000e+00,6.43297672e-01,8.82922363e+00,2.04113754e-03,9.76884689e+01,7.96981049e+01,1.84252205e+01,2.66948342e-01,3.89638484e-01
5345803-S04-156I3-A-L-C-190,20.02.2020-10:59:59,1.00000000e+00,6.43200278e-01,8.82131386e+00,2.00334168e-03,1.20295746e+02,7.97749176e+01,1.84236660e+01,2.44568065e-01,3.80422771e-01
5345803-S04-156I3-A-L-C-190,20.02.2020-11:00:01,1.00000000e+00,6.41901433e-01,8.83815765e+00,1.81252079e-03,1.22482964e+02,8.00251923e+01,1.84793644e+01,3.20670515e-01,5.37478268e-01
5345803-S04-156I3-A-L-C-190,20.02.2020-11:00:04,1.00000000e+00,6.43087685e-01,8.82681370e+00,1.92327041e-03,1.84853485e+02,7.97978210e+01,1.84372177e+01,1.92544237e-01,3.50766182e-01
5345803-S04-156I3-A-L-C-190,20.02.2020-11:00:06,2.10000000e+01,6.40829265e-01,8.90892982e+00,1.96987810e-03,1.41509598e+02,7.97870789e+01,1.85408916e+01,1.69772357e-01,2.04192266e-01
5345803-S04-156I3-A-L-C-190,20.02.2020-11:00:08,2.00000000e+01,6.44577920e-01,8.85220718e+00,2.19058618e-03,1.21506714e+02,8.02208481e+01,1.86313553e+01,2.45896742e-01,3.77422184e-01
5345803-S04-156I3-A-L-C-190,20.02.2020-11:00:10,2.00000000e+01,6.44941092e-01,8.89493656e+00,2.34730821e-03,1.53646820e+02,8.00262985e+01,1.86864090e+01,1.78043678e-01,2.96186060e-01
5345803-S04-156I3-A-L-C-190,20.02.2020-11:00:12,2.00000000e+01,6.44898951e-01,8.88977528e+00,2.34233309e-03,2.27747742e+02,8.00100937e+01,1.86705666e+01,1.37684539e-01,2.50936925e-01
5345803-S04-156I3-A-L-C-190,20.02.2020-11:00:14,1.90000000e+01,6.45231366e-01,8.90284252e+00,2.21000588e-03,1.37941650e+02,8.00810089e+01,1.87242260e+01,1.94751784e-01,2.81072199e-01
5345803-S04-156I3-A-L-C-190,20.02.2020-11:00:16,2.00000000e+01,6.44084692e-01,8.89885521e+00,2.36026803e-03,1.63607971e+02,7.99679947e+01,1.86562138e+01,1.51664406e-01,2.29992643e-01
5345803-S04-156I3-A-L-C-190,20.02.2020-11:00:19,2.00000000e+01,6.43236756e-01,8.88490582e+00,2.02303682e-03,1.35210342e+02,8.01319427e+01,1.86405849e+01,2.58638889e-01,3.19150627e-01
5345803-S04-156I3-A-L-C-190,20.02.2020-11:00:21,2.00000000e+01,6.41365767e-01,8.86636066e+00,1.83447602e-03,1.06715904e+02,8.03844452e+01,1.86060162e+01,2.22798601e-01,2.87368476e-01
5345803-S04-156I3-A-L-C-190,20.02.2020-11:00:23,3.00000000e+00,6.38236821e-01,8.72061634e+00,2.09808443e-03,1.31304825e+02,7.95570374e+01,1.80234470e+01,2.17926726e-01,7.26777732e-01
5345803-S04-156I3-A-L-C-190,20.02.2020-11:00:25,3.00000000e+00,6.38204753e-01,8.71054840e+00,1.74881238e-03,8.63078995e+01,7.96328659e+01,1.80188923e+01,3.12459111e-01,8.15813541e-01
5345803-S04-156I3-A-L-C-190,20.02.2020-11:00:27,2.10000000e+01,6.41905665e-01,8.86378384e+00,1.94100267e-03,4.64763641e+02,8.03121033e+01,1.85995140e+01,8.45350847e-02,1.63551912e-01
5345803-S04-156I3-A-L-C-190,20.02.2020-11:00:29,2.10000000e+01,6.41685426e-01,8.85251141e+00,1.75204920e-03,1.34161285e+02,8.03250275e+01,1.85724735e+01,2.20020965e-01,3.17334354e-01
5345803-S04-156I3-A-L-C-190,20.02.2020-11:00:31,2.00000000e+01,6.42676711e-01,8.85235500e+00,1.84142799e-03,1.15300804e+02,8.05281982e+01,1.86478844e+01,2.48791769e-01,4.88889754e-01
5345803-S04-156I3-A-L-C-190,20.02.2020-11:00:33,2.00000000e+01,6.42801523e-01,8.85691738e+00,2.06663646e-03,2.17511703e+02,8.03555679e+01,1.86211128e+01,2.03537419e-01,4.50820535e-01
5345803-S04-156I3-A-L-C-190,20.02.2020-11:00:35,2.10000000e+01,6.41679764e-01,8.84793282e+00,1.88382249e-03,1.61269180e+02,8.02521286e+01,1.85458565e+01,1.32354721e-01,2.03839570e-01
5345803-S04-156I3-A-L-C-190,20.02.2020-11:00:38,2.00000000e+01,6.42993689e-01,8.85769939e+00,1.97949493e-03,1.68887054e+02,8.03766708e+01,1.86332169e+01,1.93133160e-01,5.29708266e-01
5345803-S04-156I3-A-L-C-190,20.02.2020-11:00:40,2.10000000e+01,6.41235650e-01,8.83555984e+00,1.60586461e-03,1.46785828e+02,8.04049530e+01,1.85423470e+01,1.91642642e-01,4.91036564e-01
5345803-S04-156I3-A-L-C-190,20.02.2020-11:00:42,1.00000000e+00,6.40295804e-01,8.82692909e+00,1.77316496e-03,1.73077515e+02,8.02151566e+01,1.84534225e+01,1.76254094e-01,4.30811882e-01
5345803-S04-156I3-A-L-C-190,20.02.2020-11:00:44,2.00000000e+00,6.38590157e-01,8.81974220e+00,1.94827688e-03,1.83373428e+02,8.01216507e+01,1.83678436e+01,2.08871052e-01,6.36487067e-01
5345803-S04-156I3-A-L-C-190,20.02.2020-11:00:46,9.00000000e+00,6.45886660e-01,8.89808083e+00,1.95217016e-03,2.04262070e+02,8.06092148e+01,1.88567829e+01,1.50376946e-01,3.13496619e-01
5345803-S04-156I3-A-L-C-190,20.02.2020-11:00:48,2.00000000e+00,6.38837159e-01,8.82413960e+00,2.08569132e-03,1.30198151e+02,8.00587082e+01,1.83696690e+01,2.48581454e-01,6.46786332e-01
5345803-S04-156I3-A-L-C-190,20.02.2020-11:00:51,9.00000000e+00,6.46104336e-01,8.88589478e+00,2.01159343e-03,2.27426132e+02,8.05208588e+01,1.88166561e+01,1.92383021e-01,4.19978887e-01
5345803-S04-156I3-A-L-C-190,20.02.2020-11:00:53,2.10000000e+01,6.41679525e-01,8.86349106e+00,2.01759231e-03,1.99165054e+02,8.02816772e+01,1.85853024e+01,1.35521770e-01,1.91951513e-01
5345803-S04-156I3-A-L-C-190,20.02.2020-11:01:05,2.00000000e+01,6.42277181e-01,8.87257576e+00,1.78632361e-03,1.42763046e+02,8.03938751e+01,1.86477032e+01,2.08511874e-01,3.02824259e-01
5345803-S04-156I3-A-L-C-190,20.02.2020-11:01:07,2.10000000e+01,6.42037690e-01,8.84868526e+00,1.63379230e-03,1.75596451e+02,8.04296188e+01,1.85988216e+01,1.76805452e-01,2.60979474e-01
5345803-S04-156I3-A-L-C-190,20.02.2020-11:01:09,1.90000000e+01,6.43694580e-01,8.87229443e+00,1.71782111e-03,2.25805206e+02,8.05289001e+01,1.87196522e+01,1.55538157e-01,4.25691158e-01
5345803-S04-156I3-A-L-C-190,20.02.2020-11:01:11,2.00000000e+01,6.41938925e-01,8.85961819e+00,1.58891222e-03,9.98386383e+01,8.03871841e+01,1.86091137e+01,2.51822799e-01,3.52469087e-01
5345803-S04-156I3-A-L-C-190,20.02.2020-11:01:13,2.10000000e+01,6.41141415e-01,8.84456730e+00,1.77430350e-03,1.83008438e+02,8.04914932e+01,1.85784969e+01,1.86739355e-01,2.53088832e-01
5345803-S04-156I3-A-L-C-190,20.02.2020-11:01:15,2.00000000e+01,6.43020988e-01,8.86547661e+00,1.81217503e-03,1.16237297e+02,8.05330963e+01,1.86866665e+01,2.30268434e-01,6.30698740e-01
5345803-S04-156I3-A-L-C-190,20.02.2020-11:01:18,2.10000000e+01,6.41493261e-01,8.85010338e+00,1.75188284e-03,1.63772110e+02,8.03843994e+01,1.85755806e+01,1.82183146e-01,2.48325795e-01
5345803-S04-156I3-A-L-C-190,20.02.2020-11:01:20,2.00000000e+01,6.42612696e-01,8.86968994e+00,1.89578917e-03,1.47111618e+02,8.05714645e+01,1.86925793e+01,2.74749905e-01,6.06962383e-01
5345803-S04-156I3-A-L-C-190,20.02.2020-11:01:22,2.00000000e+01,6.43355429e-01,8.87125969e+00,1.91462121e-03,1.81877411e+02,8.03910751e+01,1.86755905e+01,2.65296727e-01,6.71424448e-01
5345803-S04-156I3-A-L-C-190,20.02.2020-11:01:24,2.00000000e+01,6.42326713e-01,8.87182426e+00,2.07083439e-03,9.23762970e+01,8.02151031e+01,1.86060963e+01,2.81124890e-01,3.57505620e-01
5345803-S04-156I3-A-L-C-190,20.02.2020-11:01:26,9.00000000e+00,6.46552682e-01,8.89817524e+00,1.85980008e-03,9.41610413e+01,8.04969406e+01,1.88501339e+01,3.18518162e-01,5.48215926e-01
5345803-S04-156I3-A-L-C-190,20.02.2020-11:01:28,1.90000000e+01,6.44323230e-01,8.88048077e+00,1.58171554e-03,1.69952866e+02,8.03394623e+01,1.87111015e+01,2.05340028e-01,3.46866399e-01
5345803-S04-156I3-A-L-C-190,20.02.2020-11:01:30,1.90000000e+01,6.43881917e-01,8.87749577e+00,1.51831948e-03,9.21140289e+01,8.05306778e+01,1.87364922e+01,2.56387949e-01,4.01420355e-01
5345803-S04-156I3-A-L-C-190,20.02.2020-11:01:32,1.90000000e+01,6.43193603e-01,8.88738441e+00,1.99137977e-03,4.19382057e+01,8.04193497e+01,1.87114086e+01,6.27160192e-01,1.03540218e+00
5345803-S04-156I3-A-L-C-190,20.02.2020-11:01:34,1.90000000e+01,6.43905759e-01,8.89351559e+00,1.85777911e-03,7.89534760e+01,8.04635849e+01,1.87553577e+01,3.22352618e-01,6.18835330e-01
5345803-S04-156I3-A-L-C-190,20.02.2020-11:01:36,2.00000000e+01,6.43402219e-01,8.86736584e+00,1.90203928e-03,1.95499771e+02,8.05068741e+01,1.86956387e+01,1.42398924e-01,2.79712170e-01
5345803-S04-156I3-A-L-C-190,20.02.2020-11:01:38,2.00000000e+01,6.42771363e-01,8.87472248e+00,1.98130915e-03,1.06696426e+02,8.03483582e+01,1.86559982e+01,2.57921785e-01,4.56203759e-01
5345803-S04-156I3-A-L-C-190,20.02.2020-11:01:41,9.00000000e+00,6.46241009e-01,8.91489697e+00,2.12050113e-03,5.94545898e+01,8.03613586e+01,1.88446598e+01,5.04761100e-01,6.10503733e-01
5345803-S04-156I3-A-L-C-190,20.02.2020-11:01:43,2.10000000e+01,6.41475022e-01,8.85928440e+00,1.89468754e-03,2.99489174e+01,8.01293640e+01,1.85353279e+01,9.15281117e-01,1.20202374e+00
5345803-S04-156I3-A-L-C-190,20.02.2020-11:01:45,2.00000000e+01,6.42406225e-01,8.85513020e+00,1.58734736e-03,7.24066010e+01,8.05680923e+01,1.86551170e+01,4.55506504e-01,9.65370595e-01
5345803-S04-156I3-A-L-C-190,20.02.2020-11:01:47,2.00000000e+01,6.41883910e-01,8.87769794e+00,1.86789071e-03,3.08066502e+01,8.01969223e+01,1.86013622e+01,8.73725891e-01,1.04418325e+00
5345803-S04-156I3-A-L-C-190,20.02.2020-11:01:49,1.90000000e+01,6.44886136e-01,8.90100479e+00,1.86232233e-03,4.13267021e+01,8.04451447e+01,1.87954254e+01,6.93955123e-01,8.53822947e-01
5345803-S04-156I3-A-L-C-190,20.02.2020-11:01:51,2.10000000e+01,6.41953528e-01,8.87079906e+00,1.83651235e-03,2.44444256e+01,8.01696548e+01,1.85826035e+01,9.55150723e-01,1.14009786e+00
5345803-S04-156I3-A-L-C-190,20.02.2020-11:01:53,2.00000000e+01,6.43281221e-01,8.86675072e+00,1.84079260e-03,4.30435944e+01,8.04297638e+01,1.86729279e+01,6.26377881e-01,9.91593719e-01
5345803-S04-156I3-A-L-C-190,20.02.2020-11:01:55,2.10000000e+01,6.41995013e-01,8.86917019e+00,1.97745487e-03,3.39996758e+01,8.01286011e+01,1.85708771e+01,8.47071230e-01,1.03522813e+00
5345803-S04-156I3-A-L-C-190,20.02.2020-11:01:57,2.00000000e+01,6.42377257e-01,8.86191845e+00,1.67778111e-03,2.01022701e+01,8.03360748e+01,1.86148167e+01,1.26170528e+00,1.69792628e+00
5345803-S04-156I3-A-L-C-190,20.02.2020-11:02:00,1.40000000e+01,6.43067062e-01,8.86155605e+00,1.89055072e-03,2.02753773e+01,8.02167892e+01,1.86063728e+01,1.33333075e+00,1.74089766e+00
5345803-S04-156I3-A-L-C-190,20.02.2020-11:02:02,1.40000000e+01,6.43267632e-01,8.87131691e+00,1.77310768e-03,1.85706024e+01,8.01997070e+01,1.86287079e+01,1.50364840e+00,1.88246799e+00
5345803-S04-156I3-A-L-C-190,20.02.2020-11:02:04,2.00000000e+01,6.42252982e-01,8.87461567e+00,1.95471290e-03,2.37068253e+02,8.02177353e+01,1.86104240e+01,1.48744345e-01,2.21190542e-01
5345803-S04-156I3-A-L-C-190,20.02.2020-11:02:06,2.10000000e+01,6.41926289e-01,8.85564423e+00,1.83451013e-03,1.86748001e+02,8.02674408e+01,1.85726948e+01,1.60218015e-01,2.29054675e-01
5345803-S04-156I3-A-L-C-190,20.02.2020-11:02:08,2.10000000e+01,6.41489804e-01,8.86989784e+00,1.90162647e-03,2.05672119e+02,8.01577225e+01,1.85645275e+01,1.15815945e-01,1.66048288e-01
5345803-S04-156I3-A-L-C-190,20.02.2020-11:02:10,2.00000000e+01,6.42210841e-01,8.86106682e+00,1.91434589e-03,1.44807358e+02,8.04557648e+01,1.86359272e+01,2.25208312e-01,8.38226795e-01
5345803-S04-156I3-A-L-C-190,20.02.2020-11:02:12,2.10000000e+01,6.42140985e-01,8.83456326e+00,1.99368945e-03,1.25831917e+02,8.03239365e+01,1.85477276e+01,1.45272493e-01,2.58400828e-01
5345803-S04-156I3-A-L-C-190,20.02.2020-11:02:14,2.10000000e+01,6.41073883e-01,8.82396317e+00,1.59502332e-03,1.75424118e+02,8.04619675e+01,1.85264683e+01,2.12112591e-01,9.83133674e-01
5345803-S04-156I3-A-L-C-190,20.02.2020-11:02:16,2.10000000e+01,6.42543375e-01,8.81650925e+00,1.66207447e-03,1.80488281e+02,8.05322342e+01,1.85694504e+01,1.50480509e-01,3.01935285e-01
5345803-S04-156I3-A-L-C-190,20.02.2020-11:02:19,1.00000000e+00,6.40626192e-01,8.81709003e+00,1.86518172e-03,2.08252426e+02,8.03837509e+01,1.84811287e+01,1.41231254e-01,2.55306542e-01
5345803-S04-156I3-A-L-C-190,20.02.2020-11:02:21,1.00000000e+00,6.40312672e-01,8.80702972e+00,1.94122666e-03,1.31968948e+02,8.04165878e+01,1.84585419e+01,2.22473338e-01,9.83535051e-01
5345803-S04-156I3-A-L-C-190,20.02.2020-11:02:23,1.00000000e+00,6.39233708e-01,8.81454754e+00,1.67895644e-03,2.22821854e+02,8.05181427e+01,1.84664593e+01,1.75321758e-01,2.47543752e-01
5345803-S04-156I3-A-L-C-190,20.02.2020-11:02:25,1.90000000e+01,6.42917633e-01,8.87534618e+00,1.77750981e-03,2.53164658e+02,8.06905212e+01,1.87410259e+01,1.77682072e-01,5.67172289e-01
5345803-S04-156I3-A-L-C-190,20.02.2020-11:02:27,1.90000000e+01,6.43280268e-01,8.87481117e+00,1.60941819e-03,1.63007797e+02,8.06664581e+01,1.87448750e+01,1.96462825e-01,5.54443240e-01
5345803-S04-156I3-A-L-C-190,20.02.2020-11:02:29,2.00000000e+01,6.40539229e-01,8.83542633e+00,1.80694822e-03,2.70149414e+02,8.08000717e+01,1.86129494e+01,1.46339774e-01,5.45158863e-01
5345803-S04-156I3-A-L-C-190,20.02.2020-11:02:31,2.10000000e+01,6.40455604e-01,8.86892414e+00,2.12303433e-03,4.40336945e+02,8.02157669e+01,1.85459843e+01,6.45612404e-02,1.11551866e-01
5345803-S04-156I3-A-L-C-190,20.02.2020-11:02:33,1.90000000e+01,6.44667804e-01,8.88661575e+00,2.27613887e-03,1.75505554e+02,8.02890244e+01,1.87222824e+01,1.22212671e-01,2.05325186e-01
5345803-S04-156I3-A-L-C-190,20.02.2020-11:02:36,2.10000000e+01,6.41274214e-01,8.82571411e+00,1.67138735e-03,2.70302460e+02,8.03865738e+01,1.85185661e+01,1.59109235e-01,1.05376124e+00
5345803-S04-156I3-A-L-C-190,20.02.2020-11:02:38,2.10000000e+01,6.42589033e-01,8.82883072e+00,1.75102882e-03,2.34168304e+02,8.04226303e+01,1.85714149e+01,1.22944914e-01,2.43254393e-01
5345803-S04-156I3-A-L-C-190,20.02.2020-11:02:40,2.10000000e+01,6.42588496e-01,8.82883167e+00,1.46267039e-03,2.19592239e+02,8.05220871e+01,1.85943680e+01,1.00793324e-01,2.30238259e-01
5345803-S04-156I3-A-L-C-190,20.02.2020-11:02:42,2.10000000e+01,6.42607689e-01,8.83330345e+00,1.48097565e-03,1.92014557e+02,8.04912186e+01,1.85972099e+01,2.06954956e-01,3.50992024e-01
5345803-S04-156I3-A-L-C-190,20.02.2020-11:02:44,2.00000000e+01,6.43479586e-01,8.90826797e+00,2.20996724e-03,1.95313141e+02,8.00691757e+01,1.86820107e+01,1.72653124e-01,2.55379468e-01
5345803-S04-156I3-A-L-C-190,20.02.2020-11:02:46,2.00000000e+01,6.42166257e-01,8.88443947e+00,1.92476995e-03,1.72329742e+02,8.04691544e+01,1.86868954e+01,1.70501828e-01,2.52493948e-01
5345803-S04-156I3-A-L-C-190,20.02.2020-11:02:48,2.00000000e+01,6.43404841e-01,8.89095116e+00,1.96351903e-03,1.91147552e+02,8.02358093e+01,1.86823273e+01,1.29544303e-01,1.77092940e-01
5345803-S04-156I3-A-L-C-190,20.02.2020-11:02:50,1.00000000e+00,6.40032113e-01,8.87862778e+00,1.78630429e-03,1.16663452e+02,7.99799500e+01,1.84994564e+01,1.57662496e-01,1.92512929e-01
5345803-S04-156I3-A-L-C-190,20.02.2020-11:02:52,1.00000000e+00,6.39994502e-01,8.88141727e+00,2.26001348e-03,1.42420593e+02,7.96989899e+01,1.84391785e+01,1.48925722e-01,1.79143101e-01
5345803-S04-156I3-A-L-C-190,20.02.2020-11:02:54,2.10000000e+01,6.44011319e-01,8.86209965e+00,2.04123533e-03,3.82995758e+02,7.99778442e+01,1.85793266e+01,1.22948341e-01,2.14740261e-01
5345803-S04-156I3-A-L-C-190,20.02.2020-11:02:57,2.00000000e+01,6.43999219e-01,8.87944603e+00,2.12422339e-03,1.13109940e+02,8.00648346e+01,1.86355934e+01,2.00651959e-01,2.56217271e-01
5345803-S04-156I3-A-L-C-190,20.02.2020-11:02:59,2.00000000e+00,6.38683438e-01,8.76517487e+00,1.72628055e-03,1.35618759e+02,7.99579010e+01,1.82195568e+01,2.12959096e-01,4.26127911e-01
5345803-S04-156I3-A-L-C-190,20.02.2020-11:03:01,3.00000000e+00,6.38391852e-01,8.76085854e+00,1.99881592e-03,9.87748947e+01,7.98736801e+01,1.81830978e+01,2.76623577e-01,5.13047934e-01
5345803-S04-156I3-A-L-C-190,20.02.2020-11:03:03,3.00000000e+00,6.38820231e-01,8.75423241e+00,1.92523282e-03,8.47093735e+01,7.96971512e+01,1.81413555e+01,3.09364408e-01,5.25140047e-01
5345803-S04-156I3-A-L-C-190,20.02.2020-11:03:05,3.00000000e+00,6.38718486e-01,8.75317669e+00,1.81658228e-03,5.39378166e+01,7.97419128e+01,1.81464653e+01,4.62666750e-01,6.95908070e-01
5345803-S04-156I3-A-L-C-190,20.02.2020-11:03:07,3.00000000e+00,6.38240337e-01,8.73737049e+00,1.91998295e-03,6.05927086e+01,7.98343277e+01,1.81211128e+01,3.60102534e-01,5.99509060e-01
5345803-S04-156I3-A-L-C-190,20.02.2020-11:03:09,2.00000000e+01,6.43354297e-01,8.86548328e+00,2.02086172e-03,7.46863403e+01,8.01523361e+01,1.86079712e+01,2.79254556e-01,3.28326166e-01
5345803-S04-156I3-A-L-C-190,20.02.2020-11:03:11,3.00000000e+00,6.39191568e-01,8.75301647e+00,1.80196355e-03,8.42690735e+01,7.98209763e+01,1.81775761e+01,2.93933123e-01,5.43107033e-01
5345803-S04-156I3-A-L-C-190,20.02.2020-11:03:13,3.00000000e+00,6.39010608e-01,8.74575901e+00,1.74358627e-03,6.02208176e+01,7.97169037e+01,1.81336899e+01,5.80771923e-01,8.24326515e-01
5345803-S04-156I3-A-L-C-190,20.02.2020-11:03:16,3.00000000e+00,6.38063431e-01,8.72409916e+00,1.62941823e-03,4.50282059e+01,7.97402954e+01,1.80672665e+01,7.30251014e-01,1.35799551e+00
5345803-S04-156I3-A-L-C-190,20.02.2020-11:03:18,2.00000000e+01,6.43557787e-01,8.89797020e+00,2.15653796e-03,4.80182304e+01,8.00292130e+01,1.86533680e+01,5.70084512e-01,6.96091115e-01
5345803-S04-156I3-A-L-C-190,20.02.2020-11:03:20,2.00000000e+01,6.43572032e-01,8.88244438e+00,1.91743812e-03,5.59379959e+01,8.00804672e+01,1.86331577e+01,4.13467228e-01,4.86432135e-01
5345803-S04-156I3-A-L-C-190,20.02.2020-11:03:22,3.00000000e+00,6.38645709e-01,8.74727726e+00,1.87109003e-03,7.76668854e+01,7.97763443e+01,1.81399975e+01,4.80632067e-01,8.03706467e-01
5345803-S04-156I3-A-L-C-190,20.02.2020-11:03:24,2.10000000e+01,6.43748641e-01,8.88326359e+00,1.99262146e-03,3.27310486e+01,7.98786545e+01,1.85930157e+01,7.63576806e-01,8.88302147e-01
5345803-S04-156I3-A-L-C-190,20.02.2020-11:03:26,2.00000000e+01,6.43710732e-01,8.88340473e+00,1.86184631e-03,3.50975342e+01,7.99243240e+01,1.86028442e+01,6.44984484e-01,7.52484560e-01
5345803-S04-156I3-A-L-C-190,20.02.2020-11:03:28,2.00000000e+01,6.42798007e-01,8.88680744e+00,2.18597753e-03,8.12493896e+01,8.00635757e+01,1.86159630e+01,4.99916404e-01,6.07415080e-01
5345803-S04-156I3-A-L-C-190,20.02.2020-11:03:30,3.00000000e+00,6.38559222e-01,8.76132011e+00,1.79611961e-03,2.78850346e+01,7.95589600e+01,1.81171551e+01,8.90051723e-01,1.19554341e+00
5345803-S04-156I3-A-L-C-190,20.02.2020-11:03:32,3.00000000e+00,6.38357282e-01,8.75177193e+00,1.81319297e-03,2.60682774e+01,7.96487503e+01,1.81121063e+01,1.08268225e+00,1.45032096e+00
5345803-S04-156I3-A-L-C-190,20.02.2020-11:03:34,2.10000000e+01,6.42362058e-01,8.86749458e+00,1.98998302e-03,2.27446918e+01,7.98851852e+01,1.85215454e+01,1.00471544e+00,1.15499973e+00
5345803-S04-156I3-A-L-C-190,20.02.2020-11:03:37,2.00000000e+01,6.43126667e-01,8.89186859e+00,2.11274857e-03,3.36606842e+02,8.01741333e+01,1.86618214e+01,9.72944349e-02,1.43663973e-01
5345803-S04-156I3-A-L-C-190,20.02.2020-11:03:39,3.00000000e+00,6.38176441e-01,8.72821140e+00,1.73794501e-03,1.51833710e+02,7.97869797e+01,1.80895710e+01,1.93271130e-01,7.77897596e-01
5345803-S04-156I3-A-L-C-190,20.02.2020-11:03:41,2.10000000e+01,6.40157580e-01,8.89913940e+00,2.17347662e-03,2.01305527e+02,7.98331604e+01,1.85117912e+01,1.11747093e-01,1.39631525e-01
5345803-S04-156I3-A-L-C-190,20.02.2020-11:03:43,1.00000000e+00,6.40017390e-01,8.88977909e+00,2.12611211e-03,1.96347275e+02,7.98586273e+01,1.84941692e+01,1.31781518e-01,1.62879616e-01
5345803-S04-156I3-A-L-C-190,20.02.2020-11:03:45,2.00000000e+01,6.44312620e-01,8.86489773e+00,2.09460570e-03,1.81368454e+02,8.01935272e+01,1.86440334e+01,1.53718218e-01,2.02375501e-01
5345803-S04-156I3-A-L-C-190,20.02.2020-11:03:47,2.10000000e+01,6.43118680e-01,8.86426926e+00,2.06013047e-03,1.89537979e+02,8.00448837e+01,1.85736732e+01,1.11520626e-01,1.47141367e-01
5345803-S04-156I3-A-L-C-190,20.02.2020-11:03:49,1.00000000e+00,6.42324686e-01,8.84676838e+00,2.10767519e-03,3.88358795e+02,7.99599457e+01,1.84944725e+01,8.27861652e-02,1.08916864e-01
5345803-S04-156I3-A-L-C-190,20.02.2020-11:03:51,3.00000000e+00,6.38724208e-01,8.74666500e+00,1.64055242e-03,8.49942551e+01,7.97510300e+01,1.81352005e+01,3.20917040e-01,5.95610559e-01
5345803-S04-156I3-A-L-C-190,20.02.2020-11:03:53,3.00000000e+00,6.38918936e-01,8.75188160e+00,2.01875553e-03,1.39030472e+02,7.95830612e+01,1.81133194e+01,2.37352461e-01,4.11730975e-01
5345803-S04-156I3-A-L-C-190,20.02.2020-11:03:56,2.10000000e+01,6.43352330e-01,8.86571217e+00,1.76569715e-03,3.99996826e+02,8.01016769e+01,1.85966339e+01,5.54060154e-02,7.96580613e-02
5345803-S04-156I3-A-L-C-190,20.02.2020-11:03:58,2.00000000e+00,6.38903856e-01,8.75991440e+00,1.70312799e-03,1.51586456e+02,7.99388580e+01,1.82105675e+01,2.23925844e-01,4.86199260e-01
5345803-S04-156I3-A-L-C-190,20.02.2020-11:04:00,2.10000000e+01,6.42818332e-01,8.84617805e+00,2.28863908e-03,1.88278214e+02,8.01990433e+01,1.85627918e+01,1.84903011e-01,3.92342210e-01
5345803-S04-156I3-A-L-C-190,20.02.2020-11:04:02,2.10000000e+01,6.43625379e-01,8.86189270e+00,2.45140726e-03,2.53823364e+02,7.98164597e+01,1.85302944e+01,8.50039721e-02,1.35399461e-01
5345803-S04-156I3-A-L-C-190,20.02.2020-11:04:07,2.10000000e+01,6.42483711e-01,8.81540680e+00,1.83795672e-03,2.19602325e+02,8.03064423e+01,1.85133533e+01,9.00690556e-02,2.24508151e-01
5345803-S04-156I3-A-L-C-190,20.02.2020-11:04:09,1.90000000e+01,6.43756866e-01,8.89016533e+00,1.76947773e-03,2.61618561e+02,8.02956772e+01,1.87048435e+01,1.17912769e-01,2.01636553e-01
5345803-S04-156I3-A-L-C-190,20.02.2020-11:04:11,2.00000000e+01,6.42859578e-01,8.88133717e+00,2.12170556e-03,1.41984650e+02,8.02328568e+01,1.86456261e+01,1.67258143e-01,2.30085775e-01
5345803-S04-156I3-A-L-C-190,20.02.2020-11:04:13,2.10000000e+01,6.40025735e-01,8.88698673e+00,1.79140363e-03,3.68787964e+02,8.00718155e+01,1.85379562e+01,6.49503320e-02,8.90888646e-02
5345803-S04-156I3-A-L-C-190,20.02.2020-11:04:15,2.10000000e+01,6.39941573e-01,8.88520622e+00,1.95247575e-03,1.45733414e+02,7.99562836e+01,1.85050659e+01,1.35634780e-01,1.67792007e-01
5345803-S04-156I3-A-L-C-190,20.02.2020-11:04:17,2.10000000e+01,6.40063882e-01,8.90148258e+00,1.86068285e-03,1.22136658e+02,7.98376846e+01,1.85150013e+01,1.95989728e-01,2.42314368e-01
5345803-S04-156I3-A-L-C-190,20.02.2020-11:04:19,2.00000000e+01,6.44362390e-01,8.90884304e+00,2.44907569e-03,4.10297394e+02,8.00133667e+01,1.86958084e+01,1.08471513e-01,1.45533293e-01
5345803-S04-156I3-A-L-C-190,20.02.2020-11:04:21,1.90000000e+01,6.43649817e-01,8.90239620e+00,1.82325963e-03,1.12870613e+02,8.03140945e+01,1.87317581e+01,2.29122683e-01,3.14778328e-01
5345803-S04-156I3-A-L-C-190,20.02.2020-11:04:24,2.00000000e+01,6.42904580e-01,8.89586353e+00,1.96533557e-03,9.93105774e+01,8.03245087e+01,1.86987648e+01,2.75082439e-01,3.62203866e-01
5345803-S04-156I3-A-L-C-190,20.02.2020-11:04:26,1.00000000e+00,6.40851855e-01,8.85176849e+00,2.23492109e-03,1.60062119e+02,7.99774857e+01,1.84665451e+01,1.69043675e-01,4.47635114e-01
5345803-S04-156I3-A-L-C-190,20.02.2020-11:04:28,2.10000000e+01,6.41718328e-01,8.83625412e+00,1.87483395e-03,1.36738220e+02,8.03030243e+01,1.85342388e+01,2.03378677e-01,4.32599813e-01
5345803-S04-156I3-A-L-C-190,20.02.2020-11:04:30,9.00000000e+00,6.46391034e-01,8.90610409e+00,1.94972183e-03,1.29134598e+02,8.04762650e+01,1.88573685e+01,1.98047087e-01,2.77737081e-01
5345803-S04-156I3-A-L-C-190,20.02.2020-11:04:32,2.00000000e+01,6.44111693e-01,8.87691116e+00,2.19576084e-03,1.60251923e+02,8.00794601e+01,1.86369286e+01,1.52280897e-01,2.92878002e-01
5345803-S04-156I3-A-L-C-190,20.02.2020-11:04:34,1.90000000e+01,6.44609511e-01,8.88369465e+00,1.98367587e-03,1.91511047e+02,8.02589951e+01,1.87074356e+01,1.56203941e-01,2.87919253e-01
5345803-S04-156I3-A-L-C-190,20.02.2020-11:04:36,2.00000000e+01,6.43250287e-01,8.88013458e+00,1.90115627e-03,3.02898834e+02,8.04110794e+01,1.86958675e+01,1.18872270e-01,3.81139219e-01
5345803-S04-156I3-A-L-C-190,20.02.2020-11:04:38,2.00000000e+01,6.43300653e-01,8.87119484e+00,2.04698346e-03,3.50033691e+02,8.03885040e+01,1.86732655e+01,9.67708975e-02,2.17057049e-01
5345803-S04-156I3-A-L-C-190,20.02.2020-11:04:41,2.00000000e+01,6.43119872e-01,8.86957169e+00,1.85399037e-03,3.44080170e+02,8.05140991e+01,1.86937599e+01,1.10236436e-01,2.24112734e-01
5345803-S04-156I3-A-L-C-190,20.02.2020-11:04:43,1.90000000e+01,6.43391788e-01,8.89335251e+00,2.10977928e-03,3.27448639e+02,8.04926605e+01,1.87468147e+01,8.17452669e-02,3.02882016e-01
5345803-S04-156I3-A-L-C-190,20.02.2020-11:04:45,1.90000000e+01,6.44240618e-01,8.89191532e+00,1.92363409e-03,4.23585724e+02,8.03566360e+01,1.87367973e+01,8.68028030e-02,2.96687216e-01
5345803-S04-156I3-A-L-C-190,20.02.2020-11:04:47,2.00000000e+01,6.43384576e-01,8.88239193e+00,2.05368479e-03,1.90219406e+02,8.03794327e+01,1.86971645e+01,1.47660330e-01,2.73058116e-01
5345803-S04-156I3-A-L-C-190,20.02.2020-11:04:49,2.10000000e+01,6.41982555e-01,8.86546040e+00,2.08460377e-03,1.77996399e+02,8.01525040e+01,1.85682850e+01,1.52941287e-01,2.35352948e-01
5345803-S04-156I3-A-L-C-190,20.02.2020-11:04:51,9.00000000e+00,6.45216465e-01,8.91023540e+00,1.73302251e-03,1.74772919e+02,8.04988174e+01,1.88371105e+01,1.28947794e-01,2.01826334e-01
5345803-S04-156I3-A-L-C-190,20.02.2020-11:04:53,1.00000000e+00,6.40010595e-01,8.81713867e+00,1.86183874e-03,1.25778259e+02,8.03755646e+01,1.84615879e+01,2.52599180e-01,1.07294667e+00
5345803-S04-156I3-A-L-C-190,20.02.2020-11:04:55,2.10000000e+01,6.42173350e-01,8.81116867e+00,1.67089270e-03,1.94920074e+02,8.05322113e+01,1.85475082e+01,1.14559248e-01,2.43642658e-01
5345803-S04-156I3-A-L-C-190,20.02.2020-11:04:57,2.10000000e+01,6.41973734e-01,8.83557510e+00,1.89517147e-03,3.09826965e+02,8.02047958e+01,1.85175133e+01,1.05880022e-01,2.14406669e-01
5345803-S04-156I3-A-L-C-190,20.02.2020-11:05:00,2.10000000e+01,6.42295837e-01,8.83404636e+00,1.92067923e-03,1.06143669e+02,8.03283920e+01,1.85521431e+01,2.20622450e-01,3.55614275e-01
5345803-S04-156I3-A-L-C-190,20.02.2020-11:05:02,1.00000000e+00,6.40828788e-01,8.81725788e+00,1.66055735e-03,1.33804596e+02,8.04223175e+01,1.84961929e+01,2.50408471e-01,1.05240571e+00
5345803-S04-156I3-A-L-C-190,20.02.2020-11:05:04,2.10000000e+01,6.42286062e-01,8.83901501e+00,1.83483900e-03,1.67859436e+02,8.02025604e+01,1.85332146e+01,1.39419645e-01,2.55081773e-01
5345803-S04-156I3-A-L-C-190,20.02.2020-11:05:06,2.10000000e+01,6.42879784e-01,8.82396984e+00,1.77237939e-03,2.50247269e+02,8.04560852e+01,1.85773125e+01,9.97729078e-02,2.08690792e-01
5345803-S04-156I3-A-L-C-190,20.02.2020-11:05:08,1.90000000e+01,6.43828630e-01,8.90816116e+00,1.98473339e-03,3.16025543e+02,8.04382935e+01,1.87780895e+01,1.48789331e-01,5.12765467e-01
5345803-S04-156I3-A-L-C-190,20.02.2020-11:05:10,1.90000000e+01,6.43842757e-01,8.89131737e+00,1.83396391e-03,3.67489136e+02,8.05664978e+01,1.87728672e+01,1.04215242e-01,4.24966544e-01
5345803-S04-156I3-A-L-C-190,20.02.2020-11:05:12,2.00000000e+01,6.42847478e-01,8.85980511e+00,1.88904768e-03,1.25410240e+02,8.05403290e+01,1.86713486e+01,1.85118973e-01,3.99147660e-01
5345803-S04-156I3-A-L-C-190,20.02.2020-11:05:14,2.00000000e+01,6.43949628e-01,8.87714100e+00,2.07052194e-03,3.86738647e+02,8.02282028e+01,1.86673336e+01,1.33112505e-01,3.45541000e-01
5345803-S04-156I3-A-L-C-190,20.02.2020-11:05:17,2.00000000e+01,6.42569840e-01,8.86694145e+00,1.82239804e-03,1.20590256e+02,8.05648880e+01,1.86840134e+01,2.08406717e-01,3.82216483e-01
5345803-S04-156I3-A-L-C-190,20.02.2020-11:05:19,2.10000000e+01,6.41118228e-01,8.85268593e+00,1.83040462e-03,1.64792480e+02,8.03740616e+01,1.85677509e+01,1.70938730e-01,2.47291505e-01
5345803-S04-156I3-A-L-C-190,20.02.2020-11:05:21,2.10000000e+01,6.40962601e-01,8.84100914e+00,2.01783888e-03,2.85205933e+02,8.02533188e+01,1.85109100e+01,1.25297025e-01,1.87701046e-01
5345803-S04-156I3-A-L-C-190,20.02.2020-11:05:23,2.00000000e+01,6.43430471e-01,8.87028885e+00,1.80230150e-03,3.90931946e+02,8.04557877e+01,1.86907578e+01,1.35084271e-01,4.42678452e-01
5345803-S04-156I3-A-L-C-190,20.02.2020-11:05:25,2.10000000e+01,6.41937852e-01,8.87142372e+00,2.05237675e-03,1.43245956e+02,8.01938553e+01,1.85890694e+01,1.30834073e-01,1.98994890e-01
5345803-S04-156I3-A-L-C-190,20.02.2020-11:05:27,2.00000000e+01,6.42370105e-01,8.87548161e+00,1.90831826e-03,2.68841919e+02,8.02678833e+01,1.86272697e+01,1.11961231e-01,1.97615385e-01
5345803-S04-156I3-A-L-C-190,20.02.2020-11:05:29,9.00000000e+00,6.45109773e-01,8.90480137e+00,1.84893049e-03,3.12299164e+02,8.04986267e+01,1.88224678e+01,1.52420342e-01,2.48863265e-01
5345803-S04-156I3-A-L-C-190,20.02.2020-11:05:32,2.10000000e+01,6.41528189e-01,8.85017300e+00,1.96267432e-03,1.18065063e+02,8.01728592e+01,1.85278511e+01,2.28990167e-01,2.96740085e-01
5345803-S04-156I3-A-L-C-190,20.02.2020-11:05:34,2.10000000e+01,6.40838265e-01,8.86011791e+00,1.64904946e-03,7.65531158e+01,8.02843781e+01,1.85544968e+01,4.29142594e-01,5.35859168e-01
5345803-S04-156I3-A-L-C-190,20.02.2020-11:05:36,2.00000000e+01,6.43434942e-01,8.87967396e+00,2.19747424e-03,1.72465927e+02,8.03141556e+01,1.86777229e+01,1.64738238e-01,4.49008524e-01
5345803-S04-156I3-A-L-C-190,20.02.2020-11:05:38,2.00000000e+01,6.43004060e-01,8.86633110e+00,1.97003665e-03,1.84454773e+02,8.05359116e+01,1.86886272e+01,1.56316951e-01,2.99007207e-01
5345803-S04-156I3-A-L-C-190,20.02.2020-11:05:40,2.00000000e+01,6.42432034e-01,8.86312866e+00,2.04164069e-03,1.91921524e+02,8.03960876e+01,1.86328545e+01,1.31424859e-01,3.80088210e-01
5345803-S04-156I3-A-L-C-190,20.02.2020-11:05:42,2.00000000e+01,6.42652571e-01,8.87273693e+00,1.79761532e-03,2.68853638e+02,8.04532547e+01,1.86727238e+01,1.61716282e-01,4.80025977e-01
5345803-S04-156I3-A-L-C-190,20.02.2020-11:05:44,2.00000000e+01,6.43190444e-01,8.85774612e+00,1.82183017e-03,1.85733734e+02,8.03466415e+01,1.86320553e+01,2.00106099e-01,4.37613517e-01
5345803-S04-156I3-A-L-C-190,20.02.2020-11:05:46,2.00000000e+01,6.43362164e-01,8.86926937e+00,1.75945950e-03,2.26536072e+02,8.04882736e+01,1.86941681e+01,1.55270904e-01,4.18144345e-01
5345803-S04-156I3-A-L-C-190,20.02.2020-11:05:49,2.00000000e+01,6.42633021e-01,8.84238625e+00,1.89362990e-03,1.91683960e+02,8.04721680e+01,1.86126595e+01,1.72368824e-01,3.05415303e-01
5345803-S04-156I3-A-L-C-190,20.02.2020-11:05:51,2.00000000e+01,6.41967773e-01,8.87906456e+00,1.62688131e-03,1.02048073e+02,8.02065735e+01,1.86088982e+01,2.51618922e-01,3.48547459e-01
5345803-S04-156I3-A-L-C-190,20.02.2020-11:05:53,2.00000000e+01,6.41744792e-01,8.85548878e+00,1.51111104e-03,1.58944870e+02,8.05158615e+01,1.86245823e+01,1.54883310e-01,2.26797938e-01
5345803-S04-156I3-A-L-C-190,20.02.2020-11:05:55,2.10000000e+01,6.41381979e-01,8.86013985e+00,2.06468208e-03,2.28521988e+02,8.02432938e+01,1.85607815e+01,1.73510879e-01,2.64419883e-01
5345803-S04-156I3-A-L-C-190,20.02.2020-11:05:57,2.10000000e+01,6.41632915e-01,8.85800266e+00,1.79697433e-03,3.27446075e+02,8.03907547e+01,1.85976791e+01,1.27504528e-01,2.10614666e-01
5345803-S04-156I3-A-L-C-190,20.02.2020-11:05:59,2.00000000e+01,6.41244233e-01,8.87285614e+00,1.81396957e-03,1.19547874e+02,8.04377441e+01,1.86284618e+01,2.03337967e-01,2.78674394e-01
5345803-S04-156I3-A-L-C-190,20.02.2020-11:06:01,2.00000000e+01,6.42989099e-01,8.86450768e+00,1.88617758e-03,2.00376831e+02,8.04753036e+01,1.86702881e+01,1.84941322e-01,4.98634636e-01
5345803-S04-156I3-A-L-C-190,20.02.2020-11:06:03,2.10000000e+01,6.41585231e-01,8.85620880e+00,2.14574137e-03,1.76296799e+02,8.00685654e+01,1.85180168e+01,1.55871421e-01,2.39043653e-01
5345803-S04-156I3-A-L-C-190,20.02.2020-11:06:06,2.00000000e+01,6.42264009e-01,8.87751102e+00,1.74931251e-03,1.69164749e+02,8.02857513e+01,1.86326008e+01,2.03023404e-01,2.86225021e-01
5345803-S04-156I3-A-L-C-190,20.02.2020-11:06:08,2.00000000e+01,6.43327713e-01,8.86854458e+00,1.82960753e-03,1.35861404e+02,8.04793777e+01,1.86895752e+01,2.13054761e-01,4.77026671e-01
5345803-S04-156I3-A-L-C-190,20.02.2020-11:06:10,1.00000000e+00,6.41334295e-01,8.84150791e+00,1.74617511e-03,1.72630692e+02,8.00979080e+01,1.84868183e+01,1.85039356e-01,2.27951512e-01
5345803-S04-156I3-A-L-C-190,20.02.2020-11:06:12,2.00000000e+01,6.43771350e-01,8.87243938e+00,1.80388964e-03,9.83167572e+01,8.03776398e+01,1.86870232e+01,2.15171799e-01,4.75401968e-01
5345803-S04-156I3-A-L-C-190,20.02.2020-11:06:14,2.10000000e+01,6.42457306e-01,8.84266186e+00,1.61484536e-03,2.39418213e+02,8.03938675e+01,1.85900440e+01,1.77735686e-01,6.55987680e-01
5345803-S04-156I3-A-L-C-190,20.02.2020-11:06:16,2.00000000e+01,6.42506659e-01,8.85315609e+00,1.75824144e-03,7.98101883e+01,8.03808517e+01,1.86105213e+01,4.33229268e-01,1.06195593e+00
5345803-S04-156I3-A-L-C-190,20.02.2020-11:06:18,2.00000000e+01,6.42856777e-01,8.85085964e+00,1.62080198e-03,2.63657104e+02,8.06105042e+01,1.86690197e+01,1.68078929e-01,5.14674127e-01
5345803-S04-156I3-A-L-C-190,20.02.2020-11:06:20,2.10000000e+01,6.40448868e-01,8.84412766e+00,1.74169883e-03,1.82008392e+02,8.04982224e+01,1.85590591e+01,2.27503017e-01,3.33323807e-01
5345803-S04-156I3-A-L-C-190,20.02.2020-11:06:22,1.90000000e+01,6.43025041e-01,8.86304855e+00,1.63713400e-03,1.84165985e+02,8.06139145e+01,1.87004128e+01,2.28625447e-01,4.87239718e-01
5345803-S04-156I3-A-L-C-190,20.02.2020-11:06:25,9.00000000e+00,6.44125998e-01,8.89145756e+00,1.61454815e-03,9.92812653e+01,8.06778793e+01,1.88073883e+01,2.52463192e-01,3.44355613e-01
5345803-S04-156I3-A-L-C-190,20.02.2020-11:06:27,1.90000000e+01,6.44583046e-01,8.89823914e+00,2.16337712e-03,3.17051300e+02,8.03722763e+01,1.87637405e+01,1.03391185e-01,1.62068322e-01
5345803-S04-156I3-A-L-C-190,20.02.2020-11:06:29,2.10000000e+01,6.41593397e-01,8.86034489e+00,2.02393020e-03,1.10435173e+02,8.01817627e+01,1.85530930e+01,2.84775078e-01,3.67535323e-01
5345803-S04-156I3-A-L-C-190,20.02.2020-11:06:34,2.00000000e+01,6.41734302e-01,8.87391663e+00,1.91991183e-03,1.35002716e+02,8.03656387e+01,1.86282139e+01,2.29058921e-01,3.07235330e-01
5345803-S04-156I3-A-L-C-190,20.02.2020-11:06:36,2.00000000e+01,6.42749548e-01,8.86673164e+00,2.02283263e-03,9.60044174e+01,8.03939590e+01,1.86491470e+01,3.53071213e-01,7.59845495e-01
5345803-S04-156I3-A-L-C-190,20.02.2020-11:06:38,1.90000000e+01,6.45468950e-01,8.89685440e+00,2.14852276e-03,1.13167717e+02,8.03054047e+01,1.87709751e+01,2.36527815e-01,3.35425436e-01
5345803-S04-156I3-A-L-C-190,20.02.2020-11:06:40,2.10000000e+01,6.42081082e-01,8.85472298e+00,1.82471774e-03,1.05351486e+02,8.03230286e+01,1.85881042e+01,3.71069819e-01,4.93896037e-01
5345803-S04-156I3-A-L-C-190,20.02.2020-11:06:42,2.10000000e+01,6.41491771e-01,8.86207294e+00,1.84394664e-03,8.69631500e+01,8.02816086e+01,1.85768757e+01,3.79476845e-01,4.61418122e-01
5345803-S04-156I3-A-L-C-190,20.02.2020-11:06:44,2.10000000e+01,6.41999066e-01,8.83218384e+00,1.86545902e-03,7.89192047e+01,8.04016113e+01,1.85565567e+01,5.59344351e-01,1.07140934e+00
5345803-S04-156I3-A-L-C-190,20.02.2020-11:06:46,1.90000000e+01,6.45026565e-01,8.89477444e+00,1.97171001e-03,1.16480858e+02,8.04157104e+01,1.87794838e+01,2.85985142e-01,3.81679624e-01
5345803-S04-156I3-A-L-C-190,20.02.2020-11:06:48,2.00000000e+01,6.42717183e-01,8.86555958e+00,1.87778601e-03,7.34164734e+01,8.05687637e+01,1.86862831e+01,4.01660204e-01,7.52582252e-01
5345803-S04-156I3-A-L-C-190,20.02.2020-11:06:51,1.00000000e+00,6.40892625e-01,8.83964920e+00,1.87683152e-03,5.62050285e+01,8.00885849e+01,1.84680538e+01,4.54268128e-01,5.29961586e-01
5345803-S04-156I3-A-L-C-190,20.02.2020-11:06:53,2.10000000e+01,6.41384542e-01,8.84957981e+00,1.93186058e-03,4.64045105e+01,8.02051315e+01,1.85299187e+01,6.83148921e-01,8.34550858e-01
5345803-S04-156I3-A-L-C-190,20.02.2020-11:06:55,1.40000000e+01,6.41622782e-01,8.85365963e+00,1.88128196e-03,1.89093494e+01,8.01231613e+01,1.85263939e+01,1.41880095e+00,1.67420232e+00
5345803-S04-156I3-A-L-C-190,20.02.2020-11:06:57,2.00000000e+01,6.42907739e-01,8.95723152e+00,2.24004756e-03,1.27760712e+02,7.96630173e+01,1.86727962e+01,1.80142656e-01,2.13024035e-01
5345803-S04-156I3-A-L-C-190,20.02.2020-11:06:59,1.90000000e+01,6.45003319e-01,8.92480087e+00,1.93463441e-03,1.42849701e+02,8.01154480e+01,1.87718430e+01,2.28184298e-01,4.62639004e-01
5345803-S04-156I3-A-L-C-190,20.02.2020-11:07:01,1.90000000e+01,6.44726157e-01,8.91816616e+00,2.05138698e-03,1.63453873e+02,8.01765137e+01,1.87641201e+01,2.08044484e-01,4.72256839e-01
5345803-S04-156I3-A-L-C-190,20.02.2020-11:07:03,1.90000000e+01,6.44836068e-01,8.94194221e+00,2.03050766e-03,1.78501770e+02,8.00207291e+01,1.87807903e+01,1.87648848e-01,2.61555016e-01
5345803-S04-156I3-A-L-C-190,20.02.2020-11:07:05,9.00000000e+00,6.45348370e-01,8.95544910e+00,1.92492874e-03,1.63836121e+02,8.00387878e+01,1.88283501e+01,2.44768292e-01,3.42421919e-01
5345803-S04-156I3-A-L-C-190,20.02.2020-11:07:07,1.90000000e+01,6.44532323e-01,8.91654015e+00,1.75256142e-03,2.06355042e+02,8.02206573e+01,1.87653847e+01,2.61129051e-01,4.55025107e-01
5345803-S04-156I3-A-L-C-190,20.02.2020-11:07:10,2.00000000e+01,6.42744482e-01,8.90125561e+00,2.12798337e-03,1.54243408e+02,8.01707840e+01,1.86696415e+01,2.52941459e-01,6.41981602e-01
5345803-S04-156I3-A-L-C-190,20.02.2020-11:07:12,1.90000000e+01,6.43827677e-01,8.91630459e+00,2.07401067e-03,1.45393799e+02,8.02143097e+01,1.87428913e+01,1.99966565e-01,4.16020572e-01
5345803-S04-156I3-A-L-C-190,20.02.2020-11:07:14,2.00000000e+01,6.42690718e-01,8.96086025e+00,2.06807372e-03,1.82074799e+02,7.97649460e+01,1.86979523e+01,1.46538168e-01,1.73133314e-01
5345803-S04-156I3-A-L-C-190,20.02.2020-11:07:16,1.90000000e+01,6.44166648e-01,8.96199608e+00,2.08522636e-03,1.80584793e+02,7.96270218e+01,1.87108574e+01,1.94718853e-01,2.32156992e-01
5345803-S04-156I3-A-L-C-190,20.02.2020-11:07:18,9.00000000e+00,6.44967914e-01,8.95764256e+00,2.12753867e-03,1.32331635e+02,7.99553528e+01,1.88022404e+01,2.10803539e-01,3.01734269e-01
5345803-S04-156I3-A-L-C-190,20.02.2020-11:07:20,9.00000000e+00,6.46464348e-01,8.95380878e+00,2.23700353e-03,1.14115570e+02,7.99169006e+01,1.88287373e+01,1.73285499e-01,2.16738462e-01
5345803-S04-156I3-A-L-C-190,20.02.2020-11:07:22,1.90000000e+01,6.44271374e-01,8.90512657e+00,1.97013863e-03,2.44500519e+02,8.01456757e+01,1.87162685e+01,1.82431772e-01,3.70063305e-01
5345803-S04-156I3-A-L-C-190,20.02.2020-11:07:24,1.90000000e+01,6.44779503e-01,8.94136238e+00,2.11698469e-03,3.52939789e+02,8.00167084e+01,1.87769814e+01,1.36124432e-01,2.09230289e-01
5345803-S04-156I3-A-L-C-190,20.02.2020-11:07:26,9.00000000e+00,6.46951020e-01,8.94491100e+00,1.95642188e-03,1.62203629e+02,7.99863205e+01,1.88405380e+01,1.84730440e-01,2.43700400e-01
5345803-S04-156I3-A-L-C-190,20.02.2020-11:07:29,9.00000000e+00,6.47926629e-01,8.91322327e+00,1.89377135e-03,1.95181732e+02,8.01699448e+01,1.88452721e+01,1.57433808e-01,2.13422313e-01
5345803-S04-156I3-A-L-C-190,20.02.2020-11:07:31,2.10000000e+01,6.43342495e-01,8.86730289e+00,1.99617096e-03,1.71570023e+02,7.99215012e+01,1.85578461e+01,2.64187634e-01,5.16245246e-01
5345803-S04-156I3-A-L-C-190,20.02.2020-11:07:33,1.90000000e+01,6.43622160e-01,8.91406059e+00,1.89899898e-03,4.42815704e+01,8.01533890e+01,1.87179661e+01,5.22445858e-01,9.76109028e-01
5345803-S04-156I3-A-L-C-190,20.02.2020-11:07:35,9.00000000e+00,6.45784736e-01,8.93360424e+00,1.99750648e-03,9.06707230e+01,8.03066559e+01,1.88580265e+01,2.99583077e-01,6.59517586e-01
5345803-S04-156I3-A-L-C-190,20.02.2020-11:07:37,1.90000000e+01,6.45765662e-01,8.92402554e+00,1.84515864e-03,1.59368698e+02,8.01009521e+01,1.87889996e+01,2.05759764e-01,3.38409156e-01
5345803-S04-156I3-A-L-C-190,20.02.2020-11:07:39,2.00000000e+01,6.42591894e-01,8.90219212e+00,2.17394414e-03,1.53486053e+02,7.98938217e+01,1.86026840e+01,2.31905878e-01,5.27092874e-01
5345803-S04-156I3-A-L-C-190,20.02.2020-11:07:41,1.90000000e+01,6.46024585e-01,8.92379665e+00,2.09540874e-03,1.00235100e+02,8.00910339e+01,1.87937222e+01,2.17411771e-01,3.45605642e-01
5345803-S04-156I3-A-L-C-190,20.02.2020-11:07:43,1.90000000e+01,6.45015419e-01,8.91588974e+00,1.94696721e-03,1.19430634e+02,8.00828094e+01,1.87458134e+01,2.46487677e-01,7.17532456e-01
5345803-S04-156I3-A-L-C-190,20.02.2020-11:07:46,9.00000000e+00,6.46547318e-01,8.94408989e+00,2.01939722e-03,1.68154251e+02,8.01704407e+01,1.88703918e+01,1.90868869e-01,3.29588056e-01
5345803-S04-156I3-A-L-C-190,20.02.2020-11:07:48,9.00000000e+00,6.46024764e-01,8.92920017e+00,1.87770848e-03,1.41243027e+02,8.01267548e+01,1.88134937e+01,2.49418542e-01,3.75280589e-01
5345803-S04-156I3-A-L-C-190,20.02.2020-11:07:50,1.90000000e+01,6.45875275e-01,8.92844296e+00,1.89569301e-03,7.02535172e+01,7.99743805e+01,1.87717800e+01,3.79457712e-01,7.79999554e-01
5345803-S04-156I3-A-L-C-190,20.02.2020-11:07:52,1.90000000e+01,6.45901203e-01,8.89587593e+00,1.97676662e-03,1.41961365e+02,8.00987167e+01,1.87331390e+01,1.74519315e-01,2.82858729e-01
5345803-S04-156I3-A-L-C-190,20.02.2020-11:07:54,9.00000000e+00,6.47678196e-01,8.92803478e+00,2.10289913e-03,1.97434555e+02,8.00064545e+01,1.88308678e+01,1.53909341e-01,2.11584434e-01
5345803-S04-156I3-A-L-C-190,20.02.2020-11:07:56,9.00000000e+00,6.47610307e-01,8.92050934e+00,1.90584152e-03,1.06056320e+02,8.01169510e+01,1.88390064e+01,2.35126466e-01,3.02092612e-01
5345803-S04-156I3-A-L-C-190,20.02.2020-11:07:58,9.00000000e+00,6.47727668e-01,8.92516041e+00,1.99299003e-03,1.60957596e+02,8.00748672e+01,1.88423424e+01,1.80948421e-01,2.34687105e-01
5345803-S04-156I3-A-L-C-190,20.02.2020-11:08:00,9.00000000e+00,6.47520483e-01,8.92893124e+00,2.17928109e-03,1.62656677e+02,8.00941315e+01,1.88488083e+01,1.91316262e-01,2.67947704e-01
5345803-S04-156I3-A-L-C-190,20.02.2020-11:08:03,2.00000000e+01,6.44453287e-01,8.87792206e+00,1.97535963e-03,1.59474243e+02,8.01735077e+01,1.86708393e+01,2.54107952e-01,6.07508302e-01
5345803-S04-156I3-A-L-C-190,20.02.2020-11:08:05,2.10000000e+01,6.43817186e-01,8.85809135e+00,2.11322121e-03,1.02139946e+02,8.00304947e+01,1.85775471e+01,2.90021479e-01,7.51704395e-01
5345803-S04-156I3-A-L-C-190,20.02.2020-11:08:07,9.00000000e+00,6.47560835e-01,8.93901920e+00,2.15217634e-03,1.26775810e+02,8.00851974e+01,1.88691750e+01,4.03951824e-01,5.36971986e-01
5345803-S04-156I3-A-L-C-190,20.02.2020-11:08:09,3.00000000e+00,6.36832058e-01,8.76730919e+00,2.30183825e-03,1.48701797e+02,7.98867416e+01,1.81549969e+01,2.99911201e-01,1.01677036e+00
5345803-S04-156I3-A-L-C-190,20.02.2020-11:08:11,9.00000000e+00,6.48386598e-01,8.92982388e+00,2.07328168e-03,2.06423401e+02,8.00363998e+01,1.88623009e+01,1.75915167e-01,2.50956833e-01
5345803-S04-156I3-A-L-C-190,20.02.2020-11:08:13,9.00000000e+00,6.47993863e-01,8.94024563e+00,1.87210424e-03,1.00328613e+02,8.00158386e+01,1.88680286e+01,3.08960617e-01,4.06827062e-01
5345803-S04-156I3-A-L-C-190,20.02.2020-11:08:24,9.00000000e+00,6.47150338e-01,8.93462372e+00,2.16933759e-03,7.07924652e+01,8.00841217e+01,1.88476887e+01,2.83910483e-01,3.54141593e-01
5345803-S04-156I3-A-L-C-190,20.02.2020-11:08:26,1.90000000e+01,6.44755244e-01,8.92040443e+00,1.97236310e-03,1.34382446e+02,8.01393204e+01,1.87609711e+01,2.76854247e-01,5.64236820e-01
5345803-S04-156I3-A-L-C-190,20.02.2020-11:08:28,2.00000000e+01,6.41624749e-01,8.90204144e+00,2.09535449e-03,1.55517197e+02,8.00843124e+01,1.86186581e+01,2.73050934e-01,6.11449480e-01
5345803-S04-156I3-A-L-C-190,20.02.2020-11:08:30,2.00000000e+01,6.43601060e-01,8.90877628e+00,2.14409502e-03,1.08729942e+02,7.99509964e+01,1.86590214e+01,2.85374969e-01,5.66728175e-01
5345803-S04-156I3-A-L-C-190,20.02.2020-11:08:32,1.90000000e+01,6.42891467e-01,8.91324902e+00,1.97438733e-03,6.98345718e+01,8.02421570e+01,1.87157173e+01,5.12872875e-01,8.10997128e-01
5345803-S04-156I3-A-L-C-190,20.02.2020-11:08:34,2.10000000e+01,6.42315626e-01,8.87819290e+00,2.00860947e-03,7.68093796e+01,8.01035538e+01,1.85932407e+01,5.64076900e-01,1.45183122e+00
5345803-S04-156I3-A-L-C-190,20.02.2020-11:08:36,2.10000000e+01,6.42350197e-01,8.87540817e+00,2.10791430e-03,4.69046211e+01,8.00037918e+01,1.85652561e+01,7.97364175e-01,1.56352592e+00
5345803-S04-156I3-A-L-C-190,20.02.2020-11:08:38,2.00000000e+01,6.43828273e-01,8.90785789e+00,2.21227249e-03,6.89975739e+01,7.99266357e+01,1.86579990e+01,4.67201412e-01,8.03143620e-01
5345803-S04-156I3-A-L-C-190,20.02.2020-11:08:40,1.90000000e+01,6.45111322e-01,8.91660976e+00,2.28463439e-03,2.11132721e+02,7.99236145e+01,1.87128410e+01,1.43348828e-01,2.74842232e-01
5345803-S04-156I3-A-L-C-190,20.02.2020-11:08:43,9.00000000e+00,6.44822538e-01,8.92905045e+00,2.02824711e-03,4.27004669e+02,8.02259293e+01,1.88014126e+01,5.58839589e-02,1.12173937e-01
5345803-S04-156I3-A-L-C-190,20.02.2020-11:08:45,1.90000000e+01,6.46252573e-01,8.91352367e+00,1.91104796e-03,2.65118622e+02,8.00099106e+01,1.87596893e+01,7.54193068e-02,1.14652574e-01
5345803-S04-156I3-A-L-C-190,20.02.2020-11:08:47,1.90000000e+01,6.45880282e-01,8.90976524e+00,2.03599082e-03,6.20492004e+02,8.00629349e+01,1.87534008e+01,6.94480985e-02,1.02158241e-01
5345803-S04-156I3-A-L-C-190,20.02.2020-11:08:49,1.90000000e+01,6.45815790e-01,8.92125607e+00,1.82064960e-03,1.24183142e+03,7.99811783e+01,1.87565384e+01,2.23372765e-02,6.27242550e-02
5345803-S04-156I3-A-L-C-190,20.02.2020-11:08:51,1.90000000e+01,6.45152450e-01,8.90984249e+00,2.00709212e-03,1.22266016e+03,8.01505356e+01,1.87529259e+01,2.56424751e-02,4.81629334e-02
5345803-S04-156I3-A-L-C-190,20.02.2020-11:08:53,1.90000000e+01,6.46182120e-01,8.90849781e+00,2.12466880e-03,1.04921875e+03,7.99514084e+01,1.87333641e+01,4.70729545e-02,8.21274221e-02
5345803-S04-156I3-A-L-C-190,20.02.2020-11:08:55,1.90000000e+01,6.44898236e-01,8.92830753e+00,1.89309032e-03,2.77370033e+01,8.00149078e+01,1.87525978e+01,7.91292548e-01,1.13492930e+00
5345803-S04-156I3-A-L-C-190,20.02.2020-11:08:58,2.10000000e+01,6.43715978e-01,8.88973045e+00,2.35069823e-03,3.62576721e+02,7.96527557e+01,1.85529900e+01,5.28466627e-02,1.58760443e-01
5345803-S04-156I3-A-L-C-190,20.02.2020-11:09:00,2.10000000e+01,6.43449903e-01,8.87959576e+00,1.96612952e-03,1.06417763e+02,7.98986282e+01,1.85813580e+01,3.45811129e-01,4.48334485e-01
5345803-S04-156I3-A-L-C-190,20.02.2020-11:09:02,2.10000000e+01,6.43825293e-01,8.90467072e+00,2.27587996e-03,3.29667236e+02,7.97003937e+01,1.85984440e+01,1.59365788e-01,2.31470466e-01
5345803-S04-156I3-A-L-C-190,20.02.2020-11:09:04,2.00000000e+01,6.45266950e-01,8.84170055e+00,2.07360974e-03,1.56408783e+02,8.02046661e+01,1.86253757e+01,2.05273286e-01,8.46199453e-01
5345803-S04-156I3-A-L-C-190,20.02.2020-11:09:06,2.00000000e+01,6.44986451e-01,8.86272049e+00,1.98105420e-03,3.11799530e+02,8.02155380e+01,1.86640701e+01,2.04268336e-01,8.10420930e-01
5345803-S04-156I3-A-L-C-190,20.02.2020-11:09:08,2.10000000e+01,6.42805219e-01,8.85774040e+00,1.85852300e-03,3.65623413e+02,7.98869400e+01,1.85143433e+01,1.81071401e-01,2.60844648e-01
5345803-S04-156I3-A-L-C-190,20.02.2020-11:09:10,2.00000000e+01,6.42930508e-01,8.97108364e+00,2.42882455e-03,3.05151276e+02,7.93825760e+01,1.86364994e+01,8.71019512e-02,1.01356916e-01
5345803-S04-156I3-A-L-C-190,20.02.2020-11:09:12,2.00000000e+01,6.45473480e-01,8.86209679e+00,1.93899218e-03,2.70643860e+02,8.00724640e+01,1.86435337e+01,2.15331525e-01,7.77480304e-01
5345803-S04-156I3-A-L-C-190,20.02.2020-11:09:15,2.10000000e+01,6.41441703e-01,8.90956020e+00,2.13530683e-03,3.94129883e+02,7.98900681e+01,1.85838814e+01,7.00613856e-02,2.97684550e-01
5345803-S04-156I3-A-L-C-190,20.02.2020-11:09:17,2.10000000e+01,6.43508732e-01,8.89305496e+00,2.32154829e-03,4.04061241e+01,7.96677170e+01,1.85574360e+01,8.52851808e-01,1.24524212e+00
5345803-S04-156I3-A-L-C-190,20.02.2020-11:09:19,2.10000000e+01,6.42710507e-01,8.92541981e+00,2.57684197e-03,6.31396912e+02,7.93157501e+01,1.85196877e+01,3.47477943e-02,9.40467864e-02
5345803-S04-156I3-A-L-C-190,20.02.2020-11:09:21,2.00000000e+01,6.43013239e-01,8.89575100e+00,1.97710516e-03,5.04713554e+01,7.98979568e+01,1.86023750e+01,6.92699850e-01,1.06659675e+00
5345803-S04-156I3-A-L-C-190,20.02.2020-11:09:23,2.00000000e+01,6.43432915e-01,8.89100552e+00,2.11177650e-03,2.98788391e+02,7.99757690e+01,1.86227055e+01,1.14552967e-01,2.74229467e-01
5345803-S04-156I3-A-L-C-190,20.02.2020-11:09:25,2.00000000e+01,6.43385470e-01,8.89637661e+00,2.31566699e-03,2.48234497e+02,7.98748016e+01,1.86090584e+01,1.31246552e-01,3.65396470e-01
5345803-S04-156I3-A-L-C-190,20.02.2020-11:09:27,2.00000000e+01,6.42637551e-01,8.88173962e+00,2.09345343e-03,4.20142487e+02,8.01776123e+01,1.86271935e+01,1.17648870e-01,3.95966679e-01
5345803-S04-156I3-A-L-C-190,20.02.2020-11:09:29,2.10000000e+01,6.42473221e-01,8.89665508e+00,2.52915081e-03,5.47714233e+02,7.95886459e+01,1.85166779e+01,6.35330752e-02,1.48472369e-01
5345803-S04-156I3-A-L-C-190,20.02.2020-11:09:32,2.10000000e+01,6.43720567e-01,8.87760448e+00,2.44938140e-03,2.38728790e+02,7.97789993e+01,1.85571785e+01,9.76114795e-02,1.44367605e-01
5345803-S04-156I3-A-L-C-190,20.02.2020-11:09:34,1.00000000e+00,6.42376184e-01,8.87141037e+00,2.34045275e-03,6.87064026e+02,7.97490616e+01,1.84985580e+01,2.82272287e-02,8.57091844e-02
5345803-S04-156I3-A-L-C-190,20.02.2020-11:09:36,2.10000000e+01,6.43002748e-01,8.87489414e+00,2.12852960e-03,4.73583771e+02,7.99293442e+01,1.85657501e+01,7.88360089e-02,4.13155258e-01
5345803-S04-156I3-A-L-C-190,20.02.2020-11:09:38,2.00000000e+01,6.42849863e-01,8.89124870e+00,2.17893976e-03,1.06759875e+03,7.99486923e+01,1.86000404e+01,5.32835945e-02,3.02753925e-01
5345803-S04-156I3-A-L-C-190,20.02.2020-11:09:40,2.10000000e+01,6.43090248e-01,8.88501740e+00,2.41580536e-03,3.40519684e+02,7.98191452e+01,1.85638237e+01,8.55171755e-02,2.31662720e-01
5345803-S04-156I3-A-L-C-190,20.02.2020-11:09:42,2.00000000e+01,6.43765092e-01,8.88088512e+00,1.92922016e-03,3.32611267e+02,7.99656906e+01,1.86087646e+01,4.90731299e-02,8.77064914e-02
5345803-S04-156I3-A-L-C-190,20.02.2020-11:09:44,2.10000000e+01,6.43174529e-01,8.89476299e+00,2.00127740e-03,2.62011322e+02,7.97857437e+01,1.85788441e+01,1.33864820e-01,2.90438563e-01
5345803-S04-156I3-A-L-C-190,20.02.2020-11:09:47,2.00000000e+01,6.44040167e-01,8.89149284e+00,1.94219605e-03,9.40348938e+02,7.98748550e+01,1.86177807e+01,4.53575477e-02,1.77452505e-01
5345803-S04-156I3-A-L-C-190,20.02.2020-11:09:49,2.10000000e+01,6.43567801e-01,8.87625885e+00,2.08377675e-03,3.00651031e+02,7.97040253e+01,1.85325279e+01,5.76188602e-02,9.89672169e-02
5345803-S04-156I3-A-L-C-190,20.02.2020-11:09:53,3.00000000e+00,6.36706650e-01,8.70489788e+00,2.08192621e-03,8.47178879e+01,8.00069046e+01,1.80493164e+01,5.17601490e-01,1.96782804e+00
5345803-S04-156I3-A-L-C-190,20.02.2020-11:09:55,2.10000000e+01,6.43886626e-01,8.82787609e+00,1.96743687e-03,3.57286911e+01,8.00234680e+01,1.85145512e+01,7.13762522e-01,8.82904172e-01
5345803-S04-156I3-A-L-C-190,20.02.2020-11:09:57,2.10000000e+01,6.44190788e-01,8.83399773e+00,1.96319143e-03,9.37698135e+01,8.01939468e+01,1.85756302e+01,3.05196851e-01,4.07880127e-01
5345803-S04-156I3-A-L-C-190,20.02.2020-11:09:59,3.00000000e+00,6.36750817e-01,8.72139359e+00,1.78093172e-03,9.56146774e+01,8.02704010e+01,1.81443329e+01,4.88943160e-01,2.06179357e+00
5345803-S04-156I3-A-L-C-190,20.02.2020-11:10:01,3.00000000e+00,6.36378527e-01,8.71384716e+00,1.23264280e-03,6.99997025e+01,8.02703857e+01,1.81180305e+01,5.01216412e-01,2.12438917e+00
5345803-S04-156I3-A-L-C-190,20.02.2020-11:10:03,2.10000000e+01,6.45332754e-01,8.82016468e+00,2.02770205e-03,6.86319122e+01,8.00653992e+01,1.85496368e+01,4.35644507e-01,5.47309101e-01
5345803-S04-156I3-A-L-C-190,20.02.2020-11:10:05,2.00000000e+00,6.40419126e-01,8.80259323e+00,1.99251878e-03,1.27762268e+02,7.98533096e+01,1.83230610e+01,3.11965495e-01,7.11921394e-01
5345803-S04-156I3-A-L-C-190,20.02.2020-11:10:08,2.10000000e+01,6.43365324e-01,8.83092117e+00,1.72788417e-03,1.01084785e+02,8.00464020e+01,1.85112457e+01,2.48584270e-01,3.82974744e-01
5345803-S04-156I3-A-L-C-190,20.02.2020-11:10:10,2.00000000e+01,6.43121302e-01,8.89389515e+00,1.59301341e-03,1.12347466e+02,8.00552597e+01,1.86382427e+01,3.48693252e-01,4.88536507e-01
5345803-S04-156I3-A-L-C-190,20.02.2020-11:10:12,2.00000000e+01,6.45029783e-01,8.88416386e+00,1.96758821e-03,8.99758530e+01,8.00171890e+01,1.86642189e+01,3.77048016e-01,4.66724128e-01
5345803-S04-156I3-A-L-C-190,20.02.2020-11:10:14,1.90000000e+01,6.45636559e-01,8.90466499e+00,1.94802345e-03,1.47598892e+02,8.00303116e+01,1.87279568e+01,2.98845887e-01,3.72150391e-01
5345803-S04-156I3-A-L-C-190,20.02.2020-11:10:16,2.00000000e+01,6.43625557e-01,8.86954689e+00,1.81219354e-03,6.04453506e+01,8.01660995e+01,1.86275463e+01,4.97722477e-01,8.11784506e-01
5345803-S04-156I3-A-L-C-190,20.02.2020-11:10:18,2.00000000e+01,6.43159747e-01,8.86667156e+00,2.17815000e-03,1.30876236e+02,8.01827011e+01,1.86118851e+01,3.22129279e-01,5.70286691e-01
5345803-S04-156I3-A-L-C-190,20.02.2020-11:10:20,2.00000000e+01,6.43674970e-01,8.85066128e+00,1.91759178e-03,7.12128906e+01,8.04193268e+01,1.86480293e+01,4.30095941e-01,7.45387435e-01
5345803-S04-156I3-A-L-C-190,20.02.2020-11:10:22,1.00000000e+00,6.41598642e-01,8.89312458e+00,2.29546009e-03,2.23510468e+02,7.95039978e+01,1.84644756e+01,1.37890831e-01,1.64025605e-01
5345803-S04-156I3-A-L-C-190,20.02.2020-11:10:25,2.00000000e+00,6.41500413e-01,8.83818340e+00,2.46133422e-03,1.72804871e+02,7.96880112e+01,1.83900604e+01,2.60679960e-01,8.37211132e-01
5345803-S04-156I3-A-L-C-190,20.02.2020-11:10:27,1.00000000e+00,6.40962124e-01,8.88475990e+00,2.15081079e-03,1.05720551e+02,7.95733261e+01,1.84448776e+01,2.68303990e-01,3.11489314e-01
5345803-S04-156I3-A-L-C-190,20.02.2020-11:10:29,2.00000000e+00,6.40319586e-01,8.84047031e+00,1.98822911e-03,6.52218857e+01,7.97477951e+01,1.83747349e+01,4.67603207e-01,1.10426998e+00
5345803-S04-156I3-A-L-C-190,20.02.2020-11:10:31,9.00000000e+00,6.46187007e-01,8.89383125e+00,1.99063891e-03,1.51329544e+02,8.04792252e+01,1.88261318e+01,2.12527141e-01,3.02619785e-01
5345803-S04-156I3-A-L-C-190,20.02.2020-11:11:09,2.00000000e+01,6.44257247e-01,8.87517357e+00,1.91179791e-03,1.03662895e+02,8.01275406e+01,1.86486835e+01,2.83139378e-01,5.39022624e-01
5345803-S04-156I3-A-L-C-190,20.02.2020-11:11:11,2.10000000e+01,6.42559111e-01,8.84227848e+00,1.99862500e-03,1.16825386e+02,8.03735962e+01,1.85874958e+01,3.39386672e-01,7.41517544e-01
5345803-S04-156I3-A-L-C-190,20.02.2020-11:11:14,2.10000000e+01,6.42672062e-01,8.83427143e+00,1.96554442e-03,1.21460960e+02,8.04630966e+01,1.85946102e+01,3.47012430e-01,9.10654366e-01
5345803-S04-156I3-A-L-C-190,20.02.2020-11:11:16,1.90000000e+01,6.45378590e-01,8.91586208e+00,1.90047803e-03,1.46129059e+02,8.02518768e+01,1.87959061e+01,1.97580308e-01,2.52654910e-01
5345803-S04-156I3-A-L-C-190,20.02.2020-11:11:18,1.90000000e+01,6.44541919e-01,8.87518406e+00,1.94070209e-03,1.14832909e+02,8.04662781e+01,1.87358170e+01,2.39900142e-01,3.09646070e-01
5345803-S04-156I3-A-L-C-190,20.02.2020-11:11:20,9.00000000e+00,6.47167683e-01,8.91304684e+00,1.90600951e-03,1.41019714e+02,8.03998871e+01,1.88768120e+01,2.42470831e-01,3.05115163e-01
5345803-S04-156I3-A-L-C-190,20.02.2020-11:11:22,1.90000000e+01,6.46153510e-01,8.86796474e+00,1.91328360e-03,1.19814835e+02,8.01989746e+01,1.87050419e+01,1.84375390e-01,3.66692722e-01
5345803-S04-156I3-A-L-C-190,20.02.2020-11:11:24,8.00000000e+00,6.47719145e-01,8.92251873e+00,1.98543188e-03,1.20367432e+02,8.04420166e+01,1.89228840e+01,2.87080169e-01,3.53919804e-01
5345803-S04-156I3-A-L-C-190,20.02.2020-11:11:26,8.00000000e+00,6.48054779e-01,8.91493797e+00,1.79861754e-03,1.71914810e+02,8.05148315e+01,1.89337273e+01,1.93431884e-01,2.44113654e-01
5345803-S04-156I3-A-L-C-190,20.02.2020-11:11:29,2.00000000e+00,6.40521824e-01,8.86457825e+00,2.26192316e-03,8.58539200e+01,7.95120010e+01,1.83761654e+01,3.10243249e-01,3.64017993e-01
5345803-S04-156I3-A-L-C-190,20.02.2020-11:11:31,1.00000000e+00,6.41650200e-01,8.83585262e+00,2.01220950e-03,2.38986008e+02,7.98435059e+01,1.84253864e+01,2.34460980e-01,8.61095250e-01
5345803-S04-156I3-A-L-C-190,20.02.2020-11:11:33,1.90000000e+01,6.46416366e-01,8.88838959e+00,2.18335167e-03,1.32386337e+02,8.00665359e+01,1.87247772e+01,2.63489723e-01,4.05056447e-01
5345803-S04-156I3-A-L-C-190,20.02.2020-11:11:35,1.00000000e+00,6.40508294e-01,8.83019447e+00,2.01777089e-03,1.20595322e+02,8.00234070e+01,1.84222336e+01,3.03672671e-01,8.44098389e-01
5345803-S04-156I3-A-L-C-190,20.02.2020-11:11:37,2.00000000e+00,6.39374316e-01,8.78690243e+00,2.33507599e-03,8.93879471e+01,7.98698502e+01,1.82643433e+01,4.10653979e-01,1.35576260e+00
5345803-S04-156I3-A-L-C-190,20.02.2020-11:11:39,2.00000000e+00,6.38829052e-01,8.87458134e+00,2.12134188e-03,1.53326965e+02,7.91941223e+01,1.82749252e+01,2.08833098e-01,2.78512239e-01
5345803-S04-156I3-A-L-C-190,20.02.2020-11:11:41,1.00000000e+00,6.39948905e-01,8.82641506e+00,1.70659868e-03,1.45038330e+02,8.02202682e+01,1.84435272e+01,2.67079026e-01,5.20683408e-01
5345803-S04-156I3-A-L-C-190,20.02.2020-11:11:44,2.00000000e+01,6.44929647e-01,8.83180523e+00,1.92724855e-03,1.58721283e+02,8.03279114e+01,1.86233788e+01,1.84758618e-01,2.48239323e-01
5345803-S04-156I3-A-L-C-190,20.02.2020-11:11:47,2.00000000e+00,6.39780104e-01,8.80203247e+00,1.93986669e-03,1.58926880e+02,8.02531815e+01,1.83952675e+01,3.07613969e-01,6.75207078e-01
5345803-S04-156I3-A-L-C-190,20.02.2020-11:11:49,8.00000000e+00,6.47372901e-01,8.91547203e+00,1.96162541e-03,1.49784576e+02,8.05445557e+01,1.89219208e+01,2.17319682e-01,2.83443809e-01
5345803-S04-156I3-A-L-C-190,20.02.2020-11:11:51,9.00000000e+00,6.47701442e-01,8.91917515e+00,1.96322938e-03,1.15018524e+02,8.04065933e+01,1.89069481e+01,3.18940967e-01,4.06974137e-01
5345803-S04-156I3-A-L-C-190,20.02.2020-11:11:53,2.00000000e+01,6.41916931e-01,8.91575527e+00,1.94746058e-03,8.33530655e+01,7.99722977e+01,1.86297379e+01,3.55826080e-01,4.12754238e-01
5345803-S04-156I3-A-L-C-190,20.02.2020-11:11:56,9.00000000e+00,6.47420228e-01,8.90264511e+00,1.82178686e-03,1.11335609e+02,8.04210510e+01,1.88671055e+01,3.35896134e-01,4.20522690e-01
5345803-S04-156I3-A-L-C-190,20.02.2020-11:11:58,2.10000000e+01,6.42018199e-01,8.84787750e+00,1.98556297e-03,9.06273651e+01,8.01833725e+01,1.85396271e+01,3.75628084e-01,6.81611478e-01
5345803-S04-156I3-A-L-C-190,20.02.2020-11:12:00,2.10000000e+01,6.42733991e-01,8.84404182e+00,1.66155980e-03,9.26074524e+01,7.99685211e+01,1.85025387e+01,3.65020633e-01,5.82091272e-01
5345803-S04-156I3-A-L-C-190,20.02.2020-11:12:02,9.00000000e+00,6.46957695e-01,8.88981438e+00,2.01122556e-03,1.56848892e+02,8.04181671e+01,1.88257790e+01,3.09048563e-01,3.90490502e-01
5345803-S04-156I3-A-L-C-190,20.02.2020-11:12:04,2.00000000e+00,6.40416384e-01,8.79782200e+00,2.56290426e-03,5.46051674e+01,7.95271606e+01,1.82382545e+01,6.53229475e-01,1.36503839e+00
5345803-S04-156I3-A-L-C-190,20.02.2020-11:12:08,2.00000000e+00,6.39068246e-01,8.90012646e+00,2.23128963e-03,4.72695503e+01,7.90332413e+01,1.82971497e+01,5.19635737e-01,6.43637836e-01
5345803-S04-156I3-A-L-C-190,20.02.2020-11:12:10,2.10000000e+01,6.46120429e-01,8.87236786e+00,2.46810960e-03,3.30680656e+01,7.96789398e+01,1.85920277e+01,8.93839657e-01,1.13759828e+00
5345803-S04-156I3-A-L-C-190,20.02.2020-11:12:12,1.40000000e+01,6.40363395e-01,8.80865955e+00,2.27972493e-03,2.04030800e+01,7.96456528e+01,1.82864170e+01,1.57606792e+00,2.48905563e+00
5345803-S04-156I3-A-L-C-190,20.02.2020-11:12:14,1.40000000e+01,6.40257657e-01,8.86655045e+00,2.24544713e-03,1.81639900e+01,7.92975998e+01,1.83231297e+01,1.43970299e+00,1.64751899e+00
5345803-S04-156I3-A-L-C-190,20.02.2020-11:12:16,1.90000000e+01,6.45860910e-01,8.90025043e+00,2.29673414e-03,3.26716385e+01,7.99227295e+01,1.87000046e+01,1.16172862e+00,1.42450905e+00
5345803-S04-156I3-A-L-C-190,20.02.2020-11:12:19,1.40000000e+01,6.46604061e-01,8.91565609e+00,1.87570264e-03,2.13143806e+01,8.03074341e+01,1.88442001e+01,1.33800900e+00,1.53916967e+00
5345803-S04-156I3-A-L-C-190,20.02.2020-11:12:21,2.40000000e+01,6.41719282e-01,8.91777802e+00,2.30281311e-03,1.28045311e+01,7.93155823e+01,1.84752560e+01,2.30840635e+00,2.64025116e+00
5345803-S04-156I3-A-L-C-190,20.02.2020-11:12:23,2.40000000e+01,6.46593571e-01,8.90077019e+00,1.89793529e-03,1.38356981e+01,8.00281448e+01,1.87470074e+01,2.41916132e+00,2.77287722e+00
5345803-S04-156I3-A-L-C-190,20.02.2020-11:12:25,1.90000000e+01,6.44710064e-01,8.88771152e+00,2.02272367e-03,1.20508263e+02,8.02543106e+01,1.87177200e+01,2.19108969e-01,2.85451204e-01
5345803-S04-156I3-A-L-C-190,20.02.2020-11:12:27,1.90000000e+01,6.44889176e-01,8.91402912e+00,2.01320113e-03,2.79889771e+02,8.01995850e+01,1.87655582e+01,9.81933326e-02,1.35462597e-01
5345803-S04-156I3-A-L-C-190,20.02.2020-11:12:31,9.00000000e+00,6.46475673e-01,8.90909767e+00,1.82341423e-03,1.58525955e+02,8.04058228e+01,1.88496647e+01,1.56695977e-01,2.54330814e-01
5345803-S04-156I3-A-L-C-190,20.02.2020-11:12:33,1.90000000e+01,6.45253241e-01,8.91410351e+00,1.99825782e-03,2.28760101e+02,8.01791763e+01,1.87715302e+01,1.24680676e-01,1.62436232e-01
5345803-S04-156I3-A-L-C-190,20.02.2020-11:12:35,2.10000000e+01,6.41350508e-01,8.83154869e+00,1.81793782e-03,2.79361206e+02,8.05100937e+01,1.85614891e+01,1.83108121e-01,7.88842916e-01
5345803-S04-156I3-A-L-C-190,20.02.2020-11:12:37,1.90000000e+01,6.46108925e-01,8.86572647e+00,1.80724217e-03,1.76761505e+02,8.06137619e+01,1.87957420e+01,1.69624642e-01,2.72525758e-01
5345803-S04-156I3-A-L-C-190,20.02.2020-11:12:39,2.00000000e+00,6.40791416e-01,8.82069206e+00,2.45139841e-03,2.48565598e+02,7.98061218e+01,1.83605537e+01,2.22317889e-01,8.79298687e-01
5345803-S04-156I3-A-L-C-190,20.02.2020-11:12:41,1.00000000e+00,6.42473698e-01,8.88275051e+00,2.33777193e-03,1.91078262e+02,7.94242783e+01,1.84495716e+01,1.60614058e-01,1.93096042e-01
5345803-S04-156I3-A-L-C-190,20.02.2020-11:12:44,1.00000000e+00,6.42102182e-01,8.89282513e+00,2.33943970e-03,1.16814697e+02,7.94557953e+01,1.84671402e+01,2.35716417e-01,2.78074473e-01
5345803-S04-156I3-A-L-C-190,20.02.2020-11:12:46,1.90000000e+01,6.45051003e-01,8.90678215e+00,2.34081666e-03,1.04214439e+02,8.00405807e+01,1.87178211e+01,3.71970713e-01,4.68898237e-01
5345803-S04-156I3-A-L-C-190,20.02.2020-11:12:48,2.00000000e+01,6.45505965e-01,8.84436226e+00,1.87345664e-03,2.26401367e+02,8.04170456e+01,1.86872349e+01,1.67433843e-01,2.32429609e-01
5345803-S04-156I3-A-L-C-190,20.02.2020-11:12:50,9.00000000e+00,6.46706343e-01,8.91510963e+00,1.91137986e-03,1.81183197e+02,8.05541687e+01,1.89039268e+01,1.69875234e-01,2.38657236e-01
5345803-S04-156I3-A-L-C-190,20.02.2020-11:12:52,9.00000000e+00,6.46489501e-01,8.88281536e+00,1.74396951e-03,1.57130569e+02,8.04821930e+01,1.88123093e+01,1.79672807e-01,2.39036590e-01
5345803-S04-156I3-A-L-C-190,20.02.2020-11:12:54,2.10000000e+01,6.41340733e-01,8.84060192e+00,2.02888274e-03,2.01326431e+02,8.02536469e+01,1.85210514e+01,2.17231020e-01,6.89315081e-01
5345803-S04-156I3-A-L-C-190,20.02.2020-11:12:56,1.00000000e+00,6.39750957e-01,8.85144329e+00,1.82122982e-03,1.96648895e+02,8.01422272e+01,1.84721165e+01,1.63324624e-01,3.60002279e-01
5345803-S04-156I3-A-L-C-190,20.02.2020-11:12:59,1.90000000e+01,6.46033108e-01,8.88501167e+00,2.00384064e-03,2.36268784e+02,8.03243790e+01,1.87668056e+01,1.25539809e-01,1.76309481e-01
5345803-S04-156I3-A-L-C-190,20.02.2020-11:13:01,1.00000000e+00,6.39753103e-01,8.83644581e+00,1.72488252e-03,2.61036499e+02,8.00743027e+01,1.84252510e+01,1.78777471e-01,4.10173267e-01
5345803-S04-156I3-A-L-C-190,20.02.2020-11:13:03,1.90000000e+01,6.45944238e-01,8.87672138e+00,2.09321501e-03,2.17366470e+02,8.03474503e+01,1.87520981e+01,1.48456588e-01,2.06440464e-01
5345803-S04-156I3-A-L-C-190,20.02.2020-11:13:05,2.10000000e+01,6.41369879e-01,8.85551643e+00,1.93263218e-03,1.65670700e+02,8.01507645e+01,1.85293541e+01,2.00520605e-01,4.27793443e-01
5345803-S04-156I3-A-L-C-190,20.02.2020-11:13:07,2.00000000e+00,6.39864743e-01,8.85399818e+00,2.23700097e-03,1.53975052e+02,7.97466278e+01,1.83895073e+01,2.03995049e-01,3.75549644e-01
5345803-S04-156I3-A-L-C-190,20.02.2020-11:13:09,2.00000000e+01,6.44866526e-01,8.85995674e+00,2.25018756e-03,5.52064453e+02,8.00019302e+01,1.86051044e+01,1.15204997e-01,2.02926978e-01
5345803-S04-156I3-A-L-C-190,20.02.2020-11:13:11,1.00000000e+00,6.41411424e-01,8.82492638e+00,1.88236136e-03,2.12600754e+02,8.01302261e+01,1.84618130e+01,2.20955044e-01,4.44814116e-01
5345803-S04-156I3-A-L-C-190,20.02.2020-11:13:13,1.00000000e+00,6.42397404e-01,8.82021904e+00,2.10150029e-03,2.09217133e+02,7.99076996e+01,1.84290085e+01,1.74239039e-01,2.33176470e-01
5345803-S04-156I3-A-L-C-190,20.02.2020-11:13:16,1.00000000e+00,6.43275738e-01,8.83899784e+00,2.29900260e-03,2.49580200e+02,7.99197311e+01,1.84962807e+01,1.47963509e-01,2.95183092e-01
5345803-S04-156I3-A-L-C-190,20.02.2020-11:13:18,2.10000000e+01,6.43533051e-01,8.84898949e+00,1.75914471e-03,2.07980667e+02,8.00871887e+01,1.85634098e+01,1.83070481e-01,3.59876603e-01
5345803-S04-156I3-A-L-C-190,20.02.2020-11:13:20,2.10000000e+01,6.42036974e-01,8.84229183e+00,1.84596237e-03,1.10977058e+02,8.02880554e+01,1.85526524e+01,2.60717839e-01,5.01021683e-01
5345803-S04-156I3-A-L-C-190,20.02.2020-11:13:22,2.10000000e+01,6.42220914e-01,8.84328747e+00,1.84947718e-03,2.46790543e+02,8.03207397e+01,1.85676155e+01,2.03220025e-01,4.22228038e-01
5345803-S04-156I3-A-L-C-190,20.02.2020-11:13:24,2.00000000e+01,6.42014027e-01,8.93335533e+00,1.93797250e-03,1.33877991e+02,7.99252167e+01,1.86583462e+01,1.87290132e-01,2.20833182e-01
5345803-S04-156I3-A-L-C-190,20.02.2020-11:13:26,1.00000000e+00,6.38104022e-01,8.90716648e+00,2.02702242e-03,1.93678543e+02,7.96314697e+01,1.84223900e+01,1.69771612e-01,2.20000982e-01
5345803-S04-156I3-A-L-C-190,20.02.2020-11:13:28,1.90000000e+01,6.45428240e-01,8.85128498e+00,1.65349769e-03,2.03347748e+02,8.04456482e+01,1.87062607e+01,1.89042717e-01,2.59013206e-01
5345803-S04-156I3-A-L-C-190,20.02.2020-11:13:30,2.00000000e+01,6.44481182e-01,8.85665703e+00,2.03567604e-03,2.48973770e+02,8.03413010e+01,1.86659088e+01,1.29227564e-01,3.08127105e-01
5345803-S04-156I3-A-L-C-190,20.02.2020-11:13:32,2.10000000e+01,6.43296957e-01,8.82566071e+00,1.76723674e-03,1.98074051e+02,8.03031540e+01,1.85575867e+01,1.88248813e-01,2.36812145e-01
5345803-S04-156I3-A-L-C-190,20.02.2020-11:13:35,2.10000000e+01,6.42612576e-01,8.82544327e+00,1.68330863e-03,1.77038559e+02,8.04092865e+01,1.85618877e+01,1.81437656e-01,2.32475936e-01
5345803-S04-156I3-A-L-C-190,20.02.2020-11:13:37,1.90000000e+01,6.46263957e-01,8.88709831e+00,1.73608505e-03,1.80975281e+02,8.03613510e+01,1.87865639e+01,1.61620736e-01,2.16297612e-01
5345803-S04-156I3-A-L-C-190,20.02.2020-11:13:39,1.90000000e+01,6.45129085e-01,8.90235329e+00,1.98400486e-03,2.88284393e+02,8.03271713e+01,1.87777767e+01,1.48694485e-01,4.26441222e-01
5345803-S04-156I3-A-L-C-190,20.02.2020-11:13:41,9.00000000e+00,6.47894323e-01,8.91620255e+00,1.70187268e-03,9.37043610e+01,8.03896027e+01,1.89022789e+01,2.17020139e-01,3.18947911e-01
5345803-S04-156I3-A-L-C-190,20.02.2020-11:13:43,2.10000000e+01,6.43565238e-01,8.84306526e+00,2.19626748e-03,6.43322144e+01,7.99869614e+01,1.85286922e+01,5.19873798e-01,6.32807910e-01
5345803-S04-156I3-A-L-C-190,20.02.2020-11:13:46,2.00000000e+01,6.45321906e-01,8.87178516e+00,2.04495015e-03,1.84014618e+02,8.02392960e+01,1.86984100e+01,2.51816839e-01,4.23376441e-01
5345803-S04-156I3-A-L-C-190,20.02.2020-11:13:48,2.10000000e+01,6.43400371e-01,8.83101845e+00,1.85575767e-03,2.74453003e+02,8.02251663e+01,1.85538006e+01,1.25378758e-01,1.61109164e-01
5345803-S04-156I3-A-L-C-190,20.02.2020-11:13:50,9.00000000e+00,6.47256851e-01,8.88222218e+00,2.02327059e-03,1.57005997e+02,8.03964233e+01,1.88133106e+01,2.50267714e-01,3.57592613e-01
5345803-S04-156I3-A-L-C-190,20.02.2020-11:13:52,2.10000000e+01,6.42984271e-01,8.83190346e+00,1.99293112e-03,2.44602844e+02,8.01048050e+01,1.85158386e+01,1.16569251e-01,1.52705431e-01
5345803-S04-156I3-A-L-C-190,20.02.2020-11:13:54,2.10000000e+01,6.42433226e-01,8.84104729e+00,1.66452862e-03,1.28151550e+02,8.00562286e+01,1.85078964e+01,3.69111180e-01,5.76749921e-01
5345803-S04-156I3-A-L-C-190,20.02.2020-11:13:56,2.00000000e+00,6.40856981e-01,8.80122185e+00,1.70369714e-03,8.93214798e+01,7.99102402e+01,1.83458042e+01,3.21947217e-01,6.75731480e-01
5345803-S04-156I3-A-L-C-190,20.02.2020-11:13:58,2.00000000e+01,6.42199934e-01,8.94106102e+00,1.77536928e-03,9.47216263e+01,7.98546448e+01,1.86633549e+01,2.71703422e-01,3.17457944e-01
5345803-S04-156I3-A-L-C-190,20.02.2020-11:14:00,9.00000000e+00,6.46463037e-01,8.90501595e+00,1.97637384e-03,7.64288406e+01,8.04722214e+01,1.88562164e+01,3.79066169e-01,4.79791313e-01
5345803-S04-156I3-A-L-C-190,20.02.2020-11:14:02,2.10000000e+01,6.42292023e-01,8.84646511e+00,1.83072197e-03,1.00189751e+02,8.03227539e+01,1.85768070e+01,4.24446166e-01,6.41151905e-01
5345803-S04-156I3-A-L-C-190,20.02.2020-11:14:05,2.10000000e+01,6.42040908e-01,8.86050129e+00,1.66786206e-03,9.58517532e+01,8.02493134e+01,1.85820026e+01,3.40215623e-01,6.06179416e-01
5345803-S04-156I3-A-L-C-190,20.02.2020-11:14:07,2.00000000e+00,6.34497941e-01,8.95046711e+00,1.98315410e-03,1.20432541e+02,7.89754639e+01,1.82556934e+01,2.08811045e-01,2.48401120e-01
5345803-S04-156I3-A-L-C-190,20.02.2020-11:14:09,2.10000000e+01,6.43597662e-01,8.84510708e+00,2.04136083e-03,2.40435165e+02,8.00751724e+01,1.85543461e+01,1.55012488e-01,3.57536227e-01
5345803-S04-156I3-A-L-C-190,20.02.2020-11:14:11,1.00000000e+00,6.41598582e-01,8.83174229e+00,1.99235906e-03,1.57513123e+02,8.00173264e+01,1.84554234e+01,2.66418815e-01,5.65429389e-01
5345803-S04-156I3-A-L-C-190,20.02.2020-11:14:13,2.00000000e+01,6.45337045e-01,8.87757206e+00,2.15362082e-03,2.02086288e+02,8.00076447e+01,1.86570263e+01,1.76196888e-01,2.53439426e-01
5345803-S04-156I3-A-L-C-190,20.02.2020-11:14:15,2.10000000e+01,6.43411756e-01,8.85386753e+00,2.08474696e-03,2.38393993e+01,7.99567795e+01,1.85399055e+01,7.05494583e-01,9.97961819e-01
5345803-S04-156I3-A-L-C-190,20.02.2020-11:14:17,2.00000000e+01,6.42833948e-01,8.91173744e+00,1.91475987e-03,3.55234650e+02,7.98537369e+01,1.86202984e+01,9.53525379e-02,1.12629652e-01
5345803-S04-156I3-A-L-C-190,20.02.2020-11:14:19,1.90000000e+01,6.45311475e-01,8.89900684e+00,1.77458092e-03,1.73033508e+02,8.03607941e+01,1.87838802e+01,1.39955088e-01,1.76460817e-01
5345803-S04-156I3-A-L-C-190,20.02.2020-11:14:22,9.00000000e+00,6.46313310e-01,8.89052296e+00,1.94775453e-03,1.32722656e+02,8.03891830e+01,1.88017483e+01,1.71455055e-01,2.33086556e-01
5345803-S04-156I3-A-L-C-190,20.02.2020-11:14:24,1.00000000e+00,6.40037596e-01,8.86085606e+00,1.81705575e-03,8.72251434e+01,7.99356079e+01,1.84523487e+01,3.18428636e-01,5.44060826e-01
5345803-S04-156I3-A-L-C-190,20.02.2020-11:14:26,9.00000000e+00,6.46125734e-01,8.90358067e+00,1.98803633e-03,1.74984802e+02,8.03957214e+01,1.88254280e+01,2.12381110e-01,2.84254491e-01
5345803-S04-156I3-A-L-C-190,20.02.2020-11:14:28,1.00000000e+00,6.39896154e-01,8.86209011e+00,1.78147410e-03,9.75826874e+01,8.01342697e+01,1.84966946e+01,2.97274619e-01,5.09071350e-01
5345803-S04-156I3-A-L-C-190,20.02.2020-11:14:30,2.10000000e+01,6.41376138e-01,8.82914734e+00,1.91403634e-03,1.62975327e+02,8.03621445e+01,1.85230827e+01,2.86376506e-01,8.26311350e-01
5345803-S04-156I3-A-L-C-190,20.02.2020-11:14:32,8.00000000e+00,6.47480428e-01,8.93048000e+00,1.93226326e-03,1.40711029e+02,8.04243393e+01,1.89286270e+01,2.80157417e-01,3.58483046e-01
5345803-S04-156I3-A-L-C-190,20.02.2020-11:14:34,9.00000000e+00,6.46333456e-01,8.91205406e+00,2.07949081e-03,1.66144348e+02,8.03903275e+01,1.88481369e+01,1.87242717e-01,2.42323443e-01
5345803-S04-156I3-A-L-C-190,20.02.2020-11:14:36,1.00000000e+00,6.39416933e-01,8.85441208e+00,2.00619316e-03,9.89851608e+01,8.00354996e+01,1.84440689e+01,2.78022349e-01,4.68086988e-01
5345803-S04-156I3-A-L-C-190,20.02.2020-11:14:38,9.00000000e+00,6.46914542e-01,8.91012669e+00,2.06005597e-03,1.28838364e+02,8.03930893e+01,1.88616524e+01,3.10511440e-01,3.85696113e-01
5345803-S04-156I3-A-L-C-190,20.02.2020-11:14:40,9.00000000e+00,6.46980107e-01,8.87763691e+00,1.91995304e-03,1.74921463e+02,8.05234985e+01,1.88252659e+01,2.84207433e-01,4.07116652e-01
5345803-S04-156I3-A-L-C-190,20.02.2020-11:14:43,2.00000000e+01,6.44176483e-01,8.83318615e+00,1.73543871e-03,1.45821167e+02,8.03659134e+01,1.86133404e+01,2.12166846e-01,4.82168376e-01
5345803-S04-156I3-A-L-C-190,20.02.2020-11:14:45,2.10000000e+01,6.43510282e-01,8.83728886e+00,2.00525043e-03,9.64480515e+01,8.02267227e+01,1.85705070e+01,3.23906481e-01,6.56138897e-01
5345803-S04-156I3-A-L-C-190,20.02.2020-11:14:47,1.90000000e+01,6.46651089e-01,8.88595676e+00,1.95677974e-03,1.12798737e+02,8.03591766e+01,1.87948952e+01,3.32993835e-01,4.46352154e-01
5345803-S04-156I3-A-L-C-190,20.02.2020-11:14:49,1.90000000e+01,6.47023082e-01,8.89954948e+00,2.11443286e-03,2.40421722e+02,8.01547241e+01,1.87865543e+01,1.92559034e-01,2.86107004e-01
5345803-S04-156I3-A-L-C-190,20.02.2020-11:14:51,1.90000000e+01,6.46823823e-01,8.87980843e+00,2.10431917e-03,1.36870407e+02,8.02754364e+01,1.87673283e+01,2.61429757e-01,3.84290487e-01
5345803-S04-156I3-A-L-C-190,20.02.2020-11:14:53,1.90000000e+01,6.45702720e-01,8.87015247e+00,1.95639231e-03,1.59284622e+02,8.04674835e+01,1.87592010e+01,2.15025023e-01,3.68106902e-01
5345803-S04-156I3-A-L-C-190,20.02.2020-11:14:55,2.00000000e+01,6.43983066e-01,8.84273052e+00,1.88143924e-03,6.12428665e+01,8.03127518e+01,1.86155376e+01,4.87816513e-01,8.69185865e-01
5345803-S04-156I3-A-L-C-190,20.02.2020-11:14:57,1.90000000e+01,6.46660388e-01,8.88528633e+00,2.08453974e-03,1.52424347e+02,8.03045731e+01,1.87809734e+01,2.61872143e-01,5.50363064e-01
5345803-S04-156I3-A-L-C-190,20.02.2020-11:14:59,1.90000000e+01,6.45529330e-01,8.87387943e+00,1.98682863e-03,1.27094955e+02,8.02189865e+01,1.87041016e+01,2.58260995e-01,4.28317636e-01
5345803-S04-156I3-A-L-C-190,20.02.2020-11:15:02,3.00000000e+00,6.37205243e-01,8.72957993e+00,1.94746023e-03,1.34934036e+02,8.01296310e+01,1.81424561e+01,3.82290959e-01,2.05249238e+00
5345803-S04-156I3-A-L-C-190,20.02.2020-11:15:04,2.10000000e+01,6.44523025e-01,8.84499645e+00,1.79884920e-03,1.04048248e+02,8.01240463e+01,1.85921307e+01,3.04941624e-01,5.83860576e-01
5345803-S04-156I3-A-L-C-190,20.02.2020-11:15:06,2.00000000e+01,6.45423234e-01,8.86612129e+00,2.14243378e-03,1.55334671e+02,8.01024475e+01,1.86575336e+01,2.37241834e-01,3.90964150e-01
5345803-S04-156I3-A-L-C-190,20.02.2020-11:15:08,2.00000000e+01,6.44838631e-01,8.85642719e+00,1.99522171e-03,1.40876312e+02,8.02123718e+01,1.86458054e+01,2.44399875e-01,3.50653887e-01
5345803-S04-156I3-A-L-C-190,20.02.2020-11:15:10,2.00000000e+01,6.45244539e-01,8.86132908e+00,1.88087113e-03,2.26623657e+02,8.03468781e+01,1.86991730e+01,1.30348668e-01,2.60349482e-01
5345803-S04-156I3-A-L-C-190,20.02.2020-11:15:12,2.10000000e+01,6.43977582e-01,8.83660030e+00,2.04987009e-03,2.20096481e+02,8.01963730e+01,1.85755177e+01,1.86135426e-01,4.89462793e-01
5345803-S04-156I3-A-L-C-190,20.02.2020-11:15:14,2.10000000e+01,6.43627167e-01,8.84282303e+00,1.99489691e-03,2.03582596e+02,8.02156982e+01,1.85829601e+01,1.72670871e-01,2.56936431e-01
5345803-S04-156I3-A-L-C-190,20.02.2020-11:15:16,2.10000000e+01,6.43751562e-01,8.83743286e+00,1.79111899e-03,7.78010483e+01,8.02591248e+01,1.85852776e+01,3.57821643e-01,4.57142800e-01
5345803-S04-156I3-A-L-C-190,20.02.2020-11:15:19,2.10000000e+01,6.43519938e-01,8.87559223e+00,2.26367405e-03,9.73686752e+01,7.99751205e+01,1.85927868e+01,2.80099005e-01,4.92290795e-01
5345803-S04-156I3-A-L-C-190,20.02.2020-11:15:21,2.00000000e+01,6.43027067e-01,8.90497684e+00,1.96741545e-03,2.20782089e+02,8.00726929e+01,1.86627941e+01,1.84345439e-01,3.11740398e-01
5345803-S04-156I3-A-L-C-190,20.02.2020-11:15:23,9.00000000e+00,6.46328449e-01,8.92167091e+00,1.66092324e-03,1.62936676e+02,8.03619690e+01,1.88616753e+01,2.00816795e-01,3.05397898e-01
5345803-S04-156I3-A-L-C-190,20.02.2020-11:15:25,2.10000000e+01,6.42183065e-01,8.87245941e+00,2.04141624e-03,1.52707886e+02,8.00100327e+01,1.85557098e+01,2.21076742e-01,3.52450341e-01
5345803-S04-156I3-A-L-C-190,20.02.2020-11:15:27,2.10000000e+01,6.41822815e-01,8.87382126e+00,2.00218707e-03,1.99914215e+02,8.00887756e+01,1.85664005e+01,1.53483003e-01,2.90209293e-01
5345803-S04-156I3-A-L-C-190,20.02.2020-11:15:29,2.10000000e+01,6.41476750e-01,8.85956287e+00,2.05197418e-03,2.11126144e+02,8.00786438e+01,1.85242290e+01,2.15938896e-01,3.89528275e-01
5345803-S04-156I3-A-L-C-190,20.02.2020-11:15:31,1.90000000e+01,6.46053135e-01,8.89203548e+00,2.17821193e-03,1.48088242e+02,8.01976318e+01,1.87525864e+01,1.72162265e-01,2.35622108e-01
5345803-S04-156I3-A-L-C-190,20.02.2020-11:15:33,1.00000000e+00,6.42602742e-01,8.83621693e+00,2.06849282e-03,1.99768433e+02,7.99359207e+01,1.84748573e+01,1.34374931e-01,2.04106346e-01
5345803-S04-156I3-A-L-C-190,20.02.2020-11:15:35,2.00000000e+01,6.43664241e-01,8.86831760e+00,1.87206455e-03,2.26315994e+02,8.02589951e+01,1.86476688e+01,1.30214229e-01,4.61631089e-01
5345803-S04-156I3-A-L-C-190,20.02.2020-11:15:38,1.00000000e+00,6.40601397e-01,8.83628750e+00,1.95090973e-03,3.22190216e+02,7.99629669e+01,1.84236984e+01,1.64734721e-01,4.73201632e-01
5345803-S04-156I3-A-L-C-190,20.02.2020-11:15:49,2.00000000e+01,6.44823909e-01,8.85421753e+00,2.28540576e-03,1.13158684e+02,8.00640259e+01,1.86062546e+01,3.14721614e-01,5.93914807e-01
5345803-S04-156I3-A-L-C-190,20.02.2020-11:15:51,2.00000000e+01,6.45102620e-01,8.85837078e+00,1.86320976e-03,8.69307175e+01,8.02127075e+01,1.86576099e+01,3.30436856e-01,5.99134445e-01
5345803-S04-156I3-A-L-C-190,20.02.2020-11:15:53,2.00000000e+01,6.45547807e-01,8.89288044e+00,2.23440537e-03,1.11392448e+02,7.97501984e+01,1.86351471e+01,2.64137387e-01,3.82774740e-01
5345803-S04-156I3-A-L-C-190,20.02.2020-11:15:55,2.00000000e+01,6.46045864e-01,8.90344429e+00,2.25950265e-03,2.88232231e+01,7.98040161e+01,1.86842785e+01,8.43181849e-01,1.03129911e+00
5345803-S04-156I3-A-L-C-190,20.02.2020-11:15:57,2.10000000e+01,6.42322421e-01,8.90474033e+00,2.17002258e-03,6.04460640e+01,7.96050797e+01,1.85329838e+01,4.30564284e-01,5.00668585e-01
5345803-S04-156I3-A-L-C-190,20.02.2020-11:16:00,2.10000000e+01,6.41890466e-01,8.90295315e+00,2.17146776e-03,6.30149078e+01,7.95775299e+01,1.85103951e+01,3.71446788e-01,4.40651685e-01
5345803-S04-156I3-A-L-C-190,20.02.2020-11:16:02,1.00000000e+00,6.42000377e-01,8.90144634e+00,2.57921987e-03,1.20840927e+02,7.93502731e+01,1.84575691e+01,1.97101191e-01,2.35706106e-01
5345803-S04-156I3-A-L-C-190,20.02.2020-11:16:04,2.00000000e+01,6.42831266e-01,8.88074684e+00,2.27385573e-03,1.02733795e+02,8.00513153e+01,1.86013775e+01,2.87002265e-01,5.38081348e-01
5345803-S04-156I3-A-L-C-190,20.02.2020-11:16:06,2.10000000e+01,6.43439293e-01,8.87504864e+00,2.35684123e-03,1.24912819e+02,7.97605667e+01,1.85394459e+01,2.89789319e-01,5.85342228e-01
5345803-S04-156I3-A-L-C-190,20.02.2020-11:16:08,2.10000000e+01,6.42111659e-01,8.90907001e+00,2.33389367e-03,9.76092834e+01,7.94826584e+01,1.85074043e+01,2.79031187e-01,3.29887390e-01
5345803-S04-156I3-A-L-C-190,20.02.2020-11:16:10,2.10000000e+01,6.42657101e-01,8.91639900e+00,2.26017321e-03,1.71443848e+02,7.94829407e+01,1.85384293e+01,1.73847497e-01,2.09197387e-01
5345803-S04-156I3-A-L-C-190,20.02.2020-11:16:12,2.00000000e+01,6.45471871e-01,8.90921307e+00,2.18456890e-03,1.26933388e+02,7.98013382e+01,1.86791477e+01,2.02433094e-01,2.66768187e-01
5345803-S04-156I3-A-L-C-190,20.02.2020-11:16:14,2.10000000e+01,6.44263208e-01,8.88758850e+00,2.12618546e-03,9.25591888e+01,7.97598801e+01,1.85892525e+01,3.61395121e-01,6.05820954e-01
5345803-S04-156I3-A-L-C-190,20.02.2020-11:16:16,2.10000000e+01,6.42381489e-01,8.92294216e+00,2.07160250e-03,1.08419540e+02,7.96503601e+01,1.85831356e+01,2.64657795e-01,3.17297459e-01
5345803-S04-156I3-A-L-C-190,20.02.2020-11:16:19,2.00000000e+01,6.44738138e-01,8.90503597e+00,2.32549780e-03,9.94453049e+01,7.98584976e+01,1.86625252e+01,3.07437330e-01,3.96245509e-01
5345803-S04-156I3-A-L-C-190,20.02.2020-11:16:21,1.00000000e+00,6.41961634e-01,8.89832687e+00,2.42492976e-03,1.21279335e+02,7.94542313e+01,1.84741592e+01,2.13693544e-01,2.53469169e-01
5345803-S04-156I3-A-L-C-190,20.02.2020-11:16:23,2.10000000e+01,6.41691744e-01,8.90938759e+00,2.23174528e-03,6.27761726e+01,7.95491257e+01,1.85114250e+01,3.89748961e-01,4.54113066e-01
5345803-S04-156I3-A-L-C-190,20.02.2020-11:16:25,1.00000000e+00,6.41624153e-01,8.89380646e+00,2.35356204e-03,6.40199432e+01,7.94185333e+01,1.84467735e+01,3.11778307e-01,3.64306211e-01
5345803-S04-156I3-A-L-C-190,20.02.2020-11:16:27,1.00000000e+00,6.41912341e-01,8.89159012e+00,2.24163034e-03,4.10848961e+01,7.94688568e+01,1.84621506e+01,6.22080147e-01,7.24234641e-01
5345803-S04-156I3-A-L-C-190,20.02.2020-11:16:29,2.10000000e+01,6.43457592e-01,8.86261654e+00,2.45535723e-03,1.12102539e+02,7.97254562e+01,1.85058517e+01,3.15747261e-01,5.06929636e-01
5345803-S04-156I3-A-L-C-190,20.02.2020-11:16:31,1.00000000e+00,6.42786026e-01,8.85566235e+00,2.50424352e-03,5.10117378e+01,7.97258682e+01,1.84721260e+01,5.97900331e-01,9.07165945e-01
5345803-S04-156I3-A-L-C-190,20.02.2020-11:16:33,2.10000000e+01,6.43071830e-01,8.87092209e+00,2.25074473e-03,3.95568237e+01,7.98498764e+01,1.85409794e+01,6.48577452e-01,1.02691710e+00
5345803-S04-156I3-A-L-C-190,20.02.2020-11:16:36,2.00000000e+01,6.44805849e-01,8.84360600e+00,1.61459320e-03,1.16227791e+02,8.03513260e+01,1.86501198e+01,2.44908541e-01,3.56206894e-01
5345803-S04-156I3-A-L-C-190,20.02.2020-11:16:38,2.00000000e+01,6.44924104e-01,8.85035419e+00,1.89820910e-03,1.48372055e+02,8.01308594e+01,1.86165524e+01,2.65033245e-01,3.91694725e-01
5345803-S04-156I3-A-L-C-190,20.02.2020-11:16:40,1.90000000e+01,6.46772146e-01,8.88615894e+00,2.04882235e-03,1.25796913e+02,8.02505798e+01,1.87734356e+01,2.21905068e-01,3.52391094e-01
5345803-S04-156I3-A-L-C-190,20.02.2020-11:16:42,2.00000000e+01,6.44454241e-01,8.86243057e+00,1.95517368e-03,1.18841995e+02,8.03617172e+01,1.86820412e+01,2.81313628e-01,4.03934002e-01
5345803-S04-156I3-A-L-C-190,20.02.2020-11:16:44,2.10000000e+01,6.44280016e-01,8.84087467e+00,2.17660586e-03,1.68405441e+02,8.00653839e+01,1.85628586e+01,2.63233691e-01,5.81035554e-01
5345803-S04-156I3-A-L-C-190,20.02.2020-11:16:46,2.10000000e+01,6.44020438e-01,8.83988190e+00,1.93473522e-03,1.15028877e+02,8.01089020e+01,1.85633812e+01,2.87077636e-01,3.76725882e-01
5345803-S04-156I3-A-L-C-190,20.02.2020-11:16:53,2.10000000e+01,6.44195795e-01,8.84606647e+00,2.05147010e-03,4.27798080e+01,8.00785904e+01,1.85743961e+01,4.85262722e-01,7.79183447e-01
5345803-S04-156I3-A-L-C-190,20.02.2020-11:16:56,9.00000000e+00,6.46329224e-01,8.87464142e+00,1.84372452e-03,1.69453644e+02,8.05710220e+01,1.88110752e+01,2.43973032e-01,5.42131484e-01
5345803-S04-156I3-A-L-C-190,20.02.2020-11:16:58,2.00000000e+01,6.45066559e-01,8.84055996e+00,1.92771154e-03,1.11179413e+02,8.02708969e+01,1.86325645e+01,2.77584374e-01,3.97388935e-01
5345803-S04-156I3-A-L-C-190,20.02.2020-11:17:00,3.00000000e+00,6.36246741e-01,8.72397900e+00,1.74083048e-03,1.44333099e+02,8.04260941e+01,1.81705208e+01,4.56063181e-01,2.00518417e+00
5345803-S04-156I3-A-L-C-190,20.02.2020-11:17:02,2.00000000e+01,6.44875288e-01,8.86538696e+00,2.09742994e-03,2.19533173e+02,8.02109528e+01,1.86653996e+01,1.11901775e-01,1.73178360e-01
5345803-S04-156I3-A-L-C-190,20.02.2020-11:17:04,1.90000000e+01,6.45506322e-01,8.87731457e+00,1.99438469e-03,7.92093430e+01,8.02704620e+01,1.87226810e+01,3.04508179e-01,4.36012596e-01
5345803-S04-156I3-A-L-C-190,20.02.2020-11:17:06,1.90000000e+01,6.46671891e-01,8.87710476e+00,2.12785834e-03,1.24826645e+02,8.02264175e+01,1.87457542e+01,2.07548290e-01,3.35573852e-01
5345803-S04-156I3-A-L-C-190,20.02.2020-11:17:09,2.00000000e+01,6.43578827e-01,8.85440159e+00,1.85266125e-03,6.90692673e+01,8.02008972e+01,1.86024609e+01,4.41700071e-01,8.19136024e-01
5345803-S04-156I3-A-L-C-190,20.02.2020-11:17:11,2.00000000e+01,6.45376801e-01,8.87625408e+00,2.05801101e-03,1.40990173e+02,8.01079254e+01,1.86787930e+01,2.56882787e-01,4.19927359e-01
5345803-S04-156I3-A-L-C-190,20.02.2020-11:17:13,1.00000000e+00,6.40981019e-01,8.84299183e+00,1.94669317e-03,4.92991638e+01,8.00112381e+01,1.84597397e+01,6.60566747e-01,8.24355721e-01
5345803-S04-156I3-A-L-C-190,20.02.2020-11:17:15,1.00000000e+00,6.40505672e-01,8.82737827e+00,1.90396467e-03,5.84413414e+01,8.01898346e+01,1.84545841e+01,5.38172662e-01,1.00944686e+00
5345803-S04-156I3-A-L-C-190,20.02.2020-11:17:17,1.00000000e+00,6.41666591e-01,8.82687950e+00,1.78179063e-03,5.08614006e+01,8.00594254e+01,1.84569206e+01,4.23727661e-01,5.47673464e-01
5345803-S04-156I3-A-L-C-190,20.02.2020-11:17:19,2.10000000e+01,6.43472195e-01,8.85983372e+00,2.22605164e-03,1.46412308e+02,7.97551956e+01,1.85073624e+01,2.08729744e-01,2.56840974e-01
5345803-S04-156I3-A-L-C-190,20.02.2020-11:17:21,1.90000000e+01,6.44662976e-01,8.88101196e+00,2.04762048e-03,3.41989594e+02,8.02963181e+01,1.87120342e+01,1.04130618e-01,1.33193925e-01
5345803-S04-156I3-A-L-C-190,20.02.2020-11:17:23,2.00000000e+01,6.44604385e-01,8.87804508e+00,2.07756390e-03,3.07258392e+02,8.01921768e+01,1.86798248e+01,1.50543436e-01,3.27934027e-01
5345803-S04-156I3-A-L-C-190,20.02.2020-11:17:26,1.90000000e+01,6.47559643e-01,8.87683296e+00,2.09203246e-03,2.86674316e+02,8.02382736e+01,1.87736874e+01,1.31972313e-01,2.40477413e-01
5345803-S04-156I3-A-L-C-190,20.02.2020-11:17:28,2.00000000e+01,6.44583762e-01,8.88357639e+00,2.10296153e-03,2.17501556e+02,8.01379166e+01,1.86782169e+01,2.23956883e-01,3.98500472e-01
5345803-S04-156I3-A-L-C-190,20.02.2020-11:17:30,2.00000000e+01,6.43670619e-01,8.87308216e+00,1.87960023e-03,1.39258011e+02,8.01676788e+01,1.86366405e+01,2.54498959e-01,4.70479071e-01
5345803-S04-156I3-A-L-C-190,20.02.2020-11:17:32,2.00000000e+01,6.44585192e-01,8.91031647e+00,1.95456296e-03,3.48792389e+02,7.99891510e+01,1.86997032e+01,1.39924809e-01,1.96052641e-01
5345803-S04-156I3-A-L-C-190,20.02.2020-11:17:34,2.00000000e+00,6.41427577e-01,8.82501984e+00,1.90103345e-03,2.73103027e+02,7.98408127e+01,1.83957901e+01,1.99335188e-01,4.25349057e-01
5345803-S04-156I3-A-L-C-190,20.02.2020-11:17:36,8.00000000e+00,6.47981048e-01,8.94842815e+00,1.90629798e-03,1.69249466e+02,8.03377914e+01,1.89609089e+01,1.51226342e-01,1.89673975e-01
5345803-S04-156I3-A-L-C-190,20.02.2020-11:17:38,7.00000000e+00,6.49124086e-01,8.99991035e+00,1.98028982e-03,6.12297791e+02,8.02720490e+01,1.90880013e+01,5.42254560e-02,6.75296783e-02
5345803-S04-156I3-A-L-C-190,20.02.2020-11:17:40,1.00000000e+00,6.43187702e-01,8.86091995e+00,1.83646183e-03,1.43106400e+02,7.97070770e+01,1.84902859e+01,1.42544895e-01,1.70615941e-01
5345803-S04-156I3-A-L-C-190,20.02.2020-11:17:42,2.10000000e+01,6.43852234e-01,8.88567448e+00,1.84398785e-03,4.31929413e+02,7.96955490e+01,1.85584164e+01,8.70499089e-02,1.09242320e-01
5345803-S04-156I3-A-L-C-190,20.02.2020-11:17:44,9.00000000e+00,6.46481037e-01,8.92399693e+00,1.80507684e-03,2.92351959e+02,8.04429016e+01,1.88900509e+01,1.40100539e-01,3.37884694e-01
5345803-S04-156I3-A-L-C-190,20.02.2020-11:17:47,1.00000000e+00,6.43445969e-01,8.85984230e+00,1.88766606e-03,3.77335236e+02,7.96526260e+01,1.84828243e+01,7.43350387e-02,9.56376418e-02
5345803-S04-156I3-A-L-C-190,20.02.2020-11:17:49,2.10000000e+01,6.44183934e-01,8.87974834e+00,1.81032741e-03,1.38975235e+02,7.98604202e+01,1.85939770e+01,1.61729962e-01,1.97755188e-01
5345803-S04-156I3-A-L-C-190,20.02.2020-11:17:51,9.00000000e+00,6.45455122e-01,8.99411774e+00,1.94131571e-03,2.92147888e+02,7.97521210e+01,1.88450394e+01,8.00903141e-02,1.02777950e-01
5345803-S04-156I3-A-L-C-190,20.02.2020-11:17:53,8.00000000e+00,6.48532391e-01,8.95120430e+00,1.91283727e-03,4.43737366e+02,8.04817657e+01,1.90169468e+01,9.43890288e-02,1.22558683e-01
5345803-S04-156I3-A-L-C-190,20.02.2020-11:17:55,2.00000000e+01,6.43687367e-01,8.88316631e+00,1.60450104e-03,4.66316315e+02,7.99219284e+01,1.86011143e+01,7.67082050e-02,1.01635531e-01
5345803-S04-156I3-A-L-C-190,20.02.2020-11:17:57,2.00000000e+01,6.43464565e-01,8.90312290e+00,2.09535845e-03,5.44496040e+01,7.99269562e+01,1.86376190e+01,5.76232612e-01,9.66896653e-01
5345803-S04-156I3-A-L-C-190,20.02.2020-11:17:59,8.00000000e+00,6.46703064e-01,8.95825291e+00,1.67739659e-03,2.80035065e+02,8.04853592e+01,1.89790878e+01,9.75790545e-02,1.29941359e-01
5345803-S04-156I3-A-L-C-190,20.02.2020-11:18:01,1.90000000e+01,6.43292010e-01,8.94283772e+00,2.05937983e-03,1.81947693e+02,8.00776672e+01,1.87510300e+01,2.00058252e-01,3.84624332e-01
5345803-S04-156I3-A-L-C-190,20.02.2020-11:18:03,2.00000000e+01,6.41608298e-01,8.92111015e+00,2.02838564e-03,4.16357788e+02,7.98695755e+01,1.86080303e+01,8.65163356e-02,1.49930462e-01
5345803-S04-156I3-A-L-C-190,20.02.2020-11:18:06,2.00000000e+01,6.42363250e-01,8.89863682e+00,1.59652147e-03,1.72880859e+02,8.00649185e+01,1.86284466e+01,1.07564263e-01,1.28282040e-01
5345803-S04-156I3-A-L-C-190,20.02.2020-11:18:08,2.00000000e+01,6.41692042e-01,8.91965199e+00,2.12275609e-03,6.03176636e+02,7.99462357e+01,1.86252804e+01,4.87894155e-02,1.03763536e-01
5345803-S04-156I3-A-L-C-190,20.02.2020-11:18:10,1.90000000e+01,6.42929018e-01,8.92138958e+00,1.84744480e-03,3.03009277e+02,8.02692261e+01,1.87402267e+01,8.85380879e-02,1.53532609e-01
5345803-S04-156I3-A-L-C-190,20.02.2020-11:18:12,2.00000000e+01,6.42893434e-01,8.90765667e+00,1.43346831e-03,4.03279419e+02,8.01668320e+01,1.86864738e+01,7.10793585e-02,8.88258219e-02
5345803-S04-156I3-A-L-C-190,20.02.2020-11:18:14,1.90000000e+01,6.42857134e-01,8.93109226e+00,1.63673738e-03,2.35893738e+02,8.00899582e+01,1.87166138e+01,9.74506587e-02,1.62053809e-01
5345803-S04-156I3-A-L-C-190,20.02.2020-11:18:16,2.00000000e+01,6.43219173e-01,8.90724754e+00,1.58563862e-03,6.91373230e+02,8.00903625e+01,1.86772518e+01,3.22378799e-02,4.28840443e-02
5345803-S04-156I3-A-L-C-190,20.02.2020-11:18:18,2.00000000e+01,6.42623067e-01,8.92421055e+00,1.76280912e-03,2.92176361e+02,8.00857544e+01,1.86944046e+01,7.12832958e-02,1.35291070e-01
5345803-S04-156I3-A-L-C-190,20.02.2020-11:18:20,9.00000000e+00,6.45058274e-01,8.94278240e+00,1.69723283e-03,3.44751556e+02,8.03964615e+01,1.88772507e+01,5.62389195e-02,7.93599486e-02
5345803-S04-156I3-A-L-C-190,20.02.2020-11:18:23,1.90000000e+01,6.44019365e-01,8.92660522e+00,1.95326982e-03,1.99943222e+02,8.02861786e+01,1.87869492e+01,8.30196887e-02,1.09478667e-01
5345803-S04-156I3-A-L-C-190,20.02.2020-11:18:25,2.10000000e+01,6.40509009e-01,8.88017654e+00,1.62444904e-03,3.51856079e+02,8.02139893e+01,1.85706520e+01,1.21011503e-01,3.07151645e-01
5345803-S04-156I3-A-L-C-190,20.02.2020-11:18:27,2.00000000e+01,6.42265499e-01,8.90513897e+00,1.85999880e-03,2.46336624e+02,8.02746429e+01,1.86880455e+01,9.89848822e-02,2.17349783e-01
5345803-S04-156I3-A-L-C-190,20.02.2020-11:18:29,1.90000000e+01,6.43441379e-01,8.93252754e+00,1.68333005e-03,3.43764008e+02,8.01920929e+01,1.87605286e+01,6.01001792e-02,1.06392823e-01
5345803-S04-156I3-A-L-C-190,20.02.2020-11:18:31,9.00000000e+00,6.47681296e-01,8.93609428e+00,1.87910756e-03,9.31393814e+01,8.02260666e+01,1.88996964e+01,2.48766363e-01,4.83410835e-01
5345803-S04-156I3-A-L-C-190,20.02.2020-11:18:33,8.00000000e+00,6.47838831e-01,8.96884823e+00,1.76722009e-03,6.14638367e+01,8.02990875e+01,1.89908524e+01,3.40811044e-01,4.79386181e-01
5345803-S04-156I3-A-L-C-190,20.02.2020-11:18:35,2.10000000e+01,6.40890718e-01,8.87799644e+00,1.82459818e-03,2.90937225e+02,8.01781921e+01,1.85688648e+01,1.44071341e-01,4.34662938e-01
5345803-S04-156I3-A-L-C-190,20.02.2020-11:18:37,1.90000000e+01,6.44221902e-01,8.94593716e+00,1.87499856e-03,1.10553360e+02,8.01317215e+01,1.87973213e+01,2.45538965e-01,4.67267483e-01
5345803-S04-156I3-A-L-C-190,20.02.2020-11:18:39,8.00000000e+00,6.46149397e-01,8.97048855e+00,1.85862044e-03,2.24525345e+02,8.02094193e+01,1.89236393e+01,1.03231639e-01,1.31763667e-01
5345803-S04-156I3-A-L-C-190,20.02.2020-11:18:42,1.90000000e+01,6.44089341e-01,8.93460846e+00,1.97682716e-03,9.90397110e+01,8.01166458e+01,1.87661247e+01,2.53652632e-01,5.06828368e-01
5345803-S04-156I3-A-L-C-190,20.02.2020-11:18:44,1.90000000e+01,6.43476963e-01,8.94591141e+00,1.77953055e-03,9.21636505e+01,8.00771866e+01,1.87627544e+01,3.49958897e-01,5.16249478e-01
5345803-S04-156I3-A-L-C-190,20.02.2020-11:18:46,1.90000000e+01,6.43220663e-01,8.93556595e+00,1.80331478e-03,2.24052872e+02,8.01217728e+01,1.87440224e+01,1.59086034e-01,2.47806296e-01
5345803-S04-156I3-A-L-C-190,20.02.2020-11:18:48,1.90000000e+01,6.43158495e-01,8.95536995e+00,1.62961637e-03,1.86181458e+02,8.01832962e+01,1.87981720e+01,1.97560862e-01,2.97124207e-01
5345803-S04-156I3-A-L-C-190,20.02.2020-11:18:50,1.90000000e+01,6.43796206e-01,8.92028618e+00,1.70404324e-03,1.65869049e+02,8.03257904e+01,1.87764034e+01,1.49294779e-01,2.96869427e-01
5345803-S04-156I3-A-L-C-190,20.02.2020-11:18:52,1.00000000e+00,6.40795648e-01,8.82946968e+00,1.66549068e-03,8.93990402e+01,8.01798172e+01,1.84650040e+01,3.28029335e-01,1.29253352e+00
5345803-S04-156I3-A-L-C-190,20.02.2020-11:18:54,1.90000000e+01,6.44008398e-01,8.91563606e+00,1.80670025e-03,3.21264374e+02,8.02039413e+01,1.87443256e+01,1.17274404e-01,1.69714332e-01
5345803-S04-156I3-A-L-C-190,20.02.2020-11:18:56,1.90000000e+01,6.43231452e-01,8.92504406e+00,1.61519588e-03,2.09439072e+02,8.03551865e+01,1.87768078e+01,1.35692179e-01,1.95266336e-01
5345803-S04-156I3-A-L-C-190,20.02.2020-11:18:59,1.90000000e+01,6.42475903e-01,8.91668034e+00,1.73044368e-03,2.14148834e+02,8.02876434e+01,1.87214260e+01,1.57980636e-01,2.65853584e-01
5345803-S04-156I3-A-L-C-190,20.02.2020-11:19:01,1.90000000e+01,6.42064273e-01,8.91877842e+00,1.72406575e-03,1.29531570e+02,8.02731171e+01,1.87104492e+01,2.10530922e-01,3.38982761e-01
5345803-S04-156I3-A-L-C-190,20.02.2020-11:19:03,1.90000000e+01,6.42609119e-01,8.96940231e+00,1.87053310e-03,2.27951996e+02,7.97784882e+01,1.87165737e+01,8.42844769e-02,1.02389991e-01
5345803-S04-156I3-A-L-C-190,20.02.2020-11:19:05,1.90000000e+01,6.45340085e-01,8.92195606e+00,1.78387307e-03,3.35919373e+02,8.01992416e+01,1.87952957e+01,1.07923932e-01,3.14437091e-01
5345803-S04-156I3-A-L-C-190,20.02.2020-11:19:07,9.00000000e+00,6.43967748e-01,9.01135540e+00,1.86021987e-03,2.31091248e+02,7.98806458e+01,1.88680058e+01,9.75419357e-02,1.14020355e-01
5345803-S04-156I3-A-L-C-190,20.02.2020-11:19:09,2.00000000e+01,6.42765343e-01,8.92177963e+00,1.83900935e-03,1.17924294e+02,8.01074905e+01,1.86985226e+01,2.16823608e-01,4.20335084e-01
5345803-S04-156I3-A-L-C-190,20.02.2020-11:19:11,9.00000000e+00,6.45925343e-01,8.93374252e+00,1.76560145e-03,1.25395576e+02,8.00984879e+01,1.88135300e+01,1.55835867e-01,2.27505788e-01
5345803-S04-156I3-A-L-C-190,20.02.2020-11:19:13,9.00000000e+00,6.45522535e-01,8.94538116e+00,1.72916753e-03,3.57999969e+02,8.00113983e+01,1.88058205e+01,7.03212842e-02,9.70960185e-02
5345803-S04-156I3-A-L-C-190,20.02.2020-11:19:16,2.10000000e+01,6.43080175e-01,8.86675167e+00,2.26682448e-03,1.73219131e+02,7.98201904e+01,1.85256138e+01,1.92234010e-01,2.38657668e-01
5345803-S04-156I3-A-L-C-190,20.02.2020-11:19:18,1.00000000e+00,6.41220748e-01,8.86299992e+00,2.16283533e-03,1.82915161e+02,7.96868896e+01,1.84333992e+01,2.56826162e-01,3.87348711e-01
5345803-S04-156I3-A-L-C-190,20.02.2020-11:19:20,2.00000000e+00,6.39849007e-01,8.85816383e+00,2.35275133e-03,2.23954605e+02,7.95695724e+01,1.83568611e+01,2.53977031e-01,3.51713151e-01
5345803-S04-156I3-A-L-C-190,20.02.2020-11:19:22,2.10000000e+01,6.42531812e-01,8.88398552e+00,2.40359106e-03,5.31700630e+01,7.96461945e+01,1.85053673e+01,6.21270597e-01,7.51507580e-01
5345803-S04-156I3-A-L-C-190,20.02.2020-11:19:24,2.00000000e+01,6.45793915e-01,8.90645409e+00,2.45986739e-03,2.45085632e+02,7.98109283e+01,1.86849232e+01,1.30325988e-01,1.60409376e-01
5345803-S04-156I3-A-L-C-190,20.02.2020-11:19:26,1.00000000e+00,6.40835166e-01,8.85813999e+00,2.36649928e-03,1.84852524e+02,7.96865463e+01,1.84121304e+01,1.95134625e-01,2.69386202e-01
5345803-S04-156I3-A-L-C-190,20.02.2020-11:19:29,3.00000000e+00,6.34720981e-01,8.70568275e+00,1.55426504e-03,1.71972473e+02,8.08526306e+01,1.81848621e+01,2.66343027e-01,4.84728158e-01
5345803-S04-156I3-A-L-C-190,20.02.2020-11:19:32,2.10000000e+01,6.43225849e-01,8.86534309e+00,2.17645383e-03,2.84680389e+02,7.98461456e+01,1.85328941e+01,1.41336471e-01,1.80081829e-01
5345803-S04-156I3-A-L-C-190,20.02.2020-11:19:34,2.10000000e+01,6.42107546e-01,8.85836601e+00,1.83786696e-03,1.72425690e+02,8.00584641e+01,1.85352688e+01,1.50946110e-01,1.83902591e-01
5345803-S04-156I3-A-L-C-190,20.02.2020-11:19:37,2.00000000e+00,6.40509367e-01,8.80521202e+00,1.99662196e-03,1.28183945e+02,8.01302185e+01,1.83946609e+01,2.38734752e-01,4.18633372e-01
5345803-S04-156I3-A-L-C-190,20.02.2020-11:19:39,1.90000000e+01,6.45699263e-01,8.91730881e+00,2.14502914e-03,2.10108795e+02,8.01623611e+01,1.87873173e+01,1.44476011e-01,1.82547867e-01
5345803-S04-156I3-A-L-C-190,20.02.2020-11:19:41,2.10000000e+01,6.42444253e-01,8.86370277e+00,2.47334596e-03,2.59501617e+02,7.98937378e+01,1.85179787e+01,1.46243289e-01,2.02866867e-01
5345803-S04-156I3-A-L-C-190,20.02.2020-11:19:43,2.00000000e+00,6.40179455e-01,8.80710983e+00,2.00036354e-03,2.93390808e+02,8.01325989e+01,1.83896961e+01,2.27701575e-01,5.74349344e-01
5345803-S04-156I3-A-L-C-190,20.02.2020-11:19:45,2.00000000e+00,6.39781177e-01,8.79657650e+00,1.80007657e-03,2.55382263e+02,8.01163177e+01,1.83525467e+01,2.41096750e-01,5.35422206e-01
5345803-S04-156I3-A-L-C-190,20.02.2020-11:19:47,2.00000000e+01,6.44451916e-01,8.88618374e+00,1.91065588e-03,2.06765060e+02,8.00190506e+01,1.86521721e+01,1.92821354e-01,3.46738964e-01
5345803-S04-156I3-A-L-C-190,20.02.2020-11:19:49,2.00000000e+01,6.42857790e-01,8.90274048e+00,2.11796653e-03,8.77814560e+01,7.98540192e+01,1.86022549e+01,3.58819038e-01,4.98499036e-01
5345803-S04-156I3-A-L-C-190,20.02.2020-11:19:51,1.90000000e+01,6.44680679e-01,8.91772556e+00,2.17395136e-03,1.04632858e+02,8.00211029e+01,1.87255039e+01,3.68321508e-01,4.84382898e-01
5345803-S04-156I3-A-L-C-190,20.02.2020-11:19:54,2.10000000e+01,6.42775476e-01,8.87464046e+00,1.98340788e-03,3.82320496e+02,8.00993576e+01,1.85981312e+01,1.15220867e-01,2.72578001e-01
5345803-S04-156I3-A-L-C-190,20.02.2020-11:19:56,2.10000000e+01,6.41413629e-01,8.86397934e+00,2.07642536e-03,2.27824585e+02,8.00104828e+01,1.85158653e+01,1.53920054e-01,1.97826564e-01
5345803-S04-156I3-A-L-C-190,20.02.2020-11:19:58,2.10000000e+01,6.43388391e-01,8.90826893e+00,2.36987858e-03,4.92665497e+02,7.96711655e+01,1.85865135e+01,6.35863021e-02,9.51799229e-02
5345803-S04-156I3-A-L-C-190,20.02.2020-11:20:00,2.00000000e+01,6.44024611e-01,8.87075901e+00,2.14221398e-03,3.38424438e+02,8.02048645e+01,1.86506577e+01,1.52350560e-01,4.38657612e-01
5345803-S04-156I3-A-L-C-190,20.02.2020-11:20:02,2.00000000e+01,6.43385887e-01,8.87438297e+00,2.01797998e-03,1.38569153e+02,8.02995224e+01,1.86617699e+01,2.21735328e-01,4.89655554e-01
5345803-S04-156I3-A-L-C-190,20.02.2020-11:20:04,2.10000000e+01,6.41769707e-01,8.85326290e+00,1.60087319e-03,2.19273849e+02,8.01662827e+01,1.85397778e+01,1.27196059e-01,1.66426092e-01
5345803-S04-156I3-A-L-C-190,20.02.2020-11:20:06,2.00000000e+01,6.44154251e-01,8.91626835e+00,1.71734788e-03,2.86222626e+02,7.99297256e+01,1.86857910e+01,1.33875489e-01,1.79288357e-01
5345803-S04-156I3-A-L-C-190,20.02.2020-11:20:08,2.00000000e+00,6.39404953e-01,8.76441574e+00,1.66310417e-03,2.37547958e+02,7.99678116e+01,1.82408218e+01,2.28480518e-01,7.30794013e-01
5345803-S04-156I3-A-L-C-190,20.02.2020-11:20:10,2.10000000e+01,6.41815543e-01,8.88379192e+00,1.99080259e-03,1.70365341e+02,7.99108887e+01,1.85457649e+01,1.94328815e-01,2.41657525e-01
5345803-S04-156I3-A-L-C-190,20.02.2020-11:20:13,2.00000000e+01,6.41238272e-01,8.90188980e+00,1.88722741e-03,1.43750336e+02,8.00538101e+01,1.86000385e+01,3.07232827e-01,6.66809380e-01
5345803-S04-156I3-A-L-C-190,20.02.2020-11:20:15,1.00000000e+00,6.40241623e-01,8.84091187e+00,1.49917253e-03,1.27267815e+02,8.02810593e+01,1.84962749e+01,2.44854748e-01,6.07413113e-01
5345803-S04-156I3-A-L-C-190,20.02.2020-11:20:17,2.10000000e+01,6.39614403e-01,8.92643070e+00,1.73240947e-03,2.06022659e+02,7.97414169e+01,1.85314846e+01,1.52552426e-01,2.10236043e-01
5345803-S04-156I3-A-L-C-190,20.02.2020-11:20:19,1.90000000e+01,6.44965649e-01,8.91150188e+00,1.74899888e-03,2.35489380e+02,8.03415146e+01,1.87956657e+01,1.29258096e-01,2.92608529e-01
5345803-S04-156I3-A-L-C-190,20.02.2020-11:20:21,1.90000000e+01,6.44924283e-01,8.91686440e+00,1.83430570e-03,1.26365654e+02,8.01985703e+01,1.87723083e+01,1.96808606e-01,3.77360851e-01
5345803-S04-156I3-A-L-C-190,20.02.2020-11:20:23,1.00000000e+00,6.39560878e-01,8.91588020e+00,1.89233792e-03,8.61427689e+01,7.96284180e+01,1.84818039e+01,2.53091335e-01,3.33467036e-01
5345803-S04-156I3-A-L-C-190,20.02.2020-11:20:25,2.10000000e+01,6.40869439e-01,8.84410858e+00,1.78992085e-03,1.42076447e+02,8.03027420e+01,1.85261078e+01,2.58998036e-01,8.16209555e-01
5345803-S04-156I3-A-L-C-190,20.02.2020-11:20:27,1.00000000e+00,6.40153348e-01,8.82804775e+00,2.06299499e-03,6.74324646e+01,8.01197891e+01,1.84297180e+01,5.13063133e-01,1.04013765e+00
5345803-S04-156I3-A-L-C-190,20.02.2020-11:20:29,2.00000000e+01,6.41051888e-01,8.92644024e+00,2.08914350e-03,2.32664078e+02,8.01625519e+01,1.86712418e+01,1.67348430e-01,3.84574980e-01
5345803-S04-156I3-A-L-C-190,20.02.2020-11:20:32,1.90000000e+01,6.45930946e-01,8.91187668e+00,1.95616041e-03,2.83407684e+02,8.01103439e+01,1.87704220e+01,1.29269421e-01,2.36350477e-01
5345803-S04-156I3-A-L-C-190,20.02.2020-11:20:34,1.90000000e+01,6.43490851e-01,8.96198559e+00,1.98938395e-03,2.07531342e+02,7.99863892e+01,1.87755604e+01,9.27504152e-02,1.36967778e-01
5345803-S04-156I3-A-L-C-190,20.02.2020-11:20:36,2.00000000e+01,6.43985808e-01,8.94497490e+00,2.17085611e-03,3.84237640e+02,7.97546005e+01,1.86999893e+01,9.09295976e-02,1.42346472e-01
5345803-S04-156I3-A-L-C-190,20.02.2020-11:20:38,9.00000000e+00,6.46930039e-01,8.96651173e+00,1.98944751e-03,2.35792755e+02,8.00191879e+01,1.88931847e+01,1.27969086e-01,1.65138274e-01
5345803-S04-156I3-A-L-C-190,20.02.2020-11:20:40,2.00000000e+00,6.42625630e-01,8.79394627e+00,1.89539290e-03,5.00810822e+02,7.99784393e+01,1.83969135e+01,9.64834616e-02,4.55837250e-01
5345803-S04-156I3-A-L-C-190,20.02.2020-11:20:42,1.90000000e+01,6.45735562e-01,8.88830376e+00,1.94092724e-03,1.93066757e+02,8.01362457e+01,1.87211609e+01,1.87381789e-01,3.95176023e-01
5345803-S04-156I3-A-L-C-190,20.02.2020-11:20:44,2.10000000e+01,6.43054187e-01,8.83376980e+00,1.46062672e-03,2.96885681e+02,8.00456085e+01,1.85080776e+01,1.95061818e-01,5.10181010e-01
5345803-S04-156I3-A-L-C-190,20.02.2020-11:20:46,9.00000000e+00,6.46613121e-01,8.95271492e+00,2.08231434e-03,2.07292267e+02,8.00920563e+01,1.88720417e+01,1.67032853e-01,2.09861681e-01
5345803-S04-156I3-A-L-C-190,20.02.2020-11:20:48,1.90000000e+01,6.43051028e-01,8.97380543e+00,1.94083736e-03,3.41553345e+02,7.99084091e+01,1.87691555e+01,9.25334170e-02,1.16533943e-01
5345803-S04-156I3-A-L-C-190,20.02.2020-11:20:51,9.00000000e+00,6.46134198e-01,8.88621902e+00,1.95613969e-03,1.87987244e+02,8.04547348e+01,1.88027573e+01,1.19830169e-01,1.83803469e-01
5345803-S04-156I3-A-L-C-190,20.02.2020-11:20:53,2.10000000e+01,6.43534184e-01,8.85295391e+00,1.86566508e-03,1.59804947e+02,8.01401825e+01,1.85840492e+01,1.42116323e-01,2.69538581e-01
5345803-S04-156I3-A-L-C-190,20.02.2020-11:20:55,2.00000000e+00,6.38499081e-01,8.78637981e+00,1.74278161e-03,1.43208862e+02,8.01386795e+01,1.82996445e+01,2.82049328e-01,8.00671339e-01
5345803-S04-156I3-A-L-C-190,20.02.2020-11:20:57,2.10000000e+01,6.41147017e-01,8.87019253e+00,1.74439966e-03,5.49881821e+01,8.03309021e+01,1.85953121e+01,3.94549459e-01,5.90074420e-01
5345803-S04-156I3-A-L-C-190,20.02.2020-11:20:59,2.10000000e+01,6.41395152e-01,8.85556221e+00,1.86198507e-03,1.40945923e+02,8.04229355e+01,1.85931053e+01,1.77911431e-01,5.21662056e-01
5345803-S04-156I3-A-L-C-190,20.02.2020-11:21:02,2.00000000e+01,6.42112613e-01,8.88225079e+00,1.66267517e-03,7.56318283e+01,8.01833649e+01,1.86143875e+01,3.07912856e-01,4.82399285e-01
5345803-S04-156I3-A-L-C-190,20.02.2020-11:21:04,9.00000000e+00,6.44989431e-01,8.91611671e+00,1.74998282e-03,2.31979065e+02,8.03969345e+01,1.88190632e+01,1.00265108e-01,2.30288342e-01
5345803-S04-156I3-A-L-C-190,20.02.2020-11:21:06,2.00000000e+01,6.42705381e-01,8.88174915e+00,2.00854731e-03,1.62520325e+02,8.02102356e+01,1.86367607e+01,1.60774276e-01,3.98272097e-01
5345803-S04-156I3-A-L-C-190,20.02.2020-11:21:08,9.00000000e+00,6.45155191e-01,8.93241882e+00,1.77525170e-03,1.11978119e+02,8.03593826e+01,1.88495102e+01,1.97926298e-01,2.41667420e-01
5345803-S04-156I3-A-L-C-190,20.02.2020-11:21:10,2.00000000e+01,6.42012239e-01,8.92532253e+00,1.91572460e-03,1.04162682e+02,7.98915863e+01,1.86336727e+01,1.77962750e-01,2.12858915e-01
5345803-S04-156I3-A-L-C-190,20.02.2020-11:21:12,1.90000000e+01,6.44175708e-01,8.91836452e+00,1.81919278e-03,7.88571320e+01,8.01575775e+01,1.87440891e+01,2.51705199e-01,3.25714558e-01
5345803-S04-156I3-A-L-C-190,20.02.2020-11:21:14,2.00000000e+00,6.39295101e-01,8.78185463e+00,1.70664710e-03,2.51975067e+02,7.99371643e+01,1.82669697e+01,1.88776404e-01,7.67549872e-01
5345803-S04-156I3-A-L-C-190,20.02.2020-11:21:17,1.00000000e+00,6.41649246e-01,8.85133743e+00,1.90246850e-03,7.97027206e+01,7.98501205e+01,1.84591770e+01,3.96310478e-01,1.02435076e+00
5345803-S04-156I3-A-L-C-190,20.02.2020-11:21:19,9.00000000e+00,6.45697951e-01,8.94600868e+00,2.23062490e-03,1.83525543e+02,8.00996628e+01,1.88330040e+01,1.80300593e-01,2.61521161e-01
5345803-S04-156I3-A-L-C-190,20.02.2020-11:21:21,1.00000000e+00,6.41039550e-01,8.84679127e+00,1.86908257e-03,9.86630707e+01,8.00022812e+01,1.84672909e+01,3.90954196e-01,1.03653681e+00
5345803-S04-156I3-A-L-C-190,20.02.2020-11:21:23,9.00000000e+00,6.45531356e-01,8.94182873e+00,1.80316321e-03,5.23881874e+01,8.02046204e+01,1.88440094e+01,5.79513550e-01,7.24426031e-01
5345803-S04-156I3-A-L-C-190,20.02.2020-11:21:25,1.00000000e+00,6.41102970e-01,8.83926678e+00,1.86015305e-03,7.08606262e+01,7.99037628e+01,1.84306850e+01,4.57893968e-01,1.16008472e+00
5345803-S04-156I3-A-L-C-190,20.02.2020-11:21:27,9.00000000e+00,6.45116270e-01,8.94145012e+00,2.11340655e-03,9.75503387e+01,8.01213837e+01,1.88115520e+01,3.06907713e-01,4.16531324e-01
5345803-S04-156I3-A-L-C-190,20.02.2020-11:21:29,2.00000000e+00,6.40719175e-01,8.84482574e+00,2.03166809e-03,4.93777847e+01,7.97598114e+01,1.83980293e+01,6.17545128e-01,1.38416111e+00
5345803-S04-156I3-A-L-C-190,20.02.2020-11:21:31,1.00000000e+00,6.41143918e-01,8.84349155e+00,1.73139595e-03,5.40515404e+01,7.97493439e+01,1.84050331e+01,6.00855827e-01,1.37716484e+00
5345803-S04-156I3-A-L-C-190,20.02.2020-11:21:34,2.00000000e+01,6.42277777e-01,8.95784760e+00,2.16433639e-03,1.28898254e+02,7.97506485e+01,1.86763039e+01,1.55843243e-01,1.87727794e-01
5345803-S04-156I3-A-L-C-190,20.02.2020-11:21:36,2.10000000e+01,6.41794860e-01,8.92943859e+00,2.18828744e-03,1.90509766e+02,7.96663132e+01,1.85834064e+01,1.19812131e-01,1.46532625e-01
5345803-S04-156I3-A-L-C-190,20.02.2020-11:21:38,2.00000000e+00,6.40672386e-01,8.80671215e+00,1.46937207e-03,2.31621017e+02,8.00199738e+01,1.83771610e+01,1.08375713e-01,2.89173126e-01
5345803-S04-156I3-A-L-C-190,20.02.2020-11:21:40,2.00000000e+00,6.40172005e-01,8.80568123e+00,1.76488876e-03,2.40275681e+02,7.99665070e+01,1.83483887e+01,1.10798985e-01,3.49322110e-01
5345803-S04-156I3-A-L-C-190,20.02.2020-11:21:42,1.90000000e+01,6.43718898e-01,8.92126465e+00,2.07523303e-03,1.30202148e+02,8.01099396e+01,1.87257519e+01,1.25927582e-01,1.85628265e-01
5345803-S04-156I3-A-L-C-190,20.02.2020-11:21:44,2.10000000e+01,6.43577456e-01,8.87401295e+00,1.86900829e-03,3.37799133e+02,7.99905396e+01,1.85947227e+01,1.09013110e-01,1.78899676e-01
5345803-S04-156I3-A-L-C-190,20.02.2020-11:21:46,1.00000000e+00,6.38407648e-01,8.87444305e+00,1.86785753e-03,2.46866089e+02,7.98181076e+01,1.84064827e+01,8.26151595e-02,9.77551714e-02
5345803-S04-156I3-A-L-C-190,20.02.2020-11:21:49,1.00000000e+00,6.38064742e-01,8.89315414e+00,1.82642310e-03,2.15534805e+02,8.00003662e+01,1.84774799e+01,8.24002922e-02,9.98767540e-02
5345803-S04-156I3-A-L-C-190,20.02.2020-11:21:51,1.90000000e+01,6.43842340e-01,8.92183781e+00,1.53260166e-03,3.55969910e+02,8.03395844e+01,1.87842388e+01,7.02396929e-02,1.17237814e-01
5345803-S04-156I3-A-L-C-190,20.02.2020-11:21:53,1.00000000e+00,6.37924433e-01,8.88803864e+00,1.81731349e-03,1.65580643e+02,8.00298462e+01,1.84695950e+01,1.02168709e-01,1.18378326e-01
5345803-S04-156I3-A-L-C-190,20.02.2020-11:21:55,9.00000000e+00,6.45326376e-01,8.90552139e+00,1.70471985e-03,2.10734085e+02,8.05812836e+01,1.88496437e+01,9.70488787e-02,1.82093903e-01
5345803-S04-156I3-A-L-C-190,20.02.2020-11:21:57,1.90000000e+01,6.43723249e-01,8.90241909e+00,1.72144664e-03,1.82239792e+02,8.04032974e+01,1.87547493e+01,9.38412175e-02,1.60076246e-01
5345803-S04-156I3-A-L-C-190,20.02.2020-11:21:59,2.00000000e+01,6.40803277e-01,8.90405655e+00,1.82404893e-03,1.58759232e+02,8.03069534e+01,1.86507378e+01,1.52758136e-01,2.43519872e-01
5345803-S04-156I3-A-L-C-190,20.02.2020-11:22:01,1.90000000e+01,6.42639816e-01,8.92451477e+00,1.90738344e-03,2.38171356e+02,8.02310333e+01,1.87294407e+01,1.13611989e-01,1.88744575e-01
5345803-S04-156I3-A-L-C-190,20.02.2020-11:22:03,1.90000000e+01,6.43810987e-01,8.90318108e+00,1.76134927e-03,2.03883728e+02,8.03397064e+01,1.87440758e+01,1.30813047e-01,2.15524048e-01
5345803-S04-156I3-A-L-C-190,20.02.2020-11:22:06,2.00000000e+01,6.41381323e-01,8.94154358e+00,1.79540808e-03,1.82771072e+02,7.98584976e+01,1.86414680e+01,1.20425500e-01,1.45166650e-01
5345803-S04-156I3-A-L-C-190,20.02.2020-11:22:08,2.00000000e+01,6.40768468e-01,8.92612934e+00,1.80236239e-03,1.94284683e+02,8.01498795e+01,1.86593857e+01,1.04709186e-01,1.32596582e-01
5345803-S04-156I3-A-L-C-190,20.02.2020-11:22:10,2.00000000e+01,6.41569793e-01,8.92936325e+00,1.80000591e-03,2.08000137e+02,8.00394745e+01,1.86637478e+01,1.05591789e-01,1.35884285e-01
5345803-S04-156I3-A-L-C-190,20.02.2020-11:22:12,1.00000000e+00,6.37749851e-01,8.88204193e+00,1.81958056e-03,1.72666580e+02,7.98385239e+01,1.84079704e+01,1.38744086e-01,1.63385481e-01
5345803-S04-156I3-A-L-C-190,20.02.2020-11:22:14,1.00000000e+00,6.38928413e-01,8.88452053e+00,1.71024259e-03,1.39381363e+02,7.99316711e+01,1.84686546e+01,1.26931369e-01,1.45525470e-01
5345803-S04-156I3-A-L-C-190,20.02.2020-11:22:16,1.90000000e+01,6.43771350e-01,8.91960812e+00,1.53470761e-03,5.26758972e+02,8.03832169e+01,1.87876720e+01,4.91680875e-02,1.16145439e-01
5345803-S04-156I3-A-L-C-190,20.02.2020-11:22:18,1.90000000e+01,6.43788517e-01,8.92883682e+00,2.03468674e-03,1.69793915e+02,8.02199478e+01,1.87694130e+01,1.44097328e-01,2.09149733e-01
5345803-S04-156I3-A-L-C-190,20.02.2020-11:22:20,1.00000000e+00,6.39015019e-01,8.89138985e+00,1.58914318e-03,1.90412521e+02,7.99442062e+01,1.84883385e+01,1.06770381e-01,1.23526268e-01
5345803-S04-156I3-A-L-C-190,20.02.2020-11:22:23,1.90000000e+01,6.43557549e-01,8.92629242e+00,1.89497776e-03,1.23449608e+02,8.02950439e+01,1.87748928e+01,1.62880778e-01,2.33409718e-01
5345803-S04-156I3-A-L-C-190,20.02.2020-11:22:25,1.90000000e+01,6.44311011e-01,8.91512299e+00,1.74896372e-03,1.18129486e+02,8.02455368e+01,1.87617779e+01,1.50796145e-01,2.04209492e-01
5345803-S04-156I3-A-L-C-190,20.02.2020-11:22:27,2.00000000e+00,6.39349699e-01,8.79163456e+00,1.61156524e-03,1.01626068e+02,8.00273666e+01,1.83095131e+01,2.81319618e-01,5.06207645e-01
5345803-S04-156I3-A-L-C-190,20.02.2020-11:22:29,2.00000000e+00,6.40288413e-01,8.79299545e+00,1.71874417e-03,3.24324402e+02,7.98762054e+01,1.83045940e+01,1.02227822e-01,3.29530030e-01
5345803-S04-156I3-A-L-C-190,20.02.2020-11:22:31,2.00000000e+00,6.39883816e-01,8.79926395e+00,1.69547647e-03,1.51325272e+02,8.00222855e+01,1.83395462e+01,1.73625916e-01,4.15401459e-01
5345803-S04-156I3-A-L-C-190,20.02.2020-11:22:33,1.90000000e+01,6.44391298e-01,8.90255737e+00,1.48485845e-03,2.03567978e+02,8.03998947e+01,1.87737122e+01,1.13174491e-01,1.63605958e-01
5345803-S04-156I3-A-L-C-190,20.02.2020-11:22:35,2.00000000e+01,6.42666876e-01,8.94889641e+00,1.71672285e-03,1.09422958e+02,7.97468643e+01,1.86680622e+01,1.69796020e-01,2.05900669e-01
5345803-S04-156I3-A-L-C-190,20.02.2020-11:22:37,2.00000000e+01,6.42195106e-01,8.94635391e+00,2.12280219e-03,1.06501305e+02,7.97943726e+01,1.86601677e+01,2.25619197e-01,2.69305974e-01
5345803-S04-156I3-A-L-C-190,20.02.2020-11:22:40,9.00000000e+00,6.45080686e-01,8.94550896e+00,1.94534566e-03,1.17658615e+02,8.03128891e+01,1.88640327e+01,1.88992962e-01,2.66960949e-01
5345803-S04-156I3-A-L-C-190,20.02.2020-11:22:42,1.00000000e+00,6.41110003e-01,8.83839321e+00,1.90163602e-03,3.27840004e+01,7.97907181e+01,1.84029922e+01,8.66037786e-01,1.58226228e+00
5345803-S04-156I3-A-L-C-190,20.02.2020-11:22:44,9.00000000e+00,6.44850850e-01,8.93434906e+00,1.93481741e-03,8.06726608e+01,8.02630386e+01,1.88220959e+01,3.23254496e-01,4.14563775e-01
5345803-S04-156I3-A-L-C-190,20.02.2020-11:22:46,1.00000000e+00,6.41446948e-01,8.84124851e+00,1.56179513e-03,5.32722397e+01,7.98753586e+01,1.84381485e+01,6.05119824e-01,1.26361024e+00
5345803-S04-156I3-A-L-C-190,20.02.2020-11:22:48,9.00000000e+00,6.45175219e-01,8.94369793e+00,2.13426142e-03,7.14244919e+01,8.01570587e+01,1.88263779e+01,3.52267116e-01,4.52906251e-01
5345803-S04-156I3-A-L-C-190,20.02.2020-11:22:50,1.00000000e+00,6.41076148e-01,8.85172462e+00,2.07027397e-03,1.01288116e+02,7.99157867e+01,1.84586639e+01,3.37082267e-01,9.15253103e-01
5345803-S04-156I3-A-L-C-190,20.02.2020-11:22:52,1.00000000e+00,6.40689850e-01,8.85159206e+00,1.94891414e-03,2.21727127e+02,7.99276428e+01,1.84500046e+01,2.26958007e-01,7.74521649e-01
5345803-S04-156I3-A-L-C-190,20.02.2020-11:22:54,9.00000000e+00,6.45074487e-01,8.94172478e+00,1.96297374e-03,1.45980728e+02,8.03081284e+01,1.88547535e+01,1.56058788e-01,2.36714423e-01
5345803-S04-156I3-A-L-C-190,20.02.2020-11:22:57,2.00000000e+01,6.41964018e-01,8.92836380e+00,1.86987175e-03,1.13706718e+02,7.97499313e+01,1.86055737e+01,1.88952118e-01,2.26499081e-01
5345803-S04-156I3-A-L-C-190,20.02.2020-11:22:59,2.00000000e+01,6.41201437e-01,8.93688679e+00,1.83319347e-03,4.94565765e+02,7.98114243e+01,1.86155567e+01,4.28258590e-02,5.57983890e-02
5345803-S04-156I3-A-L-C-190,20.02.2020-11:23:01,2.00000000e+01,6.44699454e-01,8.88089180e+00,1.96221774e-03,1.63550583e+02,8.02131729e+01,1.86934643e+01,1.45597965e-01,2.76401818e-01
5345803-S04-156I3-A-L-C-190,20.02.2020-11:23:03,2.00000000e+00,6.39403820e-01,8.80797100e+00,1.80751353e-03,2.98138519e+02,8.02143402e+01,1.83879509e+01,1.16247281e-01,4.66362596e-01
5345803-S04-156I3-A-L-C-190,20.02.2020-11:23:05,9.00000000e+00,6.46489203e-01,8.89886761e+00,1.71126693e-03,1.86835464e+02,8.04188766e+01,1.88314686e+01,1.26643702e-01,2.18549833e-01
5345803-S04-156I3-A-L-C-190,20.02.2020-11:23:07,1.90000000e+01,6.44622326e-01,8.86658669e+00,1.58469228e-03,2.38036194e+02,8.03971405e+01,1.87039185e+01,1.05539978e-01,2.12419882e-01
5345803-S04-156I3-A-L-C-190,20.02.2020-11:23:09,2.00000000e+00,6.40139699e-01,8.81541729e+00,1.85519317e-03,2.15180069e+02,8.01039963e+01,1.83993282e+01,1.38941869e-01,4.53898340e-01
5345803-S04-156I3-A-L-C-190,20.02.2020-11:23:11,1.00000000e+00,6.40973210e-01,8.82672977e+00,1.59751484e-03,2.58565521e+02,8.02821121e+01,1.84879475e+01,1.20610751e-01,4.35135424e-01
5345803-S04-156I3-A-L-C-190,20.02.2020-11:23:14,9.00000000e+00,6.46641612e-01,8.89658546e+00,1.79079594e-03,1.07634689e+02,8.03370514e+01,1.88119183e+01,2.31964096e-01,3.22233289e-01
5345803-S04-156I3-A-L-C-190,20.02.2020-11:23:16,9.00000000e+00,6.46750093e-01,8.89372444e+00,1.66483980e-03,2.67606354e+02,8.04222717e+01,1.88289757e+01,1.01639725e-01,1.71168417e-01
5345803-S04-156I3-A-L-C-190,20.02.2020-11:23:18,2.00000000e+01,6.44737840e-01,8.88605499e+00,1.90075464e-03,2.43668961e+02,8.01592484e+01,1.86928692e+01,1.13798261e-01,1.99032396e-01
5345803-S04-156I3-A-L-C-190,20.02.2020-11:23:20,2.00000000e+00,6.40428126e-01,8.81228161e+00,1.91445812e-03,2.87740967e+02,7.99382248e+01,1.83629913e+01,1.38431981e-01,4.80090171e-01
5345803-S04-156I3-A-L-C-190,20.02.2020-11:23:22,2.00000000e+01,6.40665233e-01,8.91925049e+00,2.05071829e-03,3.05160583e+02,7.99701843e+01,1.86002064e+01,6.41618893e-02,8.08304176e-02
5345803-S04-156I3-A-L-C-190,20.02.2020-11:23:24,9.00000000e+00,6.44393981e-01,8.92478466e+00,1.81491009e-03,1.02407623e+02,8.03876038e+01,1.88177853e+01,2.02284828e-01,2.60352641e-01
5345803-S04-156I3-A-L-C-190,20.02.2020-11:23:26,9.00000000e+00,6.45128965e-01,8.91653252e+00,1.75140146e-03,2.33293823e+02,8.03204727e+01,1.88061123e+01,1.07894577e-01,1.46070704e-01
5345803-S04-156I3-A-L-C-190,20.02.2020-11:23:28,2.00000000e+01,6.42593622e-01,8.87095833e+00,1.79341377e-03,1.74633896e+02,8.03679504e+01,1.86474762e+01,1.61665231e-01,6.08671784e-01
5345803-S04-156I3-A-L-C-190,20.02.2020-11:23:31,1.90000000e+01,6.44774318e-01,8.89780235e+00,1.82155846e-03,2.28416229e+02,8.03250656e+01,1.87573643e+01,9.21917409e-02,2.31741443e-01
5345803-S04-156I3-A-L-C-190,20.02.2020-11:23:36,2.10000000e+01,6.42019689e-01,8.85304070e+00,1.66110310e-03,2.12066879e+02,8.03865891e+01,1.85975018e+01,1.47191525e-01,5.50371647e-01
5345803-S04-156I3-A-L-C-190,20.02.2020-11:23:38,2.00000000e+01,6.43102646e-01,8.88033485e+00,1.48752599e-03,1.04571152e+02,8.04227066e+01,1.86947021e+01,2.07370639e-01,3.38117719e-01
5345803-S04-156I3-A-L-C-190,20.02.2020-11:23:40,2.00000000e+00,6.37941718e-01,8.82891178e+00,1.74665754e-03,2.00961563e+02,8.01932373e+01,1.83846817e+01,2.26335555e-01,6.89917922e-01
5345803-S04-156I3-A-L-C-190,20.02.2020-11:23:42,2.10000000e+01,6.41726315e-01,8.83458042e+00,2.00265250e-03,1.64571182e+02,8.02289886e+01,1.85138721e+01,1.79009825e-01,6.52268112e-01
5345803-S04-156I3-A-L-C-190,20.02.2020-11:23:44,2.00000000e+01,6.41537666e-01,8.90938377e+00,1.77436299e-03,1.11123566e+02,8.00004730e+01,1.86119785e+01,1.60922974e-01,1.88762039e-01
5345803-S04-156I3-A-L-C-190,20.02.2020-11:23:46,2.00000000e+01,6.41622782e-01,8.91291904e+00,1.69298681e-03,1.81523483e+02,8.00240936e+01,1.86273346e+01,1.17993325e-01,1.43291891e-01
5345803-S04-156I3-A-L-C-190,20.02.2020-11:23:49,1.00000000e+00,6.38816178e-01,8.84257317e+00,1.95151090e-03,2.14789108e+02,8.01427536e+01,1.84267616e+01,1.56275615e-01,5.28601885e-01
5345803-S04-156I3-A-L-C-190,20.02.2020-11:23:51,2.10000000e+01,6.41731143e-01,8.86373997e+00,2.05047592e-03,1.34532043e+02,8.03034744e+01,1.85923653e+01,2.17135504e-01,6.40895307e-01
5345803-S04-156I3-A-L-C-190,20.02.2020-11:23:53,2.10000000e+01,6.41674399e-01,8.85366344e+00,1.66128180e-03,2.91348297e+02,8.03545151e+01,1.85813904e+01,1.38594955e-01,4.87273544e-01
5345803-S04-156I3-A-L-C-190,20.02.2020-11:23:55,2.10000000e+01,6.41254306e-01,8.86600780e+00,1.87901827e-03,1.44408539e+02,8.03554535e+01,1.85953331e+01,1.99265659e-01,6.42255187e-01
5345803-S04-156I3-A-L-C-190,20.02.2020-11:23:57,1.90000000e+01,6.42828286e-01,8.87837124e+00,1.80139195e-03,2.07128677e+02,8.05685425e+01,1.87164726e+01,9.51219052e-02,2.25326195e-01
5345803-S04-156I3-A-L-C-190,20.02.2020-11:23:59,2.10000000e+01,6.40845180e-01,8.84200859e+00,1.77869259e-03,9.24691467e+01,8.03108826e+01,1.85228863e+01,2.36472026e-01,4.15950060e-01
5345803-S04-156I3-A-L-C-190,20.02.2020-11:24:01,2.00000000e+01,6.44135773e-01,8.86211109e+00,1.72467809e-03,1.72411316e+02,8.04064026e+01,1.86825180e+01,1.46517664e-01,2.67468721e-01
5345803-S04-156I3-A-L-C-190,20.02.2020-11:24:03,9.00000000e+00,6.46269262e-01,8.93441200e+00,1.57374947e-03,1.11578873e+02,8.03527069e+01,1.88847046e+01,2.05603242e-01,3.19435507e-01
5345803-S04-156I3-A-L-C-190,20.02.2020-11:24:05,2.10000000e+01,6.42190158e-01,8.85593319e+00,1.90364569e-03,1.39720871e+02,8.02934494e+01,1.85869560e+01,2.34662533e-01,7.78198540e-01
5345803-S04-156I3-A-L-C-190,20.02.2020-11:24:08,1.90000000e+01,6.44372940e-01,8.89136982e+00,1.63343491e-03,1.54236725e+02,8.02726212e+01,1.87199039e+01,1.59007132e-01,3.42543930e-01
5345803-S04-156I3-A-L-C-190,20.02.2020-11:24:10,2.00000000e+01,6.43073797e-01,8.86315823e+00,1.39187276e-03,1.75792938e+02,8.02677765e+01,1.86217613e+01,1.98652655e-01,8.39207888e-01
5345803-S04-156I3-A-L-C-190,20.02.2020-11:24:12,9.00000000e+00,6.45740569e-01,8.92270279e+00,1.76739949e-03,1.33224457e+02,8.02517776e+01,1.88208542e+01,1.88812986e-01,3.19720685e-01
5345803-S04-156I3-A-L-C-190,20.02.2020-11:24:14,2.10000000e+01,6.39950216e-01,8.88375950e+00,2.10730731e-03,1.63979004e+02,8.00351181e+01,1.85205441e+01,2.06219047e-01,5.72139204e-01
5345803-S04-156I3-A-L-C-190,20.02.2020-11:24:16,2.00000000e+01,6.42803788e-01,8.85560036e+00,1.58087665e-03,9.67535629e+01,8.04105072e+01,1.86311398e+01,2.80010939e-01,8.35171878e-01
5345803-S04-156I3-A-L-C-190,20.02.2020-11:24:18,2.00000000e+01,6.42935574e-01,8.87657070e+00,1.94126472e-03,1.83010666e+02,8.03995972e+01,1.86765537e+01,1.42680675e-01,3.71598661e-01
5345803-S04-156I3-A-L-C-190,20.02.2020-11:24:20,1.90000000e+01,6.44712090e-01,8.91058445e+00,1.94455928e-03,2.59668640e+02,8.02267456e+01,1.87595043e+01,1.41055167e-01,3.54064345e-01
5345803-S04-156I3-A-L-C-190,20.02.2020-11:24:23,2.10000000e+01,6.43005073e-01,8.85667992e+00,1.77040056e-03,1.56130157e+02,8.01618271e+01,1.85816021e+01,1.93259269e-01,7.36478686e-01
5345803-S04-156I3-A-L-C-190,20.02.2020-11:24:25,2.00000000e+01,6.42897308e-01,8.87022781e+00,1.68640865e-03,1.78485306e+02,8.02870789e+01,1.86359806e+01,2.67916232e-01,1.12843871e+00
5345803-S04-156I3-A-L-C-190,20.02.2020-11:24:27,2.00000000e+01,6.43080771e-01,8.89517975e+00,1.97630445e-03,1.78887405e+02,8.02678452e+01,1.86892567e+01,1.77722856e-01,3.96205157e-01
5345803-S04-156I3-A-L-C-190,20.02.2020-11:24:29,1.90000000e+01,6.42802656e-01,8.89439678e+00,1.78585865e-03,1.67493103e+02,8.04260712e+01,1.87163525e+01,1.63428932e-01,4.45623666e-01
5345803-S04-156I3-A-L-C-190,20.02.2020-11:24:31,1.90000000e+01,6.43381417e-01,8.90604210e+00,1.59954489e-03,1.44052979e+02,8.04420090e+01,1.87614479e+01,2.22201422e-01,4.51601565e-01
5345803-S04-156I3-A-L-C-190,20.02.2020-11:24:33,2.00000000e+01,6.42603695e-01,8.90406990e+00,2.01358623e-03,1.97006149e+02,8.01873398e+01,1.86753063e+01,1.13669343e-01,1.83920965e-01
5345803-S04-156I3-A-L-C-190,20.02.2020-11:24:35,2.00000000e+01,6.42993271e-01,8.91649342e+00,2.04681628e-03,2.48400421e+02,8.00777817e+01,1.86871357e+01,1.28564030e-01,2.21947327e-01
5345803-S04-156I3-A-L-C-190,20.02.2020-11:24:38,8.00000000e+00,6.46323502e-01,8.95089149e+00,1.94717757e-03,4.43706543e+02,8.04326782e+01,1.89399567e+01,5.90419732e-02,1.10677831e-01
5345803-S04-156I3-A-L-C-190,20.02.2020-11:24:40,1.90000000e+01,6.43752933e-01,8.92397881e+00,1.55166280e-03,1.51005402e+02,8.03364563e+01,1.87854061e+01,1.58839732e-01,2.18322277e-01
5345803-S04-156I3-A-L-C-190,20.02.2020-11:24:42,2.00000000e+01,6.41075611e-01,8.92824459e+00,1.76819263e-03,1.08581856e+02,7.98633347e+01,1.86059971e+01,1.64355218e-01,1.98526576e-01
5345803-S04-156I3-A-L-C-190,20.02.2020-11:24:44,2.10000000e+01,6.41488969e-01,8.88719177e+00,2.03503738e-03,2.39527664e+02,8.01093140e+01,1.85894680e+01,1.39719024e-01,3.73958439e-01
5345803-S04-156I3-A-L-C-190,20.02.2020-11:24:46,9.00000000e+00,6.44498706e-01,8.91687775e+00,1.90352811e-03,1.66511765e+02,8.03874054e+01,1.88041229e+01,1.11485064e-01,1.46119252e-01
5345803-S04-156I3-A-L-C-190,20.02.2020-11:24:48,1.90000000e+01,6.45467818e-01,8.92040157e+00,1.99817470e-03,1.25243958e+02,8.01798935e+01,1.87912064e+01,2.02674374e-01,3.66690010e-01
5345803-S04-156I3-A-L-C-190,20.02.2020-11:24:50,9.00000000e+00,6.46195650e-01,8.94400978e+00,2.17723427e-03,1.51192627e+02,8.01195602e+01,1.88479919e+01,1.35724843e-01,2.27091566e-01
5345803-S04-156I3-A-L-C-190,20.02.2020-11:24:53,1.90000000e+01,6.44533575e-01,8.91749477e+00,1.91856036e-03,1.45700134e+02,8.02286453e+01,1.87693005e+01,1.72323138e-01,2.64757693e-01
5345803-S04-156I3-A-L-C-190,20.02.2020-11:24:55,2.00000000e+01,6.43834412e-01,8.88144302e+00,1.68453786e-03,1.16078896e+02,8.03379288e+01,1.86985760e+01,1.83031499e-01,4.38459635e-01
5345803-S04-156I3-A-L-C-190,20.02.2020-11:24:57,2.00000000e+01,6.40461862e-01,8.88769531e+00,1.58975238e-03,1.35651321e+02,8.03263016e+01,1.86110287e+01,2.21276537e-01,5.81191361e-01
5345803-S04-156I3-A-L-C-190,20.02.2020-11:24:59,2.00000000e+01,6.42561197e-01,8.89970684e+00,1.65923499e-03,9.10614014e+01,8.01721725e+01,1.86613941e+01,2.44735330e-01,5.12964249e-01
5345803-S04-156I3-A-L-C-190,20.02.2020-11:25:01,2.10000000e+01,6.40256703e-01,8.89055538e+00,1.77491934e-03,1.34900909e+02,8.02698898e+01,1.85979843e+01,1.68977559e-01,4.88833576e-01
5345803-S04-156I3-A-L-C-190,20.02.2020-11:25:03,1.90000000e+01,6.44412100e-01,8.89259911e+00,1.65826001e-03,1.81371307e+02,8.02745056e+01,1.87240696e+01,1.33193895e-01,3.41129392e-01
5345803-S04-156I3-A-L-C-190,20.02.2020-11:25:05,2.00000000e+01,6.43160462e-01,8.86873722e+00,1.81716704e-03,1.68884796e+02,8.01235046e+01,1.86024971e+01,1.82758689e-01,6.80727422e-01
5345803-S04-156I3-A-L-C-190,20.02.2020-11:25:07,2.00000000e+00,6.37157083e-01,8.77643871e+00,1.66550756e-03,2.16258820e+02,8.06203461e+01,1.83501530e+01,3.09561580e-01,2.39631820e+00
5345803-S04-156I3-A-L-C-190,20.02.2020-11:25:10,2.00000000e+01,6.42781615e-01,8.86491203e+00,1.64336653e-03,2.01711685e+02,8.03009567e+01,1.86246777e+01,2.09174857e-01,7.57393360e-01
5345803-S04-156I3-A-L-C-190,20.02.2020-11:25:12,2.10000000e+01,6.40322149e-01,8.88105011e+00,1.61174254e-03,2.86655273e+02,8.03154526e+01,1.85905437e+01,1.45536780e-01,5.77821136e-01
5345803-S04-156I3-A-L-C-190,20.02.2020-11:25:14,2.00000000e+01,6.40186012e-01,8.88874340e+00,1.48648734e-03,3.18932220e+02,8.04066544e+01,1.86238194e+01,1.22114427e-01,4.54840094e-01
5345803-S04-156I3-A-L-C-190,20.02.2020-11:25:16,9.00000000e+00,6.44889057e-01,8.91616917e+00,1.76721672e-03,1.43092773e+02,8.05178146e+01,1.88445377e+01,1.46110639e-01,3.15279871e-01
5345803-S04-156I3-A-L-C-190,20.02.2020-11:25:18,2.10000000e+01,6.40168786e-01,8.87871552e+00,1.68486952e-03,3.98756409e+02,8.03569946e+01,1.85908203e+01,1.30545214e-01,5.24420917e-01
5345803-S04-156I3-A-L-C-190,20.02.2020-11:25:20,9.00000000e+00,6.45835936e-01,8.93152237e+00,1.71306566e-03,1.79213776e+02,8.04526443e+01,1.88894005e+01,1.83300897e-01,2.29494244e-01
5345803-S04-156I3-A-L-C-190,20.02.2020-11:25:23,9.00000000e+00,6.44954026e-01,8.91963673e+00,1.76934386e-03,3.41628906e+02,8.04695587e+01,1.88424664e+01,1.09694995e-01,2.21264690e-01
5345803-S04-156I3-A-L-C-190,20.02.2020-11:25:25,2.00000000e+01,6.43107533e-01,8.88160610e+00,1.96287991e-03,2.94109161e+02,8.03642960e+01,1.86839409e+01,1.06647775e-01,3.45673442e-01
5345803-S04-156I3-A-L-C-190,20.02.2020-11:25:27,2.00000000e+01,6.41753614e-01,8.89165592e+00,1.48712122e-03,1.65255661e+02,8.03326950e+01,1.86583633e+01,1.58707961e-01,3.84807557e-01
5345803-S04-156I3-A-L-C-190,20.02.2020-11:25:29,2.10000000e+01,6.42127454e-01,8.84970760e+00,2.05603708e-03,1.88530640e+02,8.02630386e+01,1.85650425e+01,1.65305421e-01,7.42141485e-01
5345803-S04-156I3-A-L-C-190,20.02.2020-11:25:31,1.90000000e+01,6.45479441e-01,8.90318584e+00,1.50963652e-03,1.58429947e+02,8.02669373e+01,1.87756386e+01,1.77527085e-01,2.42899626e-01
5345803-S04-156I3-A-L-C-190,20.02.2020-11:25:33,2.00000000e+01,6.44280434e-01,8.88605690e+00,1.65247172e-03,1.36335419e+02,8.01430740e+01,1.86758461e+01,1.43509075e-01,2.11253166e-01
5345803-S04-156I3-A-L-C-190,20.02.2020-11:25:35,1.90000000e+01,6.46055400e-01,8.90529633e+00,1.57829328e-03,1.77184250e+02,8.02528152e+01,1.87935390e+01,1.34844586e-01,2.11816505e-01
5345803-S04-156I3-A-L-C-190,20.02.2020-11:25:38,2.10000000e+01,6.41463280e-01,8.88498783e+00,1.74353702e-03,3.60974457e+02,8.01147995e+01,1.85853863e+01,1.38860717e-01,5.91187835e-01
5345803-S04-156I3-A-L-C-190,20.02.2020-11:25:40,2.10000000e+01,6.43334448e-01,8.83198738e+00,2.12110323e-03,1.92765228e+02,8.01031952e+01,1.85257282e+01,3.06043714e-01,2.90807891e+00
5345803-S04-156I3-A-L-C-190,20.02.2020-11:25:42,1.90000000e+01,6.43695414e-01,8.94535542e+00,1.84483279e-03,2.14376648e+02,8.01246567e+01,1.87790852e+01,1.48562297e-01,2.00159267e-01
5345803-S04-156I3-A-L-C-190,20.02.2020-11:25:44,2.10000000e+01,6.43939972e-01,8.83387375e+00,1.60625472e-03,1.41596008e+02,8.02375717e+01,1.85782394e+01,4.04051453e-01,2.77270913e+00
5345803-S04-156I3-A-L-C-190,20.02.2020-11:25:46,9.00000000e+00,6.45579040e-01,8.97769356e+00,1.49508100e-03,2.91298950e+02,8.01323624e+01,1.89039402e+01,8.95534977e-02,1.24753319e-01
5345803-S04-156I3-A-L-C-190,20.02.2020-11:25:48,9.00000000e+00,6.46008909e-01,8.94502163e+00,1.64736283e-03,2.22002045e+02,8.01450424e+01,1.88506680e+01,1.24308579e-01,1.52055591e-01
5345803-S04-156I3-A-L-C-190,20.02.2020-11:25:50,1.90000000e+01,6.42994881e-01,8.96406460e+00,1.73888658e-03,1.69546921e+02,7.99031219e+01,1.87459068e+01,1.43472537e-01,1.71395749e-01
5345803-S04-156I3-A-L-C-190,20.02.2020-11:25:53,2.00000000e+01,6.42244637e-01,8.95012665e+00,1.80654321e-03,1.32761414e+02,7.97671204e+01,1.86631012e+01,1.72264844e-01,2.09222063e-01
5345803-S04-156I3-A-L-C-190,20.02.2020-11:25:55,8.00000000e+00,6.46638572e-01,8.95775318e+00,1.66553096e-03,1.39817169e+02,8.02554855e+01,1.89219379e+01,2.06584588e-01,2.55908877e-01
5345803-S04-156I3-A-L-C-190,20.02.2020-11:25:57,1.90000000e+01,6.45670116e-01,8.88327122e+00,1.89212698e-03,4.19754730e+02,8.01998062e+01,1.87235031e+01,9.93115678e-02,3.12147051e-01
5345803-S04-156I3-A-L-C-190,20.02.2020-11:25:59,9.00000000e+00,6.45757735e-01,8.91695404e+00,1.78747927e-03,3.06848663e+02,8.02330399e+01,1.88048363e+01,9.76566300e-02,1.54857785e-01
5345803-S04-156I3-A-L-C-190,20.02.2020-11:26:01,2.10000000e+01,6.40993357e-01,8.89529896e+00,1.74135843e-03,1.53411331e+02,7.98544312e+01,1.85328960e+01,1.05954416e-01,1.27224654e-01
5345803-S04-156I3-A-L-C-190,20.02.2020-11:26:04,2.00000000e+01,6.42016053e-01,8.84927273e+00,1.51300663e-03,1.09435326e+02,8.05082169e+01,1.86176071e+01,2.92668372e-01,9.41671908e-01
5345803-S04-156I3-A-L-C-190,20.02.2020-11:26:06,2.00000000e+01,6.41649723e-01,8.89011478e+00,1.52660627e-03,2.85658295e+02,8.04278030e+01,1.86741924e+01,1.28437594e-01,3.47689360e-01
5345803-S04-156I3-A-L-C-190,20.02.2020-11:26:08,2.00000000e+01,6.41441822e-01,8.88069630e+00,1.92129018e-03,1.20964287e+02,8.03089828e+01,1.86208134e+01,1.98778376e-01,5.28338790e-01
5345803-S04-156I3-A-L-C-190,20.02.2020-11:26:10,2.10000000e+01,6.39417768e-01,8.87093163e+00,1.68291829e-03,2.11071198e+02,8.04566956e+01,1.85757504e+01,1.95677876e-01,4.66366142e-01
5345803-S04-156I3-A-L-C-190,20.02.2020-11:26:12,2.10000000e+01,6.39915705e-01,8.86479950e+00,1.54386845e-03,2.04733948e+02,8.04242706e+01,1.85698757e+01,1.52877048e-01,5.04779100e-01
5345803-S04-156I3-A-L-C-190,20.02.2020-11:26:14,9.00000000e+00,6.44448638e-01,8.90405560e+00,1.76605745e-03,2.11843475e+02,8.05180283e+01,1.88061333e+01,9.12322253e-02,2.56173939e-01
5345803-S04-156I3-A-L-C-190,20.02.2020-11:26:16,2.10000000e+01,6.39821947e-01,8.86808205e+00,1.78910978e-03,1.48420563e+02,8.02813797e+01,1.85410290e+01,2.32917011e-01,5.92820525e-01
5345803-S04-156I3-A-L-C-190,20.02.2020-11:26:18,2.10000000e+01,6.42245889e-01,8.83807755e+00,1.56370387e-03,1.43670532e+02,8.04839249e+01,1.85950966e+01,2.98278093e-01,9.04088557e-01
5345803-S04-156I3-A-L-C-190,20.02.2020-11:26:21,2.00000000e+00,6.42190456e-01,8.80467987e+00,1.90844003e-03,2.67279358e+02,7.99036026e+01,1.83896713e+01,1.71468332e-01,5.73171258e-01
5345803-S04-156I3-A-L-C-190,20.02.2020-11:26:23,2.00000000e+01,6.42635405e-01,8.92649555e+00,2.03932589e-03,2.44771271e+02,7.98560257e+01,1.86459084e+01,1.25394210e-01,1.85267270e-01
5345803-S04-156I3-A-L-C-190,20.02.2020-11:26:25,9.00000000e+00,6.45141661e-01,8.90708447e+00,1.66176946e-03,8.58371811e+01,8.04148102e+01,1.88086166e+01,1.64576903e-01,2.33185127e-01
5345803-S04-156I3-A-L-C-190,20.02.2020-11:26:27,1.90000000e+01,6.43617451e-01,8.90061951e+00,2.07116874e-03,1.01877274e+02,8.02134933e+01,1.87036190e+01,1.51961014e-01,1.99186206e-01
5345803-S04-156I3-A-L-C-190,20.02.2020-11:26:29,9.00000000e+00,6.45366132e-01,8.89973068e+00,1.21437968e-03,8.08139343e+01,8.04189987e+01,1.88006058e+01,2.05383494e-01,2.73204327e-01
5345803-S04-156I3-A-L-C-190,20.02.2020-11:26:32,9.00000000e+00,6.44886315e-01,8.91334343e+00,1.66419742e-03,8.10504532e+01,8.04491196e+01,1.88224125e+01,2.02575713e-01,2.58679360e-01
5345803-S04-156I3-A-L-C-190,20.02.2020-11:26:34,1.90000000e+01,6.44564867e-01,8.90923119e+00,1.83244166e-03,1.14988373e+02,8.02603989e+01,1.87602386e+01,1.39656425e-01,1.89220279e-01
5345803-S04-156I3-A-L-C-190,20.02.2020-11:26:36,1.90000000e+01,6.46117866e-01,8.91334915e+00,1.81648380e-03,1.69039673e+02,8.00933456e+01,1.87749710e+01,1.40418217e-01,2.30830759e-01
5345803-S04-156I3-A-L-C-190,20.02.2020-11:26:38,9.00000000e+00,6.46309733e-01,8.94572353e+00,1.85524172e-03,1.39287186e+02,8.03264847e+01,1.89036274e+01,1.31886303e-01,1.85341656e-01
5345803-S04-156I3-A-L-C-190,20.02.2020-11:26:40,1.90000000e+01,6.43475235e-01,8.88451862e+00,1.69285620e-03,1.98321808e+02,8.04623413e+01,1.87235680e+01,1.34480655e-01,3.74643862e-01
5345803-S04-156I3-A-L-C-190,20.02.2020-11:26:42,1.90000000e+01,6.44023597e-01,8.89996624e+00,1.78057922e-03,1.29099350e+02,8.02673416e+01,1.87266121e+01,1.36237845e-01,1.89869359e-01
5345803-S04-156I3-A-L-C-190,20.02.2020-11:26:45,2.10000000e+01,6.40344143e-01,8.87795734e+00,1.79537572e-03,9.31756897e+01,7.99845657e+01,1.85081463e+01,2.99662381e-01,6.75056279e-01
5345803-S04-156I3-A-L-C-190,20.02.2020-11:26:47,9.00000000e+00,6.46067321e-01,8.95848465e+00,1.79166405e-03,2.98884155e+02,8.02058029e+01,1.88950634e+01,7.04253241e-02,9.49070305e-02
5345803-S04-156I3-A-L-C-190,20.02.2020-11:26:49,2.00000000e+01,6.42500281e-01,8.89300537e+00,1.74805219e-03,2.71033478e+02,8.01483612e+01,1.86400337e+01,1.39958069e-01,6.67606771e-01
5345803-S04-156I3-A-L-C-190,20.02.2020-11:26:51,2.00000000e+01,6.42457485e-01,8.90588093e+00,1.72783516e-03,2.49009125e+02,8.02131805e+01,1.86808739e+01,1.46685064e-01,4.88682985e-01
5345803-S04-156I3-A-L-C-190,20.02.2020-11:26:53,2.10000000e+01,6.43252432e-01,8.83898067e+00,1.83884881e-03,1.33482834e+02,8.03063736e+01,1.85850525e+01,3.68756741e-01,2.54776335e+00
5345803-S04-156I3-A-L-C-190,20.02.2020-11:26:55,2.10000000e+01,6.41575336e-01,8.89025688e+00,1.99028477e-03,2.85295258e+02,8.00551376e+01,1.85858040e+01,1.41121194e-01,6.16674781e-01
5345803-S04-156I3-A-L-C-190,20.02.2020-11:26:57,9.00000000e+00,6.45876348e-01,8.92168427e+00,1.53263460e-03,2.53388092e+02,8.02789154e+01,1.88290310e+01,1.06442109e-01,1.59763679e-01
5345803-S04-156I3-A-L-C-190,20.02.2020-11:27:00,1.90000000e+01,6.45651042e-01,8.92336082e+00,1.67085114e-03,4.50284393e+02,8.01088104e+01,1.87861080e+01,8.22383016e-02,2.03447476e-01
5345803-S04-156I3-A-L-C-190,20.02.2020-11:27:02,1.90000000e+01,6.44141257e-01,8.92952156e+00,1.79271540e-03,1.70903549e+02,8.00288391e+01,1.87363949e+01,1.57772943e-01,2.27387130e-01
5345803-S04-156I3-A-L-C-190,20.02.2020-11:27:04,2.00000000e+01,6.43676400e-01,8.89681911e+00,2.06300779e-03,1.76941635e+02,8.00203629e+01,1.86523304e+01,2.74211764e-01,6.01430476e-01
5345803-S04-156I3-A-L-C-190,20.02.2020-11:27:06,2.00000000e+01,6.42669141e-01,8.87920570e+00,2.01935694e-03,1.54838425e+02,8.00926132e+01,1.86030540e+01,3.59257996e-01,1.03534138e+00
5345803-S04-156I3-A-L-C-190,20.02.2020-11:27:08,2.00000000e+01,6.43377364e-01,8.88554859e+00,1.93326909e-03,1.60561859e+02,8.01376572e+01,1.86473389e+01,2.62629509e-01,5.26933730e-01
5345803-S04-156I3-A-L-C-190,20.02.2020-11:27:10,2.00000000e+00,6.40358150e-01,8.80494881e+00,1.89428125e-03,1.16754150e+02,7.96518936e+01,1.82799950e+01,2.46620864e-01,5.98935008e-01
5345803-S04-156I3-A-L-C-190,20.02.2020-11:27:12,2.00000000e+01,6.43496096e-01,8.91715527e+00,1.93303870e-03,1.19832184e+02,7.97758865e+01,1.86326275e+01,1.80486456e-01,2.22968787e-01
5345803-S04-156I3-A-L-C-190,20.02.2020-11:27:14,2.00000000e+01,6.43669367e-01,8.92261314e+00,1.96515350e-03,1.25275658e+02,7.97402725e+01,1.86407261e+01,2.09834293e-01,2.52932578e-01
5345803-S04-156I3-A-L-C-190,20.02.2020-11:27:17,1.90000000e+01,6.44554734e-01,8.91840267e+00,1.78772793e-03,2.29264816e+02,8.01905518e+01,1.87629108e+01,1.55723020e-01,3.02589357e-01
5345803-S04-156I3-A-L-C-190,20.02.2020-11:27:19,2.00000000e+01,6.42513573e-01,8.91563988e+00,1.90527481e-03,1.96814072e+02,8.01550446e+01,1.86894245e+01,2.19863355e-01,5.49719989e-01
5345803-S04-156I3-A-L-C-190,20.02.2020-11:27:21,2.00000000e+00,6.39968693e-01,8.80621433e+00,1.60182978e-03,1.02661926e+02,7.99106674e+01,1.83308659e+01,3.14458847e-01,8.00866783e-01
5345803-S04-156I3-A-L-C-190,20.02.2020-11:27:23,2.00000000e+01,6.42935097e-01,8.90573502e+00,1.32538273e-03,1.23836990e+02,7.99337234e+01,1.86293259e+01,2.23395497e-01,5.21604061e-01
5345803-S04-156I3-A-L-C-190,20.02.2020-11:27:25,1.00000000e+00,6.41431093e-01,8.86289310e+00,2.18685996e-03,1.73879547e+02,7.98891830e+01,1.84860306e+01,2.30602548e-01,5.78855574e-01
5345803-S04-156I3-A-L-C-190,20.02.2020-11:27:27,1.90000000e+01,6.45947576e-01,8.91786671e+00,2.40277196e-03,8.49128036e+01,7.98096390e+01,1.87130146e+01,3.65082622e-01,5.75972617e-01
5345803-S04-156I3-A-L-C-190,20.02.2020-11:27:29,1.90000000e+01,6.45349264e-01,8.91241646e+00,2.12449371e-03,1.19164932e+02,8.01005402e+01,1.87523613e+01,2.31177822e-01,4.55613136e-01
5345803-S04-156I3-A-L-C-190,20.02.2020-11:27:31,1.90000000e+01,6.44195735e-01,8.92941666e+00,2.08819727e-03,2.01512527e+02,7.99366226e+01,1.87161674e+01,1.33137077e-01,1.73436791e-01
5345803-S04-156I3-A-L-C-190,20.02.2020-11:27:34,2.00000000e+01,6.43712401e-01,8.92364216e+00,1.99114485e-03,1.37268860e+02,7.99517365e+01,1.86935654e+01,2.00782537e-01,2.51106709e-01
5345803-S04-156I3-A-L-C-190,20.02.2020-11:27:36,9.00000000e+00,6.45738125e-01,8.96096325e+00,1.95382466e-03,1.01340416e+02,8.01311340e+01,1.88730736e+01,3.05687308e-01,4.01441872e-01
5345803-S04-156I3-A-L-C-190,20.02.2020-11:27:38,1.90000000e+01,6.45893931e-01,8.92529774e+00,1.95019064e-03,1.22930557e+02,8.00199356e+01,1.87763996e+01,2.29158044e-01,2.72997737e-01
5345803-S04-156I3-A-L-C-190,20.02.2020-11:27:40,2.00000000e+00,6.35855734e-01,8.79266453e+00,1.62694522e-03,1.24292755e+02,8.04524612e+01,1.83083267e+01,2.76659697e-01,5.56971014e-01
5345803-S04-156I3-A-L-C-190,20.02.2020-11:27:42,1.90000000e+01,6.44126356e-01,8.93644428e+00,1.87233754e-03,1.23035179e+02,7.99668503e+01,1.87359638e+01,2.21419632e-01,3.02766174e-01
5345803-S04-156I3-A-L-C-190,20.02.2020-11:27:44,1.90000000e+01,6.45312965e-01,8.91678143e+00,1.88437186e-03,1.06473557e+02,8.00900192e+01,1.87580242e+01,2.71005362e-01,4.32703465e-01
5345803-S04-156I3-A-L-C-190,20.02.2020-11:27:46,2.00000000e+01,6.42418742e-01,8.90248775e+00,1.88977632e-03,1.15310745e+02,7.99945984e+01,1.86217480e+01,2.26032197e-01,2.72247672e-01
5345803-S04-156I3-A-L-C-190,20.02.2020-11:27:49,7.00000000e+00,6.48113251e-01,8.99604893e+00,1.69148471e-03,1.35526077e+02,8.01786423e+01,1.90279331e+01,1.79112494e-01,2.22123951e-01
5345803-S04-156I3-A-L-C-190,20.02.2020-11:27:51,8.00000000e+00,6.48652971e-01,8.97879505e+00,1.90926855e-03,1.25050797e+02,8.02050629e+01,1.90135174e+01,1.81601450e-01,2.37131208e-01
5345803-S04-156I3-A-L-C-190,20.02.2020-11:27:53,2.00000000e+01,6.42613530e-01,8.90903664e+00,1.83940551e-03,1.23739548e+02,8.01082687e+01,1.86675854e+01,2.66818702e-01,4.51539665e-01
5345803-S04-156I3-A-L-C-190,20.02.2020-11:27:55,9.00000000e+00,6.46053374e-01,8.93578815e+00,1.64463616e-03,1.79737991e+02,8.00218735e+01,1.88035641e+01,1.23707168e-01,1.48264691e-01
5345803-S04-156I3-A-L-C-190,20.02.2020-11:27:57,9.00000000e+00,6.45352542e-01,8.93720913e+00,1.76093343e-03,1.26875374e+02,8.01763153e+01,1.88224106e+01,2.27090627e-01,3.26227367e-01
5345803-S04-156I3-A-L-C-190,20.02.2020-11:27:59,8.00000000e+00,6.47547603e-01,8.97299194e+00,1.84174976e-03,1.51956390e+02,7.99679489e+01,1.89127712e+01,1.72380030e-01,2.08752453e-01
5345803-S04-156I3-A-L-C-190,20.02.2020-11:28:01,9.00000000e+00,6.46141946e-01,8.94741058e+00,1.83794473e-03,1.74581894e+02,7.99483795e+01,1.88133068e+01,1.46973431e-01,1.75464004e-01
5345803-S04-156I3-A-L-C-190,20.02.2020-11:28:03,9.00000000e+00,6.47421300e-01,8.96533012e+00,1.74680352e-03,1.59949249e+02,8.00173492e+01,1.89046059e+01,1.53578043e-01,1.86278164e-01
5345803-S04-156I3-A-L-C-190,20.02.2020-11:28:06,9.00000000e+00,6.45505011e-01,8.94535255e+00,1.83256646e-03,7.27575989e+01,8.00119324e+01,1.88053761e+01,3.27959865e-01,4.38344628e-01
5345803-S04-156I3-A-L-C-190,20.02.2020-11:28:08,9.00000000e+00,6.46789074e-01,8.96817589e+00,1.78370206e-03,9.84450760e+01,8.00400848e+01,1.88975048e+01,2.23327786e-01,2.84347385e-01
5345803-S04-156I3-A-L-C-190,20.02.2020-11:28:10,2.10000000e+01,6.45057499e-01,8.89540386e+00,1.89959991e-03,1.75753525e+02,7.96262131e+01,1.85973186e+01,1.50978610e-01,1.84578463e-01
5345803-S04-156I3-A-L-C-190,20.02.2020-11:28:12,1.90000000e+01,6.44316673e-01,8.93022346e+00,1.87333475e-03,6.20980682e+01,8.02427521e+01,1.87930679e+01,4.33123648e-01,5.94363749e-01
5345803-S04-156I3-A-L-C-190,20.02.2020-11:28:14,9.00000000e+00,6.45473242e-01,8.92786026e+00,1.71397009e-03,3.24199677e+01,8.01896667e+01,1.88093681e+01,7.18605816e-01,8.90607893e-01
5345803-S04-156I3-A-L-C-190,20.02.2020-11:28:16,7.00000000e+00,6.47034764e-01,9.02119541e+00,1.91566651e-03,2.76191467e+02,8.00613556e+01,1.90215034e+01,8.12268332e-02,9.67624858e-02
5345803-S04-156I3-A-L-C-190,20.02.2020-11:28:18,8.00000000e+00,6.46546841e-01,9.03163433e+00,2.28848844e-03,1.90245773e+02,7.98483582e+01,1.89785290e+01,1.32553279e-01,1.75569028e-01
5345803-S04-156I3-A-L-C-190,20.02.2020-11:28:20,2.00000000e+00,6.34715915e-01,8.85809040e+00,1.98164536e-03,1.83462967e+02,8.02540588e+01,1.83660889e+01,1.97931424e-01,4.40475196e-01
5345803-S04-156I3-A-L-C-190,20.02.2020-11:28:23,9.00000000e+00,6.45245969e-01,8.97064590e+00,1.83082279e-03,7.44804077e+01,8.00259247e+01,1.88542805e+01,2.74907887e-01,3.48471731e-01
5345803-S04-156I3-A-L-C-190,20.02.2020-11:28:25,8.00000000e+00,6.46457076e-01,8.99139214e+00,1.98415224e-03,1.43098587e+02,8.01550369e+01,1.89638977e+01,1.46704644e-01,1.85292244e-01
5345803-S04-156I3-A-L-C-190,20.02.2020-11:28:27,8.00000000e+00,6.46775842e-01,8.95349503e+00,1.74548838e-03,2.66646881e+02,8.04150848e+01,1.89545765e+01,1.23133160e-01,2.23792374e-01
5345803-S04-156I3-A-L-C-190,20.02.2020-11:28:29,8.00000000e+00,6.45114362e-01,9.01055622e+00,1.94592203e-03,2.98663788e+02,8.00905304e+01,1.89495831e+01,1.18820578e-01,1.61923021e-01
5345803-S04-156I3-A-L-C-190,20.02.2020-11:28:31,9.00000000e+00,6.44808769e-01,8.94125271e+00,1.69713073e-03,7.95451431e+01,8.03110886e+01,1.88466873e+01,3.34225327e-01,5.75857341e-01
5345803-S04-156I3-A-L-C-190,20.02.2020-11:28:33,9.00000000e+00,6.45196497e-01,8.96731186e+00,1.72078272e-03,1.94238907e+02,8.01756439e+01,1.88810844e+01,1.81025609e-01,3.13104868e-01
5345803-S04-156I3-A-L-C-190,20.02.2020-11:28:35,9.00000000e+00,6.45492435e-01,8.99267006e+00,2.11514719e-03,1.52014786e+02,7.99271393e+01,1.88844490e+01,2.09576637e-01,3.85464162e-01
5345803-S04-156I3-A-L-C-190,20.02.2020-11:28:38,9.00000000e+00,6.44316673e-01,8.93719292e+00,1.64447608e-03,1.16651413e+02,8.03276215e+01,1.88276272e+01,2.80752063e-01,5.19399107e-01
5345803-S04-156I3-A-L-C-190,20.02.2020-11:28:40,8.00000000e+00,6.46612763e-01,9.00621891e+00,2.05625757e-03,5.23236389e+01,8.00535202e+01,1.89756832e+01,4.06302094e-01,4.65008855e-01
5345803-S04-156I3-A-L-C-190,20.02.2020-11:28:42,2.00000000e+01,6.43148839e-01,8.91435719e+00,2.09626998e-03,3.31073212e+02,7.98447800e+01,1.86328068e+01,6.91436529e-02,8.66965875e-02
5345803-S04-156I3-A-L-C-190,20.02.2020-11:28:44,1.90000000e+01,6.44517601e-01,8.93790245e+00,1.91246439e-03,3.50703186e+02,7.99493408e+01,1.87462959e+01,5.54464608e-02,9.30862948e-02
5345803-S04-156I3-A-L-C-190,20.02.2020-11:28:46,2.00000000e+01,6.42720878e-01,8.93528748e+00,1.75042695e-03,2.04958847e+02,7.99831543e+01,1.86964722e+01,1.26045465e-01,1.74465254e-01
5345803-S04-156I3-A-L-C-190,20.02.2020-11:28:48,2.00000000e+00,6.39471948e-01,8.83424759e+00,1.85133948e-03,1.71722778e+02,7.99004059e+01,1.83725834e+01,1.34996414e-01,3.13508302e-01
5345803-S04-156I3-A-L-C-190,20.02.2020-11:28:50,2.00000000e+01,6.41045928e-01,8.91412735e+00,1.74095109e-03,4.36111847e+02,8.00035400e+01,1.86083279e+01,7.16081560e-02,1.49923384e-01
5345803-S04-156I3-A-L-C-190,20.02.2020-11:28:52,1.90000000e+01,6.43370390e-01,8.93322659e+00,1.68163818e-03,3.56235718e+02,8.00993652e+01,1.87382355e+01,4.93552387e-02,8.78380463e-02
5345803-S04-156I3-A-L-C-190,20.02.2020-11:28:55,1.90000000e+01,6.43136919e-01,8.93288898e+00,1.74647628e-03,4.17755005e+02,8.00444412e+01,1.87178860e+01,4.87054586e-02,9.17350650e-02
5345803-S04-156I3-A-L-C-190,20.02.2020-11:28:57,2.00000000e+01,6.43060267e-01,8.93323517e+00,2.14728317e-03,1.67463501e+02,7.98771210e+01,1.86772537e+01,1.44341111e-01,1.87311694e-01
5345803-S04-156I3-A-L-C-190,20.02.2020-11:28:59,2.00000000e+01,6.42132878e-01,8.89229584e+00,1.71741017e-03,3.48522675e+02,8.01695175e+01,1.86328068e+01,8.22618678e-02,2.11828485e-01
5345803-S04-156I3-A-L-C-190,20.02.2020-11:29:01,2.00000000e+01,6.41642809e-01,8.91689873e+00,1.92587276e-03,2.44900284e+02,8.00422592e+01,1.86404610e+01,1.25900954e-01,2.12078691e-01
5345803-S04-156I3-A-L-C-190,20.02.2020-11:29:03,1.90000000e+01,6.44282043e-01,8.91723919e+00,1.82348373e-03,4.02853302e+02,8.00293961e+01,1.87148418e+01,5.60712367e-02,1.47942916e-01
5345803-S04-156I3-A-L-C-190,20.02.2020-11:29:05,1.90000000e+01,6.42674923e-01,8.92732906e+00,1.92350836e-03,1.69577789e+02,8.02492065e+01,1.87406158e+01,1.47013873e-01,3.53692770e-01
5345803-S04-156I3-A-L-C-190,20.02.2020-11:29:09,1.90000000e+01,6.46949232e-01,8.87191868e+00,1.98730105e-03,4.87105522e+01,8.02486191e+01,1.87480259e+01,4.49505538e-01,7.36199617e-01
5345803-S04-156I3-A-L-C-190,20.02.2020-11:29:11,2.00000000e+01,6.45381272e-01,8.85869217e+00,1.71342632e-03,8.71956787e+01,8.02902145e+01,1.86843853e+01,4.36184168e-01,5.83562791e-01
5345803-S04-156I3-A-L-C-190,20.02.2020-11:29:13,2.00000000e+01,6.44062698e-01,8.83600140e+00,1.71231502e-03,7.37149887e+01,8.03213120e+01,1.86056538e+01,4.73879367e-01,6.09216809e-01
5345803-S04-156I3-A-L-C-190,20.02.2020-11:29:16,1.90000000e+01,6.46744072e-01,8.88446236e+00,2.05310923e-03,7.13358688e+01,8.02905121e+01,1.87783756e+01,4.64769870e-01,6.21197462e-01
5345803-S04-156I3-A-L-C-190,20.02.2020-11:29:18,2.00000000e+01,6.46067500e-01,8.88384247e+00,2.30546691e-03,6.74732590e+01,7.99363632e+01,1.86746864e+01,4.65242624e-01,6.48504436e-01
5345803-S04-156I3-A-L-C-190,20.02.2020-11:29:20,3.00000000e+00,6.36752725e-01,8.73759651e+00,1.98245794e-03,5.17017670e+01,8.01687241e+01,1.81550732e+01,7.85838842e-01,2.23255634e+00
5345803-S04-156I3-A-L-C-190,20.02.2020-11:29:22,1.00000000e+00,6.42949045e-01,8.82004547e+00,2.08239234e-03,6.74132233e+01,8.00128708e+01,1.84687481e+01,4.50377136e-01,7.55478442e-01
5345803-S04-156I3-A-L-C-190,20.02.2020-11:29:24,2.00000000e+01,6.44124329e-01,8.85504246e+00,1.96316862e-03,5.39317398e+01,8.01710205e+01,1.86126404e+01,6.53483152e-01,1.04805613e+00
5345803-S04-156I3-A-L-C-190,20.02.2020-11:29:26,2.10000000e+01,6.43798649e-01,8.83447838e+00,1.92299183e-03,7.36807861e+01,8.00942612e+01,1.85422573e+01,4.86500710e-01,8.81875634e-01
5345803-S04-156I3-A-L-C-190,20.02.2020-11:29:28,1.00000000e+00,6.42788112e-01,8.80945301e+00,1.94857537e-03,5.42274704e+01,7.99920425e+01,1.84371510e+01,6.97339535e-01,1.14362121e+00
5345803-S04-156I3-A-L-C-190,20.02.2020-11:29:31,2.00000000e+01,6.44479990e-01,8.85499096e+00,1.97355472e-03,5.12374725e+01,8.03222351e+01,1.86579342e+01,5.87404788e-01,7.69029558e-01
5345803-S04-156I3-A-L-C-190,20.02.2020-11:29:33,1.90000000e+01,6.44318938e-01,8.87584686e+00,1.79531076e-03,7.03059235e+01,8.03492050e+01,1.87034817e+01,4.29210901e-01,5.27594447e-01
5345803-S04-156I3-A-L-C-190,20.02.2020-11:29:35,1.00000000e+00,6.41368210e-01,8.84020138e+00,1.93964166e-03,6.19628677e+01,8.01133423e+01,1.84886246e+01,4.05291915e-01,9.25394356e-01
5345803-S04-156I3-A-L-C-190,20.02.2020-11:29:37,2.10000000e+01,6.43176675e-01,8.84938526e+00,2.02160166e-03,8.93138733e+01,8.02232590e+01,1.85854836e+01,4.40695912e-01,8.30693543e-01
5345803-S04-156I3-A-L-C-190,20.02.2020-11:29:39,2.00000000e+01,6.42527759e-01,8.85473728e+00,1.94540748e-03,9.57386551e+01,8.04127808e+01,1.86218510e+01,4.20359999e-01,6.27016008e-01
5345803-S04-156I3-A-L-C-190,20.02.2020-11:29:41,1.90000000e+01,6.43331826e-01,8.94363308e+00,1.82588806e-03,1.49290100e+02,8.00073166e+01,1.87373810e+01,1.75311580e-01,2.09553853e-01
5345803-S04-156I3-A-L-C-190,20.02.2020-11:29:43,2.10000000e+01,6.41997576e-01,8.84565353e+00,1.61208771e-03,1.07906914e+02,8.03581619e+01,1.85747738e+01,2.59437859e-01,6.62238777e-01
5345803-S04-156I3-A-L-C-190,20.02.2020-11:29:46,2.10000000e+01,6.41957283e-01,8.84053135e+00,1.68181933e-03,2.11811493e+02,8.03261108e+01,1.85554466e+01,2.41967440e-01,7.38892436e-01
5345803-S04-156I3-A-L-C-190,20.02.2020-11:29:48,2.10000000e+01,6.42143130e-01,8.84769344e+00,1.76280597e-03,1.05490112e+02,8.02966003e+01,1.85690327e+01,2.92659849e-01,6.54783130e-01
5345803-S04-156I3-A-L-C-190,20.02.2020-11:29:50,1.90000000e+01,6.44308746e-01,8.95569420e+00,1.71429850e-03,2.14573837e+02,7.99880447e+01,1.87866154e+01,1.27370164e-01,1.47146940e-01
5345803-S04-156I3-A-L-C-190,20.02.2020-11:29:52,1.90000000e+01,6.46211922e-01,8.91165733e+00,2.02603335e-03,1.40421402e+02,8.01600113e+01,1.87897682e+01,2.57494658e-01,9.22237754e-01
5345803-S04-156I3-A-L-C-190,20.02.2020-11:29:54,2.00000000e+01,6.43285751e-01,8.93804932e+00,2.12156656e-03,1.49417282e+02,7.96450729e+01,1.86395645e+01,1.44146726e-01,1.76435739e-01
5345803-S04-156I3-A-L-C-190,20.02.2020-11:29:56,2.00000000e+01,6.43413305e-01,8.93916607e+00,1.87789544e-03,1.48172775e+02,7.98275986e+01,1.86883202e+01,1.65579036e-01,2.03963920e-01
5345803-S04-156I3-A-L-C-190,20.02.2020-11:29:59,1.00000000e+00,6.42698288e-01,8.84134388e+00,1.74278172e-03,1.72772598e+02,7.99405899e+01,1.84894066e+01,2.18798801e-01,6.68022573e-01
5345803-S04-156I3-A-L-C-190,20.02.2020-11:30:01,1.90000000e+01,6.45085216e-01,8.89060593e+00,2.08726106e-03,9.21538239e+01,8.01454239e+01,1.87092915e+01,3.19546938e-01,4.92901862e-01
5345803-S04-156I3-A-L-C-190,20.02.2020-11:30:03,1.90000000e+01,6.45958602e-01,8.89908886e+00,2.02541891e-03,1.02120628e+02,8.00432816e+01,1.87286015e+01,2.70814896e-01,4.38204736e-01
5345803-S04-156I3-A-L-C-190,20.02.2020-11:30:05,3.00000000e+00,6.38083458e-01,8.75478935e+00,1.88236218e-03,1.06349648e+02,7.99534988e+01,1.81798744e+01,3.36537719e-01,7.68266916e-01
5345803-S04-156I3-A-L-C-190,20.02.2020-11:30:07,1.90000000e+01,6.43836558e-01,8.95064831e+00,1.84104790e-03,1.21072289e+02,7.98373718e+01,1.87269287e+01,2.22977862e-01,2.89606184e-01
5345803-S04-156I3-A-L-C-190,20.02.2020-11:30:09,9.00000000e+00,6.45820379e-01,8.93124866e+00,2.07800907e-03,7.22756424e+01,8.01831970e+01,1.88251095e+01,3.65244418e-01,4.47491556e-01
5345803-S04-156I3-A-L-C-190,20.02.2020-11:30:11,9.00000000e+00,6.46151304e-01,8.93055534e+00,1.74662541e-03,6.88022308e+01,8.02765503e+01,1.88552208e+01,2.82177180e-01,3.54599029e-01
5345803-S04-156I3-A-L-C-190,20.02.2020-11:30:13,1.90000000e+01,6.44648969e-01,8.94085312e+00,1.67330098e-03,1.22378624e+02,7.98257751e+01,1.87273197e+01,1.74179822e-01,2.06439316e-01
5345803-S04-156I3-A-L-C-190,20.02.2020-11:30:30,1.90000000e+01,6.45535350e-01,8.89877987e+00,1.93577295e-03,9.88657303e+01,8.02017975e+01,1.87527409e+01,2.84508675e-01,8.07526112e-01
5345803-S04-156I3-A-L-C-190,20.02.2020-11:30:32,1.90000000e+01,6.45316780e-01,8.86957836e+00,1.76714943e-03,8.16457672e+01,8.02757111e+01,1.87020950e+01,2.86701351e-01,9.61564481e-01
5345803-S04-156I3-A-L-C-190,20.02.2020-11:30:34,1.90000000e+01,6.46349669e-01,8.90286827e+00,2.03331769e-03,9.17476196e+01,8.01388550e+01,1.87702827e+01,3.42959106e-01,9.17756498e-01
5345803-S04-156I3-A-L-C-190,20.02.2020-11:30:36,2.00000000e+00,6.35802388e-01,8.79782391e+00,1.49428938e-03,1.23601372e+02,8.06510544e+01,1.83627472e+01,3.24201286e-01,1.18505812e+00
5345803-S04-156I3-A-L-C-190,20.02.2020-11:30:38,2.10000000e+01,6.42033577e-01,8.82935524e+00,1.70543394e-03,1.00068871e+02,8.04059982e+01,1.85526237e+01,3.35713625e-01,7.63346076e-01
5345803-S04-156I3-A-L-C-190,20.02.2020-11:30:40,1.00000000e+00,6.41100764e-01,8.81433678e+00,1.62027753e-03,1.22055618e+02,8.03451843e+01,1.84801712e+01,3.10079843e-01,8.54958177e-01
5345803-S04-156I3-A-L-C-190,20.02.2020-11:30:43,1.00000000e+00,6.40958071e-01,8.80440807e+00,1.80221780e-03,1.92055695e+02,8.03405228e+01,1.84541740e+01,2.57037997e-01,6.42983019e-01
5345803-S04-156I3-A-L-C-190,20.02.2020-11:30:45,1.00000000e+00,6.40440106e-01,8.80186367e+00,1.67539751e-03,1.03749237e+02,8.04190521e+01,1.84519520e+01,3.13769877e-01,8.42495561e-01
5345803-S04-156I3-A-L-C-190,20.02.2020-11:30:47,1.90000000e+01,6.43333256e-01,8.93119526e+00,1.70645234e-03,1.30824921e+02,8.00401077e+01,1.87190323e+01,1.74852386e-01,2.00798973e-01
5345803-S04-156I3-A-L-C-190,20.02.2020-11:30:49,1.90000000e+01,6.43760502e-01,8.93210316e+00,1.76615024e-03,1.30715805e+02,7.99612656e+01,1.87149181e+01,2.06874341e-01,2.39885002e-01
5345803-S04-156I3-A-L-C-190,20.02.2020-11:30:51,2.10000000e+01,6.43027365e-01,8.85192394e+00,1.56544114e-03,8.86887970e+01,8.02087173e+01,1.85831318e+01,2.71984607e-01,4.26887035e-01
5345803-S04-156I3-A-L-C-190,20.02.2020-11:30:53,2.10000000e+01,6.42184436e-01,8.84168625e+00,1.58648868e-03,1.23558014e+02,8.04022903e+01,1.85820446e+01,2.75867224e-01,6.31457210e-01
5345803-S04-156I3-A-L-C-190,20.02.2020-11:30:55,2.10000000e+01,6.41112149e-01,8.82432652e+00,1.70860568e-03,1.23943275e+02,8.03553543e+01,1.85037861e+01,3.24878633e-01,9.10014629e-01
5345803-S04-156I3-A-L-C-190,20.02.2020-11:30:58,2.00000000e+01,6.43307984e-01,8.93632412e+00,1.92489778e-03,6.76903076e+01,7.98054199e+01,1.86741333e+01,9.55619395e-01,1.23563492e+00
5345803-S04-156I3-A-L-C-190,20.02.2020-11:31:00,9.00000000e+00,6.45404220e-01,8.94848824e+00,1.67550996e-03,9.89552994e+01,8.00932083e+01,1.88281364e+01,2.62282550e-01,4.00917351e-01
5345803-S04-156I3-A-L-C-190,20.02.2020-11:31:02,1.90000000e+01,6.43342793e-01,8.92731285e+00,1.89323945e-03,1.53759369e+02,8.01945496e+01,1.87472782e+01,2.01272175e-01,3.25757653e-01
5345803-S04-156I3-A-L-C-190,20.02.2020-11:31:04,1.90000000e+01,6.45923853e-01,8.91467953e+00,2.25663767e-03,1.10067680e+02,8.00257034e+01,1.87562809e+01,3.47781658e-01,8.61289084e-01
5345803-S04-156I3-A-L-C-190,20.02.2020-11:31:06,2.00000000e+01,6.41148925e-01,8.91011143e+00,1.84043800e-03,2.00241455e+02,8.01742249e+01,1.86426220e+01,1.76360145e-01,4.27984983e-01
5345803-S04-156I3-A-L-C-190,20.02.2020-11:31:08,1.90000000e+01,6.45033598e-01,8.88540745e+00,1.58724701e-03,5.98632355e+01,8.03013306e+01,1.87332287e+01,3.10537636e-01,3.74045461e-01
5345803-S04-156I3-A-L-C-190,20.02.2020-11:31:10,2.00000000e+01,6.40476942e-01,8.90466595e+00,1.88782718e-03,1.18483948e+02,8.02094421e+01,1.86198769e+01,2.56978720e-01,5.00196517e-01
5345803-S04-156I3-A-L-C-190,20.02.2020-11:31:13,9.00000000e+00,6.46659076e-01,8.93245316e+00,1.97202736e-03,4.92338295e+01,8.02568054e+01,1.88694038e+01,5.60129762e-01,6.85995102e-01
5345803-S04-156I3-A-L-C-190,20.02.2020-11:31:15,1.90000000e+01,6.44230366e-01,8.94618034e+00,1.55250146e-03,1.57192932e+02,8.00448380e+01,1.87776985e+01,1.44586101e-01,1.65743992e-01
5345803-S04-156I3-A-L-C-190,20.02.2020-11:31:17,1.90000000e+01,6.44149542e-01,8.96601963e+00,1.92387181e-03,1.41143204e+02,7.99709167e+01,1.87996025e+01,1.53930098e-01,1.75108761e-01
5345803-S04-156I3-A-L-C-190,20.02.2020-11:31:19,1.30000000e+01,6.32945180e-01,8.61107922e+00,1.16342655e-03,1.68029526e+02,8.07667389e+01,1.79178715e+01,1.11764252e-01,3.11292768e-01
5345803-S04-156I3-A-L-C-190,20.02.2020-11:31:21,2.10000000e+01,6.41049802e-01,8.82398891e+00,1.63381663e-03,2.44313385e+02,8.03712387e+01,1.85049362e+01,2.31811866e-01,8.22530031e-01
5345803-S04-156I3-A-L-C-190,20.02.2020-11:31:23,1.90000000e+01,6.43887043e-01,8.94494343e+00,1.69412035e-03,1.96579147e+02,8.01151962e+01,1.87815895e+01,1.18275136e-01,1.33236885e-01
5345803-S04-156I3-A-L-C-190,20.02.2020-11:31:25,1.90000000e+01,6.43635988e-01,8.95958424e+00,1.78363652e-03,2.00525955e+02,8.00600357e+01,1.87920494e+01,1.37642115e-01,1.57436132e-01
5345803-S04-156I3-A-L-C-190,20.02.2020-11:31:27,1.90000000e+01,6.43663883e-01,8.95419884e+00,1.70627341e-03,2.47138367e+02,8.01266403e+01,1.87971916e+01,1.34446338e-01,1.54712245e-01
5345803-S04-156I3-A-L-C-190,20.02.2020-11:31:30,2.10000000e+01,6.42169893e-01,8.84403038e+00,1.67581963e-03,1.11982300e+02,8.02278671e+01,1.85462284e+01,2.78457075e-01,5.98063707e-01
5345803-S04-156I3-A-L-C-190,20.02.2020-11:31:33,1.90000000e+01,6.44963741e-01,8.88375473e+00,1.80899631e-03,1.98540146e+02,8.04565659e+01,1.87639198e+01,1.46757901e-01,2.58814812e-01
5345803-S04-156I3-A-L-C-190,20.02.2020-11:31:35,1.00000000e+00,6.40421212e-01,8.80195141e+00,1.71579386e-03,1.25946579e+02,8.03809662e+01,1.84428539e+01,3.48896056e-01,9.05876279e-01
5345803-S04-156I3-A-L-C-190,20.02.2020-11:31:37,1.90000000e+01,6.44288957e-01,8.91948891e+00,1.92071591e-03,1.23446915e+02,8.00113831e+01,1.87155514e+01,2.27357388e-01,3.66668522e-01
5345803-S04-156I3-A-L-C-190,20.02.2020-11:31:39,2.10000000e+01,6.43565536e-01,8.85417461e+00,1.67707831e-03,1.32902405e+02,8.00671692e+01,1.85705853e+01,1.83447048e-01,4.46688145e-01
5345803-S04-156I3-A-L-C-190,20.02.2020-11:31:41,1.90000000e+01,6.45486951e-01,8.89231873e+00,1.75116293e-03,1.18874458e+02,8.01986618e+01,1.87369862e+01,2.30806738e-01,3.71022075e-01
5345803-S04-156I3-A-L-C-190,20.02.2020-11:31:43,2.00000000e+01,6.43622518e-01,8.89285564e+00,1.53162866e-03,1.49245956e+02,8.02491150e+01,1.86957531e+01,2.41277426e-01,4.75401014e-01
5345803-S04-156I3-A-L-C-190,20.02.2020-11:31:45,2.00000000e+00,6.37924016e-01,8.75944424e+00,1.56746234e-03,9.59936981e+01,8.00311279e+01,1.82026520e+01,3.72885227e-01,9.99286234e-01
5345803-S04-156I3-A-L-C-190,20.02.2020-11:31:48,8.00000000e+00,6.48060679e-01,8.94067383e+00,1.68370828e-03,1.27181259e+02,8.05870743e+01,1.90055981e+01,2.22569078e-01,2.83694863e-01
5345803-S04-156I3-A-L-C-190,20.02.2020-11:31:50,9.00000000e+00,6.46639585e-01,8.94229984e+00,1.79239223e-03,1.32555130e+02,8.03109741e+01,1.89023838e+01,2.03833506e-01,3.27794790e-01
5345803-S04-156I3-A-L-C-190,20.02.2020-11:31:52,1.90000000e+01,6.43459737e-01,8.94166088e+00,1.85379770e-03,1.70373306e+02,7.99827499e+01,1.87312202e+01,1.51873738e-01,2.22540259e-01
5345803-S04-156I3-A-L-C-190,20.02.2020-11:31:54,2.10000000e+01,6.43451571e-01,8.84143257e+00,1.74133654e-03,1.12091919e+02,7.99714279e+01,1.85184040e+01,2.48432159e-01,5.23600876e-01
5345803-S04-156I3-A-L-C-190,20.02.2020-11:31:56,1.40000000e+01,6.36261582e-01,8.78111553e+00,1.83928688e-03,1.68442459e+01,8.00065689e+01,1.81945457e+01,1.00952864e+00,1.84310460e+00
5345803-S04-156I3-A-L-C-190,20.02.2020-11:31:58,9.00000000e+00,6.45143628e-01,8.92115116e+00,1.91476056e-03,1.33696579e+02,8.03909683e+01,1.88327961e+01,2.07633272e-01,3.46846193e-01
5345803-S04-156I3-A-L-C-190,20.02.2020-11:32:00,9.00000000e+00,6.49608910e-01,8.89023876e+00,1.77310279e-03,1.33330688e+02,8.03629913e+01,1.88908577e+01,3.08252096e-01,4.70181197e-01
5345803-S04-156I3-A-L-C-190,20.02.2020-11:32:02,9.00000000e+00,6.46172881e-01,8.91083622e+00,1.80701492e-03,2.60205353e+02,8.03163071e+01,1.88235321e+01,1.76234022e-01,4.19511497e-01
5345803-S04-156I3-A-L-C-190,20.02.2020-11:32:05,9.00000000e+00,6.46021485e-01,8.93297005e+00,1.95804285e-03,3.03470032e+02,8.01421738e+01,1.88249645e+01,9.28186923e-02,1.69167057e-01
5345803-S04-156I3-A-L-C-190,20.02.2020-11:32:07,9.00000000e+00,6.45902097e-01,8.90275764e+00,1.60377717e-03,1.74435654e+02,8.04683533e+01,1.88341713e+01,2.08525091e-01,4.57966238e-01
5345803-S04-156I3-A-L-C-190,20.02.2020-11:32:09,2.10000000e+01,6.39363110e-01,8.88585663e+00,1.82804524e-03,1.84836212e+02,8.01985779e+01,1.85457211e+01,2.04054922e-01,4.09582555e-01
5345803-S04-156I3-A-L-C-190,20.02.2020-11:32:11,9.00000000e+00,6.46211088e-01,8.91578674e+00,1.67764176e-03,2.37619476e+02,8.03590622e+01,1.88451290e+01,1.62282497e-01,3.83092523e-01
5345803-S04-156I3-A-L-C-190,20.02.2020-11:32:13,9.00000000e+00,6.46033704e-01,8.94051838e+00,1.74337986e-03,2.40181488e+02,8.02852173e+01,1.88748550e+01,1.33168891e-01,2.09364429e-01
5345803-S04-156I3-A-L-C-190,20.02.2020-11:32:15,2.10000000e+01,6.40469670e-01,8.88065243e+00,1.81622396e-03,1.86459976e+02,8.00348892e+01,1.85290451e+01,1.63378373e-01,3.47362936e-01
5345803-S04-156I3-A-L-C-190,20.02.2020-11:32:17,1.90000000e+01,6.43796265e-01,8.95882893e+00,1.97456102e-03,3.33008179e+02,7.99247131e+01,1.87633762e+01,8.64883661e-02,1.07256517e-01
5345803-S04-156I3-A-L-C-190,20.02.2020-11:32:19,8.00000000e+00,6.48407876e-01,8.92826843e+00,1.91622681e-03,3.56383942e+02,8.02746048e+01,1.89157658e+01,9.96650308e-02,1.61351189e-01
5345803-S04-156I3-A-L-C-190,20.02.2020-11:32:22,9.00000000e+00,6.45306051e-01,8.93627167e+00,1.82198838e-03,1.69125397e+02,8.01771088e+01,1.88192673e+01,1.82794914e-01,2.56393343e-01
5345803-S04-156I3-A-L-C-190,20.02.2020-11:32:24,9.00000000e+00,6.45619631e-01,8.95654202e+00,1.84777123e-03,2.38515137e+02,8.03013306e+01,1.89003582e+01,1.28367603e-01,1.67944998e-01
5345803-S04-156I3-A-L-C-190,20.02.2020-11:32:26,9.00000000e+00,6.45777643e-01,8.94139099e+00,1.68531726e-03,3.72723419e+02,8.02861252e+01,1.88694305e+01,1.04332291e-01,1.43267736e-01
5345803-S04-156I3-A-L-C-190,20.02.2020-11:32:28,1.90000000e+01,6.45006716e-01,8.92047977e+00,1.97811681e-03,1.80608932e+02,8.02637482e+01,1.87975864e+01,2.12603271e-01,2.99543947e-01
5345803-S04-156I3-A-L-C-190,20.02.2020-11:32:30,2.00000000e+00,6.38071418e-01,8.80498028e+00,1.80093688e-03,1.54038788e+02,8.01935883e+01,1.83386574e+01,2.05949649e-01,4.41240013e-01
5345803-S04-156I3-A-L-C-190,20.02.2020-11:32:32,1.90000000e+01,6.45407140e-01,8.92135429e+00,1.88682682e-03,2.20417252e+02,8.00767517e+01,1.87672749e+01,1.16891094e-01,1.65498614e-01
5345803-S04-156I3-A-L-C-190,20.02.2020-11:32:34,1.90000000e+01,6.45646095e-01,8.91840172e+00,1.94264459e-03,1.20171074e+02,8.00184174e+01,1.87543392e+01,1.66241258e-01,2.19729587e-01
5345803-S04-156I3-A-L-C-190,20.02.2020-11:32:36,2.00000000e+00,6.40949249e-01,8.83119011e+00,1.94562576e-03,1.74729462e+02,7.96150131e+01,1.83428993e+01,1.35764569e-01,1.61311120e-01
5345803-S04-156I3-A-L-C-190,20.02.2020-11:32:39,2.00000000e+00,6.41628504e-01,8.84901619e+00,1.92135968e-03,1.18972107e+02,7.96128998e+01,1.83989182e+01,2.31625497e-01,2.72804558e-01
5345803-S04-156I3-A-L-C-190,20.02.2020-11:32:41,1.90000000e+01,6.46162152e-01,8.93265820e+00,2.09780619e-03,2.30606674e+02,7.99165344e+01,1.87753944e+01,1.62047818e-01,2.09249556e-01
5345803-S04-156I3-A-L-C-190,20.02.2020-11:32:43,9.00000000e+00,6.46433115e-01,8.90381050e+00,1.72256760e-03,1.08629921e+02,8.02804794e+01,1.88078728e+01,3.48041654e-01,5.03779471e-01
5345803-S04-156I3-A-L-C-190,20.02.2020-11:32:45,1.90000000e+01,6.43767953e-01,8.89251614e+00,1.67393533e-03,2.36017883e+02,8.02746735e+01,1.87052193e+01,1.51808172e-01,3.60457689e-01
5345803-S04-156I3-A-L-C-190,20.02.2020-11:32:47,1.00000000e+00,6.42457306e-01,8.82878494e+00,1.85311900e-03,1.04879021e+02,8.00271606e+01,1.84762058e+01,4.21709836e-01,2.03633237e+00
5345803-S04-156I3-A-L-C-190,20.02.2020-11:32:49,1.00000000e+00,6.41140819e-01,8.80904293e+00,1.81147922e-03,3.15510529e+02,8.02427597e+01,1.84466801e+01,2.40523100e-01,2.05244446e+00
5345803-S04-156I3-A-L-C-190,20.02.2020-11:32:51,2.00000000e+01,6.44857347e-01,8.85497379e+00,1.96425384e-03,2.66076721e+02,8.00346527e+01,1.86019802e+01,3.43460470e-01,1.62061656e+00
5345803-S04-156I3-A-L-C-190,20.02.2020-11:32:53,9.00000000e+00,6.47556007e-01,8.96684456e+00,1.96679169e-03,3.43855011e+02,7.99730148e+01,1.89012527e+01,9.79001448e-02,1.27510071e-01
5345803-S04-156I3-A-L-C-190,20.02.2020-11:32:56,1.00000000e+00,6.41124368e-01,8.88197041e+00,1.98898721e-03,1.23622162e+02,7.97826920e+01,1.84922810e+01,3.20308626e-01,8.06106448e-01
5345803-S04-156I3-A-L-C-190,20.02.2020-11:32:58,1.00000000e+00,6.41781747e-01,8.82643700e+00,1.88536418e-03,2.63750641e+02,8.02090454e+01,1.84938068e+01,2.50126362e-01,1.96919537e+00
5345803-S04-156I3-A-L-C-190,20.02.2020-11:33:00,2.00000000e+01,6.45271420e-01,8.87066364e+00,2.05634255e-03,1.64477493e+02,7.99490814e+01,1.86269684e+01,3.70788962e-01,2.14533472e+00
5345803-S04-156I3-A-L-C-190,20.02.2020-11:33:02,1.00000000e+00,6.41651273e-01,8.82009888e+00,1.76667899e-03,1.79879547e+02,8.01314926e+01,1.84589062e+01,2.84360230e-01,1.60385776e+00
5345803-S04-156I3-A-L-C-190,20.02.2020-11:33:04,1.00000000e+00,6.41749203e-01,8.83070946e+00,1.94038707e-03,1.31264465e+02,7.99487076e+01,1.84417706e+01,3.80026937e-01,1.90915120e+00
5345803-S04-156I3-A-L-C-190,20.02.2020-11:33:06,9.00000000e+00,6.46336377e-01,8.91971779e+00,1.97220803e-03,1.87098648e+02,8.01179047e+01,1.88005047e+01,1.10308647e-01,1.44493967e-01
5345803-S04-156I3-A-L-C-190,20.02.2020-11:33:08,1.90000000e+01,6.43703818e-01,8.96942997e+00,1.86291174e-03,1.72051285e+02,7.99482803e+01,1.87884178e+01,1.21471293e-01,1.42232060e-01
5345803-S04-156I3-A-L-C-190,20.02.2020-11:33:10,2.10000000e+01,6.41933322e-01,8.87512779e+00,1.74698571e-03,1.98759216e+02,8.00706177e+01,1.85681190e+01,2.36218929e-01,5.38769603e-01
5345803-S04-156I3-A-L-C-190,20.02.2020-11:33:13,8.00000000e+00,6.48161769e-01,8.94499493e+00,1.68191094e-03,9.12091599e+01,8.04393997e+01,1.89828987e+01,2.66205788e-01,3.32689553e-01
5345803-S04-156I3-A-L-C-190,20.02.2020-11:33:15,7.00000000e+00,6.47706866e-01,8.96082211e+00,1.62048847e-03,1.32328857e+02,8.05682144e+01,1.90335693e+01,1.52295113e-01,2.06762731e-01
5345803-S04-156I3-A-L-C-190,20.02.2020-11:33:17,9.00000000e+00,6.45213604e-01,8.90850830e+00,1.76759064e-03,4.10609650e+02,8.05384293e+01,1.88426437e+01,1.05948366e-01,3.16497505e-01
5345803-S04-156I3-A-L-C-190,20.02.2020-11:33:19,1.90000000e+01,6.43592179e-01,8.90741348e+00,1.74365926e-03,2.17561829e+02,8.03899460e+01,1.87583370e+01,1.13634758e-01,1.70276076e-01
5345803-S04-156I3-A-L-C-190,20.02.2020-11:33:21,1.90000000e+01,6.43267095e-01,8.89323997e+00,1.74393528e-03,1.39442413e+02,8.04205475e+01,1.87261524e+01,1.30396456e-01,1.80907711e-01
5345803-S04-156I3-A-L-C-190,20.02.2020-11:33:23,2.00000000e+01,6.42277539e-01,8.88085651e+00,1.67251169e-03,1.56041443e+02,8.02097626e+01,1.86223736e+01,1.30984753e-01,1.67445824e-01
5345803-S04-156I3-A-L-C-190,20.02.2020-11:33:25,2.00000000e+01,6.41752660e-01,8.87096024e+00,1.74536381e-03,1.82044495e+02,8.02771835e+01,1.86020432e+01,1.53229073e-01,1.95107669e-01
5345803-S04-156I3-A-L-C-190,20.02.2020-11:33:27,1.90000000e+01,6.44402683e-01,8.87647152e+00,1.79085205e-03,1.33557083e+02,8.05468826e+01,1.87532558e+01,2.07253560e-01,4.33866411e-01
5345803-S04-156I3-A-L-C-190,20.02.2020-11:33:30,9.00000000e+00,6.45130157e-01,8.89605522e+00,1.65436522e-03,1.50722214e+02,8.06724014e+01,1.88451691e+01,1.58124343e-01,2.84576565e-01
5345803-S04-156I3-A-L-C-190,20.02.2020-11:33:32,1.90000000e+01,6.43489599e-01,8.90025043e+00,1.66911236e-03,1.30710220e+02,8.03706284e+01,1.87357597e+01,1.29562467e-01,1.84653640e-01
5345803-S04-156I3-A-L-C-190,20.02.2020-11:33:34,2.00000000e+01,6.42106652e-01,8.87529755e+00,1.72047620e-03,1.59007462e+02,8.03850403e+01,1.86464233e+01,1.26903728e-01,1.65347874e-01
5345803-S04-156I3-A-L-C-190,20.02.2020-11:33:36,1.90000000e+01,6.43832684e-01,8.87787914e+00,1.84174604e-03,2.05766037e+02,8.06362839e+01,1.87604370e+01,1.54086694e-01,4.51253116e-01
5345803-S04-156I3-A-L-C-190,20.02.2020-11:33:38,2.00000000e+01,6.42086804e-01,8.87700462e+00,1.82838470e-03,1.42022430e+02,8.02712250e+01,1.86230259e+01,1.62079379e-01,2.01273531e-01
5345803-S04-156I3-A-L-C-190,20.02.2020-11:33:40,1.90000000e+01,6.43518031e-01,8.86987782e+00,1.71957980e-03,1.82746460e+02,8.06952057e+01,1.87480564e+01,1.35944352e-01,4.74497676e-01
5345803-S04-156I3-A-L-C-190,20.02.2020-11:33:43,1.90000000e+01,6.42495453e-01,8.88319778e+00,1.53879623e-03,5.00306702e+02,8.05831680e+01,1.87203484e+01,6.88188821e-02,1.34510592e-01
5345803-S04-156I3-A-L-C-190,20.02.2020-11:33:45,2.00000000e+01,6.42310262e-01,8.87131882e+00,1.73310749e-03,1.15408501e+02,8.03886566e+01,1.86448116e+01,1.61035240e-01,2.05218926e-01
5345803-S04-156I3-A-L-C-190,20.02.2020-11:33:47,2.00000000e+01,6.42356992e-01,8.86732388e+00,1.75934238e-03,1.18092430e+02,8.04165344e+01,1.86442375e+01,1.42980307e-01,2.02433839e-01
5345803-S04-156I3-A-L-C-190,20.02.2020-11:33:49,1.90000000e+01,6.44337296e-01,8.88353634e+00,1.74987491e-03,1.88092194e+02,8.06785812e+01,1.87969589e+01,1.24270104e-01,4.47300106e-01
5345803-S04-156I3-A-L-C-190,20.02.2020-11:33:51,1.90000000e+01,6.44332349e-01,8.90012169e+00,1.74794020e-03,1.15140388e+02,8.05123062e+01,1.87930965e+01,2.28160456e-01,5.55205405e-01
5345803-S04-156I3-A-L-C-190,20.02.2020-11:33:53,2.00000000e+01,6.42913342e-01,8.88257694e+00,1.79976353e-03,1.51356430e+02,8.02878647e+01,1.86625748e+01,1.43927649e-01,1.78680524e-01
5345803-S04-156I3-A-L-C-190,20.02.2020-11:33:55,1.90000000e+01,6.44936681e-01,8.88870239e+00,1.90000329e-03,2.13364655e+02,8.04232025e+01,1.87657967e+01,1.39188871e-01,3.64712358e-01
5345803-S04-156I3-A-L-C-190,20.02.2020-11:33:57,1.00000000e+00,6.38113797e-01,8.84475899e+00,1.76145276e-03,1.33423737e+02,8.02492065e+01,1.84355068e+01,3.22674245e-01,1.34995341e+00
5345803-S04-156I3-A-L-C-190,20.02.2020-11:34:00,8.00000000e+00,6.47325337e-01,8.95971584e+00,1.91324251e-03,1.95293533e+02,8.04504089e+01,1.89922009e+01,1.28005236e-01,1.94501638e-01
5345803-S04-156I3-A-L-C-190,20.02.2020-11:34:05,1.90000000e+01,6.42907083e-01,8.90317154e+00,1.85890857e-03,2.16845901e+02,8.04018860e+01,1.87322254e+01,1.80356562e-01,3.95454794e-01
5345803-S04-156I3-A-L-C-190,20.02.2020-11:34:07,1.90000000e+01,6.43904984e-01,8.95256805e+00,1.76275987e-03,1.21194656e+02,7.99806824e+01,1.87665634e+01,1.92698970e-01,2.23809525e-01
5345803-S04-156I3-A-L-C-190,20.02.2020-11:34:09,2.00000000e+01,6.42237484e-01,8.88135052e+00,1.61200692e-03,2.79322144e+02,8.05301361e+01,1.86966286e+01,1.84047893e-01,6.47789896e-01
5345803-S04-156I3-A-L-C-190,20.02.2020-11:34:11,1.00000000e+00,6.38532400e-01,8.90452766e+00,1.73694012e-03,2.89677673e+02,7.98978882e+01,1.84909554e+01,1.34753153e-01,2.74471283e-01
5345803-S04-156I3-A-L-C-190,20.02.2020-11:34:13,1.00000000e+00,6.41468883e-01,8.82640839e+00,1.76970870e-03,2.00023270e+02,8.02365265e+01,1.84910660e+01,2.76195377e-01,1.95300055e+00
5345803-S04-156I3-A-L-C-190,20.02.2020-11:34:15,2.10000000e+01,6.42505229e-01,8.83836460e+00,2.05273158e-03,1.52061996e+02,8.00506821e+01,1.85030708e+01,3.52606475e-01,1.54755783e+00
5345803-S04-156I3-A-L-C-190,20.02.2020-11:34:18,2.00000000e+01,6.45005703e-01,8.86689758e+00,2.07445258e-03,2.26579529e+02,7.99986649e+01,1.86229362e+01,3.33420664e-01,1.88813651e+00
5345803-S04-156I3-A-L-C-190,20.02.2020-11:34:20,2.00000000e+01,6.41765356e-01,8.94477463e+00,2.04076874e-03,9.97084808e+01,7.97432327e+01,1.86324387e+01,9.96871471e-01,1.36083674e+00
5345803-S04-156I3-A-L-C-190,20.02.2020-11:34:24,2.10000000e+01,6.41256928e-01,8.90143490e+00,1.68228790e-03,8.40441360e+01,7.98073959e+01,1.85423756e+01,4.62749392e-01,1.06927478e+00
5345803-S04-156I3-A-L-C-190,20.02.2020-11:34:26,8.00000000e+00,6.47354841e-01,8.97262859e+00,2.00492213e-03,1.88556915e+02,8.01168671e+01,1.89415817e+01,1.08951524e-01,1.36451736e-01
5345803-S04-156I3-A-L-C-190,20.02.2020-11:34:28,8.00000000e+00,6.47585332e-01,8.97463799e+00,1.83700607e-03,3.06840027e+02,8.01830063e+01,1.89682140e+01,8.00805837e-02,1.00552388e-01
5345803-S04-156I3-A-L-C-190,20.02.2020-11:34:30,2.10000000e+01,6.42242551e-01,8.84545994e+00,1.90110446e-03,1.24923912e+02,8.00518494e+01,1.85106239e+01,4.43474680e-01,2.01987863e+00
5345803-S04-156I3-A-L-C-190,20.02.2020-11:34:32,2.00000000e+00,6.39578164e-01,8.80403042e+00,1.86833099e-03,1.72892975e+02,8.01293488e+01,1.83652573e+01,3.45317096e-01,2.55203557e+00
5345803-S04-156I3-A-L-C-190,20.02.2020-11:34:34,2.10000000e+01,6.41768157e-01,8.85646629e+00,1.52444420e-03,3.57827034e+01,8.00834274e+01,1.85272732e+01,6.36272669e-01,1.01576197e+00
5345803-S04-156I3-A-L-C-190,20.02.2020-11:34:36,1.90000000e+01,6.43021524e-01,8.97814465e+00,1.78758311e-03,1.07693703e+02,7.99976425e+01,1.87983398e+01,1.86847389e-01,2.16293231e-01
5345803-S04-156I3-A-L-C-190,20.02.2020-11:34:38,1.00000000e+00,6.39814615e-01,8.84235382e+00,1.76086382e-03,1.03089020e+02,8.01817322e+01,1.84640789e+01,3.40219200e-01,1.30989838e+00
5345803-S04-156I3-A-L-C-190,20.02.2020-11:34:41,1.90000000e+01,6.44399941e-01,8.87562943e+00,1.57361315e-03,1.76537308e+02,8.05182648e+01,1.87447338e+01,1.63809448e-01,2.84778684e-01
5345803-S04-156I3-A-L-C-190,20.02.2020-11:34:43,2.00000000e+01,6.41974270e-01,8.85989857e+00,1.60982006e-03,6.00538673e+01,8.05718765e+01,1.86534882e+01,3.61092418e-01,7.19355464e-01
5345803-S04-156I3-A-L-C-190,20.02.2020-11:34:45,2.00000000e+01,6.42726243e-01,8.87556839e+00,1.79445476e-03,1.38604294e+02,8.04245453e+01,1.86741581e+01,1.50676668e-01,2.72100627e-01
5345803-S04-156I3-A-L-C-190,20.02.2020-11:34:47,2.00000000e+01,6.43662095e-01,8.86024761e+00,1.78618240e-03,9.44330368e+01,8.03830948e+01,1.86594448e+01,2.19060376e-01,3.30824971e-01
5345803-S04-156I3-A-L-C-190,20.02.2020-11:34:49,2.00000000e+01,6.43044651e-01,8.87625980e+00,1.74238917e-03,1.39610260e+02,8.02773743e+01,1.86506729e+01,2.34545365e-01,1.02339411e+00
5345803-S04-156I3-A-L-C-190,20.02.2020-11:34:51,2.00000000e+01,6.43296123e-01,8.87913609e+00,1.74652238e-03,1.89525345e+02,8.03060913e+01,1.86706905e+01,1.36825487e-01,3.96992415e-01
5345803-S04-156I3-A-L-C-190,20.02.2020-11:34:53,2.00000000e+01,6.42077088e-01,8.86610317e+00,1.81436841e-03,8.17263260e+01,8.04418182e+01,1.86394043e+01,3.15410197e-01,1.09473073e+00
5345803-S04-156I3-A-L-C-190,20.02.2020-11:34:55,1.90000000e+01,6.43832684e-01,8.88211918e+00,1.59113633e-03,2.45004227e+02,8.04283218e+01,1.87209911e+01,1.52992263e-01,3.47798914e-01
5345803-S04-156I3-A-L-C-190,20.02.2020-11:34:57,2.10000000e+01,6.42610967e-01,8.85448647e+00,1.79286976e-03,2.12287598e+02,8.02630081e+01,1.85890465e+01,1.83482334e-01,5.59922814e-01
5345803-S04-156I3-A-L-C-190,20.02.2020-11:35:00,2.00000000e+01,6.42765939e-01,8.88281918e+00,1.85878470e-03,8.39530487e+01,8.03320618e+01,1.86690750e+01,2.75340229e-01,4.72746074e-01
5345803-S04-156I3-A-L-C-190,20.02.2020-11:35:02,2.00000000e+01,6.42695248e-01,8.86259747e+00,1.89250137e-03,2.67404541e+02,8.03064423e+01,1.86185856e+01,1.00989580e-01,4.20716405e-01
5345803-S04-156I3-A-L-C-190,20.02.2020-11:35:04,1.00000000e+00,6.38543010e-01,8.83474159e+00,1.72856322e-03,1.29000732e+02,8.03036194e+01,1.84395084e+01,3.21299225e-01,1.27853835e+00
5345803-S04-156I3-A-L-C-190,20.02.2020-11:35:06,1.00000000e+00,6.39445364e-01,8.84513378e+00,1.60036003e-03,1.64837662e+02,8.02716293e+01,1.84799213e+01,2.88862109e-01,1.04670012e+00
5345803-S04-156I3-A-L-C-190,20.02.2020-11:35:08,1.90000000e+01,6.44200981e-01,8.88864231e+00,1.87243195e-03,1.40225327e+02,8.04528656e+01,1.87511768e+01,1.57217145e-01,4.64148819e-01
5345803-S04-156I3-A-L-C-190,20.02.2020-11:35:10,2.00000000e+01,6.43935740e-01,8.87687206e+00,1.69408263e-03,1.25018089e+02,8.03351898e+01,1.86912594e+01,1.72992438e-01,2.92256713e-01
5345803-S04-156I3-A-L-C-190,20.02.2020-11:35:12,2.00000000e+01,6.43465340e-01,8.87089062e+00,1.88170315e-03,1.00499596e+02,8.03535004e+01,1.86692734e+01,2.04367980e-01,3.15423787e-01
5345803-S04-156I3-A-L-C-190,20.02.2020-11:35:14,2.00000000e+01,6.43980801e-01,8.88775921e+00,1.83081161e-03,1.12154358e+02,8.01889725e+01,1.86814289e+01,1.64685518e-01,2.78914213e-01
5345803-S04-156I3-A-L-C-190,20.02.2020-11:35:16,1.90000000e+01,6.44187391e-01,8.87947750e+00,1.74137088e-03,8.79266510e+01,8.04063950e+01,1.87206287e+01,2.47110665e-01,3.62788290e-01
5345803-S04-156I3-A-L-C-190,20.02.2020-11:35:19,2.00000000e+00,6.38289750e-01,8.81964016e+00,1.94441108e-03,1.13026375e+02,8.00495071e+01,1.83424606e+01,2.92325407e-01,1.14486516e+00
5345803-S04-156I3-A-L-C-190,20.02.2020-11:35:21,2.00000000e+01,6.42755806e-01,8.87995243e+00,1.72437669e-03,1.22404907e+02,8.04197464e+01,1.86831264e+01,1.84039757e-01,4.54822242e-01
5345803-S04-156I3-A-L-C-190,20.02.2020-11:35:23,2.00000000e+01,6.43167138e-01,8.86314678e+00,1.83680630e-03,1.58098312e+02,8.03267746e+01,1.86381283e+01,1.36241302e-01,3.60654563e-01
5345803-S04-156I3-A-L-C-190,20.02.2020-11:35:25,2.00000000e+01,6.43648267e-01,8.88863564e+00,1.89910480e-03,1.34750351e+02,8.02967300e+01,1.86987133e+01,1.52290940e-01,3.71388406e-01
5345803-S04-156I3-A-L-C-190,20.02.2020-11:35:27,2.00000000e+01,6.43196523e-01,8.87677860e+00,1.82899227e-03,2.20834457e+02,8.03393784e+01,1.86705761e+01,1.62372217e-01,5.02580702e-01
5345803-S04-156I3-A-L-C-190,20.02.2020-11:35:29,2.00000000e+01,6.43514693e-01,8.88515186e+00,1.68685534e-03,1.67234070e+02,8.03394699e+01,1.86974545e+01,1.47575170e-01,4.83929098e-01
5345803-S04-156I3-A-L-C-190,20.02.2020-11:35:33,1.90000000e+01,6.43781602e-01,8.88845539e+00,1.81676913e-03,2.38449341e+02,8.02981033e+01,1.87025299e+01,1.19105503e-01,3.06220889e-01
5345803-S04-156I3-A-L-C-190,20.02.2020-11:35:35,1.90000000e+01,6.42829061e-01,8.96781349e+00,1.99623383e-03,1.26407135e+02,7.99053421e+01,1.87494297e+01,1.77155837e-01,2.05604106e-01
5345803-S04-156I3-A-L-C-190,20.02.2020-11:35:38,2.00000000e+01,6.43076479e-01,8.88575077e+00,1.77150720e-03,2.01097443e+02,8.00051498e+01,1.86082230e+01,2.07382575e-01,6.96889877e-01
5345803-S04-156I3-A-L-C-190,20.02.2020-11:35:40,2.00000000e+01,6.44135833e-01,8.86052990e+00,1.83062686e-03,1.87065079e+02,8.01583786e+01,1.86215706e+01,2.26736888e-01,5.92089236e-01
5345803-S04-156I3-A-L-C-190,20.02.2020-11:35:42,9.00000000e+00,6.47813737e-01,8.92266369e+00,1.61594665e-03,1.21645264e+02,8.03255539e+01,1.88985577e+01,2.24032342e-01,3.76929611e-01
5345803-S04-156I3-A-L-C-190,20.02.2020-11:35:44,9.00000000e+00,6.45937145e-01,8.91766644e+00,1.92183407e-03,3.27540314e+02,8.02846909e+01,1.88236732e+01,8.13107193e-02,1.73723459e-01
5345803-S04-156I3-A-L-C-190,20.02.2020-11:35:46,2.00000000e+01,6.43718243e-01,8.87539101e+00,1.68010069e-03,1.76684769e+02,8.00836639e+01,1.86233349e+01,1.11863181e-01,1.66574299e-01
5345803-S04-156I3-A-L-C-190,20.02.2020-11:35:48,9.00000000e+00,6.46449447e-01,8.91161537e+00,1.90001412e-03,2.48158463e+02,8.02595139e+01,1.88199196e+01,1.50976315e-01,2.43629947e-01
5345803-S04-156I3-A-L-C-190,20.02.2020-11:35:50,9.00000000e+00,6.47211075e-01,8.89299679e+00,1.69857487e-03,2.55576523e+02,8.05323410e+01,1.88666420e+01,1.25730529e-01,2.15372354e-01
5345803-S04-156I3-A-L-C-190,20.02.2020-11:35:52,1.90000000e+01,6.45599306e-01,8.85947609e+00,1.70961872e-03,1.67646103e+02,8.04323349e+01,1.87254391e+01,1.49653584e-01,2.18066394e-01
5345803-S04-156I3-A-L-C-190,20.02.2020-11:35:55,1.90000000e+01,6.45447075e-01,8.89640236e+00,1.91742345e-03,1.87365250e+02,8.04135742e+01,1.87946644e+01,1.74287289e-01,4.08685565e-01
5345803-S04-156I3-A-L-C-190,20.02.2020-11:35:57,2.00000000e+01,6.41720176e-01,8.88392544e+00,1.69626437e-03,2.42344315e+02,8.02430649e+01,1.86203709e+01,1.41646296e-01,3.92255157e-01
5345803-S04-156I3-A-L-C-190,20.02.2020-11:35:59,2.10000000e+01,6.41615450e-01,8.85308266e+00,1.65779830e-03,1.02740005e+02,8.00993729e+01,1.85194740e+01,2.35016778e-01,4.22217906e-01
5345803-S04-156I3-A-L-C-190,20.02.2020-11:36:01,1.90000000e+01,6.46037400e-01,8.86605644e+00,1.57973589e-03,1.66789429e+02,8.04652939e+01,1.87597446e+01,1.46442711e-01,4.26779687e-01
5345803-S04-156I3-A-L-C-190,20.02.2020-11:36:05,9.00000000e+00,6.45000875e-01,8.93485928e+00,1.95001380e-03,2.01760071e+02,8.02819138e+01,1.88319778e+01,1.41092286e-01,1.82496861e-01
5345803-S04-156I3-A-L-C-190,20.02.2020-11:36:07,2.00000000e+00,6.39046133e-01,8.79928207e+00,1.90489425e-03,1.59098602e+02,8.03362122e+01,1.83874302e+01,2.20969647e-01,7.82556653e-01
5345803-S04-156I3-A-L-C-190,20.02.2020-11:36:09,1.90000000e+01,6.43576384e-01,8.92115021e+00,2.07686517e-03,1.10888115e+02,8.01740875e+01,1.87363586e+01,2.43625015e-01,3.39491665e-01
5345803-S04-156I3-A-L-C-190,20.02.2020-11:36:12,1.40000000e+01,6.44315004e-01,8.92687798e+00,1.67123450e-03,1.47192192e+01,7.98832397e+01,1.87018127e+01,8.11189830e-01,9.76145983e-01
5345803-S04-156I3-A-L-C-190,20.02.2020-11:36:14,2.10000000e+01,6.41236603e-01,8.87266636e+00,2.04381300e-03,1.36026962e+02,8.00037460e+01,1.85273361e+01,1.90272331e-01,3.74711484e-01
5345803-S04-156I3-A-L-C-190,20.02.2020-11:36:16,9.00000000e+00,6.46983743e-01,8.91094398e+00,1.61343720e-03,1.53422729e+02,8.05175171e+01,1.88945961e+01,1.87953964e-01,2.45399147e-01
5345803-S04-156I3-A-L-C-190,20.02.2020-11:36:18,9.00000000e+00,6.45592749e-01,8.92595768e+00,1.78162404e-03,1.32665161e+02,8.02231445e+01,1.88166943e+01,2.11877167e-01,2.63423175e-01
5345803-S04-156I3-A-L-C-190,20.02.2020-11:36:20,9.00000000e+00,6.44777715e-01,8.93191910e+00,1.81847683e-03,7.13450012e+01,8.03973541e+01,1.88463287e+01,2.64194429e-01,3.25719357e-01
5345803-S04-156I3-A-L-C-190,20.02.2020-11:36:22,9.00000000e+00,6.45517409e-01,8.95328808e+00,1.56531320e-03,2.12848831e+02,8.02725906e+01,1.88837395e+01,1.25837058e-01,1.67521209e-01
5345803-S04-156I3-A-L-C-190,20.02.2020-11:36:24,1.00000000e+00,6.38654888e-01,8.83605862e+00,1.64803467e-03,1.93729675e+02,8.03853378e+01,1.84642582e+01,2.18530223e-01,6.19279683e-01
5345803-S04-156I3-A-L-C-190,20.02.2020-11:36:26,9.00000000e+00,6.44780695e-01,8.94549465e+00,1.73365581e-03,1.80728607e+02,8.02938004e+01,1.88507481e+01,1.67281002e-01,2.83452392e-01
5345803-S04-156I3-A-L-C-190,20.02.2020-11:36:28,9.00000000e+00,6.44752324e-01,8.94177151e+00,1.65129197e-03,1.63086029e+02,8.03230209e+01,1.88489304e+01,1.76718131e-01,2.67542601e-01
5345803-S04-156I3-A-L-C-190,20.02.2020-11:36:30,9.00000000e+00,6.45070732e-01,8.95144463e+00,1.69704971e-03,1.41955505e+02,8.03385925e+01,1.88823013e+01,1.77696094e-01,2.87616313e-01
5345803-S04-156I3-A-L-C-190,20.02.2020-11:36:33,9.00000000e+00,6.44504130e-01,8.95021534e+00,1.85185019e-03,1.05261024e+02,8.02696228e+01,1.88469296e+01,2.77860314e-01,3.94492447e-01
5345803-S04-156I3-A-L-C-190,20.02.2020-11:36:35,9.00000000e+00,6.44637227e-01,8.94484901e+00,1.90310832e-03,9.61946487e+01,8.02201080e+01,1.88278980e+01,2.42210433e-01,3.61834377e-01
5345803-S04-156I3-A-L-C-190,20.02.2020-11:36:37,9.00000000e+00,6.45043969e-01,8.95560551e+00,2.05588876e-03,2.37883087e+02,8.01792145e+01,1.88528175e+01,1.70357287e-01,2.65157074e-01
5345803-S04-156I3-A-L-C-190,20.02.2020-11:36:39,2.40000000e+01,6.45052969e-01,8.95113182e+00,1.67868845e-03,2.53038654e+01,7.99996338e+01,1.88014584e+01,4.20228910e+00,9.26519275e-01
5345803-S04-156I3-A-L-C-190,20.02.2020-11:36:41,9.00000000e+00,6.44693017e-01,8.96764660e+00,1.85083842e-03,1.44566101e+02,8.03398590e+01,1.89056969e+01,2.31639877e-01,3.27546269e-01
5345803-S04-156I3-A-L-C-190,20.02.2020-11:36:44,9.00000000e+00,6.44839227e-01,8.95398521e+00,1.69988314e-03,1.09592529e+02,8.03273621e+01,1.88782425e+01,2.28600577e-01,3.43963474e-01
5345803-S04-156I3-A-L-C-190,20.02.2020-11:36:46,9.00000000e+00,6.45307243e-01,8.93962002e+00,1.52171019e-03,1.16526512e+02,8.02742767e+01,1.88491688e+01,2.22392201e-01,3.14547092e-01
5345803-S04-156I3-A-L-C-190,20.02.2020-11:36:48,9.00000000e+00,6.45429015e-01,8.96465778e+00,1.54286134e-03,1.86560196e+02,8.02924576e+01,1.89098091e+01,1.60111725e-01,2.48493120e-01
5345803-S04-156I3-A-L-C-190,20.02.2020-11:36:50,9.00000000e+00,6.46257222e-01,8.96509838e+00,2.00442364e-03,1.43875305e+02,8.00826263e+01,1.88855228e+01,1.98484465e-01,2.46040419e-01
5345803-S04-156I3-A-L-C-190,20.02.2020-11:36:52,1.90000000e+01,6.42499387e-01,8.95821571e+00,1.66755833e-03,1.17021584e+02,8.00113068e+01,1.87445831e+01,2.16234162e-01,2.51429200e-01
5345803-S04-156I3-A-L-C-190,20.02.2020-11:36:54,9.00000000e+00,6.45822763e-01,8.93938541e+00,1.81980082e-03,2.40234650e+02,8.02069931e+01,1.88479195e+01,1.35159090e-01,1.76562160e-01
5345803-S04-156I3-A-L-C-190,20.02.2020-11:36:56,1.90000000e+01,6.44694924e-01,8.91948891e+00,1.81298284e-03,2.40279587e+02,8.00597916e+01,1.87386742e+01,1.39702111e-01,2.25397408e-01
5345803-S04-156I3-A-L-C-190,20.02.2020-11:36:58,1.00000000e+00,6.39583409e-01,8.87340641e+00,1.73390016e-03,7.54801712e+01,8.00334320e+01,1.84879684e+01,3.01883489e-01,5.24501860e-01
5345803-S04-156I3-A-L-C-190,20.02.2020-11:37:01,1.00000000e+00,6.39012456e-01,8.85725594e+00,1.93663232e-03,1.00344437e+02,7.99588623e+01,1.84206657e+01,2.17246294e-01,4.05036569e-01
5345803-S04-156I3-A-L-C-190,20.02.2020-11:37:03,1.00000000e+00,6.40904963e-01,8.85783768e+00,2.19515827e-03,1.11550743e+02,7.99854965e+01,1.84825878e+01,2.77296454e-01,5.29251575e-01
5345803-S04-156I3-A-L-C-190,20.02.2020-11:37:05,2.10000000e+01,6.40628219e-01,8.84838772e+00,1.76366302e-03,9.39444427e+01,8.01830826e+01,1.85004864e+01,2.39268437e-01,4.88659859e-01
5345803-S04-156I3-A-L-C-190,20.02.2020-11:37:07,1.90000000e+01,6.45070195e-01,8.87787819e+00,1.64695247e-03,1.21979065e+02,8.04285278e+01,1.87480659e+01,1.48971945e-01,2.10792974e-01
5345803-S04-156I3-A-L-C-190,20.02.2020-11:37:09,9.00000000e+00,6.45714819e-01,8.89674187e+00,1.92838290e-03,9.75000839e+01,8.04157791e+01,1.88036957e+01,2.10790381e-01,2.71661669e-01
5345803-S04-156I3-A-L-C-190,20.02.2020-11:37:11,1.90000000e+01,6.45110905e-01,8.86875057e+00,1.79914385e-03,1.40911606e+02,8.04928436e+01,1.87449512e+01,1.59010753e-01,2.13345587e-01
5345803-S04-156I3-A-L-C-190,20.02.2020-11:37:13,9.00000000e+00,6.47004902e-01,8.89990711e+00,1.53780694e-03,1.33575516e+02,8.04864349e+01,1.88645267e+01,1.95489988e-01,2.48520643e-01
5345803-S04-156I3-A-L-C-190,20.02.2020-11:37:15,1.00000000e+00,6.39687598e-01,8.82485008e+00,1.59780518e-03,1.18965645e+02,8.04128876e+01,1.84769859e+01,3.01427096e-01,7.75790274e-01
5345803-S04-156I3-A-L-C-190,20.02.2020-11:37:18,2.10000000e+01,6.40227139e-01,8.83594990e+00,1.55553152e-03,1.12415184e+02,8.03530045e+01,1.85020409e+01,2.59832889e-01,7.73711741e-01
5345803-S04-156I3-A-L-C-190,20.02.2020-11:37:20,1.90000000e+01,6.44018531e-01,8.92488575e+00,2.14583566e-03,1.16333313e+02,7.99510498e+01,1.87049007e+01,2.50716776e-01,3.55513692e-01
5345803-S04-156I3-A-L-C-190,20.02.2020-11:37:24,1.90000000e+01,6.47389054e-01,8.89384937e+00,2.19066045e-03,1.36210129e+02,8.01795654e+01,1.87909622e+01,1.60149172e-01,2.59957731e-01
5345803-S04-156I3-A-L-C-190,20.02.2020-11:37:26,2.10000000e+01,6.43556893e-01,8.83869457e+00,2.02692114e-03,1.16719559e+02,8.01010056e+01,1.85457001e+01,4.29718137e-01,1.64705312e+00
5345803-S04-156I3-A-L-C-190,20.02.2020-11:37:28,2.00000000e+01,6.43922985e-01,8.90862083e+00,2.03937129e-03,7.97583618e+01,8.00252228e+01,1.86853619e+01,2.74017513e-01,4.27356064e-01
5345803-S04-156I3-A-L-C-190,20.02.2020-11:37:31,2.00000000e+00,6.40503883e-01,8.80107307e+00,1.77753624e-03,2.73767792e+02,7.97220612e+01,1.82922077e+01,1.46615148e-01,3.72775465e-01
5345803-S04-156I3-A-L-C-190,20.02.2020-11:37:33,9.00000000e+00,6.46342337e-01,8.92158794e+00,1.89627963e-03,2.40368317e+02,8.02250366e+01,1.88297634e+01,8.62865672e-02,1.46123052e-01
5345803-S04-156I3-A-L-C-190,20.02.2020-11:37:35,9.00000000e+00,6.46959662e-01,8.90019608e+00,1.92143035e-03,1.74380035e+02,8.02210922e+01,1.88016319e+01,2.26030618e-01,7.36647725e-01
5345803-S04-156I3-A-L-C-190,20.02.2020-11:37:37,9.00000000e+00,6.45556033e-01,8.99040318e+00,1.98876997e-03,1.20656303e+02,7.97420807e+01,1.88378277e+01,1.49013579e-01,1.78571314e-01
5345803-S04-156I3-A-L-C-190,20.02.2020-11:37:39,9.00000000e+00,6.47385538e-01,8.89592838e+00,1.93443592e-03,1.24387405e+02,8.02039413e+01,1.88009644e+01,2.95492232e-01,9.19446945e-01
5345803-S04-156I3-A-L-C-190,20.02.2020-11:37:41,2.00000000e+01,6.41829789e-01,8.97241879e+00,1.84271403e-03,1.24109489e+02,7.95146484e+01,1.86383190e+01,1.82971448e-01,2.46528938e-01
5345803-S04-156I3-A-L-C-190,20.02.2020-11:37:43,2.00000000e+01,6.41733050e-01,8.98268509e+00,1.80676859e-03,1.85878174e+02,7.95095215e+01,1.86556301e+01,1.31933838e-01,1.84543774e-01
5345803-S04-156I3-A-L-C-190,20.02.2020-11:37:45,1.00000000e+00,6.42576396e-01,8.83928394e+00,1.57924695e-03,2.13824234e+02,7.97252655e+01,1.84318123e+01,1.60792291e-01,3.96948546e-01
5345803-S04-156I3-A-L-C-190,20.02.2020-11:37:47,2.00000000e+01,6.44195020e-01,8.90242195e+00,1.99314393e-03,1.87698135e+02,7.99856873e+01,1.86710167e+01,1.72385663e-01,2.38556564e-01
5345803-S04-156I3-A-L-C-190,20.02.2020-11:37:50,2.10000000e+01,6.44558668e-01,8.89138794e+00,2.44981097e-03,1.52368042e+02,7.97180939e+01,1.85959816e+01,1.99372679e-01,2.83373743e-01
5345803-S04-156I3-A-L-C-190,20.02.2020-11:37:52,2.00000000e+01,6.44396842e-01,8.89220428e+00,1.95847382e-03,1.98513550e+02,8.00244675e+01,1.86644764e+01,1.82684913e-01,2.62871742e-01
5345803-S04-156I3-A-L-C-190,20.02.2020-11:37:54,2.40000000e+01,6.44183695e-01,8.89780331e+00,2.00255495e-03,1.37083855e+01,7.94404602e+01,1.85338001e+01,2.02421427e+00,2.38626933e+00
5345803-S04-156I3-A-L-C-190,20.02.2020-11:37:56,2.00000000e+00,6.40557766e-01,8.80478001e+00,1.64510251e-03,1.60301926e+02,7.97717438e+01,1.83128548e+01,2.21793011e-01,5.06969869e-01
5345803-S04-156I3-A-L-C-190,20.02.2020-11:37:58,2.00000000e+01,6.44156516e-01,8.88469601e+00,2.10583885e-03,1.73883408e+02,7.99834824e+01,1.86322155e+01,1.62938535e-01,5.29773176e-01
5345803-S04-156I3-A-L-C-190,20.02.2020-11:38:00,2.10000000e+01,6.44100606e-01,8.87628555e+00,2.03687930e-03,1.19138092e+02,7.97924728e+01,1.85685120e+01,3.43278408e-01,7.28013694e-01
5345803-S04-156I3-A-L-C-190,20.02.2020-11:38:02,2.00000000e+01,6.43244445e-01,8.92124939e+00,1.89230475e-03,1.53919449e+02,7.99726639e+01,1.86798553e+01,2.50434071e-01,4.78309065e-01
5345803-S04-156I3-A-L-C-190,20.02.2020-11:38:04,8.00000000e+00,6.46504045e-01,8.96898556e+00,1.87201786e-03,2.17831192e+02,8.01465530e+01,1.89160137e+01,1.45670429e-01,2.33055219e-01
5345803-S04-156I3-A-L-C-190,20.02.2020-11:38:07,9.00000000e+00,6.46014690e-01,8.95959473e+00,1.91673334e-03,3.28255707e+02,8.00673370e+01,1.88632412e+01,1.00819871e-01,1.70788273e-01
5345803-S04-156I3-A-L-C-190,20.02.2020-11:38:09,1.90000000e+01,6.45617187e-01,8.90825462e+00,2.06885859e-03,1.97341202e+02,8.00555344e+01,1.87408466e+01,1.43962905e-01,1.86149389e-01
5345803-S04-156I3-A-L-C-190,20.02.2020-11:38:11,8.00000000e+00,6.47853553e-01,8.95064163e+00,2.00329628e-03,1.11555489e+02,8.04492416e+01,1.89881725e+01,2.04539582e-01,3.00575137e-01
5345803-S04-156I3-A-L-C-190,20.02.2020-11:38:13,2.10000000e+01,6.41021073e-01,8.85111141e+00,1.93458807e-03,7.20421906e+01,8.03297882e+01,1.85514107e+01,3.82836610e-01,8.32376480e-01
5345803-S04-156I3-A-L-C-190,20.02.2020-11:38:15,9.00000000e+00,6.45174325e-01,8.93666935e+00,1.76320388e-03,1.84801102e+02,8.01690063e+01,1.88143616e+01,1.72348112e-01,2.78429210e-01
5345803-S04-156I3-A-L-C-190,20.02.2020-11:38:17,2.10000000e+01,6.41721129e-01,8.85522556e+00,1.83245912e-03,1.12611763e+02,8.02022171e+01,1.85507965e+01,3.64646405e-01,7.60870934e-01
5345803-S04-156I3-A-L-C-190,20.02.2020-11:38:19,7.00000000e+00,6.48357987e-01,8.98075199e+00,1.88998505e-03,2.40138580e+02,8.05602722e+01,1.90932007e+01,9.63674039e-02,1.41102970e-01
5345803-S04-156I3-A-L-C-190,20.02.2020-11:38:22,8.00000000e+00,6.45822406e-01,8.96982002e+00,1.83620048e-03,2.65695068e+02,8.02917862e+01,1.89320736e+01,1.14975162e-01,1.37339741e-01
5345803-S04-156I3-A-L-C-190,20.02.2020-11:38:24,9.00000000e+00,6.44382000e-01,8.99790192e+00,1.88702217e-03,3.01451599e+02,7.99646759e+01,1.88717880e+01,7.93782771e-02,9.54670161e-02
5345803-S04-156I3-A-L-C-190,20.02.2020-11:38:26,9.00000000e+00,6.44269288e-01,9.00014210e+00,2.11523008e-03,1.76474365e+02,7.98634796e+01,1.88493004e+01,1.04875788e-01,1.27190188e-01
5345803-S04-156I3-A-L-C-190,20.02.2020-11:38:28,8.00000000e+00,6.44908547e-01,9.00784779e+00,1.52274920e-03,2.43066208e+02,7.99912186e+01,1.89143600e+01,8.34467262e-02,9.74447578e-02
5345803-S04-156I3-A-L-C-190,20.02.2020-11:38:30,1.90000000e+01,6.42446458e-01,8.92117214e+00,2.09271256e-03,1.91279037e+02,8.02964554e+01,1.87320557e+01,1.51303604e-01,3.69547993e-01
5345803-S04-156I3-A-L-C-190,20.02.2020-11:38:32,1.90000000e+01,6.43904805e-01,8.92133522e+00,1.51847512e-03,1.72792618e+02,8.02057419e+01,1.87537098e+01,1.88185900e-01,4.23769414e-01
5345803-S04-156I3-A-L-C-190,20.02.2020-11:38:34,7.00000000e+00,6.48851693e-01,8.97514153e+00,1.55675481e-03,1.34435425e+02,8.04712524e+01,1.90747013e+01,1.82773501e-01,2.34035119e-01
5345803-S04-156I3-A-L-C-190,20.02.2020-11:38:36,9.00000000e+00,6.46552265e-01,8.93805313e+00,2.12029763e-03,1.38710434e+02,8.02011566e+01,1.88650265e+01,1.75718933e-01,3.16992164e-01
5345803-S04-156I3-A-L-C-190,20.02.2020-11:38:39,9.00000000e+00,6.44971669e-01,8.92948341e+00,1.86159520e-03,2.79564972e+02,8.04973145e+01,1.88702888e+01,1.36700124e-01,3.99754018e-01
5345803-S04-156I3-A-L-C-190,20.02.2020-11:38:41,1.00000000e+00,6.40325785e-01,8.83578491e+00,1.61221845e-03,3.16580444e+02,8.01936188e+01,1.84678421e+01,2.15988144e-01,1.09645391e+00
5345803-S04-156I3-A-L-C-190,20.02.2020-11:38:43,1.90000000e+01,6.44108176e-01,8.90153599e+00,1.80724624e-03,1.28136398e+02,8.03825912e+01,1.87592716e+01,2.05445275e-01,2.68322110e-01
5345803-S04-156I3-A-L-C-190,20.02.2020-11:38:45,2.00000000e+01,6.43557429e-01,8.94678307e+00,2.10963143e-03,2.07917786e+02,7.97789154e+01,1.86970253e+01,1.25960514e-01,1.59108207e-01
5345803-S04-156I3-A-L-C-190,20.02.2020-11:38:47,2.00000000e+01,6.43434644e-01,8.88626099e+00,1.79053098e-03,1.82090622e+02,8.02197952e+01,1.86696110e+01,1.27184138e-01,1.82580099e-01
5345803-S04-156I3-A-L-C-190,20.02.2020-11:38:49,1.90000000e+01,6.44860208e-01,8.92327881e+00,1.74447417e-03,8.52320175e+01,8.01936340e+01,1.87827911e+01,2.87333310e-01,3.71076405e-01
5345803-S04-156I3-A-L-C-190,20.02.2020-11:38:51,1.90000000e+01,6.42272592e-01,8.96678925e+00,1.81552547e-03,1.08579666e+02,8.01484451e+01,1.87880478e+01,1.80677950e-01,2.48240933e-01
5345803-S04-156I3-A-L-C-190,20.02.2020-11:38:53,9.00000000e+00,6.43419147e-01,8.97276211e+00,1.80392107e-03,9.70402222e+01,8.00411758e+01,1.88089161e+01,2.56388932e-01,3.36367071e-01
5345803-S04-156I3-A-L-C-190,20.02.2020-11:38:55,9.00000000e+00,6.43233895e-01,8.95117664e+00,1.78538286e-03,2.07748337e+02,8.02904587e+01,1.88166885e+01,1.69857517e-01,3.39953780e-01
5345803-S04-156I3-A-L-C-190,20.02.2020-11:38:58,9.00000000e+00,6.46503627e-01,8.93395329e+00,1.57418335e-03,9.65351334e+01,8.04110260e+01,1.89042931e+01,2.37602994e-01,4.31812257e-01
5345803-S04-156I3-A-L-C-190,20.02.2020-11:39:00,1.00000000e+00,6.39222860e-01,8.82651615e+00,1.80780713e-03,3.86933746e+01,8.01962204e+01,1.84172897e+01,4.62292969e-01,1.09739935e+00
5345803-S04-156I3-A-L-C-190,20.02.2020-11:39:02,9.00000000e+00,6.45870805e-01,8.97165394e+00,2.14076461e-03,1.64842743e+02,8.00825119e+01,1.88880024e+01,1.99083030e-01,2.65609354e-01
5345803-S04-156I3-A-L-C-190,20.02.2020-11:39:04,9.00000000e+00,6.45458579e-01,8.96842098e+00,2.06548721e-03,1.43523468e+02,8.01747589e+01,1.88908806e+01,2.15808615e-01,2.90409565e-01
5345803-S04-156I3-A-L-C-190,20.02.2020-11:39:06,8.00000000e+00,6.46299303e-01,8.96938992e+00,1.70175859e-03,1.02901405e+02,8.01758804e+01,1.89177952e+01,3.19025338e-01,4.08923000e-01
5345803-S04-156I3-A-L-C-190,20.02.2020-11:39:08,9.00000000e+00,6.45274401e-01,8.95925426e+00,1.75761199e-03,1.46424774e+02,8.02227020e+01,1.88774681e+01,2.12744862e-01,3.07954669e-01
5345803-S04-156I3-A-L-C-190,20.02.2020-11:39:10,1.90000000e+01,6.43623233e-01,8.94252682e+00,1.70749216e-03,1.69966751e+02,7.99076385e+01,1.87201996e+01,2.19254017e-01,2.69405991e-01
5345803-S04-156I3-A-L-C-190,20.02.2020-11:39:12,2.00000000e+01,6.43356383e-01,8.95145416e+00,2.16785865e-03,8.78832779e+01,7.97227249e+01,1.86877728e+01,2.39400238e-01,2.91172296e-01
5345803-S04-156I3-A-L-C-190,20.02.2020-11:39:14,2.00000000e+01,6.45652294e-01,8.90209293e+00,2.03387719e-03,9.65855560e+01,7.98237762e+01,1.86746864e+01,3.14694852e-01,5.46850145e-01
5345803-S04-156I3-A-L-C-190,20.02.2020-11:39:17,1.90000000e+01,6.45187080e-01,8.89775372e+00,2.12743273e-03,5.47471542e+01,8.01999207e+01,1.87400265e+01,9.28036630e-01,1.45671535e+00
5345803-S04-156I3-A-L-C-190,20.02.2020-11:39:19,9.00000000e+00,6.45416260e-01,8.92326736e+00,1.87319436e-03,9.57147903e+01,8.02026062e+01,1.88010674e+01,4.35452163e-01,6.97041154e-01
5345803-S04-156I3-A-L-C-190,20.02.2020-11:39:21,1.90000000e+01,6.43469691e-01,8.95293903e+00,1.49366586e-03,9.03417053e+01,7.98400803e+01,1.87216835e+01,4.94153231e-01,5.95378518e-01
5345803-S04-156I3-A-L-C-190,20.02.2020-11:39:23,9.00000000e+00,6.45692766e-01,8.92300797e+00,9.08008486e-04,1.28569016e+02,8.03834610e+01,1.88509865e+01,1.59533665e-01,4.85236108e-01
5345803-S04-156I3-A-L-C-190,20.02.2020-11:39:27,9.00000000e+00,6.46105409e-01,8.93098640e+00,1.84165628e-03,1.90281769e+02,8.04198074e+01,1.88884392e+01,1.38820663e-01,4.25949752e-01
5345803-S04-156I3-A-L-C-190,20.02.2020-11:39:30,1.90000000e+01,6.45685434e-01,8.90244102e+00,1.90504279e-03,2.64929474e+02,8.00326309e+01,1.87252388e+01,1.43254131e-01,3.91328454e-01
5345803-S04-156I3-A-L-C-190,20.02.2020-11:39:32,1.90000000e+01,6.43886864e-01,8.93722343e+00,1.79823604e-03,1.00013397e+02,8.02383347e+01,1.87942181e+01,2.77012140e-01,6.18015945e-01
5345803-S04-156I3-A-L-C-190,20.02.2020-11:39:34,2.00000000e+01,6.43102765e-01,8.94382954e+00,2.14707246e-03,1.82721939e+02,7.98538971e+01,1.86952019e+01,1.13930836e-01,1.45821214e-01
5345803-S04-156I3-A-L-C-190,20.02.2020-11:39:36,1.90000000e+01,6.45237744e-01,8.90930653e+00,2.06088996e-03,1.78172287e+02,8.03157043e+01,1.87929230e+01,1.71976596e-01,6.68613970e-01
5345803-S04-156I3-A-L-C-190,20.02.2020-11:39:38,9.00000000e+00,6.46242082e-01,8.92282867e+00,1.95967848e-03,1.61740387e+02,8.04127045e+01,1.88735085e+01,1.54396102e-01,3.88304651e-01
5345803-S04-156I3-A-L-C-190,20.02.2020-11:39:40,9.00000000e+00,6.46371365e-01,8.91664696e+00,1.51834835e-03,5.33993301e+01,8.03608475e+01,1.88520412e+01,4.68989193e-01,7.91639566e-01
5345803-S04-156I3-A-L-C-190,20.02.2020-11:39:42,2.00000000e+01,6.41200960e-01,8.93637180e+00,1.94814219e-03,1.14411240e+02,7.99250793e+01,1.86409779e+01,3.11963290e-01,6.95415914e-01
5345803-S04-156I3-A-L-C-190,20.02.2020-11:39:44,9.00000000e+00,6.45779669e-01,8.92378235e+00,1.88197964e-03,1.46937531e+02,8.01603928e+01,1.88028355e+01,1.87056005e-01,2.58402437e-01
5345803-S04-156I3-A-L-C-190,20.02.2020-11:39:46,9.00000000e+00,6.46853924e-01,8.94451332e+00,2.13434501e-03,1.75927933e+02,8.00499725e+01,1.88518639e+01,2.34532252e-01,4.79474902e-01
5345803-S04-156I3-A-L-C-190,20.02.2020-11:39:48,2.00000000e+01,6.43154979e-01,8.87912846e+00,2.00053141e-03,1.72148178e+02,8.00507660e+01,1.86072254e+01,2.26068243e-01,3.30959946e-01
5345803-S04-156I3-A-L-C-190,20.02.2020-11:39:51,1.90000000e+01,6.45032763e-01,8.92993641e+00,2.48006824e-03,1.52088547e+02,7.99674225e+01,1.87487984e+01,2.11775392e-01,3.22831959e-01
5345803-S04-156I3-A-L-C-190,20.02.2020-11:39:53,1.90000000e+01,6.45319462e-01,8.90889645e+00,1.76236965e-03,1.64659302e+02,8.02278671e+01,1.87738819e+01,1.85839877e-01,2.51036286e-01
5345803-S04-156I3-A-L-C-190,20.02.2020-11:39:55,9.00000000e+00,6.45502687e-01,8.93529415e+00,1.66649779e-03,2.15221390e+02,8.01431503e+01,1.88149681e+01,1.40829250e-01,2.08926514e-01
5345803-S04-156I3-A-L-C-190,20.02.2020-11:39:57,2.00000000e+01,6.44650996e-01,8.90239239e+00,1.98129797e-03,1.63921265e+02,8.00331497e+01,1.86952591e+01,1.39524087e-01,1.95241049e-01
5345803-S04-156I3-A-L-C-190,20.02.2020-11:39:59,1.90000000e+01,6.45474732e-01,8.91454601e+00,1.95078109e-03,1.12077538e+02,8.01374283e+01,1.87691269e+01,2.26325393e-01,3.00424159e-01
5345803-S04-156I3-A-L-C-190,20.02.2020-11:40:01,1.90000000e+01,6.44627333e-01,8.91870308e+00,1.91167521e-03,1.94081329e+02,8.03178024e+01,1.87954388e+01,1.82101816e-01,2.53743380e-01
5345803-S04-156I3-A-L-C-190,20.02.2020-11:40:03,1.90000000e+01,6.45023644e-01,8.90041733e+00,2.14874046e-03,3.08815399e+02,8.01161728e+01,1.87213154e+01,1.31286353e-01,1.94725916e-01
5345803-S04-156I3-A-L-C-190,20.02.2020-11:40:05,2.10000000e+01,6.44345582e-01,8.87247467e+00,1.79569633e-03,2.46051956e+02,7.97380905e+01,1.85549450e+01,1.46274522e-01,2.22840652e-01
5345803-S04-156I3-A-L-C-190,20.02.2020-11:40:07,9.00000000e+00,6.46710038e-01,8.94907665e+00,1.59711367e-03,1.00417648e+02,8.02283020e+01,1.88992958e+01,2.65064597e-01,4.23934162e-01
5345803-S04-156I3-A-L-C-190,20.02.2020-11:40:10,9.00000000e+00,6.46658301e-01,8.94515610e+00,2.07679044e-03,2.40372787e+02,8.01625595e+01,1.88740253e+01,1.21573105e-01,3.26425999e-01
5345803-S04-156I3-A-L-C-190,20.02.2020-11:40:12,9.00000000e+00,6.46390676e-01,8.94056225e+00,1.81750697e-03,8.28777237e+01,8.01987610e+01,1.88650436e+01,2.77907223e-01,4.87487882e-01
5345803-S04-156I3-A-L-C-190,20.02.2020-11:40:14,2.10000000e+01,6.39284730e-01,8.93696308e+00,1.76986842e-03,2.08866898e+02,7.98941498e+01,1.85793037e+01,1.79503992e-01,3.21484745e-01
5345803-S04-156I3-A-L-C-190,20.02.2020-11:40:16,8.00000000e+00,6.47166491e-01,8.98404408e+00,2.39737146e-03,2.12618149e+02,7.99951706e+01,1.89313622e+01,1.65829316e-01,2.18494803e-01
5345803-S04-156I3-A-L-C-190,20.02.2020-11:40:18,8.00000000e+00,6.45093918e-01,8.99882030e+00,2.32278020e-03,1.73554977e+02,8.01232147e+01,1.89320259e+01,1.79067045e-01,2.52198249e-01
5345803-S04-156I3-A-L-C-190,20.02.2020-11:40:20,8.00000000e+00,6.46772921e-01,8.97531509e+00,1.85146951e-03,2.28632309e+02,8.01006241e+01,1.89263840e+01,1.42873645e-01,1.91005662e-01
5345803-S04-156I3-A-L-C-190,20.02.2020-11:40:22,8.00000000e+00,6.45456851e-01,8.97205162e+00,1.97900529e-03,2.47526047e+02,8.03261185e+01,1.89341564e+01,1.22768931e-01,1.59613535e-01
5345803-S04-156I3-A-L-C-190,20.02.2020-11:40:24,2.00000000e+01,6.42024934e-01,8.93576145e+00,1.99812627e-03,1.12689178e+02,7.97006607e+01,1.86112518e+01,3.09681445e-01,6.45141006e-01
5345803-S04-156I3-A-L-C-190,20.02.2020-11:40:26,2.00000000e+01,6.41448081e-01,8.93762684e+00,1.77277601e-03,9.02836761e+01,7.99024963e+01,1.86455097e+01,3.43991995e-01,7.15491593e-01
5345803-S04-156I3-A-L-C-190,20.02.2020-11:40:29,2.10000000e+01,6.41179442e-01,8.93315125e+00,2.29570246e-03,7.09957962e+01,7.96972427e+01,1.85805149e+01,4.57213432e-01,7.70503938e-01
5345803-S04-156I3-A-L-C-190,20.02.2020-11:40:31,8.00000000e+00,6.46372914e-01,8.98922062e+00,2.04478158e-03,2.53739426e+02,8.03129120e+01,1.89941883e+01,1.19507305e-01,1.77529424e-01
5345803-S04-156I3-A-L-C-190,20.02.2020-11:40:33,1.90000000e+01,6.42557740e-01,8.95139027e+00,1.73104927e-03,1.46332169e+02,8.00849304e+01,1.87492390e+01,2.14778408e-01,3.03780466e-01
5345803-S04-156I3-A-L-C-190,20.02.2020-11:40:35,1.90000000e+01,6.42251670e-01,8.93801689e+00,1.89096259e-03,1.17677361e+02,8.04233093e+01,1.87913723e+01,2.17741251e-01,3.99199367e-01
5345803-S04-156I3-A-L-C-190,20.02.2020-11:40:37,2.00000000e+01,6.45789742e-01,8.88550568e+00,2.05800007e-03,3.22645721e+02,7.97945938e+01,1.86370411e+01,1.40459687e-01,3.86280507e-01
5345803-S04-156I3-A-L-C-190,20.02.2020-11:40:39,1.90000000e+01,6.45308077e-01,8.89149570e+00,1.77462562e-03,1.21400436e+02,8.03415604e+01,1.87634373e+01,2.21572861e-01,7.25347757e-01
5345803-S04-156I3-A-L-C-190,20.02.2020-11:40:41,1.90000000e+01,6.44602120e-01,8.92125320e+00,1.86023104e-03,1.28416870e+02,8.02748337e+01,1.87900200e+01,2.54035383e-01,4.47279245e-01
5345803-S04-156I3-A-L-C-190,20.02.2020-11:40:43,1.90000000e+01,6.46186829e-01,8.94801617e+00,2.54965154e-03,1.87352188e+02,7.97277679e+01,1.87639675e+01,1.54670268e-01,2.52716124e-01
5345803-S04-156I3-A-L-C-190,20.02.2020-11:40:46,9.00000000e+00,6.46350324e-01,8.95730591e+00,2.47272034e-03,4.10363831e+02,7.97803345e+01,1.88005848e+01,8.07778016e-02,1.35233939e-01
5345803-S04-156I3-A-L-C-190,20.02.2020-11:40:48,9.00000000e+00,6.45939052e-01,8.95579910e+00,1.96804572e-03,1.90502853e+02,8.02223206e+01,1.88895359e+01,1.00242220e-01,1.46833107e-01
5345803-S04-156I3-A-L-C-190,20.02.2020-11:40:50,9.00000000e+00,6.46289587e-01,8.95384216e+00,2.07514316e-03,1.61231247e+02,8.01601562e+01,1.88810139e+01,2.51584888e-01,5.46920657e-01
5345803-S04-156I3-A-L-C-190,20.02.2020-11:40:52,7.00000000e+00,6.47853673e-01,8.99772930e+00,2.19088048e-03,3.40884888e+02,8.02283554e+01,1.90356598e+01,1.04364403e-01,1.73266321e-01
5345803-S04-156I3-A-L-C-190,20.02.2020-11:40:54,9.00000000e+00,6.43438339e-01,8.98351574e+00,1.68523577e-03,1.31752640e+02,8.00698395e+01,1.88387623e+01,1.70201600e-01,2.66078502e-01
5345803-S04-156I3-A-L-C-190,20.02.2020-11:40:56,8.00000000e+00,6.46026969e-01,8.94654560e+00,1.64927915e-03,1.76454269e+02,8.03977585e+01,1.89138603e+01,1.69541925e-01,4.32012260e-01
5345803-S04-156I3-A-L-C-190,20.02.2020-11:40:58,1.90000000e+01,6.45078599e-01,8.90771198e+00,2.02631298e-03,1.47533844e+02,8.03766632e+01,1.87991848e+01,1.90993369e-01,5.58931649e-01
5345803-S04-156I3-A-L-C-190,20.02.2020-11:41:01,9.00000000e+00,6.45705044e-01,8.92842960e+00,1.70309108e-03,2.42721588e+02,8.02763367e+01,1.88376637e+01,1.44029215e-01,3.24793011e-01
5345803-S04-156I3-A-L-C-190,20.02.2020-11:41:02,1.90000000e+01,6.46057487e-01,8.91377163e+00,2.06111604e-03,1.34400452e+02,7.98639526e+01,1.87203350e+01,1.84107825e-01,3.88623118e-01
5345803-S04-156I3-A-L-C-190,20.02.2020-11:41:04,1.90000000e+01,6.43694758e-01,8.95528793e+00,1.69279077e-03,9.89139786e+01,7.98796539e+01,1.87424316e+01,1.42725632e-01,1.86163917e-01
5345803-S04-156I3-A-L-C-190,20.02.2020-11:41:07,2.00000000e+01,6.43641055e-01,8.94332409e+00,1.94714684e-03,3.21775330e+02,7.97216644e+01,1.86788139e+01,6.73504770e-02,9.42451134e-02
5345803-S04-156I3-A-L-C-190,20.02.2020-11:41:09,9.00000000e+00,6.45698249e-01,8.90494156e+00,1.73294859e-03,2.76579834e+02,8.03631897e+01,1.88082352e+01,1.12013727e-01,4.83139485e-01
5345803-S04-156I3-A-L-C-190,20.02.2020-11:41:11,9.00000000e+00,6.45341396e-01,8.92862034e+00,1.34839758e-03,2.40760239e+02,8.03096390e+01,1.88352642e+01,1.19951233e-01,3.23378354e-01
5345803-S04-156I3-A-L-C-190,20.02.2020-11:41:13,9.00000000e+00,6.45176172e-01,8.90745354e+00,1.88030547e-03,2.19357468e+02,8.04447784e+01,1.88174133e+01,1.97373986e-01,6.88433945e-01
5345803-S04-156I3-A-L-C-190,20.02.2020-11:41:15,1.90000000e+01,6.46346331e-01,8.91084003e+00,1.41108106e-03,1.90624313e+02,8.00816116e+01,1.87735748e+01,1.48826361e-01,3.75032485e-01
5345803-S04-156I3-A-L-C-190,20.02.2020-11:41:17,8.00000000e+00,6.47017419e-01,8.94330788e+00,1.75661384e-03,1.42003372e+02,8.03423004e+01,1.89229374e+01,1.81650147e-01,3.69918734e-01
5345803-S04-156I3-A-L-C-190,20.02.2020-11:41:19,9.00000000e+00,6.44845843e-01,8.96067619e+00,1.46351173e-03,1.74341171e+02,8.02216187e+01,1.88676720e+01,1.20108746e-01,1.82062507e-01
5345803-S04-156I3-A-L-C-190,20.02.2020-11:41:21,1.00000000e+00,6.37829185e-01,8.88002110e+00,1.89074420e-03,2.28650787e+02,8.00821915e+01,1.84622459e+01,1.91314608e-01,4.72571492e-01
5345803-S04-156I3-A-L-C-190,20.02.2020-11:41:24,8.00000000e+00,6.46170855e-01,9.00704288e+00,1.57890143e-03,2.39285965e+02,8.01106415e+01,1.89779816e+01,1.01866595e-01,1.24706514e-01
5345803-S04-156I3-A-L-C-190,20.02.2020-11:41:26,8.00000000e+00,6.46357179e-01,8.95398808e+00,1.74273574e-03,1.49244156e+02,8.03729858e+01,1.89334335e+01,2.28929162e-01,5.19487917e-01
5345803-S04-156I3-A-L-C-190,20.02.2020-11:41:28,9.00000000e+00,6.42333567e-01,8.97496986e+00,1.92252605e-03,1.52532898e+02,8.02088852e+01,1.88211555e+01,1.57472789e-01,2.37510026e-01
5345803-S04-156I3-A-L-C-190,20.02.2020-11:41:30,8.00000000e+00,6.46153867e-01,9.00005627e+00,1.77278463e-03,1.14506927e+02,7.99556198e+01,1.89260674e+01,2.21997902e-01,2.59429127e-01
5345803-S04-156I3-A-L-C-190,20.02.2020-11:41:32,2.10000000e+01,6.40519381e-01,8.88326740e+00,2.05641473e-03,1.45154785e+02,8.00161667e+01,1.85316010e+01,2.31672123e-01,5.36251307e-01
5345803-S04-156I3-A-L-C-190,20.02.2020-11:41:34,1.90000000e+01,6.44550264e-01,8.93930054e+00,1.53306930e-03,1.71569717e+02,7.99932098e+01,1.87604675e+01,1.82814851e-01,2.98685431e-01
5345803-S04-156I3-A-L-C-190,20.02.2020-11:41:36,9.00000000e+00,6.42631114e-01,8.94614506e+00,1.88588852e-03,1.38565002e+02,8.03730164e+01,1.88078060e+01,1.97586372e-01,5.12569010e-01
5345803-S04-156I3-A-L-C-190,20.02.2020-11:41:38,1.90000000e+01,6.42197490e-01,8.94818592e+00,2.09429511e-03,1.80114975e+02,8.03614578e+01,1.87966995e+01,1.77576467e-01,4.81475741e-01
5345803-S04-156I3-A-L-C-190,20.02.2020-11:41:40,2.00000000e+01,6.42956138e-01,8.91518021e+00,2.09161802e-03,7.28396378e+01,7.99028168e+01,1.86424828e+01,3.84832323e-01,6.34400249e-01
5345803-S04-156I3-A-L-C-190,20.02.2020-11:41:42,2.00000000e+01,6.42296612e-01,8.92731571e+00,1.99092273e-03,1.94011292e+02,8.00241318e+01,1.86770267e+01,1.88787550e-01,3.63679200e-01
5345803-S04-156I3-A-L-C-190,20.02.2020-11:41:45,1.90000000e+01,6.45164788e-01,8.95500374e+00,2.36802455e-03,1.29583771e+02,7.98493652e+01,1.87775154e+01,2.17778936e-01,2.99261093e-01
5345803-S04-156I3-A-L-C-190,20.02.2020-11:41:47,9.00000000e+00,6.46018744e-01,8.97365665e+00,1.51092734e-03,2.80802887e+02,8.00314941e+01,1.88845081e+01,1.44011348e-01,2.41231352e-01
5345803-S04-156I3-A-L-C-190,20.02.2020-11:41:49,8.00000000e+00,6.47431314e-01,8.97712135e+00,1.66921981e-03,1.85418488e+02,8.03101349e+01,1.89990273e+01,1.61437348e-01,2.12995782e-01
5345803-S04-156I3-A-L-C-190,20.02.2020-11:41:51,9.00000000e+00,6.45374060e-01,8.93576527e+00,1.68385706e-03,1.38516556e+02,8.02518387e+01,1.88377266e+01,2.17787340e-01,3.50935042e-01
5345803-S04-156I3-A-L-C-190,20.02.2020-11:41:53,1.90000000e+01,6.43943667e-01,8.93886375e+00,1.94534915e-03,1.10050117e+02,7.99848175e+01,1.87399292e+01,2.29886353e-01,3.70662004e-01
5345803-S04-156I3-A-L-C-190,20.02.2020-11:41:55,1.90000000e+01,6.44023955e-01,8.93096828e+00,1.80513412e-03,2.00442856e+02,8.00597382e+01,1.87432499e+01,1.62708968e-01,2.85138994e-01
5345803-S04-156I3-A-L-C-190,20.02.2020-11:41:57,9.00000000e+00,6.44706130e-01,8.94173813e+00,1.58791966e-03,2.22332458e+02,8.01831512e+01,1.88146915e+01,1.66048080e-01,2.74158895e-01
5345803-S04-156I3-A-L-C-190,20.02.2020-11:41:59,8.00000000e+00,6.46424651e-01,8.96763992e+00,1.62623345e-03,1.99706879e+02,8.01935883e+01,1.89219513e+01,1.38327584e-01,1.63792700e-01
5345803-S04-156I3-A-L-C-190,20.02.2020-11:42:01,9.00000000e+00,6.46109998e-01,8.93350601e+00,1.64507888e-03,1.48701492e+02,8.01971512e+01,1.88415909e+01,2.23469451e-01,3.01068097e-01
5345803-S04-156I3-A-L-C-190,20.02.2020-11:42:04,9.00000000e+00,6.45257831e-01,8.96264458e+00,2.11519026e-03,1.62673279e+02,8.01617889e+01,1.88697910e+01,2.15411812e-01,2.81285763e-01
5345803-S04-156I3-A-L-C-190,20.02.2020-11:42:06,9.00000000e+00,6.46976590e-01,8.94378662e+00,1.74774567e-03,3.13201569e+02,8.01342163e+01,1.88737488e+01,1.12800427e-01,1.74177304e-01
5345803-S04-156I3-A-L-C-190,20.02.2020-11:42:08,9.00000000e+00,6.46649241e-01,8.95547962e+00,2.50364118e-03,3.21843231e+02,7.98000107e+01,1.88100853e+01,1.11116961e-01,1.55445039e-01
5345803-S04-156I3-A-L-C-190,20.02.2020-11:42:10,2.10000000e+01,6.40951693e-01,8.86892223e+00,1.86541409e-03,2.37289825e+02,8.00871201e+01,1.85305805e+01,2.23734289e-01,4.77676004e-01
5345803-S04-156I3-A-L-C-190,20.02.2020-11:42:12,9.00000000e+00,6.45411670e-01,8.96227741e+00,1.82351959e-03,1.02509659e+02,8.02701340e+01,1.88990231e+01,2.73344189e-01,4.42125380e-01
5345803-S04-156I3-A-L-C-190,20.02.2020-11:42:14,8.00000000e+00,6.46542728e-01,8.96014595e+00,1.87751045e-03,1.87824402e+02,8.04028702e+01,1.89589405e+01,1.76597923e-01,2.88995326e-01
5345803-S04-156I3-A-L-C-190,20.02.2020-11:42:16,9.00000000e+00,6.44688666e-01,8.93568230e+00,1.76596409e-03,1.27074059e+02,8.02542648e+01,1.88181133e+01,3.02718967e-01,5.26245534e-01
5345803-S04-156I3-A-L-C-190,20.02.2020-11:42:18,9.00000000e+00,6.46125615e-01,8.96550179e+00,1.60492619e-03,1.73729446e+02,8.01861343e+01,1.89069309e+01,1.72945485e-01,3.13181818e-01
5345803-S04-156I3-A-L-C-190,20.02.2020-11:42:21,8.00000000e+00,6.46618128e-01,8.95095253e+00,2.00321362e-03,2.17022736e+02,8.03567276e+01,1.89308262e+01,1.63006097e-01,3.15930128e-01
5345803-S04-156I3-A-L-C-190,20.02.2020-11:42:23,7.00000000e+00,6.48805022e-01,8.98280048e+00,1.62338419e-03,9.56922226e+01,8.04611130e+01,1.90871983e+01,3.04664880e-01,3.80652964e-01
5345803-S04-156I3-A-L-C-190,20.02.2020-11:42:25,7.00000000e+00,6.48096919e-01,8.98494053e+00,2.01066327e-03,2.04729156e+02,8.04486923e+01,1.90679665e+01,1.59201503e-01,2.30147406e-01
5345803-S04-156I3-A-L-C-190,20.02.2020-11:42:27,9.00000000e+00,6.45031512e-01,8.96037483e+00,2.00310140e-03,1.36373413e+02,8.02440872e+01,1.88777561e+01,1.72307193e-01,3.08491528e-01
5345803-S04-156I3-A-L-C-190,20.02.2020-11:42:29,8.00000000e+00,6.46886766e-01,8.95713711e+00,1.65766710e-03,1.33899796e+02,8.05133820e+01,1.89887218e+01,1.90017849e-01,3.28033596e-01
5345803-S04-156I3-A-L-C-190,20.02.2020-11:42:31,1.90000000e+01,6.44839644e-01,8.93676186e+00,1.96748832e-03,9.77530975e+01,8.01316299e+01,1.87960281e+01,2.98723459e-01,4.95639384e-01
5345803-S04-156I3-A-L-C-190,20.02.2020-11:42:33,9.00000000e+00,6.45882726e-01,8.95098972e+00,1.92087784e-03,1.03280640e+02,8.02908783e+01,1.88938808e+01,2.44345084e-01,3.94153684e-01
5345803-S04-156I3-A-L-C-190,20.02.2020-11:42:35,2.10000000e+01,6.41116679e-01,8.88296795e+00,1.96952652e-03,1.34030304e+02,7.99893265e+01,1.85420361e+01,2.32173547e-01,5.10318577e-01
5345803-S04-156I3-A-L-C-190,20.02.2020-11:42:37,9.00000000e+00,6.46530151e-01,8.91905689e+00,1.71097449e-03,1.18240372e+02,8.03864899e+01,1.88677883e+01,2.00036108e-01,3.49487066e-01
5345803-S04-156I3-A-L-C-190,20.02.2020-11:42:39,9.00000000e+00,6.45221114e-01,8.92382145e+00,1.65312737e-03,2.37455887e+02,8.03747559e+01,1.88368950e+01,9.61637795e-02,2.14540377e-01
5345803-S04-156I3-A-L-C-190,20.02.2020-11:42:42,1.90000000e+01,6.44250810e-01,8.89636230e+00,1.87462731e-03,1.29859329e+02,8.01866837e+01,1.87068157e+01,1.27497926e-01,1.76330060e-01
5345803-S04-156I3-A-L-C-190,20.02.2020-11:42:44,1.90000000e+01,6.43727720e-01,8.89945221e+00,1.92102720e-03,3.22464447e+02,8.03337097e+01,1.87324028e+01,8.60330760e-02,1.33651495e-01
5345803-S04-156I3-A-L-C-190,20.02.2020-11:42:46,9.00000000e+00,6.45838380e-01,8.94166183e+00,2.07561813e-03,1.05167328e+02,8.01918335e+01,1.88496132e+01,2.55325526e-01,4.07425314e-01
5345803-S04-156I3-A-L-C-190,20.02.2020-11:42:48,1.90000000e+01,6.43055916e-01,8.90886879e+00,1.49031566e-03,1.52175323e+02,8.02819824e+01,1.87205906e+01,1.50829837e-01,4.09965426e-01
5345803-S04-156I3-A-L-C-190,20.02.2020-11:42:50,7.00000000e+00,6.48703456e-01,8.99788952e+00,1.83991191e-03,1.14632858e+02,8.02391815e+01,1.90635395e+01,2.03182757e-01,2.46050268e-01
5345803-S04-156I3-A-L-C-190,20.02.2020-11:42:52,9.00000000e+00,6.43507123e-01,8.97487545e+00,1.91053224e-03,1.88768539e+02,7.99877777e+01,1.88033657e+01,9.29409415e-02,1.09873854e-01
5345803-S04-156I3-A-L-C-190,20.02.2020-11:42:54,8.00000000e+00,6.45690441e-01,8.95486069e+00,1.90513826e-03,1.81945557e+02,8.05399246e+01,1.89550362e+01,1.33009836e-01,2.95868397e-01
5345803-S04-156I3-A-L-C-190,20.02.2020-11:42:56,9.00000000e+00,6.44900441e-01,8.96051693e+00,2.08542845e-03,1.58784729e+02,8.01357498e+01,1.88487358e+01,2.10617244e-01,2.89551616e-01
5345803-S04-156I3-A-L-C-190,20.02.2020-11:42:58,9.00000000e+00,6.45788848e-01,8.96257877e+00,1.64246687e-03,1.14592155e+02,8.01686935e+01,1.88868065e+01,2.63303608e-01,3.75750959e-01
5345803-S04-156I3-A-L-C-190,20.02.2020-11:43:01,9.00000000e+00,6.45713627e-01,8.95638180e+00,2.06766115e-03,9.48884354e+01,8.00049438e+01,1.88330021e+01,3.22572619e-01,4.45422649e-01
5345803-S04-156I3-A-L-C-190,20.02.2020-11:43:03,8.00000000e+00,6.46835744e-01,8.93278885e+00,1.66049576e-03,1.58537231e+02,8.05231476e+01,1.89379082e+01,2.13854790e-01,3.63999367e-01
5345803-S04-156I3-A-L-C-190,20.02.2020-11:43:05,2.00000000e+01,6.41960442e-01,8.91043377e+00,2.07747775e-03,1.31798782e+02,8.02441025e+01,1.86831646e+01,2.10912168e-01,5.31126618e-01
5345803-S04-156I3-A-L-C-190,20.02.2020-11:43:07,9.00000000e+00,6.46056294e-01,8.93290615e+00,1.61026081e-03,1.01432892e+02,8.02583847e+01,1.88531418e+01,2.01844066e-01,2.50230312e-01
5345803-S04-156I3-A-L-C-190,20.02.2020-11:43:09,9.00000000e+00,6.45942092e-01,8.94836044e+00,2.12453515e-03,1.34278885e+02,8.01246948e+01,1.88509674e+01,2.15673029e-01,3.83327842e-01
5345803-S04-156I3-A-L-C-190,20.02.2020-11:43:11,1.90000000e+01,6.43160224e-01,8.90190697e+00,1.74802612e-03,1.69730499e+02,8.03451691e+01,1.87237225e+01,2.06885859e-01,3.92260909e-01
5345803-S04-156I3-A-L-C-190,20.02.2020-11:43:13,9.00000000e+00,6.44986033e-01,8.92374134e+00,1.88859273e-03,2.11128128e+02,8.04986115e+01,1.88588772e+01,1.04798354e-01,2.06174776e-01
5345803-S04-156I3-A-L-C-190,20.02.2020-11:43:15,1.00000000e+00,6.38293564e-01,8.83968449e+00,1.90964248e-03,2.58319489e+02,8.05013428e+01,1.84880257e+01,1.59981251e-01,1.08384204e+00
5345803-S04-156I3-A-L-C-190,20.02.2020-11:43:17,9.00000000e+00,6.45243883e-01,8.91059589e+00,1.39776955e-03,3.62936462e+02,8.03704071e+01,1.88086224e+01,1.05467968e-01,2.37714425e-01
5345803-S04-156I3-A-L-C-190,20.02.2020-11:43:19,9.00000000e+00,6.45676196e-01,8.91890240e+00,1.80527836e-03,2.06466797e+02,8.03813858e+01,1.88413429e+01,1.20730609e-01,3.74630421e-01
5345803-S04-156I3-A-L-C-190,20.02.2020-11:43:21,9.00000000e+00,6.45121932e-01,8.91962337e+00,1.76224404e-03,1.37053436e+02,8.03898849e+01,1.88286800e+01,2.24630535e-01,3.72125655e-01
5345803-S04-156I3-A-L-C-190,20.02.2020-11:43:24,8.00000000e+00,6.46483362e-01,8.94221497e+00,1.60771073e-03,1.27659149e+02,8.05084152e+01,1.89440975e+01,1.63741663e-01,2.89601415e-01
5345803-S04-156I3-A-L-C-190,20.02.2020-11:43:26,2.00000000e+01,6.43403947e-01,8.92103004e+00,1.88933883e-03,1.17520683e+02,8.00132675e+01,1.86935120e+01,2.81496376e-01,4.40116793e-01
5345803-S04-156I3-A-L-C-190,20.02.2020-11:43:28,1.90000000e+01,6.44202769e-01,8.93271923e+00,2.00893986e-03,1.50891281e+02,8.01499405e+01,1.87732601e+01,1.83363348e-01,2.97302008e-01
5345803-S04-156I3-A-L-C-190,20.02.2020-11:43:30,1.90000000e+01,6.42390788e-01,8.91877079e+00,1.96002028e-03,2.29234009e+02,8.02628479e+01,1.87175522e+01,1.73695311e-01,4.49565172e-01
5345803-S04-156I3-A-L-C-190,20.02.2020-11:43:32,7.00000000e+00,6.49057984e-01,8.97409534e+00,1.60541921e-03,1.33464981e+02,8.05085526e+01,1.90873833e+01,2.41414398e-01,3.00913930e-01
5345803-S04-156I3-A-L-C-190,20.02.2020-11:43:34,9.00000000e+00,6.43896282e-01,9.00142384e+00,1.93304883e-03,2.27337585e+02,7.99805069e+01,1.88686790e+01,9.30898115e-02,1.11985214e-01
5345803-S04-156I3-A-L-C-190,20.02.2020-11:43:36,9.00000000e+00,6.43824577e-01,8.99366093e+00,1.73588458e-03,2.11854050e+02,8.00124359e+01,1.88578300e+01,1.18229248e-01,1.42173022e-01
5345803-S04-156I3-A-L-C-190,20.02.2020-11:43:39,9.00000000e+00,6.42234564e-01,9.00003529e+00,2.13137758e-03,2.06692093e+02,8.00908279e+01,1.88430347e+01,1.02286726e-01,1.19698793e-01
5345803-S04-156I3-A-L-C-190,20.02.2020-11:43:41,7.00000000e+00,6.49231732e-01,8.98712444e+00,1.62807247e-03,1.19570740e+02,8.05248032e+01,1.91240711e+01,1.95166856e-01,2.49173194e-01
5345803-S04-156I3-A-L-C-190,20.02.2020-11:43:43,8.00000000e+00,6.45286202e-01,8.97049904e+00,1.96320307e-03,1.39641495e+02,8.02896042e+01,1.89172707e+01,1.54132947e-01,1.86318114e-01
5345803-S04-156I3-A-L-C-190,20.02.2020-11:43:45,8.00000000e+00,6.47717297e-01,8.98810577e+00,1.97879970e-03,1.49351608e+02,8.02481155e+01,1.90159798e+01,1.60516933e-01,2.01694012e-01
5345803-S04-156I3-A-L-C-190,20.02.2020-11:43:47,8.00000000e+00,6.47553325e-01,8.96630859e+00,1.72461697e-03,1.77404663e+02,8.01653976e+01,1.89455147e+01,1.60417989e-01,1.94734141e-01
5345803-S04-156I3-A-L-C-190,20.02.2020-11:43:49,8.00000000e+00,6.46172643e-01,8.98215008e+00,1.80122431e-03,6.51192474e+01,8.01127319e+01,1.89260769e+01,3.44378650e-01,4.80582565e-01
5345803-S04-156I3-A-L-C-190,20.02.2020-11:43:51,9.00000000e+00,6.45139873e-01,8.93824196e+00,2.09577172e-03,2.52048950e+02,8.04601517e+01,1.88850002e+01,1.53955743e-01,4.78862107e-01
5345803-S04-156I3-A-L-C-190,20.02.2020-11:43:54,1.90000000e+01,6.43762946e-01,8.95579720e+00,1.79310120e-03,1.83478912e+02,7.98877029e+01,1.87473717e+01,1.47357270e-01,1.81403622e-01
5345803-S04-156I3-A-L-C-190,20.02.2020-11:43:56,1.90000000e+01,6.46292448e-01,8.91273022e+00,1.63321535e-03,3.46860504e+02,8.00201492e+01,1.87615795e+01,1.15393765e-01,3.02923799e-01
5345803-S04-156I3-A-L-C-190,20.02.2020-11:43:58,9.00000000e+00,6.46546602e-01,8.93248463e+00,1.79095974e-03,1.01261253e+02,8.03486176e+01,1.88877697e+01,2.19364509e-01,4.48846549e-01
5345803-S04-156I3-A-L-C-190,20.02.2020-11:44:00,9.00000000e+00,6.46489620e-01,8.93101788e+00,1.78199622e-03,1.21643875e+02,8.03902740e+01,1.88927956e+01,1.90649867e-01,4.70985532e-01
5345803-S04-156I3-A-L-C-190,20.02.2020-11:44:02,1.90000000e+01,6.43429399e-01,8.90247726e+00,1.82819646e-03,9.60434799e+01,8.02998886e+01,1.87222023e+01,2.21339107e-01,3.20593238e-01
5345803-S04-156I3-A-L-C-190,20.02.2020-11:44:04,9.00000000e+00,6.44628227e-01,8.93186188e+00,1.93705584e-03,1.20911133e+02,8.04995117e+01,1.88657799e+01,2.44259506e-01,4.67185557e-01
5345803-S04-156I3-A-L-C-190,20.02.2020-11:44:06,1.90000000e+01,6.44067347e-01,8.90833187e+00,1.70688354e-03,7.26071396e+01,8.01148758e+01,1.87098789e+01,2.81983733e-01,3.86435866e-01
5345803-S04-156I3-A-L-C-190,20.02.2020-11:44:08,1.90000000e+01,6.42109871e-01,8.94315815e+00,1.86500745e-03,1.00848083e+02,8.00089111e+01,1.87011719e+01,2.80141801e-01,3.42111737e-01
5345803-S04-156I3-A-L-C-190,20.02.2020-11:44:10,1.90000000e+01,6.45260453e-01,8.90166283e+00,1.84520439e-03,8.78168945e+01,8.00377502e+01,1.87124767e+01,5.41559339e-01,8.19596469e-01
5345803-S04-156I3-A-L-C-190,20.02.2020-11:44:13,9.00000000e+00,6.45211339e-01,8.93254566e+00,1.44177838e-03,2.67350555e+02,8.03003159e+01,1.88375626e+01,1.32362947e-01,3.26182485e-01
5345803-S04-156I3-A-L-C-190,20.02.2020-11:44:15,9.00000000e+00,6.45141065e-01,8.92665386e+00,1.73282088e-03,8.53264084e+01,8.02711792e+01,1.88162575e+01,2.11918995e-01,4.04649705e-01
5345803-S04-156I3-A-L-C-190,20.02.2020-11:44:17,2.00000000e+01,6.42583907e-01,8.93373585e+00,2.02365918e-03,1.39054092e+02,7.98986359e+01,1.86694946e+01,1.52303085e-01,1.90985680e-01
5345803-S04-156I3-A-L-C-190,20.02.2020-11:44:19,1.90000000e+01,6.44403160e-01,8.91437531e+00,1.71243947e-03,1.69952560e+02,8.03881531e+01,1.87962322e+01,1.76333159e-01,4.13573891e-01
5345803-S04-156I3-A-L-C-190,20.02.2020-11:44:21,1.90000000e+01,6.42383516e-01,8.92928982e+00,1.53358700e-03,7.82191925e+01,8.02085266e+01,1.87267342e+01,3.42337012e-01,5.79327047e-01
5345803-S04-156I3-A-L-C-190,20.02.2020-11:44:23,1.90000000e+01,6.43311203e-01,8.96913719e+00,2.02710694e-03,1.91871231e+02,7.99703751e+01,1.87815361e+01,1.70136735e-01,2.01874450e-01
5345803-S04-156I3-A-L-C-190,20.02.2020-11:44:25,9.00000000e+00,6.45184517e-01,8.98930264e+00,1.58347341e-03,1.43018036e+02,7.99396667e+01,1.88713284e+01,1.90324217e-01,2.28110805e-01
5345803-S04-156I3-A-L-C-190,20.02.2020-11:44:27,9.00000000e+00,6.46601200e-01,8.96628666e+00,1.74795080e-03,1.17498062e+02,8.01183548e+01,1.89065094e+01,2.98573196e-01,3.78384858e-01
5345803-S04-156I3-A-L-C-190,20.02.2020-11:44:30,2.10000000e+01,6.41994596e-01,8.87006187e+00,1.95071031e-03,2.96956299e+02,7.99716721e+01,1.85363560e+01,1.02027997e-01,1.24206774e-01
5345803-S04-156I3-A-L-C-190,20.02.2020-11:44:38,1.90000000e+01,6.46605670e-01,8.88700676e+00,1.67804107e-03,2.69381683e+02,8.03279343e+01,1.87884884e+01,1.07175387e-01,2.63552994e-01
5345803-S04-156I3-A-L-C-190,20.02.2020-11:44:40,2.00000000e+00,6.39321864e-01,8.80328560e+00,1.68287731e-03,3.73422760e+02,7.99410248e+01,1.83132019e+01,2.07135797e-01,8.99741590e-01
5345803-S04-156I3-A-L-C-190,20.02.2020-11:44:42,1.90000000e+01,6.47043705e-01,8.88716888e+00,1.74043956e-03,1.13892014e+02,8.03084259e+01,1.87969913e+01,2.57676303e-01,4.65018421e-01
5345803-S04-156I3-A-L-C-190,20.02.2020-11:44:45,2.00000000e+00,6.38613522e-01,8.79372883e+00,1.92060205e-03,2.36998932e+02,7.99040833e+01,1.82646084e+01,2.45218948e-01,8.33797216e-01
5345803-S04-156I3-A-L-C-190,20.02.2020-11:44:47,2.00000000e+01,6.42948210e-01,8.86263752e+00,1.86099997e-03,1.73592255e+02,8.02085648e+01,1.86032944e+01,2.10767105e-01,5.56067169e-01
5345803-S04-156I3-A-L-C-190,20.02.2020-11:44:49,2.00000000e+00,6.38830245e-01,8.80303860e+00,2.24069343e-03,1.96675491e+02,7.96968155e+01,1.82427044e+01,2.30022386e-01,7.67806590e-01
5345803-S04-156I3-A-L-C-190,20.02.2020-11:44:51,2.10000000e+01,6.43618345e-01,8.85578346e+00,2.02028570e-03,2.21286819e+02,7.99764328e+01,1.85544300e+01,2.00155601e-01,4.78744924e-01
5345803-S04-156I3-A-L-C-190,20.02.2020-11:44:53,2.00000000e+00,6.39217257e-01,8.80293369e+00,1.97839458e-03,1.77271103e+02,8.00504379e+01,1.83345318e+01,2.62288570e-01,9.91864860e-01
5345803-S04-156I3-A-L-C-190,20.02.2020-11:44:55,2.00000000e+01,6.42774463e-01,8.88300133e+00,2.11602147e-03,1.49478500e+02,8.01488342e+01,1.86271210e+01,2.57153422e-01,6.50669515e-01
5345803-S04-156I3-A-L-C-190,20.02.2020-11:44:57,2.10000000e+01,6.42908275e-01,8.85416031e+00,1.84872618e-03,2.40068924e+02,8.00624084e+01,1.85504837e+01,1.90385163e-01,5.93410015e-01
5345803-S04-156I3-A-L-C-190,20.02.2020-11:44:59,2.10000000e+01,6.43043458e-01,8.85425282e+00,2.21903296e-03,1.47233429e+02,8.00208664e+01,1.85449505e+01,2.09660321e-01,4.67986256e-01
5345803-S04-156I3-A-L-C-190,20.02.2020-11:45:01,9.00000000e+00,6.46566987e-01,8.88201332e+00,1.81097048e-03,2.10224457e+02,8.04492569e+01,1.88051662e+01,1.19249269e-01,3.10772091e-01
5345803-S04-156I3-A-L-C-190,20.02.2020-11:45:04,1.90000000e+01,6.45169854e-01,8.86833286e+00,1.96297513e-03,2.91080139e+02,8.05167999e+01,1.87513599e+01,1.29060760e-01,2.78723836e-01
5345803-S04-156I3-A-L-C-190,20.02.2020-11:45:06,2.00000000e+01,6.43373668e-01,8.86993885e+00,1.83998502e-03,1.04267920e+03,8.02258224e+01,1.86349506e+01,7.99877942e-02,4.15146500e-01
5345803-S04-156I3-A-L-C-190,20.02.2020-11:45:08,2.00000000e+00,6.39210522e-01,8.79437542e+00,2.12359871e-03,1.28130646e+02,7.97929077e+01,1.82575893e+01,2.52021492e-01,9.80255961e-01
5345803-S04-156I3-A-L-C-190,20.02.2020-11:45:10,2.00000000e+00,6.35963798e-01,8.75829792e+00,1.39699480e-03,7.07476929e+02,8.05717468e+01,1.82669086e+01,1.33848682e-01,9.16191041e-01
5345803-S04-156I3-A-L-C-190,20.02.2020-11:45:12,2.00000000e+01,6.42815053e-01,8.87329769e+00,1.83019042e-03,2.20399994e+02,8.01265335e+01,1.86027699e+01,1.47703081e-01,4.10068750e-01
5345803-S04-156I3-A-L-C-190,20.02.2020-11:45:14,2.10000000e+01,6.42041385e-01,8.84373093e+00,2.01123976e-03,3.95721069e+02,8.01952438e+01,1.85343494e+01,1.05222635e-01,4.11952466e-01
5345803-S04-156I3-A-L-C-190,20.02.2020-11:45:16,2.10000000e+01,6.42462492e-01,8.84699821e+00,2.20907503e-03,1.23728661e+02,7.99770889e+01,1.85028877e+01,2.35382468e-01,5.57192922e-01
5345803-S04-156I3-A-L-C-190,20.02.2020-11:45:19,2.00000000e+01,6.43870354e-01,8.88459969e+00,1.85812498e-03,1.87183990e+02,8.01505890e+01,1.86626434e+01,1.79197118e-01,4.59418595e-01
5345803-S04-156I3-A-L-C-190,20.02.2020-11:45:21,2.10000000e+01,6.43737912e-01,8.85359573e+00,1.77859247e-03,2.24541794e+02,8.01397858e+01,1.85911884e+01,1.98120058e-01,4.82487530e-01
5345803-S04-156I3-A-L-C-190,20.02.2020-11:45:23,2.00000000e+01,6.42642736e-01,8.87020111e+00,1.80801016e-03,2.03020920e+02,8.03399200e+01,1.86408062e+01,1.97221652e-01,5.80429733e-01
5345803-S04-156I3-A-L-C-190,20.02.2020-11:45:25,9.00000000e+00,6.46603405e-01,8.88674450e+00,1.91611552e-03,2.00980042e+02,8.04866180e+01,1.88249817e+01,1.76023573e-01,3.78425896e-01
5345803-S04-156I3-A-L-C-190,20.02.2020-11:45:28,9.00000000e+00,6.47513926e-01,8.90460491e+00,1.92876451e-03,1.07246063e+02,8.03164597e+01,1.88494415e+01,2.32752383e-01,4.61710900e-01
5345803-S04-156I3-A-L-C-190,20.02.2020-11:45:30,1.90000000e+01,6.46580935e-01,8.88497353e+00,2.20260979e-03,2.35110077e+02,8.02863998e+01,1.87737579e+01,1.52834997e-01,3.52795035e-01
5345803-S04-156I3-A-L-C-190,20.02.2020-11:45:32,2.00000000e+00,6.39241636e-01,8.79519176e+00,1.70964573e-03,5.22700439e+02,7.99453506e+01,1.82950573e+01,1.67946890e-01,7.33246326e-01
5345803-S04-156I3-A-L-C-190,20.02.2020-11:45:34,1.90000000e+01,6.47078514e-01,8.87875748e+00,2.18313094e-03,2.26145935e+02,8.03273392e+01,1.87846336e+01,1.69546261e-01,3.54923606e-01
5345803-S04-156I3-A-L-C-190,20.02.2020-11:45:36,2.10000000e+01,6.44204855e-01,8.83211613e+00,1.64397561e-03,2.74584503e+02,8.03119278e+01,1.85994034e+01,1.56002209e-01,2.19519645e-01
5345803-S04-156I3-A-L-C-190,20.02.2020-11:45:38,2.10000000e+01,6.42328501e-01,8.87825298e+00,1.70638540e-03,2.73032257e+02,8.00838547e+01,1.85891647e+01,1.04948342e-01,1.25867292e-01
5345803-S04-156I3-A-L-C-190,20.02.2020-11:51:19,2.00000000e+01,6.43268585e-01,8.89649105e+00,1.95381022e-03,9.53583298e+01,8.00612640e+01,1.86493511e+01,3.36091727e-01,6.78406417e-01
5345803-S04-156I3-A-L-C-190,20.02.2020-11:51:21,1.90000000e+01,6.44911468e-01,8.89933205e+00,1.86591491e-03,1.19262390e+02,8.02350006e+01,1.87435398e+01,2.38249376e-01,3.36695939e-01
5345803-S04-156I3-A-L-C-190,20.02.2020-11:51:23,2.00000000e+01,6.42303050e-01,8.91543484e+00,2.06014700e-03,1.00422516e+02,7.99965134e+01,1.86459179e+01,3.59048575e-01,7.89749324e-01
5345803-S04-156I3-A-L-C-190,20.02.2020-11:51:26,2.00000000e+01,6.43208385e-01,8.92259026e+00,1.99194928e-03,1.48086121e+02,7.99276962e+01,1.86711102e+01,2.99449503e-01,8.01657736e-01
5345803-S04-156I3-A-L-C-190,20.02.2020-11:51:28,2.00000000e+01,6.44870579e-01,8.92654705e+00,2.02110829e-03,1.34242340e+02,7.97266541e+01,1.86805573e+01,2.94055939e-01,4.76558924e-01
5345803-S04-156I3-A-L-C-190,20.02.2020-11:51:30,9.00000000e+00,6.45393670e-01,8.99232769e+00,1.89853460e-03,1.25381401e+02,7.98641281e+01,1.88659554e+01,1.77746534e-01,2.17932045e-01
5345803-S04-156I3-A-L-C-190,20.02.2020-11:51:32,8.00000000e+00,6.46968246e-01,8.99464130e+00,2.03026342e-03,1.30073135e+02,7.99347763e+01,1.89335823e+01,2.21710682e-01,2.55394936e-01
5345803-S04-156I3-A-L-C-190,20.02.2020-11:51:34,8.00000000e+00,6.49122059e-01,8.95155907e+00,1.63639733e-03,9.63859863e+01,8.02993011e+01,1.89918365e+01,2.76458561e-01,3.46104234e-01
5345803-S04-156I3-A-L-C-190,20.02.2020-11:51:38,8.00000000e+00,6.48850501e-01,8.95567417e+00,1.92321325e-03,1.18301292e+02,8.03637543e+01,1.90078678e+01,2.60635525e-01,3.38562071e-01
5345803-S04-156I3-A-L-C-190,20.02.2020-11:51:40,2.00000000e+01,6.43900335e-01,8.89818096e+00,1.79861614e-03,8.89470139e+01,8.01488647e+01,1.86916409e+01,3.97640079e-01,7.36257076e-01
5345803-S04-156I3-A-L-C-190,20.02.2020-11:45:40,2.10000000e+01,6.41866565e-01,8.86383820e+00,1.74891704e-03,2.60125214e+02,8.00432205e+01,1.85362263e+01,1.09033927e-01,1.36415958e-01
5345803-S04-156I3-A-L-C-190,20.02.2020-11:45:57,2.10000000e+01,6.41651928e-01,8.87348175e+00,1.84912689e-03,2.26272842e+02,7.98384399e+01,1.85027294e+01,1.12071529e-01,1.41317815e-01
5345803-S04-156I3-A-L-C-190,20.02.2020-11:45:59,2.00000000e+01,6.43885136e-01,8.85070133e+00,1.69723795e-03,3.83343109e+02,8.04009323e+01,1.86499367e+01,1.07836291e-01,2.55551666e-01
5345803-S04-156I3-A-L-C-190,20.02.2020-11:46:01,2.10000000e+01,6.43562198e-01,8.84711266e+00,2.18437915e-03,3.69498779e+02,8.01553497e+01,1.85761127e+01,1.43994704e-01,2.89679974e-01
5345803-S04-156I3-A-L-C-190,20.02.2020-11:46:03,2.10000000e+01,6.41982615e-01,8.86435318e+00,1.73329993e-03,2.79172821e+02,8.00443649e+01,1.85409184e+01,1.22502863e-01,1.55225381e-01
5345803-S04-156I3-A-L-C-190,20.02.2020-11:46:05,2.10000000e+01,6.43440008e-01,8.81988144e+00,1.75733038e-03,1.09542488e+02,8.01757355e+01,1.85201263e+01,4.26923931e-01,6.09280944e-01
5345803-S04-156I3-A-L-C-190,20.02.2020-11:46:07,2.00000000e+01,6.43153250e-01,8.84318733e+00,1.79237279e-03,5.06574738e+02,8.05127869e+01,1.86388168e+01,1.13391921e-01,2.22511426e-01
5345803-S04-156I3-A-L-C-190,20.02.2020-11:46:10,1.00000000e+00,6.41392767e-01,8.84609318e+00,1.85096462e-03,1.22181641e+02,7.99691849e+01,1.84683647e+01,1.89664140e-01,2.32694402e-01
5345803-S04-156I3-A-L-C-190,20.02.2020-11:46:12,9.00000000e+00,6.46178663e-01,8.88902760e+00,1.69408682e-03,1.21994377e+02,8.04948959e+01,1.88193855e+01,3.31875205e-01,5.22541881e-01
5345803-S04-156I3-A-L-C-190,20.02.2020-11:46:14,1.90000000e+01,6.47285223e-01,8.86646461e+00,1.78676611e-03,2.36462692e+02,8.02260056e+01,1.87409477e+01,1.67877734e-01,2.39944920e-01
5345803-S04-156I3-A-L-C-190,20.02.2020-11:46:16,9.00000000e+00,6.46912873e-01,8.88568687e+00,1.98992575e-03,1.74308792e+02,8.04466476e+01,1.88223953e+01,1.86336517e-01,3.20352614e-01
5345803-S04-156I3-A-L-C-190,20.02.2020-11:46:18,9.00000000e+00,6.47590995e-01,8.88850784e+00,1.87679112e-03,1.85053864e+02,8.02647858e+01,1.88055019e+01,1.43198371e-01,2.44014755e-01
5345803-S04-156I3-A-L-C-190,20.02.2020-11:46:20,2.00000000e+01,6.45632505e-01,8.86369133e+00,2.26195203e-03,2.72293732e+02,8.00524979e+01,1.86468334e+01,2.57847100e-01,1.08175790e+00
5345803-S04-156I3-A-L-C-190,20.02.2020-11:46:22,1.90000000e+01,6.47465289e-01,8.88242245e+00,1.94304506e-03,1.33229980e+02,8.02980042e+01,1.87967548e+01,1.89532951e-01,3.11212152e-01
5345803-S04-156I3-A-L-C-190,20.02.2020-11:46:24,2.10000000e+01,6.46300554e-01,8.86242390e+00,2.18304247e-03,3.91841675e+02,7.97667313e+01,1.85968361e+01,2.46797189e-01,1.23104775e+00
5345803-S04-156I3-A-L-C-190,20.02.2020-11:46:26,2.00000000e+01,6.46118701e-01,8.85045433e+00,1.79689308e-03,2.23873642e+02,8.01753159e+01,1.86615944e+01,1.99797511e-01,8.57064664e-01
5345803-S04-156I3-A-L-C-190,20.02.2020-11:46:29,9.00000000e+00,6.47113264e-01,8.87964439e+00,2.00637151e-03,2.00515564e+02,8.04715576e+01,1.88212509e+01,1.55696034e-01,2.63473421e-01
5345803-S04-156I3-A-L-C-190,20.02.2020-11:46:31,2.00000000e+01,6.43741131e-01,8.90500546e+00,1.74758222e-03,2.68200684e+02,8.00089340e+01,1.86687031e+01,1.31492689e-01,1.85407922e-01
5345803-S04-156I3-A-L-C-190,20.02.2020-11:46:33,1.00000000e+00,6.42498732e-01,8.80098915e+00,1.94313726e-03,2.46201126e+02,8.01197815e+01,1.84405441e+01,2.29695812e-01,7.94257820e-01
5345803-S04-156I3-A-L-C-190,20.02.2020-11:46:35,2.00000000e+00,6.41023099e-01,8.76544094e+00,1.69834611e-03,2.03102844e+02,8.01101913e+01,1.83216858e+01,2.84656018e-01,1.11255455e+00
5345803-S04-156I3-A-L-C-190,20.02.2020-11:46:37,9.00000000e+00,6.47843063e-01,8.88991547e+00,2.12734006e-03,3.34805054e+02,8.02049866e+01,1.88017826e+01,1.06344782e-01,1.76902875e-01
5345803-S04-156I3-A-L-C-190,20.02.2020-11:46:40,2.00000000e+00,6.41112387e-01,8.78252792e+00,1.61647948e-03,1.86355957e+02,8.00290298e+01,1.83413582e+01,3.25328290e-01,1.25466180e+00
5345803-S04-156I3-A-L-C-190,20.02.2020-11:46:42,1.00000000e+00,6.41535640e-01,8.82825375e+00,1.94455963e-03,2.17450027e+02,8.02404556e+01,1.84977608e+01,1.87659442e-01,4.74218428e-01
5345803-S04-156I3-A-L-C-190,20.02.2020-11:46:44,2.10000000e+01,6.41541600e-01,8.83973980e+00,2.02986691e-03,2.84920502e+02,8.01873474e+01,1.85097427e+01,1.70425907e-01,5.26632965e-01
5345803-S04-156I3-A-L-C-190,20.02.2020-11:46:46,2.00000000e+00,6.39377773e-01,8.75032616e+00,1.50376244e-03,1.64007874e+02,8.02405472e+01,1.82728329e+01,3.41635674e-01,1.31103814e+00
5345803-S04-156I3-A-L-C-190,20.02.2020-11:46:48,9.00000000e+00,6.46919012e-01,8.88474178e+00,1.63156854e-03,1.95850983e+02,8.04255447e+01,1.88156376e+01,1.88322693e-01,3.64922643e-01
5345803-S04-156I3-A-L-C-190,20.02.2020-11:46:50,2.10000000e+01,6.44068420e-01,8.85164452e+00,2.01721885e-03,1.49739990e+02,8.00917130e+01,1.85854797e+01,2.07736045e-01,2.80416429e-01
5345803-S04-156I3-A-L-C-190,20.02.2020-11:46:53,2.00000000e+01,6.44660175e-01,8.84570408e+00,1.91567896e-03,1.91730316e+02,8.02621918e+01,1.86296406e+01,2.21072242e-01,5.06190300e-01
5345803-S04-156I3-A-L-C-190,20.02.2020-11:46:55,2.00000000e+01,6.43910468e-01,8.84548473e+00,1.78901944e-03,1.65087799e+02,8.02300034e+01,1.86000500e+01,1.42172277e-01,1.91528022e-01
5345803-S04-156I3-A-L-C-190,20.02.2020-11:46:57,2.10000000e+01,6.43796682e-01,8.83608532e+00,1.91727700e-03,3.39610260e+02,8.01407318e+01,1.85563316e+01,1.29440233e-01,1.79446504e-01
5345803-S04-156I3-A-L-C-190,20.02.2020-11:46:59,1.90000000e+01,6.46936893e-01,8.87990856e+00,2.10788520e-03,2.26406799e+02,8.03029938e+01,1.87772655e+01,1.50463551e-01,3.15077245e-01
5345803-S04-156I3-A-L-C-190,20.02.2020-11:47:01,2.10000000e+01,6.43824518e-01,8.83450413e+00,1.71438255e-03,2.57345825e+02,8.01731491e+01,1.85613194e+01,1.42533332e-01,4.45930272e-01
5345803-S04-156I3-A-L-C-190,20.02.2020-11:47:03,1.90000000e+01,6.44846499e-01,8.86886978e+00,1.88465987e-03,1.85758026e+02,8.04350739e+01,1.87240696e+01,2.16287360e-01,3.24182630e-01
5345803-S04-156I3-A-L-C-190,20.02.2020-11:47:05,2.10000000e+01,6.43646717e-01,8.83337879e+00,1.66703097e-03,1.27894379e+02,8.02103729e+01,1.85624447e+01,1.89308897e-01,2.47901574e-01
5345803-S04-156I3-A-L-C-190,20.02.2020-11:47:07,2.10000000e+01,6.43755257e-01,8.83899593e+00,1.74586731e-03,1.59882675e+02,8.00476227e+01,1.85396843e+01,1.88100696e-01,2.57419735e-01
5345803-S04-156I3-A-L-C-190,20.02.2020-11:47:10,2.10000000e+01,6.43669546e-01,8.84275818e+00,1.67949137e-03,2.34776245e+02,8.02735291e+01,1.85974445e+01,1.90494940e-01,5.14838517e-01
5345803-S04-156I3-A-L-C-190,20.02.2020-11:47:12,2.00000000e+00,6.37781620e-01,8.75536633e+00,1.94579083e-03,2.51988770e+02,8.03068619e+01,1.82527866e+01,2.42165923e-01,1.10451365e+00
5345803-S04-156I3-A-L-C-190,20.02.2020-11:47:14,9.00000000e+00,6.46742523e-01,8.88177013e+00,1.63563760e-03,1.24867096e+02,8.05413437e+01,1.88312893e+01,2.79741943e-01,4.84892428e-01
5345803-S04-156I3-A-L-C-190,20.02.2020-11:47:16,2.00000000e+01,6.44958079e-01,8.85097408e+00,1.93386339e-03,2.30007111e+02,8.03515854e+01,1.86701241e+01,2.02700496e-01,4.25140053e-01
5345803-S04-156I3-A-L-C-190,20.02.2020-11:47:18,1.90000000e+01,6.46562278e-01,8.86405468e+00,1.86446181e-03,1.44118515e+02,8.04118042e+01,1.87582703e+01,2.45877281e-01,4.22782183e-01
5345803-S04-156I3-A-L-C-190,20.02.2020-11:47:20,1.90000000e+01,6.45390987e-01,8.86955929e+00,1.77544577e-03,3.05868347e+02,8.03823929e+01,1.87290649e+01,1.55332819e-01,4.12750870e-01
5345803-S04-156I3-A-L-C-190,20.02.2020-11:47:22,2.00000000e+01,6.44710481e-01,8.82594490e+00,1.99605990e-03,1.85299133e+02,8.03627090e+01,1.86127567e+01,1.69959828e-01,3.92531008e-01
5345803-S04-156I3-A-L-C-190,20.02.2020-11:47:24,2.00000000e+01,6.46056890e-01,8.86308384e+00,1.89908838e-03,1.40411758e+02,8.01440277e+01,1.86791439e+01,2.42560536e-01,4.42549348e-01
5345803-S04-156I3-A-L-C-190,20.02.2020-11:47:26,2.00000000e+01,6.44425988e-01,8.84883022e+00,2.02871207e-03,2.11909897e+02,8.02823868e+01,1.86341419e+01,2.26292267e-01,5.40263832e-01
5345803-S04-156I3-A-L-C-190,20.02.2020-11:47:29,2.00000000e+00,6.40849590e-01,8.78645706e+00,1.74118532e-03,2.00882233e+02,7.99909592e+01,1.83333149e+01,3.04494917e-01,1.18198204e+00
5345803-S04-156I3-A-L-C-190,20.02.2020-11:47:31,1.00000000e+00,6.41719162e-01,8.82368946e+00,1.81432499e-03,2.10693741e+02,8.01934967e+01,1.84826660e+01,1.89585492e-01,5.66101015e-01
5345803-S04-156I3-A-L-C-190,20.02.2020-11:47:33,2.00000000e+00,6.41189456e-01,8.77958965e+00,1.68917619e-03,1.73198181e+02,8.01393356e+01,1.83626976e+01,2.69485801e-01,1.18783367e+00
5345803-S04-156I3-A-L-C-190,20.02.2020-11:47:35,2.00000000e+00,6.40914977e-01,8.77859402e+00,1.71440572e-03,3.91944489e+02,8.01262741e+01,1.83497658e+01,1.25939488e-01,8.65705073e-01
5345803-S04-156I3-A-L-C-190,20.02.2020-11:47:37,2.00000000e+01,6.44041896e-01,8.91175747e+00,2.07718974e-03,1.87836609e+02,7.96382217e+01,1.86049805e+01,1.57575935e-01,2.25506783e-01
5345803-S04-156I3-A-L-C-190,20.02.2020-11:47:39,2.00000000e+01,6.45858288e-01,8.85365105e+00,2.16370285e-03,2.03593048e+02,8.00486526e+01,1.86313305e+01,1.98799953e-01,1.04211283e+00
5345803-S04-156I3-A-L-C-190,20.02.2020-11:47:41,1.00000000e+00,6.41896129e-01,8.81948280e+00,1.98175688e-03,1.28727509e+02,8.00536041e+01,1.84467106e+01,2.90500671e-01,1.12202454e+00
5345803-S04-156I3-A-L-C-190,20.02.2020-11:47:44,2.00000000e+01,6.46769464e-01,8.85974884e+00,2.03139009e-03,1.53439987e+02,8.00098801e+01,1.86614208e+01,2.92759746e-01,1.00091767e+00
5345803-S04-156I3-A-L-C-190,20.02.2020-11:47:46,1.00000000e+00,6.41822278e-01,8.81161785e+00,1.79049827e-03,2.31975250e+02,8.02072296e+01,1.84635067e+01,2.47796729e-01,7.98611581e-01
5345803-S04-156I3-A-L-C-190,20.02.2020-11:47:48,1.00000000e+00,6.41591191e-01,8.81619167e+00,1.97185460e-03,1.91144165e+02,8.02196884e+01,1.84693069e+01,1.58713877e-01,6.84334517e-01
5345803-S04-156I3-A-L-C-190,20.02.2020-11:47:50,2.00000000e+01,6.46857917e-01,8.85643959e+00,2.04863120e-03,1.50177612e+02,8.01284027e+01,1.86846409e+01,3.34823072e-01,1.17951620e+00
5345803-S04-156I3-A-L-C-190,20.02.2020-11:47:52,2.00000000e+01,6.44267678e-01,8.91611767e+00,2.26832530e-03,1.21253540e+02,7.96542816e+01,1.86243649e+01,2.52351046e-01,3.06680620e-01
5345803-S04-156I3-A-L-C-190,20.02.2020-11:47:54,2.10000000e+01,6.43640041e-01,8.87071991e+00,1.91613287e-03,3.15868469e+02,8.00054779e+01,1.85931015e+01,1.37274086e-01,3.48229200e-01
5345803-S04-156I3-A-L-C-190,20.02.2020-11:47:56,2.00000000e+01,6.44809902e-01,8.87852669e+00,1.62067637e-03,3.37093811e+02,8.00370026e+01,1.86506348e+01,1.19399123e-01,2.38064289e-01
5345803-S04-156I3-A-L-C-190,20.02.2020-11:47:58,8.00000000e+00,6.49057269e-01,8.91229725e+00,2.05558236e-03,2.05653152e+02,8.03611526e+01,1.89212132e+01,1.21143661e-01,2.03317732e-01
5345803-S04-156I3-A-L-C-190,20.02.2020-11:48:00,9.00000000e+00,6.47967815e-01,8.91943169e+00,2.16549914e-03,3.05215027e+02,8.03357773e+01,1.88986092e+01,1.16527304e-01,2.45439515e-01
5345803-S04-156I3-A-L-C-190,20.02.2020-11:48:04,3.00000000e+00,6.41250789e-01,8.85244370e+00,3.02593014e-03,2.20803665e+02,7.87472229e+01,1.81951847e+01,1.68461233e-01,2.03181967e-01
5345803-S04-156I3-A-L-C-190,20.02.2020-11:48:07,2.10000000e+01,6.45578742e-01,8.93502522e+00,3.42200696e-03,5.49709656e+02,7.88897018e+01,1.85223255e+01,8.35189596e-02,1.11727580e-01
5345803-S04-156I3-A-L-C-190,20.02.2020-11:48:09,2.00000000e+00,6.40977144e-01,8.84806633e+00,3.07436916e-03,1.12915581e+02,7.89944229e+01,1.82354946e+01,1.84188575e-01,2.42389664e-01
5345803-S04-156I3-A-L-C-190,20.02.2020-11:48:11,2.40000000e+01,6.43891275e-01,8.88643837e+00,2.28980114e-03,1.78622284e+01,7.93817978e+01,1.84880619e+01,2.23557758e+00,2.59099984e+00
5345803-S04-156I3-A-L-C-190,20.02.2020-11:48:13,2.10000000e+01,6.42347097e-01,8.88235378e+00,1.99980754e-03,5.37451210e+01,7.96685715e+01,1.85018444e+01,5.75928807e-01,6.78477943e-01
5345803-S04-156I3-A-L-C-190,20.02.2020-11:48:15,1.00000000e+00,6.41561866e-01,8.87499237e+00,2.26632413e-03,6.57466202e+01,7.95951767e+01,1.84469032e+01,4.48395073e-01,5.30074239e-01
5345803-S04-156I3-A-L-C-190,20.02.2020-11:48:17,1.00000000e+00,6.42357409e-01,8.87333679e+00,1.96211971e-03,8.60598297e+01,7.96225739e+01,1.84726887e+01,4.22680557e-01,4.97324198e-01
5345803-S04-156I3-A-L-C-190,20.02.2020-11:48:19,1.90000000e+01,6.47380531e-01,8.95861530e+00,3.03151459e-03,2.57005066e+02,7.92273331e+01,1.87027626e+01,1.75675079e-01,2.20091835e-01
5345803-S04-156I3-A-L-C-190,20.02.2020-11:48:21,2.40000000e+01,6.40171707e-01,8.84930229e+00,1.96510321e-03,1.41068783e+01,7.86093903e+01,1.81263409e+01,2.02795696e+00,2.49807835e+00
5345803-S04-156I3-A-L-C-190,20.02.2020-11:48:23,2.10000000e+01,6.41273260e-01,8.87439346e+00,1.73125288e-03,2.22313751e+02,8.01138077e+01,1.85574970e+01,1.80489585e-01,4.16250408e-01
5345803-S04-156I3-A-L-C-190,20.02.2020-11:48:26,1.90000000e+01,6.45463943e-01,8.88712025e+00,1.86659594e-03,1.32862076e+02,8.02202835e+01,1.87304153e+01,2.24043831e-01,4.10744905e-01
5345803-S04-156I3-A-L-C-190,20.02.2020-11:48:28,9.00000000e+00,6.46559834e-01,8.92497349e+00,1.89376099e-03,2.27905502e+02,8.00668716e+01,1.88060989e+01,1.20394707e-01,1.74667239e-01
5345803-S04-156I3-A-L-C-190,20.02.2020-11:48:30,2.00000000e+01,6.42035306e-01,8.89371300e+00,2.04533129e-03,1.47915298e+02,8.00838318e+01,1.86130295e+01,1.69213563e-01,3.71663809e-01
5345803-S04-156I3-A-L-C-190,20.02.2020-11:48:32,9.00000000e+00,6.46369219e-01,8.94966125e+00,2.16292706e-03,1.78904266e+02,8.00202408e+01,1.88415794e+01,1.32662699e-01,1.83783934e-01
5345803-S04-156I3-A-L-C-190,20.02.2020-11:48:34,8.00000000e+00,6.46771908e-01,8.95462990e+00,1.99213624e-03,1.70350891e+02,8.02235489e+01,1.89117126e+01,1.33454412e-01,1.97645605e-01
5345803-S04-156I3-A-L-C-190,20.02.2020-11:48:36,9.00000000e+00,6.46019340e-01,8.92990208e+00,2.08170968e-03,2.23061737e+02,8.01420975e+01,1.88184185e+01,1.37900114e-01,2.07419172e-01
5345803-S04-156I3-A-L-C-190,20.02.2020-11:48:38,9.00000000e+00,6.46700919e-01,8.93348026e+00,1.82207045e-03,1.78720032e+02,8.00432281e+01,1.88225727e+01,1.39855221e-01,1.93177655e-01
5345803-S04-156I3-A-L-C-190,20.02.2020-11:48:40,9.00000000e+00,6.46507084e-01,8.95165539e+00,1.95628707e-03,1.57977203e+02,8.01636810e+01,1.88835888e+01,1.64642721e-01,2.44289741e-01
5345803-S04-156I3-A-L-C-190,20.02.2020-11:48:42,2.00000000e+01,6.41748309e-01,8.88920689e+00,1.91684742e-03,2.08980789e+02,8.01520081e+01,1.86111126e+01,1.71207905e-01,4.42628354e-01
5345803-S04-156I3-A-L-C-190,20.02.2020-11:48:44,9.00000000e+00,6.45091653e-01,8.94644928e+00,1.63959106e-03,1.28092407e+02,8.02057495e+01,1.88411694e+01,2.16193646e-01,2.98892051e-01
5345803-S04-156I3-A-L-C-190,20.02.2020-11:48:47,9.00000000e+00,6.44505739e-01,8.95424175e+00,2.04260764e-03,1.45508850e+02,8.01158829e+01,1.88193417e+01,2.10563689e-01,2.84751534e-01
5345803-S04-156I3-A-L-C-190,20.02.2020-11:48:49,7.00000000e+00,6.47844374e-01,8.97185707e+00,1.76716119e-03,1.23260574e+02,8.05145416e+01,1.90483570e+01,1.77606583e-01,2.53393888e-01
5345803-S04-156I3-A-L-C-190,20.02.2020-11:48:51,9.00000000e+00,6.45621359e-01,8.97511959e+00,1.76710263e-03,1.75105148e+02,8.01552963e+01,1.89051685e+01,1.75642848e-01,2.75162250e-01
5345803-S04-156I3-A-L-C-190,20.02.2020-11:48:53,9.00000000e+00,6.45416737e-01,8.97403622e+00,1.60693505e-03,1.61577103e+02,8.00521851e+01,1.88725853e+01,1.76615164e-01,2.23621413e-01
5345803-S04-156I3-A-L-C-190,20.02.2020-11:48:55,9.00000000e+00,6.46004140e-01,8.94307137e+00,2.04269914e-03,1.39528214e+02,8.02438049e+01,1.88696461e+01,2.53657013e-01,4.30313855e-01
5345803-S04-156I3-A-L-C-190,20.02.2020-11:48:57,9.00000000e+00,6.45604908e-01,8.97345448e+00,1.95244944e-03,1.86517044e+02,7.99645157e+01,1.88561916e+01,1.65886357e-01,2.12332025e-01
5345803-S04-156I3-A-L-C-190,20.02.2020-11:48:59,2.00000000e+00,6.39980912e-01,8.81604862e+00,1.81153556e-03,2.02195251e+02,7.97237244e+01,1.83087521e+01,3.08394790e-01,8.18142533e-01
5345803-S04-156I3-A-L-C-190,20.02.2020-11:49:01,9.00000000e+00,6.46922112e-01,8.92877769e+00,1.75007281e-03,1.04660896e+02,8.03879013e+01,1.89001331e+01,2.58384973e-01,3.79659653e-01
5345803-S04-156I3-A-L-C-190,20.02.2020-11:49:03,1.90000000e+01,6.44436300e-01,8.94089508e+00,1.77398697e-03,1.71139938e+02,8.00832062e+01,1.87816029e+01,1.98852003e-01,4.14781213e-01
5345803-S04-156I3-A-L-C-190,20.02.2020-11:49:05,1.90000000e+01,6.44735932e-01,8.88875675e+00,1.80491363e-03,1.48379089e+02,8.03278961e+01,1.87378387e+01,2.45718658e-01,4.81071591e-01
5345803-S04-156I3-A-L-C-190,20.02.2020-11:49:08,9.00000000e+00,6.42817855e-01,8.93691063e+00,1.71842671e-03,1.19450577e+02,8.04113770e+01,1.88028221e+01,2.44517341e-01,4.25739974e-01
5345803-S04-156I3-A-L-C-190,20.02.2020-11:49:10,1.00000000e+00,6.39904797e-01,8.87763500e+00,1.95064989e-03,9.23267593e+01,7.97817688e+01,1.84478836e+01,3.12463969e-01,6.10227942e-01
5345803-S04-156I3-A-L-C-190,20.02.2020-11:49:12,1.90000000e+01,6.44728661e-01,8.91970539e+00,1.86909910e-03,1.95224808e+02,8.02010574e+01,1.87731781e+01,2.16125339e-01,4.15897757e-01
5345803-S04-156I3-A-L-C-190,20.02.2020-11:49:14,2.00000000e+01,6.42658591e-01,8.95071888e+00,2.05036905e-03,1.31180023e+02,7.98237762e+01,1.86896286e+01,2.13600770e-01,2.56704628e-01
5345803-S04-156I3-A-L-C-190,20.02.2020-11:49:16,9.00000000e+00,6.44580960e-01,8.91815948e+00,1.92461011e-03,1.83345428e+02,8.03753357e+01,1.88064022e+01,2.12668642e-01,6.41720474e-01
5345803-S04-156I3-A-L-C-190,20.02.2020-11:49:18,1.90000000e+01,6.42541945e-01,8.97184753e+00,2.12274096e-03,9.77542496e+01,7.98526917e+01,1.87371330e+01,3.38547677e-01,4.58348870e-01
5345803-S04-156I3-A-L-C-190,20.02.2020-11:49:20,9.00000000e+00,6.43930316e-01,8.98533154e+00,2.18519173e-03,1.13318756e+02,8.00766754e+01,1.88585911e+01,2.54748315e-01,3.88685197e-01
5345803-S04-156I3-A-L-C-190,20.02.2020-11:49:23,9.00000000e+00,6.44829571e-01,8.93669510e+00,1.98837044e-03,1.27428177e+02,8.02522430e+01,1.88238869e+01,2.65388548e-01,4.73500192e-01
5345803-S04-156I3-A-L-C-190,20.02.2020-11:49:25,9.00000000e+00,6.42840683e-01,8.95604897e+00,1.91884825e-03,7.10961456e+01,8.03215790e+01,1.88227139e+01,3.07977468e-01,4.01160061e-01
5345803-S04-156I3-A-L-C-190,20.02.2020-11:49:27,9.00000000e+00,6.45297825e-01,8.93305969e+00,1.99510157e-03,1.42817352e+02,8.02177124e+01,1.88217888e+01,1.99872851e-01,3.26031685e-01
5345803-S04-156I3-A-L-C-190,20.02.2020-11:49:29,2.00000000e+00,6.40194297e-01,8.81676388e+00,1.73977902e-03,2.68358215e+02,7.98163910e+01,1.83376331e+01,2.61239797e-01,7.69266784e-01
5345803-S04-156I3-A-L-C-190,20.02.2020-11:49:31,8.00000000e+00,6.45733953e-01,8.97186661e+00,1.80111779e-03,1.19546371e+02,8.02445831e+01,1.89226685e+01,1.83309630e-01,2.41175026e-01
5345803-S04-156I3-A-L-C-190,20.02.2020-11:49:33,9.00000000e+00,6.45724773e-01,8.94178104e+00,1.90512568e-03,1.13235023e+02,8.01347656e+01,1.88331375e+01,2.75498480e-01,3.74639511e-01
5345803-S04-156I3-A-L-C-190,20.02.2020-11:49:35,9.00000000e+00,6.45422280e-01,8.93332195e+00,1.84429635e-03,1.77940613e+02,8.02936020e+01,1.88437824e+01,1.69193983e-01,4.57067847e-01
5345803-S04-156I3-A-L-C-190,20.02.2020-11:49:37,1.90000000e+01,6.43297911e-01,8.98974133e+00,2.17923499e-03,2.94063538e+02,7.96924133e+01,1.87588634e+01,8.82960409e-02,1.09224789e-01
5345803-S04-156I3-A-L-C-190,20.02.2020-11:49:39,8.00000000e+00,6.47592902e-01,8.96479034e+00,1.86072942e-03,8.83500671e+01,8.03737640e+01,1.89927006e+01,2.73269266e-01,3.57404590e-01
5345803-S04-156I3-A-L-C-190,20.02.2020-11:49:41,9.00000000e+00,6.45368397e-01,8.94832134e+00,1.56213355e-03,9.53011398e+01,8.02862091e+01,1.88721085e+01,2.61086494e-01,3.48165542e-01
5345803-S04-156I3-A-L-C-190,20.02.2020-11:49:44,1.00000000e+00,6.39593184e-01,8.88452721e+00,2.05390202e-03,7.94110641e+01,7.98467636e+01,1.84682465e+01,3.15098941e-01,5.92087626e-01
5345803-S04-156I3-A-L-C-190,20.02.2020-11:49:46,9.00000000e+00,6.46607995e-01,8.94271469e+00,1.83597312e-03,1.53638260e+02,8.01606216e+01,1.88669510e+01,1.61086038e-01,2.16222510e-01
5345803-S04-156I3-A-L-C-190,20.02.2020-11:49:48,2.00000000e+01,6.42843544e-01,8.88463497e+00,1.79788121e-03,9.10028992e+01,8.03722610e+01,1.86844902e+01,3.54012668e-01,6.24762714e-01
5345803-S04-156I3-A-L-C-190,20.02.2020-11:49:50,9.00000000e+00,6.46283746e-01,8.93419552e+00,1.94392772e-03,2.24413544e+02,8.01820374e+01,1.88445587e+01,1.06601663e-01,1.59280553e-01
5345803-S04-156I3-A-L-C-190,20.02.2020-11:49:52,9.00000000e+00,6.46530271e-01,8.93963909e+00,1.90823805e-03,1.06572899e+02,8.00623016e+01,1.88350639e+01,2.47541904e-01,3.16620499e-01
5345803-S04-156I3-A-L-C-190,20.02.2020-11:49:54,1.90000000e+01,6.44645691e-01,8.92229176e+00,1.77909643e-03,2.13837250e+02,8.01199188e+01,1.87572079e+01,1.39748245e-01,2.64335930e-01
5345803-S04-156I3-A-L-C-190,20.02.2020-11:49:56,1.00000000e+00,6.41425729e-01,8.85935020e+00,2.23116530e-03,9.97823563e+01,7.98775558e+01,1.84757996e+01,3.08193982e-01,5.46116710e-01
5345803-S04-156I3-A-L-C-190,20.02.2020-11:49:58,9.00000000e+00,6.46928072e-01,8.94319248e+00,1.69205735e-03,2.11805984e+02,8.01236572e+01,1.88685932e+01,1.37895241e-01,1.87059239e-01
5345803-S04-156I3-A-L-C-190,20.02.2020-11:50:01,1.90000000e+01,6.45213485e-01,8.88911724e+00,1.77766476e-03,1.69187027e+02,8.02624664e+01,1.87372036e+01,1.75764069e-01,2.90786207e-01
5345803-S04-156I3-A-L-C-190,20.02.2020-11:50:03,8.00000000e+00,6.47595286e-01,8.96475697e+00,1.81072194e-03,1.01201286e+02,8.03847504e+01,1.89952965e+01,2.25444406e-01,3.14538687e-01
5345803-S04-156I3-A-L-C-190,20.02.2020-11:50:05,1.90000000e+01,6.44731462e-01,8.89419174e+00,1.90283603e-03,1.73318497e+02,8.03381958e+01,1.87515697e+01,2.65540391e-01,4.52032685e-01
5345803-S04-156I3-A-L-C-190,20.02.2020-11:50:07,2.00000000e+01,6.43193245e-01,8.93047905e+00,2.11423635e-03,1.42950302e+02,7.99749756e+01,1.86982327e+01,2.54550636e-01,4.91601557e-01
5345803-S04-156I3-A-L-C-190,20.02.2020-11:50:09,1.90000000e+01,6.42422020e-01,8.95349312e+00,1.89682865e-03,1.14506241e+02,8.00375977e+01,1.87386017e+01,2.85876781e-01,4.88181204e-01
5345803-S04-156I3-A-L-C-190,20.02.2020-11:50:11,1.90000000e+01,6.44706309e-01,8.92072773e+00,1.83853891e-03,1.68603531e+02,8.00891571e+01,1.87484818e+01,1.95198193e-01,2.74130881e-01
5345803-S04-156I3-A-L-C-190,20.02.2020-11:50:15,1.90000000e+01,6.43920302e-01,8.92548561e+00,1.69317762e-03,1.04728722e+02,8.01783524e+01,1.87564812e+01,2.79256999e-01,3.27329427e-01
5345803-S04-156I3-A-L-C-190,20.02.2020-11:50:17,9.00000000e+00,6.44696712e-01,8.99567986e+00,1.97126484e-03,1.42875229e+02,7.98270493e+01,1.88438530e+01,1.61499918e-01,1.88334540e-01
5345803-S04-156I3-A-L-C-190,20.02.2020-11:50:20,8.00000000e+00,6.45343304e-01,8.97331524e+00,1.75904389e-03,9.14563904e+01,8.02280960e+01,1.89103870e+01,2.86996335e-01,3.85711461e-01
5345803-S04-156I3-A-L-C-190,20.02.2020-11:50:22,8.00000000e+00,6.45360351e-01,8.98147297e+00,1.79086591e-03,1.12666687e+02,8.02025146e+01,1.89220428e+01,2.11260900e-01,3.00638258e-01
5345803-S04-156I3-A-L-C-190,20.02.2020-11:50:24,8.00000000e+00,6.45090222e-01,8.97638035e+00,1.75985217e-03,9.40203552e+01,8.02434692e+01,1.89130497e+01,2.69825250e-01,3.61580074e-01
5345803-S04-156I3-A-L-C-190,20.02.2020-11:50:26,8.00000000e+00,6.47201300e-01,8.95707417e+00,1.99218304e-03,1.70634598e+02,8.03723679e+01,1.89645481e+01,1.87235281e-01,3.57660174e-01
5345803-S04-156I3-A-L-C-190,20.02.2020-11:50:28,2.00000000e+00,6.39475822e-01,8.85126972e+00,1.98028376e-03,1.18771736e+02,7.98133240e+01,1.83880348e+01,3.16099644e-01,9.63438928e-01
5345803-S04-156I3-A-L-C-190,20.02.2020-11:50:30,2.00000000e+01,6.42009139e-01,8.86501312e+00,1.51704834e-03,8.58754272e+01,8.03222733e+01,1.86074467e+01,3.54135334e-01,7.03971982e-01
5345803-S04-156I3-A-L-C-190,20.02.2020-11:50:32,2.10000000e+01,6.41977429e-01,8.87290955e+00,1.92804146e-03,1.01236008e+02,8.01507568e+01,1.85833340e+01,3.69499624e-01,8.08285832e-01
5345803-S04-156I3-A-L-C-190,20.02.2020-11:50:35,2.10000000e+01,6.41623557e-01,8.85153008e+00,1.47060654e-03,1.79696030e+02,8.03778229e+01,1.85808277e+01,2.40470737e-01,8.25979412e-01
5345803-S04-156I3-A-L-C-190,20.02.2020-11:50:37,2.10000000e+01,6.41740978e-01,8.85654926e+00,1.58119947e-03,1.32123367e+02,8.02596970e+01,1.85674381e+01,3.37808639e-01,7.56140709e-01
5345803-S04-156I3-A-L-C-190,20.02.2020-11:50:40,1.90000000e+01,6.43031895e-01,8.96804905e+00,1.74677907e-03,1.38460327e+02,8.00621414e+01,1.87926464e+01,2.36695141e-01,3.19754899e-01
5345803-S04-156I3-A-L-C-190,20.02.2020-11:50:43,9.00000000e+00,6.45890415e-01,8.94786930e+00,1.95176259e-03,2.17852463e+02,8.01760330e+01,1.88605003e+01,9.49320346e-02,1.50916800e-01
5345803-S04-156I3-A-L-C-190,20.02.2020-11:50:45,2.00000000e+01,6.43021166e-01,8.88439369e+00,1.71774952e-03,9.64432907e+01,8.01863556e+01,1.86459179e+01,3.10177416e-01,7.19552934e-01
5345803-S04-156I3-A-L-C-190,20.02.2020-11:50:47,2.10000000e+01,6.42612815e-01,8.85200787e+00,2.16560438e-03,2.00748184e+02,7.99412079e+01,1.85093880e+01,2.47152478e-01,1.16751456e+00
5345803-S04-156I3-A-L-C-190,20.02.2020-11:50:49,2.00000000e+01,6.43126726e-01,8.89613628e+00,2.08220305e-03,1.22311073e+02,8.00469437e+01,1.86411610e+01,2.53778338e-01,6.81926489e-01
5345803-S04-156I3-A-L-C-190,20.02.2020-11:50:51,2.00000000e+01,6.42686605e-01,8.86674595e+00,1.62155309e-03,1.46835617e+02,8.01966400e+01,1.86015816e+01,2.35571787e-01,8.18645358e-01
5345803-S04-156I3-A-L-C-190,20.02.2020-11:50:54,1.90000000e+01,6.43880010e-01,8.97409821e+00,1.92708999e-03,8.78781204e+01,7.97991180e+01,1.87682629e+01,2.79867530e-01,3.25565726e-01
5345803-S04-156I3-A-L-C-190,20.02.2020-11:50:56,2.10000000e+01,6.42551243e-01,8.85151100e+00,2.05993047e-03,1.75478973e+02,7.99823380e+01,1.85160980e+01,2.24551007e-01,8.48010242e-01
5345803-S04-156I3-A-L-C-190,20.02.2020-11:50:58,2.10000000e+01,6.42001748e-01,8.86453819e+00,1.82347128e-03,1.02110657e+02,8.01870651e+01,1.85749168e+01,2.85870016e-01,8.60553443e-01
5345803-S04-156I3-A-L-C-190,20.02.2020-11:51:00,2.10000000e+01,6.42531455e-01,8.86375809e+00,1.75079377e-03,1.59343338e+02,8.00871506e+01,1.85654430e+01,3.08860213e-01,1.03205621e+00
5345803-S04-156I3-A-L-C-190,20.02.2020-11:51:02,2.00000000e+01,6.42537773e-01,8.88575649e+00,1.73551391e-03,1.25974899e+02,8.02455368e+01,1.86485119e+01,3.41415614e-01,7.84800053e-01
5345803-S04-156I3-A-L-C-190,20.02.2020-11:51:04,8.00000000e+00,6.48398876e-01,8.94991302e+00,1.76727830e-03,3.25738403e+02,8.01484833e+01,1.89315662e+01,1.18896618e-01,2.40741909e-01
5345803-S04-156I3-A-L-C-190,20.02.2020-11:51:06,9.00000000e+00,6.47401154e-01,8.94903469e+00,2.16116081e-03,1.66435257e+02,8.01755905e+01,1.89069729e+01,1.94547698e-01,3.57511163e-01
5345803-S04-156I3-A-L-C-190,20.02.2020-11:51:08,1.90000000e+01,6.44516110e-01,8.98105812e+00,2.13857996e-03,1.67945663e+02,7.96531601e+01,1.87669849e+01,1.54458895e-01,1.90849170e-01
5345803-S04-156I3-A-L-C-190,20.02.2020-11:51:11,9.00000000e+00,6.46094739e-01,8.99367046e+00,1.82384241e-03,7.35351715e+01,7.97987518e+01,1.88738060e+01,3.29685032e-01,3.90974373e-01
5345803-S04-156I3-A-L-C-190,20.02.2020-11:51:13,8.00000000e+00,6.49112046e-01,8.95268440e+00,1.74072862e-03,1.84798050e+02,8.02985306e+01,1.89937515e+01,1.83603376e-01,2.49296635e-01
5345803-S04-156I3-A-L-C-190,20.02.2020-11:51:15,9.00000000e+00,6.44761443e-01,8.99499321e+00,2.08755233e-03,8.81671066e+01,7.97500916e+01,1.88261395e+01,2.79566377e-01,3.39126110e-01
5345803-S04-156I3-A-L-C-190,20.02.2020-11:51:17,9.00000000e+00,6.45794690e-01,8.99309826e+00,2.00613169e-03,1.24941162e+02,7.98274918e+01,1.88706322e+01,2.18939140e-01,2.65576065e-01
5345803-S04-156I3-A-L-C-190,20.02.2020-11:51:44,8.00000000e+00,6.45464838e-01,8.99808788e+00,1.65224436e-03,1.36183151e+02,7.99916534e+01,1.89102669e+01,1.86902463e-01,2.33172506e-01
5345803-S04-156I3-A-L-C-190,20.02.2020-11:51:46,2.00000000e+01,6.43711209e-01,8.89816952e+00,1.86566554e-03,1.00127098e+02,8.00880127e+01,1.86719398e+01,3.21742654e-01,6.46056890e-01
5345803-S04-156I3-A-L-C-190,20.02.2020-11:51:48,1.90000000e+01,6.44074380e-01,8.91425419e+00,1.77595927e-03,1.95061157e+02,8.02242279e+01,1.87480793e+01,2.31237844e-01,4.94417489e-01
5345803-S04-156I3-A-L-C-190,20.02.2020-11:51:50,8.00000000e+00,6.46565080e-01,8.99552822e+00,1.77884463e-03,1.05493576e+02,8.00209351e+01,1.89440441e+01,2.26933822e-01,2.62687117e-01
5345803-S04-156I3-A-L-C-190,20.02.2020-11:51:52,9.00000000e+00,6.45008385e-01,8.99917793e+00,1.79396395e-03,1.06545609e+02,7.98879013e+01,1.88746719e+01,2.21622020e-01,2.69385308e-01
5345803-S04-156I3-A-L-C-190,20.02.2020-11:51:54,8.00000000e+00,6.49233758e-01,8.95139408e+00,1.96371414e-03,1.27270256e+02,8.02796631e+01,1.89901104e+01,2.20623091e-01,2.87405133e-01
5345803-S04-156I3-A-L-C-190,20.02.2020-11:51:57,2.00000000e+01,6.43992424e-01,8.90499973e+00,1.40270800e-03,1.65714462e+02,8.00930710e+01,1.86956177e+01,2.76916593e-01,5.21343172e-01
5345803-S04-156I3-A-L-C-190,20.02.2020-11:51:59,1.90000000e+01,6.43753529e-01,8.95985985e+00,1.74611912e-03,9.96175842e+01,7.97600708e+01,1.87256374e+01,2.53912807e-01,2.97207206e-01
5345803-S04-156I3-A-L-C-190,20.02.2020-11:52:01,2.00000000e+01,6.43806398e-01,8.94772243e+00,1.92150241e-03,1.12942787e+02,7.97089539e+01,1.86898193e+01,2.16206074e-01,2.51844585e-01
5345803-S04-156I3-A-L-C-190,20.02.2020-11:52:03,9.00000000e+00,6.47562206e-01,8.94257164e+00,2.08981591e-03,1.21149513e+02,8.01491776e+01,1.88917942e+01,2.31446490e-01,3.95305097e-01
5345803-S04-156I3-A-L-C-190,20.02.2020-11:52:05,2.00000000e+01,6.43395483e-01,8.89336681e+00,1.61415269e-03,1.31665115e+02,8.01858139e+01,1.86754875e+01,2.39691183e-01,6.68125391e-01
5345803-S04-156I3-A-L-C-190,20.02.2020-11:52:07,2.10000000e+01,6.42776787e-01,8.84883308e+00,1.56262319e-03,1.19901543e+02,8.02115173e+01,1.85700531e+01,2.50808090e-01,1.15264547e+00
5345803-S04-156I3-A-L-C-190,20.02.2020-11:52:09,1.90000000e+01,6.44542933e-01,8.91222763e+00,1.69275713e-03,1.28019669e+02,8.02413330e+01,1.87614517e+01,2.36344770e-01,4.64275002e-01
5345803-S04-156I3-A-L-C-190,20.02.2020-11:52:11,2.00000000e+01,6.41645730e-01,8.95518398e+00,1.87003659e-03,1.07546547e+02,7.98010712e+01,1.86641731e+01,2.42621869e-01,2.75779575e-01
5345803-S04-156I3-A-L-C-190,20.02.2020-11:52:14,2.10000000e+01,6.42912209e-01,8.84864044e+00,1.81205466e-03,1.15279167e+02,8.01469650e+01,1.85586109e+01,3.06433260e-01,1.13472998e+00
5345803-S04-156I3-A-L-C-190,20.02.2020-11:52:16,8.00000000e+00,6.48636758e-01,8.94078445e+00,1.72217656e-03,1.48226578e+02,8.04167404e+01,1.89825191e+01,1.74409851e-01,2.36373231e-01
5345803-S04-156I3-A-L-C-190,20.02.2020-11:52:18,1.90000000e+01,6.43458664e-01,8.90055275e+00,1.68284308e-03,1.93993027e+02,8.03008270e+01,1.87192230e+01,2.20427975e-01,6.27619028e-01
5345803-S04-156I3-A-L-C-190,20.02.2020-11:52:20,2.00000000e+01,6.43225610e-01,8.89595222e+00,1.86111848e-03,1.64622406e+02,8.01955338e+01,1.86782475e+01,2.52178580e-01,6.36607349e-01
5345803-S04-156I3-A-L-C-190,20.02.2020-11:52:22,2.10000000e+01,6.42353952e-01,8.85205650e+00,1.83591177e-03,1.26130196e+02,8.01744614e+01,1.85560207e+01,2.78604418e-01,1.24116993e+00
5345803-S04-156I3-A-L-C-190,20.02.2020-11:52:24,2.10000000e+01,6.42700076e-01,8.87156010e+00,1.73217081e-03,1.23810219e+02,8.01008072e+01,1.85898304e+01,2.88035274e-01,8.98434937e-01
5345803-S04-156I3-A-L-C-190,20.02.2020-11:52:26,8.00000000e+00,6.47417247e-01,8.95108795e+00,1.90789870e-03,5.49153824e+01,8.03445129e+01,1.89516258e+01,5.34678280e-01,7.21331298e-01
5345803-S04-156I3-A-L-C-190,20.02.2020-11:52:29,8.00000000e+00,6.46348774e-01,8.93568516e+00,1.82801962e-03,1.51055389e+02,8.04761581e+01,1.89187393e+01,2.05682680e-01,3.76727790e-01
5345803-S04-156I3-A-L-C-190,20.02.2020-11:52:31,1.90000000e+01,6.45101726e-01,8.88531971e+00,1.73867063e-03,2.96866028e+02,8.01534729e+01,1.87005253e+01,1.44506559e-01,2.88602650e-01
5345803-S04-156I3-A-L-C-190,20.02.2020-11:52:33,2.00000000e+01,6.42408967e-01,8.92857265e+00,1.80688500e-03,1.42710114e+02,8.00655212e+01,1.86925831e+01,1.45285919e-01,1.74355790e-01
5345803-S04-156I3-A-L-C-190,20.02.2020-11:52:35,1.90000000e+01,6.45552695e-01,8.90241337e+00,1.62132247e-03,2.24689438e+02,8.01521149e+01,1.87492828e+01,1.50876746e-01,2.96911925e-01
5345803-S04-156I3-A-L-C-190,20.02.2020-11:52:37,9.00000000e+00,6.45718396e-01,8.92014790e+00,1.67870172e-03,1.49469650e+02,8.03739090e+01,1.88434525e+01,1.83408931e-01,2.43871123e-01
5345803-S04-156I3-A-L-C-190,20.02.2020-11:52:39,1.90000000e+01,6.44569218e-01,8.91078472e+00,1.73910218e-03,1.90625626e+02,8.03147659e+01,1.87763462e+01,9.86191109e-02,1.52740091e-01
5345803-S04-156I3-A-L-C-190,20.02.2020-11:52:42,1.90000000e+01,6.43929780e-01,8.90367508e+00,1.97871937e-03,1.57736832e+02,8.02106018e+01,1.87184448e+01,1.50938302e-01,2.07440570e-01
5345803-S04-156I3-A-L-C-190,20.02.2020-11:52:44,1.90000000e+01,6.42941296e-01,8.91479111e+00,1.85732648e-03,1.24395218e+02,8.02260818e+01,1.87166576e+01,2.46584073e-01,4.18903649e-01
5345803-S04-156I3-A-L-C-190,20.02.2020-11:52:46,1.90000000e+01,6.43846869e-01,8.92457008e+00,2.08749529e-03,2.24673660e+02,8.00090408e+01,1.87128162e+01,1.75115705e-01,3.66831481e-01
5345803-S04-156I3-A-L-C-190,20.02.2020-11:52:48,1.90000000e+01,6.43644452e-01,8.94743252e+00,1.63068157e-03,3.80211975e+02,8.00266190e+01,1.87589760e+01,7.53315911e-02,9.33872163e-02
5345803-S04-156I3-A-L-C-190,20.02.2020-11:52:50,8.00000000e+00,6.45215213e-01,8.95965958e+00,1.87466270e-03,2.04452377e+02,8.04061813e+01,1.89197655e+01,1.44324034e-01,1.85850635e-01
5345803-S04-156I3-A-L-C-190,20.02.2020-11:52:52,1.90000000e+01,6.43658817e-01,8.94915676e+00,1.60697952e-03,1.21934853e+02,8.00312576e+01,1.87640991e+01,1.91546857e-01,2.21705019e-01
5345803-S04-156I3-A-L-C-190,20.02.2020-11:52:54,9.00000000e+00,6.44610047e-01,8.92480850e+00,1.50436361e-03,9.00352325e+01,8.02888412e+01,1.88010178e+01,3.15306455e-01,3.74805897e-01
5345803-S04-156I3-A-L-C-190,20.02.2020-11:52:57,8.00000000e+00,6.46643758e-01,8.96875858e+00,1.62332552e-03,2.40172607e+02,8.02886810e+01,1.89531708e+01,1.14190489e-01,1.49270877e-01
5345803-S04-156I3-A-L-C-190,20.02.2020-11:52:59,9.00000000e+00,6.45119250e-01,8.94120502e+00,1.61613349e-03,1.43316971e+02,8.01209564e+01,1.88110218e+01,1.64808258e-01,2.10215017e-01
5345803-S04-156I3-A-L-C-190,20.02.2020-11:53:01,1.90000000e+01,6.44620538e-01,8.92545414e+00,1.48904324e-03,1.06344856e+02,8.02333298e+01,1.87896843e+01,2.16904923e-01,2.62446493e-01
5345803-S04-156I3-A-L-C-190,20.02.2020-11:53:03,8.00000000e+00,6.45201623e-01,8.96920013e+00,1.82375137e-03,1.32499741e+02,8.03628159e+01,1.89293003e+01,2.00926006e-01,2.58026719e-01
5345803-S04-156I3-A-L-C-190,20.02.2020-11:53:05,9.00000000e+00,6.45908654e-01,8.91210747e+00,1.56616047e-03,1.80988770e+02,8.03477936e+01,1.88258972e+01,1.66996866e-01,2.39581734e-01
5345803-S04-156I3-A-L-C-190,20.02.2020-11:53:07,2.00000000e+01,6.43508136e-01,8.91174793e+00,1.95833971e-03,1.28443451e+02,8.00595245e+01,1.86878834e+01,2.39530474e-01,4.21390086e-01
5345803-S04-156I3-A-L-C-190,20.02.2020-11:53:09,2.00000000e+01,6.43627405e-01,8.90533352e+00,2.01750523e-03,1.90422302e+02,8.00881500e+01,1.86845722e+01,1.67755142e-01,3.23460281e-01
5345803-S04-156I3-A-L-C-190,20.02.2020-11:53:12,9.00000000e+00,6.47095680e-01,8.94881821e+00,1.90157315e-03,1.53342590e+02,8.01620636e+01,1.88944073e+01,1.81047380e-01,2.27722898e-01
5345803-S04-156I3-A-L-C-190,20.02.2020-11:53:14,9.00000000e+00,6.45268261e-01,8.92430496e+00,1.04487804e-03,1.89506622e+02,8.02947159e+01,1.88205318e+01,1.18720263e-01,2.03021884e-01
5345803-S04-156I3-A-L-C-190,20.02.2020-11:53:16,1.90000000e+01,6.43637419e-01,8.94516468e+00,2.13709380e-03,9.14893188e+01,8.00225143e+01,1.87530537e+01,3.19350809e-01,6.50472045e-01
5345803-S04-156I3-A-L-C-190,20.02.2020-11:53:18,1.90000000e+01,6.43749297e-01,8.91342449e+00,1.58633594e-03,8.76606445e+01,8.01755219e+01,1.87254963e+01,2.72149056e-01,6.12240613e-01
5345803-S04-156I3-A-L-C-190,20.02.2020-11:53:20,1.90000000e+01,6.44178629e-01,8.92777920e+00,1.68232608e-03,1.00636169e+02,8.01979370e+01,1.87734108e+01,3.25817376e-01,6.98626995e-01
5345803-S04-156I3-A-L-C-190,20.02.2020-11:53:22,2.10000000e+01,6.40261769e-01,8.88169479e+00,1.86610525e-03,6.73139572e+01,7.99281158e+01,1.85004864e+01,5.40273130e-01,1.62465692e+00
5345803-S04-156I3-A-L-C-190,20.02.2020-11:53:24,1.90000000e+01,6.44226372e-01,8.92023754e+00,1.66712853e-03,1.84350586e+02,8.02746048e+01,1.87768745e+01,2.64495671e-01,6.22504473e-01
5345803-S04-156I3-A-L-C-190,20.02.2020-11:53:26,1.90000000e+01,6.45188570e-01,8.91775131e+00,1.74054666e-03,1.08875313e+02,8.02350159e+01,1.87904053e+01,2.00576663e-01,3.03610921e-01
5345803-S04-156I3-A-L-C-190,20.02.2020-11:53:29,1.90000000e+01,6.43676698e-01,8.92772388e+00,1.65812403e-03,1.47243225e+02,8.00553055e+01,1.87253036e+01,1.59799129e-01,1.86971679e-01
5345803-S04-156I3-A-L-C-190,20.02.2020-11:53:31,1.90000000e+01,6.43437386e-01,8.91679382e+00,1.86360197e-03,4.02206726e+02,8.01148071e+01,1.87093201e+01,1.00760885e-01,2.43505746e-01
5345803-S04-156I3-A-L-C-190,20.02.2020-11:53:33,2.00000000e+01,6.42142892e-01,8.87544918e+00,1.59110583e-03,1.82795609e+02,8.03296127e+01,1.86349335e+01,2.21257403e-01,6.11430943e-01
5345803-S04-156I3-A-L-C-190,20.02.2020-11:53:35,2.00000000e+01,6.42394960e-01,8.91124916e+00,1.81912770e-03,1.84103836e+02,8.01600266e+01,1.86779289e+01,1.78865194e-01,2.85018742e-01
5345803-S04-156I3-A-L-C-190,20.02.2020-11:53:37,9.00000000e+00,6.45150423e-01,8.95750904e+00,1.80571724e-03,1.60301056e+02,8.03045883e+01,1.88894272e+01,2.05126226e-01,2.65715361e-01
5345803-S04-156I3-A-L-C-190,20.02.2020-11:53:39,9.00000000e+00,6.44628823e-01,8.93410587e+00,1.68505451e-03,3.23883240e+02,8.02100830e+01,1.88026886e+01,1.45329431e-01,1.80402428e-01
5345803-S04-156I3-A-L-C-190,20.02.2020-11:53:41,9.00000000e+00,6.45359933e-01,8.96312237e+00,1.93162321e-03,8.48150787e+01,8.02023392e+01,1.88833294e+01,2.69579381e-01,3.43417823e-01
5345803-S04-156I3-A-L-C-190,20.02.2020-11:53:44,8.00000000e+00,6.45847559e-01,8.96934605e+00,1.70936680e-03,1.37885712e+02,8.03024445e+01,1.89343204e+01,2.05402434e-01,2.54419565e-01
5345803-S04-156I3-A-L-C-190,20.02.2020-11:53:46,9.00000000e+00,6.45582736e-01,8.93285179e+00,1.58968195e-03,1.28495758e+02,8.02644119e+01,1.88406239e+01,2.01880842e-01,2.60985285e-01
5345803-S04-156I3-A-L-C-190,20.02.2020-11:53:48,1.90000000e+01,6.44152164e-01,8.92724133e+00,1.76384230e-03,2.18743469e+02,8.02614517e+01,1.87863750e+01,1.31525099e-01,1.69111431e-01
5345803-S04-156I3-A-L-C-190,20.02.2020-11:53:50,1.90000000e+01,6.42161846e-01,8.94660282e+00,1.85301166e-03,2.08678024e+02,8.01240768e+01,1.87368202e+01,1.38727814e-01,1.86349869e-01
5345803-S04-156I3-A-L-C-190,20.02.2020-11:53:52,1.90000000e+01,6.43802762e-01,8.91571808e+00,1.65121863e-03,1.83416779e+02,8.02441864e+01,1.87479134e+01,1.61768898e-01,3.27085793e-01
5345803-S04-156I3-A-L-C-190,20.02.2020-11:53:54,1.90000000e+01,6.43815696e-01,8.92378044e+00,1.80713029e-03,1.57465958e+02,8.01058426e+01,1.87328930e+01,1.90020800e-01,3.30696195e-01
5345803-S04-156I3-A-L-C-190,20.02.2020-11:53:56,9.00000000e+00,6.46564662e-01,8.91817856e+00,1.66193873e-03,3.05257751e+02,8.03932419e+01,1.88685207e+01,9.65014473e-02,1.51204214e-01
5345803-S04-156I3-A-L-C-190,20.02.2020-11:53:59,9.00000000e+00,6.46076739e-01,8.92533207e+00,1.63268927e-03,1.94904205e+02,8.03255081e+01,1.88535061e+01,1.43617392e-01,1.95889384e-01
5345803-S04-156I3-A-L-C-190,20.02.2020-11:54:01,9.00000000e+00,6.45761132e-01,8.92777061e+00,1.72133790e-03,1.58396103e+02,8.03805771e+01,1.88623676e+01,2.02058107e-01,2.65227050e-01
5345803-S04-156I3-A-L-C-190,20.02.2020-11:54:03,9.00000000e+00,6.46185875e-01,8.91443157e+00,1.54698128e-03,1.59401306e+02,8.05117493e+01,1.88773308e+01,2.26292282e-01,3.77158582e-01
5345803-S04-156I3-A-L-C-190,20.02.2020-11:54:05,8.00000000e+00,6.47272766e-01,8.92280579e+00,1.60583644e-03,1.43364075e+02,8.04987793e+01,1.89237957e+01,1.77802861e-01,2.46284142e-01
5345803-S04-156I3-A-L-C-190,20.02.2020-11:54:07,2.00000000e+01,6.42235458e-01,8.94487858e+00,1.85324985e-03,1.72472565e+02,7.99091492e+01,1.86850986e+01,1.35535315e-01,1.68773621e-01
5345803-S04-156I3-A-L-C-190,20.02.2020-11:54:09,1.90000000e+01,6.45274341e-01,8.88636112e+00,1.58922165e-03,1.87155823e+02,8.01363983e+01,1.87037373e+01,1.45082042e-01,2.93775558e-01
5345803-S04-156I3-A-L-C-190,20.02.2020-11:54:11,1.90000000e+01,6.44059300e-01,8.90283489e+00,1.97321083e-03,2.48817596e+02,8.03987122e+01,1.87643452e+01,1.77544832e-01,3.37499619e-01
5345803-S04-156I3-A-L-C-190,20.02.2020-11:54:13,8.00000000e+00,6.47125304e-01,8.94845295e+00,1.95801747e-03,6.36924324e+01,8.04201202e+01,1.89553261e+01,4.61727351e-01,6.88671768e-01
5345803-S04-156I3-A-L-C-190,20.02.2020-11:54:15,1.00000000e+00,6.42052412e-01,8.83323288e+00,1.59925700e-03,2.43932159e+02,8.00786896e+01,1.84857597e+01,2.08628371e-01,1.18344915e+00
5345803-S04-156I3-A-L-C-190,20.02.2020-11:54:18,2.10000000e+01,6.42205715e-01,8.86772633e+00,1.60359254e-03,2.22181564e+02,8.02318573e+01,1.85978813e+01,1.67333245e-01,7.66232789e-01
5345803-S04-156I3-A-L-C-190,20.02.2020-11:54:20,2.10000000e+01,6.42367780e-01,8.86893654e+00,1.91103492e-03,1.74884964e+02,8.01594620e+01,1.85883255e+01,2.02502340e-01,6.60027981e-01
5345803-S04-156I3-A-L-C-190,20.02.2020-11:54:22,3.00000000e+00,6.35083318e-01,8.71247101e+00,1.63496903e-03,2.73782928e+02,8.05628510e+01,1.81441689e+01,2.88792461e-01,3.13627768e+00
5345803-S04-156I3-A-L-C-190,20.02.2020-11:54:24,2.10000000e+01,6.42514944e-01,8.86633587e+00,1.78724062e-03,9.61255112e+01,8.00653076e+01,1.85653000e+01,2.55856425e-01,5.91306746e-01
5345803-S04-156I3-A-L-C-190,20.02.2020-11:54:26,2.10000000e+01,6.42160416e-01,8.85049915e+00,1.64223462e-03,1.61473251e+02,8.01061249e+01,1.85313568e+01,2.64203131e-01,8.77216339e-01
5345803-S04-156I3-A-L-C-190,20.02.2020-11:54:28,2.10000000e+01,6.41704440e-01,8.84908581e+00,1.68000802e-03,1.32075974e+02,8.02935410e+01,1.85585594e+01,3.23585153e-01,1.16888702e+00
5345803-S04-156I3-A-L-C-190,20.02.2020-11:54:30,2.00000000e+01,6.43478990e-01,8.89005566e+00,1.54102559e-03,2.60335754e+02,8.02744522e+01,1.86915970e+01,1.56433567e-01,5.82985401e-01
5345803-S04-156I3-A-L-C-190,20.02.2020-11:54:32,8.00000000e+00,6.48580074e-01,8.93301773e+00,1.76321890e-03,1.02454895e+02,8.03548813e+01,1.89497833e+01,2.51910567e-01,3.41240972e-01
5345803-S04-156I3-A-L-C-190,20.02.2020-11:54:35,8.00000000e+00,6.48424566e-01,8.92893028e+00,1.61831034e-03,1.56083755e+02,8.04311218e+01,1.89545383e+01,1.78259566e-01,2.64101744e-01
5345803-S04-156I3-A-L-C-190,20.02.2020-11:54:37,2.10000000e+01,6.42101109e-01,8.83896351e+00,1.42976723e-03,3.74740753e+02,8.01937561e+01,1.85257397e+01,1.73118070e-01,8.70434880e-01
5345803-S04-156I3-A-L-C-190,20.02.2020-11:54:39,8.00000000e+00,6.48958981e-01,8.93840504e+00,1.76323927e-03,2.26600632e+02,8.03902893e+01,1.89806499e+01,1.00157894e-01,1.49710253e-01
5345803-S04-156I3-A-L-C-190,20.02.2020-11:54:41,1.90000000e+01,6.45883560e-01,8.90020847e+00,1.97110558e-03,2.09564056e+02,8.01168442e+01,1.87459927e+01,1.20801128e-01,2.40017146e-01
5345803-S04-156I3-A-L-C-190,20.02.2020-11:54:43,8.00000000e+00,6.48454189e-01,8.92735863e+00,1.63788185e-03,9.19219513e+01,8.04237900e+01,1.89503403e+01,2.01738745e-01,2.63866454e-01
5345803-S04-156I3-A-L-C-190,20.02.2020-11:54:45,7.00000000e+00,6.49934292e-01,8.94129181e+00,1.99766993e-03,2.44834915e+02,8.04643555e+01,1.90328350e+01,1.62279591e-01,4.66671914e-01
5345803-S04-156I3-A-L-C-190,20.02.2020-11:54:47,9.00000000e+00,6.45814955e-01,8.97648430e+00,1.73600751e-03,2.51632187e+02,7.98656311e+01,1.88453617e+01,7.63027519e-02,1.00738242e-01
5345803-S04-156I3-A-L-C-190,20.02.2020-11:54:49,8.00000000e+00,6.48634136e-01,8.94834328e+00,1.71749643e-03,1.88710815e+02,8.02477341e+01,1.89585629e+01,1.13303721e-01,1.39901131e-01
5345803-S04-156I3-A-L-C-190,20.02.2020-11:54:52,2.10000000e+01,6.42306447e-01,8.85423851e+00,1.54208310e-03,1.36417160e+02,8.00975113e+01,1.85414104e+01,3.24314624e-01,8.79525602e-01
5345803-S04-156I3-A-L-C-190,20.02.2020-11:54:54,1.00000000e+00,6.41878426e-01,8.83338642e+00,1.90570031e-03,2.04146057e+02,8.01173630e+01,1.84899960e+01,2.58151084e-01,9.63785708e-01
5345803-S04-156I3-A-L-C-190,20.02.2020-11:54:56,1.00000000e+00,6.41688883e-01,8.82660294e+00,1.71823346e-03,1.78839813e+02,8.01534958e+01,1.84786720e+01,2.35507891e-01,1.20557320e+00
5345803-S04-156I3-A-L-C-190,20.02.2020-11:54:58,2.00000000e+01,6.42862260e-01,8.88860989e+00,2.03141780e-03,1.10932426e+02,8.00873260e+01,1.86271210e+01,3.40604216e-01,6.65927768e-01
5345803-S04-156I3-A-L-C-190,20.02.2020-11:55:00,2.00000000e+01,6.44169569e-01,8.90247059e+00,2.12268904e-03,7.88003311e+01,8.00587769e+01,1.86874428e+01,3.38418424e-01,6.35109782e-01
5345803-S04-156I3-A-L-C-190,20.02.2020-11:55:02,2.00000000e+00,6.38780296e-01,8.80656052e+00,2.28241459e-03,2.83448822e+02,7.99736786e+01,1.83119736e+01,2.12536111e-01,1.27750432e+00
5345803-S04-156I3-A-L-C-190,20.02.2020-11:55:04,8.00000000e+00,6.48166120e-01,8.94154072e+00,1.78860093e-03,1.81945938e+02,8.04323349e+01,1.89740295e+01,1.46200746e-01,2.92592525e-01
5345803-S04-156I3-A-L-C-190,20.02.2020-11:55:06,1.90000000e+01,6.44842267e-01,8.89798450e+00,1.82732870e-03,1.61558777e+02,8.02407837e+01,1.87400398e+01,1.53260455e-01,3.52587968e-01
5345803-S04-156I3-A-L-C-190,20.02.2020-11:55:08,1.90000000e+01,6.44898593e-01,8.89560032e+00,1.69464515e-03,1.68302612e+02,8.02299576e+01,1.87341270e+01,1.42451271e-01,1.85114726e-01
5345803-S04-156I3-A-L-C-190,20.02.2020-11:55:10,1.90000000e+01,6.45057619e-01,8.89463425e+00,1.97530538e-03,6.75343628e+01,8.00886002e+01,1.87036991e+01,3.74807388e-01,5.19223988e-01
5345803-S04-156I3-A-L-C-190,20.02.2020-11:55:13,2.00000000e+00,6.37923777e-01,8.78196049e+00,1.96311343e-03,2.04357635e+02,8.01230698e+01,1.82704010e+01,2.45429277e-01,1.22326851e+00
5345803-S04-156I3-A-L-C-190,20.02.2020-11:55:15,2.10000000e+01,6.41937435e-01,8.85851860e+00,1.93280657e-03,1.77805130e+02,8.01631393e+01,1.85549068e+01,2.44414598e-01,6.51179314e-01
5345803-S04-156I3-A-L-C-190,20.02.2020-11:55:17,8.00000000e+00,6.48604631e-01,8.95702553e+00,2.04032124e-03,3.16980804e+02,8.01321259e+01,1.89487553e+01,8.54538009e-02,1.14628866e-01
5345803-S04-156I3-A-L-C-190,20.02.2020-11:55:19,2.10000000e+01,6.42255843e-01,8.86553955e+00,1.94527570e-03,1.91545334e+02,8.00749741e+01,1.85583897e+01,2.03579009e-01,6.50817335e-01
5345803-S04-156I3-A-L-C-190,20.02.2020-11:55:21,8.00000000e+00,6.48685396e-01,8.95799541e+00,1.91922765e-03,2.85489777e+02,8.01926422e+01,1.89674816e+01,1.06396094e-01,1.36562780e-01
5345803-S04-156I3-A-L-C-190,20.02.2020-11:55:23,8.00000000e+00,6.47957206e-01,8.96840572e+00,1.96571136e-03,2.76834442e+02,8.03120193e+01,1.89964447e+01,6.01190366e-02,8.01313072e-02
5345803-S04-156I3-A-L-C-190,20.02.2020-11:55:25,7.00000000e+00,6.50074065e-01,8.95096493e+00,1.95614644e-03,1.47867462e+02,8.05866928e+01,1.90864983e+01,1.69852480e-01,4.59777832e-01
5345803-S04-156I3-A-L-C-190,20.02.2020-11:55:27,7.00000000e+00,6.50378764e-01,8.94721127e+00,1.56610820e-03,1.48391876e+02,8.05362473e+01,1.90754871e+01,2.23186731e-01,5.83076179e-01
5345803-S04-156I3-A-L-C-190,20.02.2020-11:55:29,8.00000000e+00,6.48833871e-01,8.93955040e+00,1.84790487e-03,1.73893600e+02,8.02688065e+01,1.89507408e+01,1.50853813e-01,2.09290877e-01
5345803-S04-156I3-A-L-C-190,20.02.2020-11:55:32,8.00000000e+00,6.48964286e-01,8.95309734e+00,2.09094398e-03,7.51928787e+01,8.01603470e+01,1.89576225e+01,3.93096775e-01,4.72863793e-01
5345803-S04-156I3-A-L-C-190,20.02.2020-11:55:34,8.00000000e+00,6.49653554e-01,8.93303108e+00,1.75672548e-03,1.62481216e+02,8.04400024e+01,1.90012836e+01,1.46635577e-01,2.14988545e-01
5345803-S04-156I3-A-L-C-190,20.02.2020-11:55:36,8.00000000e+00,6.48435235e-01,8.94680119e+00,1.97954127e-03,3.11251831e+02,8.03079529e+01,1.89637032e+01,7.79189616e-02,1.33375958e-01
5345803-S04-156I3-A-L-C-190,20.02.2020-11:55:38,1.00000000e+00,6.41616881e-01,8.84034538e+00,2.14517699e-03,1.79381180e+02,7.99538498e+01,1.84592743e+01,2.61968434e-01,1.11779213e+00
5345803-S04-156I3-A-L-C-190,20.02.2020-11:55:40,2.00000000e+01,6.43347442e-01,8.88880539e+00,1.77232129e-03,1.42549973e+02,8.02077255e+01,1.86696148e+01,2.72086680e-01,6.05865955e-01
5345803-S04-156I3-A-L-C-190,20.02.2020-11:55:42,2.10000000e+01,6.42137110e-01,8.87560081e+00,1.87727087e-03,7.37434006e+01,8.00873108e+01,1.85788746e+01,4.90131408e-01,1.11483145e+00
5345803-S04-156I3-A-L-C-190,20.02.2020-11:55:44,2.00000000e+01,6.42352223e-01,8.86794281e+00,1.83760561e-03,2.54858337e+02,8.02450562e+01,1.86056385e+01,1.78067759e-01,6.28906071e-01
5345803-S04-156I3-A-L-C-190,20.02.2020-11:55:46,2.10000000e+01,6.42468989e-01,8.84653473e+00,1.81737717e-03,1.77103668e+02,7.99927521e+01,1.85057297e+01,1.89547047e-01,8.68355751e-01
5345803-S04-156I3-A-L-C-190,20.02.2020-11:56:11,8.00000000e+00,6.48155808e-01,8.94281769e+00,1.69322733e-03,1.09578217e+02,8.04398956e+01,1.89782200e+01,2.34562397e-01,3.16405892e-01
5345803-S04-156I3-A-L-C-190,20.02.2020-11:56:13,2.00000000e+01,6.43273413e-01,8.88127518e+00,2.06630887e-03,1.37270935e+02,8.01652145e+01,1.86417675e+01,2.90446371e-01,6.84355676e-01
5345803-S04-156I3-A-L-C-190,20.02.2020-11:56:15,2.10000000e+01,6.42221093e-01,8.82636166e+00,1.55809021e-03,6.39325600e+01,8.02179489e+01,1.85083637e+01,4.93675739e-01,1.41899562e+00
5345803-S04-156I3-A-L-C-190,20.02.2020-11:56:17,8.00000000e+00,6.48365855e-01,8.93787193e+00,2.01046118e-03,8.19440308e+01,8.03585434e+01,1.89546833e+01,3.13257217e-01,3.99067014e-01
5345803-S04-156I3-A-L-C-190,20.02.2020-11:56:19,2.00000000e+01,6.42832816e-01,8.91880226e+00,1.99366477e-03,6.04638176e+01,7.99702606e+01,1.86622181e+01,5.15461028e-01,1.00526679e+00
5345803-S04-156I3-A-L-C-190,20.02.2020-11:56:21,1.90000000e+01,6.46170020e-01,8.93227768e+00,1.36931974e-03,8.69183884e+01,7.99654922e+01,1.87863255e+01,4.53262091e-01,6.30693555e-01
5345803-S04-156I3-A-L-C-190,20.02.2020-11:56:24,2.00000000e+01,6.43866062e-01,8.90543175e+00,2.10681604e-03,1.82650314e+02,8.00797729e+01,1.86897526e+01,3.06722552e-01,7.43773699e-01
5345803-S04-156I3-A-L-C-190,20.02.2020-11:56:26,9.00000000e+00,6.43971682e-01,8.99061584e+00,1.93337351e-03,5.76783104e+01,7.99314957e+01,1.88366814e+01,4.14891899e-01,4.74905252e-01
5345803-S04-156I3-A-L-C-190,20.02.2020-11:56:28,8.00000000e+00,6.46030843e-01,9.00852680e+00,2.25501065e-03,7.54649506e+01,7.99429016e+01,1.89372578e+01,3.26613009e-01,3.91902179e-01
5345803-S04-156I3-A-L-C-190,20.02.2020-11:56:30,9.00000000e+00,6.45602226e-01,8.94007874e+00,1.82362599e-03,6.88008957e+01,8.00828094e+01,1.88137703e+01,5.03495932e-01,6.26716614e-01
5345803-S04-156I3-A-L-C-190,20.02.2020-11:56:34,2.10000000e+01,6.45599306e-01,8.93808365e+00,2.97251996e-03,2.65204437e+02,7.90028000e+01,1.85558205e+01,1.14367962e-01,1.44172058e-01
5345803-S04-156I3-A-L-C-190,20.02.2020-11:56:36,2.00000000e+00,6.41562760e-01,8.86524677e+00,2.56841816e-03,8.07649918e+01,7.92358704e+01,1.83434906e+01,3.19216460e-01,3.91500533e-01
5345803-S04-156I3-A-L-C-190,20.02.2020-11:56:38,2.00000000e+00,6.41881049e-01,8.86256313e+00,2.65348796e-03,1.94760239e+02,7.91005859e+01,1.83157120e+01,1.71342537e-01,2.11545885e-01
5345803-S04-156I3-A-L-C-190,20.02.2020-11:56:40,2.00000000e+01,6.45531595e-01,8.91931534e+00,2.56568799e-03,1.83403610e+02,7.96990509e+01,1.86780853e+01,1.62468329e-01,2.01911733e-01
5345803-S04-156I3-A-L-C-190,20.02.2020-11:56:42,2.00000000e+00,6.41805768e-01,8.87189102e+00,2.96492665e-03,6.63500793e+02,7.90193558e+01,1.83140125e+01,6.88761324e-02,9.02708247e-02
5345803-S04-156I3-A-L-C-190,20.02.2020-11:56:44,2.00000000e+01,6.45645440e-01,8.92655945e+00,2.85988906e-03,1.49716400e+02,7.93341599e+01,1.86109524e+01,2.89173841e-01,3.44065249e-01
5345803-S04-156I3-A-L-C-190,20.02.2020-11:56:47,2.10000000e+01,6.45242691e-01,8.91898823e+00,3.11548542e-03,2.24510208e+02,7.90706406e+01,1.85218410e+01,1.22457445e-01,1.50082752e-01
5345803-S04-156I3-A-L-C-190,20.02.2020-11:56:49,2.00000000e+00,6.40856624e-01,8.81986237e+00,2.59094173e-03,1.84762344e+02,7.93806763e+01,1.82628136e+01,2.13603795e-01,3.26180667e-01
5345803-S04-156I3-A-L-C-190,20.02.2020-11:56:51,2.00000000e+00,6.40594661e-01,8.83105373e+00,2.44877557e-03,3.41212402e+02,7.94866409e+01,1.83029118e+01,1.41486704e-01,2.82204002e-01
5345803-S04-156I3-A-L-C-190,20.02.2020-11:56:53,2.10000000e+01,6.43034935e-01,8.87125015e+00,2.20773113e-03,1.53113556e+02,7.98638306e+01,1.85438442e+01,1.88389361e-01,2.75104344e-01
5345803-S04-156I3-A-L-C-190,20.02.2020-11:56:55,2.00000000e+00,6.43376231e-01,8.88292122e+00,3.19667463e-03,2.72864960e+02,7.89406738e+01,1.83633480e+01,1.18701041e-01,1.58493355e-01
5345803-S04-156I3-A-L-C-190,20.02.2020-11:56:57,2.00000000e+00,6.40928566e-01,8.82751179e+00,2.20163469e-03,1.85321106e+02,7.96773758e+01,1.83490314e+01,2.53582060e-01,5.08120060e-01
5345803-S04-156I3-A-L-C-190,20.02.2020-11:56:59,1.90000000e+01,6.46295071e-01,8.94620800e+00,2.70070811e-03,3.16345123e+02,7.96506042e+01,1.87451572e+01,1.31099343e-01,1.65814385e-01
5345803-S04-156I3-A-L-C-190,20.02.2020-11:57:01,1.90000000e+01,6.46894217e-01,8.94758415e+00,2.69478513e-03,2.01688889e+02,7.95361938e+01,1.87384682e+01,1.58922479e-01,2.02163726e-01
5345803-S04-156I3-A-L-C-190,20.02.2020-11:57:03,1.90000000e+01,6.47428453e-01,8.94529247e+00,2.79655377e-03,2.67193726e+02,7.94235992e+01,1.87225971e+01,1.43532947e-01,1.80671290e-01
5345803-S04-156I3-A-L-C-190,20.02.2020-11:57:05,2.00000000e+00,6.42076671e-01,8.88922787e+00,3.22959526e-03,2.77705719e+02,7.89888077e+01,1.83504486e+01,9.55640227e-02,1.27042592e-01
5345803-S04-156I3-A-L-C-190,20.02.2020-11:57:08,2.00000000e+00,6.42901719e-01,8.87843418e+00,3.01946839e-03,3.32796326e+02,7.87433701e+01,1.82946968e+01,7.17261732e-02,9.24569294e-02
5345803-S04-156I3-A-L-C-190,20.02.2020-11:57:10,2.00000000e+00,6.39737427e-01,8.84843636e+00,2.66227196e-03,2.22633789e+02,7.93654480e+01,1.82864723e+01,2.15579718e-01,3.69629681e-01
5345803-S04-156I3-A-L-C-190,20.02.2020-11:57:12,1.00000000e+00,6.44896269e-01,8.89665508e+00,3.00494512e-03,2.62738251e+02,7.90601196e+01,1.84630852e+01,1.31012276e-01,1.70152873e-01
5345803-S04-156I3-A-L-C-190,20.02.2020-11:57:14,2.10000000e+01,6.42904639e-01,8.88587284e+00,2.13163556e-03,6.55834579e+01,7.97905731e+01,1.85536098e+01,5.26765764e-01,6.77320659e-01
5345803-S04-156I3-A-L-C-190,20.02.2020-11:57:16,1.40000000e+01,6.41673744e-01,8.86863041e+00,2.07169726e-03,3.04723320e+01,7.94901199e+01,1.84125595e+01,1.35312939e+00,1.61082208e+00
5345803-S04-156I3-A-L-C-190,20.02.2020-11:57:18,1.00000000e+00,6.41174495e-01,8.87550068e+00,2.43616314e-03,1.17731354e+02,7.97068710e+01,1.84626923e+01,4.10773128e-01,6.16021752e-01
5345803-S04-156I3-A-L-C-190,20.02.2020-11:57:20,1.00000000e+00,6.40462041e-01,8.86432743e+00,2.21011578e-03,1.13220604e+02,7.98928833e+01,1.84619465e+01,4.10947025e-01,6.21967912e-01
5345803-S04-156I3-A-L-C-190,20.02.2020-11:57:22,2.10000000e+01,6.43922448e-01,8.88062954e+00,2.16192054e-03,9.94382477e+01,7.97533798e+01,1.85633602e+01,3.59495521e-01,4.54105496e-01
5345803-S04-156I3-A-L-C-190,20.02.2020-11:57:24,1.00000000e+00,6.40992224e-01,8.85340214e+00,1.96906505e-03,1.12158783e+02,7.96596527e+01,1.84005814e+01,3.06758821e-01,3.74399811e-01
5345803-S04-156I3-A-L-C-190,20.02.2020-11:57:26,2.00000000e+00,6.41314387e-01,8.84755898e+00,2.22132611e-03,8.33339157e+01,7.95496902e+01,1.83722839e+01,4.76583898e-01,5.69203138e-01
5345803-S04-156I3-A-L-C-190,20.02.2020-11:57:29,1.00000000e+00,6.42036319e-01,8.87139797e+00,2.35621678e-03,4.78401947e+01,7.97416763e+01,1.84870319e+01,5.89056492e-01,7.42199302e-01
5345803-S04-156I3-A-L-C-190,20.02.2020-11:57:31,2.00000000e+01,6.44214571e-01,8.86478424e+00,1.88217103e-03,8.17329712e+01,8.00724411e+01,1.86128120e+01,5.15934587e-01,6.73970819e-01
5345803-S04-156I3-A-L-C-190,20.02.2020-11:57:33,3.00000000e+00,6.38254344e-01,8.86406517e+00,2.77861813e-03,1.11956589e+02,7.88452835e+01,1.81565208e+01,3.43697757e-01,4.65449989e-01
5345803-S04-156I3-A-L-C-190,20.02.2020-11:57:35,9.00000000e+00,6.45901859e-01,8.94170761e+00,1.75600452e-03,1.23768188e+02,8.03321152e+01,1.88845387e+01,2.39917278e-01,3.97176504e-01
5345803-S04-156I3-A-L-C-190,20.02.2020-11:57:37,1.90000000e+01,6.42736971e-01,8.89244843e+00,1.76845060e-03,1.60135818e+02,8.05028610e+01,1.87282066e+01,1.97555393e-01,4.43337172e-01
5345803-S04-156I3-A-L-C-190,20.02.2020-11:57:39,1.40000000e+01,6.39889359e-01,8.87784863e+00,1.73828797e-03,1.53418417e+01,7.93013382e+01,1.83367920e+01,1.29819155e+00,1.80924773e+00
5345803-S04-156I3-A-L-C-190,20.02.2020-11:57:41,2.00000000e+01,6.42678499e-01,8.88123798e+00,2.10153335e-03,1.65444016e+02,8.01255493e+01,1.86152363e+01,2.63909072e-01,5.96943855e-01
5345803-S04-156I3-A-L-C-190,20.02.2020-11:57:43,2.00000000e+01,6.43773675e-01,8.88831139e+00,1.62860355e-03,1.59230637e+02,8.01417999e+01,1.86655903e+01,2.09493026e-01,5.69091558e-01
5345803-S04-156I3-A-L-C-190,20.02.2020-11:57:45,2.00000000e+01,6.42625093e-01,8.87374210e+00,1.98085280e-03,1.24988625e+02,8.02198410e+01,1.86198616e+01,2.36600459e-01,6.01435840e-01
5345803-S04-156I3-A-L-C-190,20.02.2020-11:57:47,1.00000000e+00,6.40927911e-01,8.90503025e+00,1.80743146e-03,7.55890656e+01,7.96174240e+01,1.84962177e+01,3.88170004e-01,6.26135230e-01
5345803-S04-156I3-A-L-C-190,20.02.2020-11:57:50,1.90000000e+01,6.45032167e-01,8.90933418e+00,1.70226500e-03,1.15833008e+02,8.02104111e+01,1.87623653e+01,2.39156783e-01,5.17536044e-01
5345803-S04-156I3-A-L-C-190,20.02.2020-11:57:52,9.00000000e+00,6.46245241e-01,8.92871666e+00,1.69883342e-03,8.36280899e+01,8.00886765e+01,1.88099537e+01,2.59425730e-01,3.82510245e-01
5345803-S04-156I3-A-L-C-190,20.02.2020-11:57:54,9.00000000e+00,6.46496415e-01,8.93759346e+00,2.13755062e-03,1.06030090e+02,8.00829239e+01,1.88346176e+01,2.05206960e-01,2.76552469e-01
5345803-S04-156I3-A-L-C-190,20.02.2020-11:57:56,2.00000000e+01,6.43244386e-01,8.90422916e+00,1.61218760e-03,1.11503075e+02,8.01844559e+01,1.86935902e+01,2.08242163e-01,5.38059354e-01
5345803-S04-156I3-A-L-C-190,20.02.2020-11:57:58,1.90000000e+01,6.44467831e-01,8.92422199e+00,1.70965481e-03,1.02458839e+02,8.01145477e+01,1.87548313e+01,2.26382941e-01,3.90477955e-01
5345803-S04-156I3-A-L-C-190,20.02.2020-11:58:00,9.00000000e+00,6.47146642e-01,8.93386078e+00,1.75218994e-03,7.05820618e+01,8.01556778e+01,1.88628082e+01,3.01223397e-01,3.81768793e-01
5345803-S04-156I3-A-L-C-190,20.02.2020-11:58:02,1.00000000e+00,6.39773846e-01,8.90228462e+00,2.03290838e-03,1.14235718e+02,7.95556717e+01,1.84429035e+01,2.79494643e-01,5.86968601e-01
5345803-S04-156I3-A-L-C-190,20.02.2020-11:58:04,2.00000000e+01,6.42049313e-01,8.90696144e+00,1.95380254e-03,1.13517700e+02,8.02518005e+01,1.86802616e+01,2.40404263e-01,5.71059048e-01
5345803-S04-156I3-A-L-C-190,20.02.2020-11:58:07,1.90000000e+01,6.43532455e-01,8.91319561e+00,2.10803654e-03,8.39004211e+01,8.01498642e+01,1.87127190e+01,3.24037760e-01,5.75077891e-01
5345803-S04-156I3-A-L-C-190,20.02.2020-11:58:09,1.90000000e+01,6.43928647e-01,8.90405846e+00,1.08573365e-03,5.36943817e+01,8.02595367e+01,1.87306404e+01,4.23730552e-01,7.01006114e-01
5345803-S04-156I3-A-L-C-190,20.02.2020-11:58:11,1.90000000e+01,6.43432856e-01,8.90067101e+00,1.89678150e-03,1.03314362e+02,8.02238159e+01,1.87007694e+01,2.50476480e-01,5.39945841e-01
5345803-S04-156I3-A-L-C-190,20.02.2020-11:58:13,2.00000000e+01,6.43265963e-01,8.89491844e+00,1.76375336e-03,7.69254990e+01,8.01549530e+01,1.86677990e+01,3.13181251e-01,7.18705297e-01
5345803-S04-156I3-A-L-C-190,20.02.2020-11:58:15,1.40000000e+01,6.39979184e-01,8.90560055e+00,2.27046199e-03,1.83396702e+01,7.92593079e+01,1.83869419e+01,1.41589928e+00,1.83199787e+00
5345803-S04-156I3-A-L-C-190,20.02.2020-11:58:17,1.00000000e+00,6.40354574e-01,8.86016273e+00,1.74003292e-03,1.42653488e+02,8.00791397e+01,1.84931889e+01,2.75762498e-01,7.30597913e-01
5345803-S04-156I3-A-L-C-190,20.02.2020-11:58:19,1.90000000e+01,6.43880665e-01,8.94130421e+00,2.12296587e-03,1.57415207e+02,7.99135742e+01,1.87265167e+01,1.51339695e-01,2.66746700e-01
5345803-S04-156I3-A-L-C-190,20.02.2020-11:58:21,2.00000000e+01,6.44760013e-01,8.91065693e+00,1.92835694e-03,1.06617134e+02,7.99188004e+01,1.86890411e+01,1.90428600e-01,2.32678905e-01
5345803-S04-156I3-A-L-C-190,20.02.2020-11:58:23,9.00000000e+00,6.45760357e-01,8.94803810e+00,2.05250666e-03,1.15568657e+02,8.02560730e+01,1.88758850e+01,2.05589846e-01,3.09562117e-01
5345803-S04-156I3-A-L-C-190,20.02.2020-11:58:26,9.00000000e+00,6.44637406e-01,8.94506073e+00,2.04474572e-03,1.51375473e+02,8.02035675e+01,1.88244667e+01,1.62717476e-01,2.25554317e-01
5345803-S04-156I3-A-L-C-190,20.02.2020-11:58:28,9.00000000e+00,6.45496130e-01,8.92660332e+00,1.55979511e-03,1.06297180e+02,8.04309082e+01,1.88639698e+01,2.26061374e-01,2.66486794e-01
5345803-S04-156I3-A-L-C-190,20.02.2020-11:58:30,9.00000000e+00,6.46912694e-01,8.93807983e+00,2.33419891e-03,1.26105774e+02,7.99955139e+01,1.88271980e+01,2.28533253e-01,3.22497129e-01
5345803-S04-156I3-A-L-C-190,20.02.2020-11:58:32,9.00000000e+00,6.46622241e-01,8.93719101e+00,2.08044844e-03,1.26882515e+02,8.02478104e+01,1.88762226e+01,1.91628918e-01,2.78826237e-01
5345803-S04-156I3-A-L-C-190,20.02.2020-11:58:34,2.00000000e+01,6.43626630e-01,8.90908527e+00,2.02682451e-03,1.77450714e+02,8.00153198e+01,1.86754246e+01,1.74871385e-01,3.83277506e-01
5345803-S04-156I3-A-L-C-190,20.02.2020-11:58:36,9.00000000e+00,6.45637453e-01,8.93416309e+00,1.98150636e-03,1.70057831e+02,8.01547012e+01,1.88192272e+01,2.03711674e-01,3.05218816e-01
5345803-S04-156I3-A-L-C-190,20.02.2020-11:58:38,1.90000000e+01,6.45516634e-01,8.94388199e+00,1.83429336e-03,1.53805222e+02,7.99391251e+01,1.87855148e+01,1.42884299e-01,1.80858344e-01
5345803-S04-156I3-A-L-C-190,20.02.2020-11:58:40,1.90000000e+01,6.45062983e-01,8.91792011e+00,1.84895459e-03,8.29496689e+01,8.00337219e+01,1.87399712e+01,2.96403319e-01,5.63289464e-01
5345803-S04-156I3-A-L-C-190,20.02.2020-11:58:42,2.10000000e+01,6.41088784e-01,8.86185646e+00,1.79827062e-03,6.88324280e+01,8.03559647e+01,1.85819454e+01,3.97888601e-01,1.07305288e+00
5345803-S04-156I3-A-L-C-190,20.02.2020-11:58:44,9.00000000e+00,6.45509303e-01,8.95832634e+00,2.09527649e-03,1.01708977e+02,8.03062363e+01,1.89020481e+01,2.07577735e-01,3.60643029e-01
5345803-S04-156I3-A-L-C-190,20.02.2020-11:58:46,1.00000000e+00,6.38909996e-01,8.85122204e+00,1.94623973e-03,1.39718643e+02,8.02450256e+01,1.84710369e+01,3.32345814e-01,1.23280263e+00
5345803-S04-156I3-A-L-C-190,20.02.2020-11:58:49,8.00000000e+00,6.46837533e-01,8.93857479e+00,1.52901234e-03,9.87677841e+01,8.04233246e+01,1.89267349e+01,2.02128276e-01,2.93949306e-01
5345803-S04-156I3-A-L-C-190,20.02.2020-11:58:51,1.90000000e+01,6.43460691e-01,8.90833759e+00,2.13484513e-03,1.03975021e+02,8.02408905e+01,1.87216721e+01,2.16183007e-01,4.45629686e-01
5345803-S04-156I3-A-L-C-190,20.02.2020-11:58:53,1.90000000e+01,6.44744694e-01,8.92527771e+00,2.02559750e-03,8.79276352e+01,8.00742950e+01,1.87556801e+01,2.19883546e-01,4.14616138e-01
5345803-S04-156I3-A-L-C-190,20.02.2020-11:58:55,1.90000000e+01,6.44361615e-01,8.90784740e+00,2.09660549e-03,2.12806641e+02,8.00661697e+01,1.87060299e+01,1.60203367e-01,4.45925653e-01
5345803-S04-156I3-A-L-C-190,20.02.2020-11:58:57,2.00000000e+01,6.43972695e-01,8.90921593e+00,1.84224045e-03,1.42329269e+02,8.00111847e+01,1.86847744e+01,2.06587255e-01,5.46215534e-01
5345803-S04-156I3-A-L-C-190,20.02.2020-11:58:59,2.00000000e+01,6.44190371e-01,8.90283108e+00,1.65373646e-03,9.94825592e+01,8.00740433e+01,1.86923676e+01,2.90689826e-01,5.83388507e-01
5345803-S04-156I3-A-L-C-190,20.02.2020-11:59:01,1.90000000e+01,6.43831193e-01,8.91170597e+00,2.02631950e-03,1.46633270e+02,8.01312561e+01,1.87139301e+01,2.19161674e-01,5.26201069e-01
5345803-S04-156I3-A-L-C-190,20.02.2020-11:59:03,8.00000000e+00,6.47447348e-01,9.00449848e+00,1.55737903e-03,7.89922256e+01,7.99330673e+01,1.89679642e+01,4.70241547e-01,5.76394916e-01
5345803-S04-156I3-A-L-C-190,20.02.2020-11:59:05,2.10000000e+01,6.40482068e-01,8.92433071e+00,1.55022845e-03,1.41801422e+02,7.97067642e+01,1.85441952e+01,2.20833018e-01,4.50622886e-01
5345803-S04-156I3-A-L-C-190,20.02.2020-11:59:08,2.00000000e+01,6.43753827e-01,8.90513706e+00,2.13092729e-03,1.30878799e+02,8.00646896e+01,1.86823578e+01,2.91986078e-01,6.13851488e-01
5345803-S04-156I3-A-L-C-190,20.02.2020-11:59:10,9.00000000e+00,6.46267116e-01,8.94312572e+00,1.68083422e-03,8.94504852e+01,8.00777969e+01,1.88383865e+01,2.35316381e-01,3.30824465e-01
5345803-S04-156I3-A-L-C-190,20.02.2020-11:59:12,2.00000000e+01,6.42430007e-01,8.94349098e+00,2.22034240e-03,1.65034027e+02,7.98353424e+01,1.86706009e+01,1.71745315e-01,2.47884333e-01
5345803-S04-156I3-A-L-C-190,20.02.2020-11:59:14,2.00000000e+01,6.43230438e-01,8.88071442e+00,2.44110194e-03,1.24683235e+02,8.00150833e+01,1.86044369e+01,2.41046578e-01,4.75713283e-01
5345803-S04-156I3-A-L-C-190,20.02.2020-11:59:16,2.10000000e+01,6.39835835e-01,8.88291264e+00,2.06138659e-03,1.20803024e+02,8.01032639e+01,1.85312347e+01,3.22221607e-01,1.24040532e+00
5345803-S04-156I3-A-L-C-190,20.02.2020-11:59:18,2.00000000e+01,6.42852306e-01,8.90790367e+00,2.14102352e-03,5.86364975e+01,8.01256332e+01,1.86761951e+01,3.55325401e-01,7.03579962e-01
5345803-S04-156I3-A-L-C-190,20.02.2020-11:59:20,1.90000000e+01,6.44244432e-01,8.92824459e+00,1.93442125e-03,1.85372894e+02,8.02244263e+01,1.87825069e+01,1.68624297e-01,3.62557858e-01
5345803-S04-156I3-A-L-C-190,20.02.2020-11:59:22,8.00000000e+00,6.46885812e-01,8.94697380e+00,1.88199349e-03,1.14404465e+02,8.03841171e+01,1.89366951e+01,2.15730116e-01,2.86240399e-01
5345803-S04-156I3-A-L-C-190,20.02.2020-11:59:24,1.00000000e+00,6.39245033e-01,8.91630554e+00,2.02820380e-03,8.90638504e+01,7.96791153e+01,1.84853210e+01,2.79820651e-01,5.73627651e-01
5345803-S04-156I3-A-L-C-190,20.02.2020-11:59:27,1.90000000e+01,6.44824505e-01,8.91088104e+00,1.50508457e-03,1.00891060e+02,8.01657715e+01,1.87491398e+01,2.58109480e-01,6.07530951e-01
5345803-S04-156I3-A-L-C-190,20.02.2020-11:59:29,1.90000000e+01,6.44392967e-01,8.91559601e+00,2.16577947e-03,1.51120010e+02,7.99814987e+01,1.87034149e+01,1.91399962e-01,4.60945100e-01
5345803-S04-156I3-A-L-C-190,20.02.2020-11:59:31,8.00000000e+00,6.47624910e-01,8.94509888e+00,1.85913173e-03,1.38794266e+02,8.02308350e+01,1.89182167e+01,1.88851327e-01,2.36853078e-01
5345803-S04-156I3-A-L-C-190,20.02.2020-11:59:33,8.00000000e+00,6.47772312e-01,8.95273304e+00,1.69371045e-03,8.76399612e+01,8.02512665e+01,1.89434948e+01,2.93406665e-01,3.76962572e-01
5345803-S04-156I3-A-L-C-190,20.02.2020-11:59:35,8.00000000e+00,6.47404313e-01,8.94952869e+00,1.67671603e-03,9.16464081e+01,8.02815247e+01,1.89330921e+01,2.88998187e-01,3.58855218e-01
5345803-S04-156I3-A-L-C-190,20.02.2020-11:59:37,1.90000000e+01,6.43382490e-01,8.91185856e+00,1.78982259e-03,1.78573318e+02,8.01704330e+01,1.87103500e+01,1.57045901e-01,4.48099971e-01
5345803-S04-156I3-A-L-C-190,20.02.2020-11:59:39,2.10000000e+01,6.38608277e-01,8.92429066e+00,1.93254510e-03,8.56983032e+01,7.99473343e+01,1.85456657e+01,2.84851193e-01,3.27696174e-01
5345803-S04-156I3-A-L-C-190,20.02.2020-11:59:41,9.00000000e+00,6.46215141e-01,8.93288136e+00,1.97987864e-03,1.74566635e+02,8.03873672e+01,1.88880310e+01,1.63269565e-01,2.56460935e-01
5345803-S04-156I3-A-L-C-190,20.02.2020-11:59:43,8.00000000e+00,6.47165060e-01,8.98441696e+00,1.93847145e-03,1.38884598e+02,8.00422058e+01,1.89432373e+01,1.55322388e-01,1.88872278e-01
5345803-S04-156I3-A-L-C-190,20.02.2020-11:59:45,2.10000000e+01,6.40168488e-01,8.92251492e+00,1.95505819e-03,1.26009285e+02,7.97089920e+01,1.85318623e+01,2.46815652e-01,4.76070553e-01
5345803-S04-156I3-A-L-C-190,20.02.2020-11:59:48,1.90000000e+01,6.44656897e-01,8.94603062e+00,1.87124754e-03,8.31751556e+01,8.00385590e+01,1.87883434e+01,2.80641615e-01,4.33067888e-01
5345803-S04-156I3-A-L-C-190,20.02.2020-11:59:50,1.90000000e+01,6.44937932e-01,8.95999813e+00,2.03169440e-03,2.98811676e+02,7.98175507e+01,1.87738972e+01,1.32960483e-01,1.89358890e-01
5345803-S04-156I3-A-L-C-190,20.02.2020-11:59:52,1.90000000e+01,6.44747138e-01,8.94821167e+00,1.95583515e-03,2.04346359e+02,7.99001541e+01,1.87630501e+01,1.52958259e-01,2.37983570e-01
5345803-S04-156I3-A-L-C-190,20.02.2020-11:59:54,8.00000000e+00,6.47034228e-01,8.94437981e+00,1.92776893e-03,1.51541336e+02,8.02925720e+01,1.89139862e+01,1.80255562e-01,2.28611961e-01
5345803-S04-156I3-A-L-C-190,20.02.2020-11:59:56,7.00000000e+00,6.49177670e-01,8.99330044e+00,1.73613103e-03,1.12288719e+02,8.01287766e+01,1.90415096e+01,2.52945960e-01,3.01362157e-01
5345803-S04-156I3-A-L-C-190,20.02.2020-11:59:58,1.90000000e+01,6.43670499e-01,8.94288921e+00,2.09899014e-03,1.36217697e+02,8.01669312e+01,1.87830830e+01,1.88312232e-01,2.83502012e-01
5345803-S04-156I3-A-L-C-190,20.02.2020-12:00:00,1.90000000e+01,6.44195855e-01,8.91863060e+00,1.89864414e-03,1.88500183e+02,8.01933517e+01,1.87535992e+01,1.94129720e-01,3.72213513e-01
5345803-S04-156I3-A-L-C-190,20.02.2020-12:00:03,1.90000000e+01,6.44247472e-01,8.92058754e+00,2.06449442e-03,1.10720085e+02,8.00362167e+01,1.87224617e+01,3.06675225e-01,4.68281031e-01
5345803-S04-156I3-A-L-C-190,20.02.2020-12:00:05,1.90000000e+01,6.43925190e-01,8.91689777e+00,2.02801265e-03,1.28286240e+02,8.01530838e+01,1.87326679e+01,2.02363238e-01,3.51491213e-01
5345803-S04-156I3-A-L-C-190,20.02.2020-12:00:07,8.00000000e+00,6.46392107e-01,8.96500587e+00,1.61002972e-03,2.08738312e+02,8.02412338e+01,1.89266796e+01,1.05523452e-01,1.65847659e-01
5345803-S04-156I3-A-L-C-190,20.02.2020-12:00:09,8.00000000e+00,6.46453500e-01,8.97273159e+00,1.44381018e-03,1.99278625e+02,8.02719803e+01,1.89520473e+01,1.74899533e-01,2.65699983e-01
5345803-S04-156I3-A-L-C-190,20.02.2020-12:00:11,8.00000000e+00,6.46209478e-01,8.97479725e+00,1.70642103e-03,1.61296021e+02,8.01132126e+01,1.89117756e+01,1.44302770e-01,2.03163058e-01
5345803-S04-156I3-A-L-C-190,20.02.2020-12:00:13,8.00000000e+00,6.46419346e-01,8.98362255e+00,2.10100785e-03,5.93021088e+01,8.01795883e+01,1.89522095e+01,3.97023350e-01,4.64040965e-01
5345803-S04-156I3-A-L-C-190,20.02.2020-12:00:15,1.90000000e+01,6.43416524e-01,8.90468502e+00,2.08105333e-03,1.37731644e+02,8.01871567e+01,1.87001801e+01,2.88376540e-01,4.68351930e-01
5345803-S04-156I3-A-L-C-190,20.02.2020-12:00:17,1.90000000e+01,6.44566476e-01,8.93298912e+00,1.71140314e-03,7.34386292e+01,8.01091385e+01,1.87748623e+01,2.58751750e-01,3.99886101e-01
5345803-S04-156I3-A-L-C-190,20.02.2020-12:00:20,9.00000000e+00,6.46239579e-01,8.93299007e+00,1.93831127e-03,1.55842331e+02,8.00931549e+01,1.88198433e+01,1.23297930e-01,1.95669293e-01
5345803-S04-156I3-A-L-C-190,20.02.2020-12:00:22,9.00000000e+00,6.46858990e-01,8.95071411e+00,1.97822205e-03,1.11028122e+02,8.02172699e+01,1.89045067e+01,2.13379920e-01,2.92164415e-01
5345803-S04-156I3-A-L-C-190,20.02.2020-12:00:24,8.00000000e+00,6.47448957e-01,8.96298885e+00,2.08268780e-03,1.33820602e+02,8.00795670e+01,1.89151745e+01,1.55865878e-01,2.40614325e-01
5345803-S04-156I3-A-L-C-190,20.02.2020-12:00:26,1.40000000e+01,6.41265512e-01,8.84198570e+00,1.83768396e-03,1.74635658e+01,8.01077881e+01,1.84881134e+01,1.71887517e+00,2.64694881e+00
5345803-S04-156I3-A-L-C-190,20.02.2020-12:00:28,8.00000000e+00,6.47034645e-01,8.97213173e+00,2.05195206e-03,7.29342270e+01,8.00932846e+01,1.89255924e+01,5.39016664e-01,6.89542890e-01
5345803-S04-156I3-A-L-C-190,20.02.2020-12:00:30,2.40000000e+01,6.44199967e-01,8.95261002e+00,2.02988018e-03,1.23317814e+01,7.96382599e+01,1.86948643e+01,2.21324682e+00,2.59295058e+00
5345803-S04-156I3-A-L-C-190,20.02.2020-12:00:32,9.00000000e+00,6.46993399e-01,8.94964409e+00,2.21888814e-03,1.41725922e+02,7.99777298e+01,1.88497181e+01,1.39287099e-01,1.93130240e-01
5345803-S04-156I3-A-L-C-190,20.02.2020-12:00:34,9.00000000e+00,6.47752225e-01,8.94225311e+00,1.76116498e-03,1.66044662e+02,8.01367722e+01,1.88937397e+01,1.68423831e-01,2.18992844e-01
5345803-S04-156I3-A-L-C-190,20.02.2020-12:00:36,1.90000000e+01,6.44480705e-01,8.92382145e+00,1.66972179e-03,1.26025169e+02,8.01554794e+01,1.87639484e+01,2.45629072e-01,4.27064747e-01
5345803-S04-156I3-A-L-C-190,20.02.2020-12:00:38,9.00000000e+00,6.46378934e-01,8.97801399e+00,2.15650117e-03,1.28174362e+02,7.99838715e+01,1.88929634e+01,1.97461814e-01,2.64002770e-01
5345803-S04-156I3-A-L-C-190,20.02.2020-12:00:41,9.00000000e+00,6.45467103e-01,8.96994114e+00,1.93309714e-03,9.70528870e+01,8.00855255e+01,1.88733044e+01,2.79960930e-01,3.75686944e-01
5345803-S04-156I3-A-L-C-190,20.02.2020-12:00:43,8.00000000e+00,6.47739112e-01,8.98016071e+00,1.51064899e-03,1.07499420e+02,8.02196426e+01,1.89930706e+01,2.40051419e-01,2.84702122e-01
5345803-S04-156I3-A-L-C-190,20.02.2020-12:00:45,1.90000000e+01,6.44274235e-01,8.92293358e+00,1.73596607e-03,1.43498047e+02,8.01497650e+01,1.87547302e+01,2.10073084e-01,3.99391979e-01
5345803-S04-156I3-A-L-C-190,20.02.2020-12:00:47,9.00000000e+00,6.46953940e-01,8.98079205e+00,2.06180429e-03,1.64775299e+02,7.99400787e+01,1.89052639e+01,1.41003087e-01,1.73695773e-01
5345803-S04-156I3-A-L-C-190,20.02.2020-12:00:49,1.90000000e+01,6.44548893e-01,8.93754482e+00,1.71950017e-03,1.25515923e+02,8.00480042e+01,1.87695885e+01,2.27215812e-01,3.51398796e-01
5345803-S04-156I3-A-L-C-190,20.02.2020-12:00:51,1.90000000e+01,6.43518746e-01,8.93631172e+00,1.89822994e-03,1.10655357e+02,8.02916794e+01,1.87940445e+01,2.06504419e-01,3.30360502e-01
5345803-S04-156I3-A-L-C-190,20.02.2020-12:00:53,1.90000000e+01,6.44060552e-01,8.91237259e+00,1.98352081e-03,1.84437012e+02,8.00625839e+01,1.87059536e+01,1.72338679e-01,3.03018868e-01
5345803-S04-156I3-A-L-C-190,20.02.2020-12:00:55,1.90000000e+01,6.44434214e-01,8.95944691e+00,2.31572473e-03,1.58995667e+02,7.97511444e+01,1.87424736e+01,1.40206873e-01,2.25328177e-01
5345803-S04-156I3-A-L-C-190,20.02.2020-12:00:58,9.00000000e+00,6.45988941e-01,8.95476627e+00,1.91591040e-03,8.50995178e+01,8.00352020e+01,1.88447590e+01,2.43815541e-01,3.90819103e-01
5345803-S04-156I3-A-L-C-190,20.02.2020-12:01:00,8.00000000e+00,6.48192823e-01,8.94636154e+00,1.77309662e-03,1.51772919e+02,8.03219223e+01,1.89589787e+01,1.71495765e-01,2.38923341e-01
5345803-S04-156I3-A-L-C-190,20.02.2020-12:01:02,9.00000000e+00,6.46554530e-01,8.97330856e+00,1.97806046e-03,1.31703033e+02,7.98821030e+01,1.88641586e+01,2.02704132e-01,3.42908531e-01
5345803-S04-156I3-A-L-C-190,20.02.2020-12:01:04,8.00000000e+00,6.48584783e-01,8.94595242e+00,1.91871112e-03,1.68551804e+02,8.02039490e+01,1.89417152e+01,1.36109576e-01,2.02916861e-01
5345803-S04-156I3-A-L-C-190,20.02.2020-12:01:06,9.00000000e+00,6.47892118e-01,8.90626812e+00,2.02708528e-03,7.02433395e+01,8.00550842e+01,1.88025837e+01,4.25526798e-01,9.40178573e-01
5345803-S04-156I3-A-L-C-190,20.02.2020-12:01:08,8.00000000e+00,6.45950377e-01,8.97590256e+00,2.14122050e-03,2.73033844e+02,8.01481705e+01,1.89147720e+01,1.22253112e-01,1.62485525e-01
5345803-S04-156I3-A-L-C-190,20.02.2020-12:01:10,9.00000000e+00,6.46105349e-01,8.92233276e+00,2.09826487e-03,1.60291656e+02,8.03012848e+01,1.88423233e+01,2.29852989e-01,7.14285433e-01
5345803-S04-156I3-A-L-C-190,20.02.2020-12:01:13,8.00000000e+00,6.46837652e-01,8.95902634e+00,2.08055112e-03,1.43030930e+02,8.02358627e+01,1.89258251e+01,2.37994835e-01,3.22558403e-01
5345803-S04-156I3-A-L-C-190,20.02.2020-12:01:15,9.00000000e+00,6.47425294e-01,8.96653938e+00,1.79869100e-03,8.23229675e+01,7.99936829e+01,1.89016800e+01,3.93258870e-01,4.97425169e-01
5345803-S04-156I3-A-L-C-190,20.02.2020-12:01:17,9.00000000e+00,6.46922767e-01,8.94616318e+00,1.77974789e-03,1.15824722e+02,8.01846542e+01,1.88890762e+01,3.75696748e-01,7.42227554e-01
5345803-S04-156I3-A-L-C-190,20.02.2020-12:01:19,8.00000000e+00,6.47156119e-01,8.97959423e+00,1.88638514e-03,4.58452110e+01,8.01323547e+01,1.89541321e+01,6.87277019e-01,8.35735202e-01
5345803-S04-156I3-A-L-C-190,20.02.2020-12:01:21,1.40000000e+01,6.43881619e-01,8.93840218e+00,2.15397892e-03,2.08067112e+01,7.97026749e+01,1.86710625e+01,1.31669676e+00,1.57825530e+00
5345803-S04-156I3-A-L-C-190,20.02.2020-12:01:26,2.00000000e+01,6.43180430e-01,8.96222019e+00,2.29671947e-03,3.03823547e+02,7.96139526e+01,1.86796093e+01,1.45071149e-01,2.18244955e-01
5345803-S04-156I3-A-L-C-190,20.02.2020-12:01:28,8.00000000e+00,6.47074878e-01,9.00652599e+00,2.26378068e-03,1.24803261e+02,7.98898621e+01,1.89510689e+01,1.90227479e-01,2.24338710e-01
5345803-S04-156I3-A-L-C-190,20.02.2020-12:01:30,2.00000000e+01,6.42655373e-01,8.93109226e+00,2.42170459e-03,1.57844727e+02,7.97514038e+01,1.86316471e+01,2.40624711e-01,3.67958456e-01
5345803-S04-156I3-A-L-C-190,20.02.2020-12:01:32,9.00000000e+00,6.46591425e-01,8.94721508e+00,1.76207116e-03,2.12941513e+02,7.99827347e+01,1.88340759e+01,1.38613239e-01,2.01256946e-01
5345803-S04-156I3-A-L-C-190,20.02.2020-12:01:35,1.90000000e+01,6.46261513e-01,8.93796349e+00,2.27879174e-03,5.58204041e+01,7.98164215e+01,1.87658958e+01,5.68730772e-01,7.24036276e-01
5345803-S04-156I3-A-L-C-190,20.02.2020-12:01:37,2.00000000e+01,6.44142568e-01,8.93572235e+00,2.25526118e-03,1.67696976e+02,7.98118820e+01,1.86986141e+01,2.22954512e-01,3.17124903e-01
5345803-S04-156I3-A-L-C-190,20.02.2020-12:01:39,2.00000000e+01,6.42347217e-01,8.94447231e+00,2.10151589e-03,1.22591438e+02,7.99111176e+01,1.86879616e+01,2.07118765e-01,2.50789821e-01
5345803-S04-156I3-A-L-C-190,20.02.2020-12:01:41,7.00000000e+00,6.47715986e-01,9.02797890e+00,2.39619752e-03,2.39566650e+02,8.00970535e+01,1.90643444e+01,1.28575176e-01,1.54587418e-01
5345803-S04-156I3-A-L-C-190,20.02.2020-12:01:43,8.00000000e+00,6.47551835e-01,9.00664234e+00,1.92600442e-03,2.67288147e+02,7.97865448e+01,1.89407578e+01,1.29734010e-01,1.55871153e-01
5345803-S04-156I3-A-L-C-190,20.02.2020-12:01:45,1.90000000e+01,6.43696010e-01,8.94496441e+00,1.85197266e-03,1.74783447e+02,7.97987061e+01,1.87018909e+01,1.66041985e-01,2.20700398e-01
5345803-S04-156I3-A-L-C-190,20.02.2020-12:01:47,1.00000000e+00,6.41271412e-01,8.90606880e+00,2.33857380e-03,1.25162331e+02,7.95204239e+01,1.84857388e+01,2.57633448e-01,4.58230644e-01
5345803-S04-156I3-A-L-C-190,20.02.2020-12:01:49,2.10000000e+01,6.41881526e-01,8.91666985e+00,1.98408333e-03,1.62371216e+02,7.97585907e+01,1.85808372e+01,2.75161594e-01,4.51019108e-01
5345803-S04-156I3-A-L-C-190,20.02.2020-12:01:52,1.90000000e+01,6.43274784e-01,8.96274185e+00,2.14060349e-03,1.07024323e+02,7.98571091e+01,1.87405033e+01,2.80521780e-01,3.60932201e-01
5345803-S04-156I3-A-L-C-190,20.02.2020-12:01:54,8.00000000e+00,6.48266315e-01,9.02102661e+00,2.27186806e-03,2.56928802e+02,7.97892380e+01,1.89925785e+01,1.54893473e-01,1.89739093e-01
5345803-S04-156I3-A-L-C-190,20.02.2020-12:01:56,2.00000000e+01,6.43376529e-01,8.91781902e+00,2.24059448e-03,3.04445782e+01,7.96592331e+01,1.86033096e+01,8.26110899e-01,9.70209777e-01
5345803-S04-156I3-A-L-C-190,20.02.2020-12:01:58,8.00000000e+00,6.45637870e-01,8.98997021e+00,2.01973249e-03,2.67390503e+02,8.02955627e+01,1.89700737e+01,1.24241464e-01,1.74345508e-01
5345803-S04-156I3-A-L-C-190,20.02.2020-12:02:00,8.00000000e+00,6.46993220e-01,8.99651432e+00,1.89249218e-03,1.37012131e+02,8.00722046e+01,1.89708157e+01,2.05833539e-01,2.77464420e-01
5345803-S04-156I3-A-L-C-190,20.02.2020-12:02:02,1.90000000e+01,6.41742408e-01,8.96558666e+00,2.14218860e-03,2.99430695e+02,7.99384079e+01,1.87208328e+01,1.17540084e-01,2.08193094e-01
5345803-S04-156I3-A-L-C-190,20.02.2020-12:02:04,1.90000000e+01,6.45508707e-01,8.91129208e+00,2.21246621e-03,1.11077156e+02,7.99045715e+01,1.87087440e+01,2.60488093e-01,3.51139665e-01
5345803-S04-156I3-A-L-C-190,20.02.2020-12:02:06,9.00000000e+00,6.46140099e-01,8.97957706e+00,2.36867392e-03,1.46706467e+02,7.98448944e+01,1.88564472e+01,1.52220055e-01,2.06070423e-01
5345803-S04-156I3-A-L-C-190,20.02.2020-12:02:08,2.00000000e+01,6.42378509e-01,8.96241951e+00,2.41894112e-03,1.24830635e+02,7.96230087e+01,1.86588554e+01,2.00582415e-01,2.90331125e-01
5345803-S04-156I3-A-L-C-190,20.02.2020-12:02:11,8.00000000e+00,6.47408605e-01,8.99336147e+00,1.86219346e-03,1.83308212e+02,7.99819870e+01,1.89549637e+01,1.65610299e-01,2.21155658e-01
5345803-S04-156I3-A-L-C-190,20.02.2020-12:02:13,9.00000000e+00,6.45314813e-01,8.96363068e+00,1.81214907e-03,1.31016418e+02,8.00583191e+01,1.88491726e+01,2.26641402e-01,4.12810266e-01
5345803-S04-156I3-A-L-C-190,20.02.2020-12:02:15,9.00000000e+00,6.46767020e-01,8.95028019e+00,1.89818884e-03,1.18521423e+02,7.98901138e+01,1.88238182e+01,2.09775433e-01,2.91838557e-01
5345803-S04-156I3-A-L-C-190,20.02.2020-12:02:17,2.00000000e+01,6.42559111e-01,8.97411728e+00,2.16206280e-03,1.58154968e+02,7.96636887e+01,1.86980133e+01,2.15884522e-01,3.00534487e-01
5345803-S04-156I3-A-L-C-190,20.02.2020-12:02:19,8.00000000e+00,6.47195339e-01,9.00324154e+00,1.91070931e-03,1.36817551e+02,8.00372391e+01,1.89826374e+01,2.24405393e-01,2.93038845e-01
5345803-S04-156I3-A-L-C-190,20.02.2020-12:02:21,9.00000000e+00,6.46538377e-01,8.95239544e+00,1.90418528e-03,1.86357315e+02,8.00936737e+01,1.88695698e+01,1.41225100e-01,2.01845735e-01
5345803-S04-156I3-A-L-C-190,20.02.2020-12:02:23,1.90000000e+01,6.44026101e-01,8.97729778e+00,2.01920327e-03,1.00881561e+02,7.96082153e+01,1.87342873e+01,2.10157529e-01,2.90127516e-01
5345803-S04-156I3-A-L-C-190,20.02.2020-12:02:25,1.90000000e+01,6.45499408e-01,8.93209171e+00,2.41433992e-03,1.22761436e+02,7.97851028e+01,1.87241020e+01,2.10526690e-01,3.25040191e-01
5345803-S04-156I3-A-L-C-190,20.02.2020-12:02:28,1.90000000e+01,6.44210100e-01,8.94305897e+00,1.92609709e-03,1.76691589e+02,8.01414566e+01,1.87932148e+01,2.39379987e-01,4.28946346e-01
5345803-S04-156I3-A-L-C-190,20.02.2020-12:02:30,9.00000000e+00,6.45186722e-01,8.94202709e+00,1.79813348e-03,2.07985703e+02,8.01103134e+01,1.88122177e+01,1.52347133e-01,3.18061262e-01
5345803-S04-156I3-A-L-C-190,20.02.2020-12:02:32,1.90000000e+01,6.45043552e-01,8.95193100e+00,2.23045982e-03,2.52806625e+02,7.98948746e+01,1.87782383e+01,1.69908673e-01,3.14581007e-01
5345803-S04-156I3-A-L-C-190,20.02.2020-12:02:34,9.00000000e+00,6.45242095e-01,8.94563770e+00,1.77099195e-03,1.01866058e+02,8.00856018e+01,1.88156242e+01,2.12986365e-01,4.38227266e-01
5345803-S04-156I3-A-L-C-190,20.02.2020-12:02:36,8.00000000e+00,6.47316635e-01,8.99087524e+00,2.07296526e-03,1.76178375e+02,7.99908752e+01,1.89491348e+01,1.99295208e-01,2.53400415e-01
5345803-S04-156I3-A-L-C-190,20.02.2020-12:02:57,9.00000000e+00,6.45133495e-01,8.96771908e+00,1.90732209e-03,9.48678284e+01,7.99325714e+01,1.88228569e+01,3.07348490e-01,4.80092406e-01
5345803-S04-156I3-A-L-C-190,20.02.2020-12:02:59,2.10000000e+01,6.41986549e-01,8.91788864e+00,1.96018675e-03,1.57452881e+02,7.96471634e+01,1.85604496e+01,3.14919859e-01,4.81649101e-01
5345803-S04-156I3-A-L-C-190,20.02.2020-12:03:01,1.90000000e+01,6.44795120e-01,8.94766808e+00,1.94493344e-03,1.00880142e+02,7.97053146e+01,1.87175541e+01,2.53061801e-01,3.01185966e-01
5345803-S04-156I3-A-L-C-190,20.02.2020-12:03:03,1.90000000e+01,6.44220412e-01,8.95138931e+00,1.89958338e-03,1.13426277e+02,7.97914505e+01,1.87288647e+01,2.41234347e-01,2.97858566e-01
5345803-S04-156I3-A-L-C-190,20.02.2020-12:03:05,2.10000000e+01,6.41763568e-01,8.90925884e+00,2.01804866e-03,1.46355042e+02,7.95789185e+01,1.85201645e+01,2.52526432e-01,4.14739251e-01
5345803-S04-156I3-A-L-C-190,20.02.2020-12:03:08,1.90000000e+01,6.45239890e-01,8.94306469e+00,2.38687685e-03,1.89725922e+02,7.96278915e+01,1.87026424e+01,1.65395305e-01,2.11353302e-01
5345803-S04-156I3-A-L-C-190,20.02.2020-12:03:10,1.90000000e+01,6.44168198e-01,8.93291950e+00,1.96796213e-03,7.47678833e+01,7.99541855e+01,1.87268238e+01,3.58413547e-01,5.67436218e-01
5345803-S04-156I3-A-L-C-190,20.02.2020-12:03:12,7.00000000e+00,6.48668945e-01,9.02041531e+00,2.25503440e-03,1.80864456e+02,8.00645142e+01,1.90686474e+01,1.51896819e-01,1.83436543e-01
5345803-S04-156I3-A-L-C-190,20.02.2020-12:03:14,8.00000000e+00,6.47808552e-01,9.01356792e+00,2.42779101e-03,1.95216919e+02,7.97037582e+01,1.89431591e+01,1.96382403e-01,2.39288315e-01
5345803-S04-156I3-A-L-C-190,20.02.2020-12:03:16,2.00000000e+01,6.43201709e-01,8.91679668e+00,2.10598530e-03,1.80659256e+02,7.97954865e+01,1.86279278e+01,1.98483244e-01,3.29209834e-01
5345803-S04-156I3-A-L-C-190,20.02.2020-12:03:18,8.00000000e+00,6.46079719e-01,8.98806190e+00,1.66989712e-03,9.23327713e+01,8.00368500e+01,1.89178753e+01,3.12059671e-01,3.86382312e-01
5345803-S04-156I3-A-L-C-190,20.02.2020-12:03:20,9.00000000e+00,6.44466877e-01,8.97115803e+00,2.15665041e-03,2.01474960e+02,8.02973251e+01,1.88964558e+01,1.84328139e-01,2.62882233e-01
5345803-S04-156I3-A-L-C-190,20.02.2020-12:03:22,1.90000000e+01,6.43909812e-01,8.93030167e+00,1.85085181e-03,1.31803116e+02,7.99533157e+01,1.87136211e+01,2.73226172e-01,4.02235299e-01
5345803-S04-156I3-A-L-C-190,20.02.2020-12:03:24,2.00000000e+00,6.41022801e-01,8.82571602e+00,2.22419645e-03,1.43363861e+02,7.94863510e+01,1.83040066e+01,1.66837230e-01,2.04593673e-01
5345803-S04-156I3-A-L-C-190,20.02.2020-12:03:27,1.90000000e+01,6.44288957e-01,8.94458389e+00,2.39296583e-03,2.33481018e+02,7.99650345e+01,1.87573376e+01,1.71056524e-01,3.83211732e-01
5345803-S04-156I3-A-L-C-190,20.02.2020-12:03:29,1.90000000e+01,6.44342244e-01,8.91647434e+00,1.83697860e-03,1.48249420e+02,8.02497177e+01,1.87665062e+01,2.12090328e-01,4.58202869e-01
5345803-S04-156I3-A-L-C-190,20.02.2020-12:03:31,2.00000000e+01,6.43546820e-01,8.90554142e+00,1.67006149e-03,1.90177368e+02,8.01260223e+01,1.86915035e+01,2.37896293e-01,6.76016212e-01
5345803-S04-156I3-A-L-C-190,20.02.2020-12:03:33,1.30000000e+01,6.27074182e-01,8.61291027e+00,1.31659862e-03,1.43225571e+02,8.07430954e+01,1.77502480e+01,2.76943564e-01,2.42174530e+00
5345803-S04-156I3-A-L-C-190,20.02.2020-12:03:35,2.00000000e+01,6.43544793e-01,8.90533638e+00,1.71399675e-03,1.37918076e+02,8.00893707e+01,1.86824646e+01,2.14708135e-01,5.39527833e-01
5345803-S04-156I3-A-L-C-190,20.02.2020-12:03:37,1.00000000e+00,6.41040504e-01,8.86207581e+00,1.83493970e-03,1.37722107e+02,7.99505615e+01,1.84872646e+01,1.71240583e-01,2.09449977e-01
5345803-S04-156I3-A-L-C-190,20.02.2020-12:03:39,1.90000000e+01,6.45328641e-01,8.94079971e+00,1.76751683e-03,1.21107819e+02,8.00181122e+01,1.87921200e+01,1.74265996e-01,2.59814113e-01
5345803-S04-156I3-A-L-C-190,20.02.2020-12:03:42,2.00000000e+01,6.43928766e-01,8.92070389e+00,2.47230055e-03,1.56637848e+02,7.99541092e+01,1.86942444e+01,1.74026757e-01,4.06145751e-01
5345803-S04-156I3-A-L-C-190,20.02.2020-12:03:44,1.40000000e+01,6.44239962e-01,8.95443535e+00,1.52727938e-03,2.15020504e+01,7.98542328e+01,1.87505493e+01,1.66169083e+00,1.97186911e+00
5345803-S04-156I3-A-L-C-190,20.02.2020-12:03:46,2.10000000e+01,6.43032610e-01,8.94565678e+00,2.34647421e-03,2.24753609e+01,7.92591934e+01,1.85577393e+01,1.19951153e+00,1.41021395e+00
5345803-S04-156I3-A-L-C-190,20.02.2020-12:03:48,1.00000000e+00,6.40760720e-01,8.84937668e+00,2.00395868e-03,1.87820724e+02,7.97348251e+01,1.84029217e+01,1.23277105e-01,1.54058546e-01
5345803-S04-156I3-A-L-C-190,20.02.2020-12:03:50,9.00000000e+00,6.45102978e-01,8.95235348e+00,2.09065317e-03,1.26452011e+02,8.01551971e+01,1.88420506e+01,1.87839970e-01,2.84360170e-01
5345803-S04-156I3-A-L-C-190,20.02.2020-12:03:52,9.00000000e+00,6.44677162e-01,8.96498585e+00,2.12939223e-03,1.94125290e+02,8.02359543e+01,1.88751812e+01,1.32294700e-01,2.01437116e-01
5345803-S04-156I3-A-L-C-190,20.02.2020-12:03:55,9.00000000e+00,6.46989465e-01,8.99139309e+00,1.85415766e-03,2.05518539e+02,7.98376617e+01,1.89043694e+01,1.56452492e-01,1.92102998e-01
5345803-S04-156I3-A-L-C-190,20.02.2020-12:03:57,8.00000000e+00,6.47679031e-01,8.99528217e+00,1.94370747e-03,1.73283813e+02,7.98537064e+01,1.89365082e+01,1.12779468e-01,1.35830492e-01
5345803-S04-156I3-A-L-C-190,20.02.2020-12:03:59,8.00000000e+00,6.46948993e-01,8.98242664e+00,2.00189743e-03,1.15054214e+02,8.00775757e+01,1.89410839e+01,1.95340484e-01,2.33734637e-01
5345803-S04-156I3-A-L-C-190,20.02.2020-12:04:01,9.00000000e+00,6.47602916e-01,8.96544933e+00,2.28656968e-03,1.75744583e+02,7.99892197e+01,1.89035110e+01,1.49592400e-01,1.93174958e-01
5345803-S04-156I3-A-L-C-190,20.02.2020-12:04:03,1.90000000e+01,6.44493818e-01,8.94060421e+00,2.01300601e-03,8.53438721e+01,7.99858475e+01,1.87598324e+01,3.21794748e-01,5.25969386e-01
5345803-S04-156I3-A-L-C-190,20.02.2020-12:04:06,2.00000000e+01,6.44696236e-01,8.93304825e+00,2.60073459e-03,2.19759384e+02,7.96194839e+01,1.86639862e+01,1.62575319e-01,3.57082605e-01
5345803-S04-156I3-A-L-C-190,20.02.2020-12:04:08,9.00000000e+00,6.46591663e-01,8.97236633e+00,2.38669757e-03,1.30574509e+02,7.97542419e+01,1.88330688e+01,2.27078855e-01,2.84150779e-01
5345803-S04-156I3-A-L-C-190,20.02.2020-12:04:10,1.90000000e+01,6.44803345e-01,8.93419170e+00,2.18081288e-03,1.26738686e+02,7.98921738e+01,1.87334194e+01,2.37990439e-01,4.69663173e-01
5345803-S04-156I3-A-L-C-190,20.02.2020-12:04:12,7.00000000e+00,6.49620175e-01,9.01538277e+00,1.70776679e-03,1.69071060e+02,7.99582977e+01,1.90606384e+01,1.88703746e-01,2.29467452e-01
5345803-S04-156I3-A-L-C-190,20.02.2020-12:04:14,9.00000000e+00,6.46997035e-01,8.96919537e+00,2.13194545e-03,1.37558090e+02,7.98149719e+01,1.88525600e+01,1.79437205e-01,2.37350732e-01
5345803-S04-156I3-A-L-C-190,20.02.2020-12:04:16,8.00000000e+00,6.48799241e-01,9.01587963e+00,2.52393726e-03,1.40386215e+02,7.98451767e+01,1.90106659e+01,1.80640787e-01,2.21079811e-01
5345803-S04-156I3-A-L-C-190,20.02.2020-12:04:18,7.00000000e+00,6.49309993e-01,9.00706863e+00,1.70300703e-03,1.27626579e+02,8.00308304e+01,1.90512333e+01,1.81951761e-01,2.21402988e-01
5345803-S04-156I3-A-L-C-190,20.02.2020-12:04:21,1.90000000e+01,6.44229233e-01,8.91737461e+00,1.84888917e-03,1.29904037e+02,8.00923920e+01,1.87283230e+01,3.32258910e-01,5.32090962e-01
5345803-S04-156I3-A-L-C-190,20.02.2020-12:04:23,2.00000000e+01,6.42664373e-01,8.90506077e+00,1.71087822e-03,2.51972260e+02,7.99323120e+01,1.86197433e+01,1.59941956e-01,2.76059002e-01
5345803-S04-156I3-A-L-C-190,20.02.2020-12:04:25,9.00000000e+00,6.47003472e-01,8.97211647e+00,2.00117077e-03,1.24173927e+02,7.99815674e+01,1.88982506e+01,1.86667815e-01,2.26077378e-01
5345803-S04-156I3-A-L-C-190,20.02.2020-12:04:27,9.00000000e+00,6.45987749e-01,8.95570850e+00,1.90550694e-03,2.64398956e+02,7.99969940e+01,1.88377094e+01,1.15231439e-01,1.45030424e-01
5345803-S04-156I3-A-L-C-190,20.02.2020-12:04:29,8.00000000e+00,6.46234393e-01,8.98653698e+00,2.18006899e-03,1.25582214e+02,8.00126572e+01,1.89134750e+01,1.97135270e-01,2.30003133e-01
5345803-S04-156I3-A-L-C-190,20.02.2020-12:04:31,9.00000000e+00,6.45331919e-01,8.96888351e+00,2.20966362e-03,1.32136902e+02,7.99457626e+01,1.88341999e+01,2.12952718e-01,2.52063930e-01
5345803-S04-156I3-A-L-C-190,20.02.2020-12:04:37,1.90000000e+01,6.44404829e-01,8.92122364e+00,1.67827855e-03,1.30045532e+02,8.02162399e+01,1.87704945e+01,2.16191590e-01,4.51906681e-01
5345803-S04-156I3-A-L-C-190,20.02.2020-12:04:39,1.90000000e+01,6.43339694e-01,8.93017197e+00,2.36130436e-03,1.14448868e+02,8.00620575e+01,1.87222099e+01,2.09776521e-01,4.13377136e-01
5345803-S04-156I3-A-L-C-190,20.02.2020-12:04:41,2.10000000e+01,6.42442584e-01,8.89861679e+00,1.95961772e-03,4.68204422e+01,7.98237000e+01,1.85745754e+01,5.45468628e-01,7.30814159e-01
5345803-S04-156I3-A-L-C-190,20.02.2020-12:04:43,2.40000000e+01,6.44589961e-01,8.93832779e+00,1.48362049e-03,6.65849543e+00,7.95157013e+01,1.86475983e+01,4.50376606e+00,5.33643723e+00
5345803-S04-156I3-A-L-C-190,20.02.2020-12:04:45,2.40000000e+01,6.44269645e-01,8.93355274e+00,2.40482995e-03,1.13808937e+01,7.92668228e+01,1.85700703e+01,2.93826723e+00,3.45726371e+00
5345803-S04-156I3-A-L-C-190,20.02.2020-12:04:47,1.00000000e+00,6.41336739e-01,8.86528492e+00,2.09617126e-03,3.98649826e+01,7.96888351e+01,1.84419346e+01,6.29966974e-01,7.31335342e-01
5345803-S04-156I3-A-L-C-190,20.02.2020-12:04:50,1.00000000e+00,6.41582429e-01,8.84848022e+00,1.48476858e-03,2.06647766e+02,7.98368530e+01,1.84482307e+01,1.61151528e-01,2.00613245e-01
5345803-S04-156I3-A-L-C-190,20.02.2020-12:04:52,1.90000000e+01,6.44447088e-01,8.93662262e+00,1.72389694e-03,3.04580383e+02,8.00726395e+01,1.87704659e+01,1.26543894e-01,2.17816100e-01
5345803-S04-156I3-A-L-C-190,20.02.2020-12:04:54,1.00000000e+00,6.38515890e-01,8.86237812e+00,2.21534679e-03,1.67872192e+02,7.99295120e+01,1.84102364e+01,2.61216789e-01,7.34588742e-01
5345803-S04-156I3-A-L-C-190,20.02.2020-12:04:56,8.00000000e+00,6.45407915e-01,8.97643948e+00,2.09517428e-03,1.98889221e+02,8.03235779e+01,1.89413815e+01,1.43345803e-01,2.38975212e-01
5345803-S04-156I3-A-L-C-190,20.02.2020-12:04:58,2.10000000e+01,6.42222822e-01,8.85777378e+00,1.70303951e-03,1.87830368e+02,7.99325180e+01,1.85081921e+01,1.66693494e-01,2.09779084e-01
5345803-S04-156I3-A-L-C-190,20.02.2020-12:05:01,1.90000000e+01,6.44741297e-01,8.92094517e+00,2.10728566e-03,1.50272186e+02,8.01071396e+01,1.87541656e+01,2.42822826e-01,4.92965788e-01
5345803-S04-156I3-A-L-C-190,20.02.2020-12:05:03,2.10000000e+01,6.41619086e-01,8.90292835e+00,2.18734727e-03,2.03150909e+02,7.99790421e+01,1.85958710e+01,1.63230494e-01,2.60029882e-01
5345803-S04-156I3-A-L-C-190,20.02.2020-12:05:05,1.90000000e+01,6.44957364e-01,8.93031979e+00,1.78423850e-03,1.68926254e+02,8.00005646e+01,1.87551804e+01,1.74948245e-01,2.65897840e-01
5345803-S04-156I3-A-L-C-190,20.02.2020-12:05:07,9.00000000e+00,6.45230949e-01,8.95877457e+00,2.23118160e-03,6.74584961e+01,8.00233078e+01,1.88282738e+01,3.69221091e-01,4.88790751e-01
5345803-S04-156I3-A-L-C-190,20.02.2020-12:05:09,8.00000000e+00,6.45829678e-01,8.98348522e+00,1.93475047e-03,1.88699478e+02,8.01861267e+01,1.89361782e+01,1.69653520e-01,3.10987651e-01
5345803-S04-156I3-A-L-C-190,20.02.2020-12:05:11,2.00000000e+00,6.41517818e-01,8.89211941e+00,2.82104197e-03,2.31195389e+02,7.91789398e+01,1.83845863e+01,1.97334170e-01,4.04814303e-01
5345803-S04-156I3-A-L-C-190,20.02.2020-12:05:13,1.00000000e+00,6.43253148e-01,8.86457253e+00,2.07513152e-03,2.65184296e+02,7.96491013e+01,1.84863319e+01,1.53317258e-01,2.77205586e-01
5345803-S04-156I3-A-L-C-190,20.02.2020-12:05:15,1.90000000e+01,6.45026207e-01,8.91833019e+00,2.36820290e-03,3.50156891e+02,8.00555344e+01,1.87448730e+01,9.82028097e-02,1.32874802e-01
5345803-S04-156I3-A-L-C-190,20.02.2020-12:05:17,1.00000000e+00,6.43753886e-01,8.85213852e+00,2.07109563e-03,2.72692505e+02,7.95914764e+01,1.84614086e+01,1.70686781e-01,3.14627320e-01
5345803-S04-156I3-A-L-C-190,20.02.2020-12:05:19,2.00000000e+01,6.44137919e-01,8.89204788e+00,2.37912475e-03,2.62880066e+02,8.00709610e+01,1.86674881e+01,1.00071728e-01,1.42319277e-01
5345803-S04-156I3-A-L-C-190,20.02.2020-12:05:22,1.90000000e+01,6.44624889e-01,8.92604065e+00,2.30713119e-03,2.48950272e+02,7.99016724e+01,1.87133694e+01,1.31148770e-01,1.59698144e-01
5345803-S04-156I3-A-L-C-190,20.02.2020-12:05:24,1.00000000e+00,6.44003570e-01,8.86944962e+00,1.97304273e-03,5.88832642e+02,7.94241638e+01,1.84657841e+01,8.12135562e-02,1.87054113e-01
5345803-S04-156I3-A-L-C-190,20.02.2020-12:05:26,2.00000000e+01,6.42209589e-01,8.89031029e+00,2.41270708e-03,3.76277405e+02,8.00520630e+01,1.86035767e+01,1.61489531e-01,2.83887386e-01
5345803-S04-156I3-A-L-C-190,20.02.2020-12:05:28,2.00000000e+01,6.44756258e-01,8.89574623e+00,2.50449195e-03,3.06572937e+02,7.99055710e+01,1.86545696e+01,1.31947622e-01,1.63642704e-01
5345803-S04-156I3-A-L-C-190,20.02.2020-12:05:30,1.90000000e+01,6.46311462e-01,8.93723774e+00,2.07189843e-03,2.15967102e+02,7.98766327e+01,1.87799778e+01,1.60267264e-01,1.96014285e-01
5345803-S04-156I3-A-L-C-190,20.02.2020-12:05:32,1.90000000e+01,6.45753622e-01,8.90836525e+00,1.92552165e-03,3.57312927e+02,7.99174576e+01,1.87127113e+01,9.06567574e-02,1.20405920e-01
5345803-S04-156I3-A-L-C-190,20.02.2020-12:05:34,2.00000000e+01,6.45971775e-01,8.91961861e+00,2.51307315e-03,1.10674728e+02,7.97263718e+01,1.86978664e+01,3.82683039e-01,5.11690259e-01
5345803-S04-156I3-A-L-C-190,20.02.2020-12:05:36,1.00000000e+00,6.40569270e-01,8.88665962e+00,2.43481109e-03,1.00426544e+02,7.95901031e+01,1.84414024e+01,3.76631171e-01,5.98328710e-01
5345803-S04-156I3-A-L-C-190,20.02.2020-12:05:39,1.90000000e+01,6.45147324e-01,8.90553570e+00,1.58639881e-03,1.25293404e+02,8.00107880e+01,1.87110291e+01,2.12001532e-01,2.64766276e-01
5345803-S04-156I3-A-L-C-190,20.02.2020-12:05:41,1.90000000e+01,6.45016074e-01,8.92819214e+00,2.13875598e-03,2.52839218e+02,8.01774368e+01,1.87938805e+01,1.41645864e-01,1.98069483e-01
5345803-S04-156I3-A-L-C-190,20.02.2020-12:05:43,1.90000000e+01,6.43887520e-01,8.91116905e+00,2.19868659e-03,5.89648499e+02,8.01427765e+01,1.87171307e+01,6.79079518e-02,1.01820312e-01
5345803-S04-156I3-A-L-C-190,20.02.2020-12:05:45,1.90000000e+01,6.45487010e-01,8.92425346e+00,2.18144106e-03,3.82524658e+02,8.00550919e+01,1.87706184e+01,1.00902580e-01,1.37365624e-01
5345803-S04-156I3-A-L-C-190,20.02.2020-12:05:47,2.10000000e+01,6.42840862e-01,8.89884949e+00,2.14692554e-03,3.88452026e+02,7.94883728e+01,1.85084953e+01,1.89053401e-01,3.94300461e-01
5345803-S04-156I3-A-L-C-190,20.02.2020-12:05:49,1.90000000e+01,6.45695329e-01,8.91713715e+00,2.36825971e-03,5.15601990e+02,7.98590164e+01,1.87157516e+01,9.47280228e-02,1.38033956e-01
5345803-S04-156I3-A-L-C-190,20.02.2020-12:05:51,9.00000000e+00,6.46352053e-01,8.93074894e+00,1.76604895e-03,3.16713776e+02,8.00712357e+01,1.88132458e+01,8.68741944e-02,1.32295638e-01
5345803-S04-156I3-A-L-C-190,20.02.2020-12:05:53,1.90000000e+01,6.46279871e-01,8.91094303e+00,2.20139092e-03,2.59071381e+02,7.98851166e+01,1.87257996e+01,1.27831832e-01,2.17545137e-01
5345803-S04-156I3-A-L-C-190,20.02.2020-12:05:55,2.00000000e+01,6.45548582e-01,8.91383076e+00,2.22515198e-03,2.87450226e+02,7.97962341e+01,1.86898556e+01,1.39090329e-01,2.75762737e-01
5345803-S04-156I3-A-L-C-190,20.02.2020-12:05:57,2.00000000e+01,6.44986749e-01,8.91843700e+00,2.59446423e-03,1.94370285e+02,7.97421722e+01,1.86705799e+01,1.49069384e-01,2.96218902e-01
5345803-S04-156I3-A-L-C-190,20.02.2020-12:06:00,2.00000000e+01,6.44992471e-01,8.91149235e+00,1.97771983e-03,1.58984955e+02,7.98482285e+01,1.86810188e+01,1.45587802e-01,2.89434969e-01
5345803-S04-156I3-A-L-C-190,20.02.2020-12:06:02,2.00000000e+01,6.45389438e-01,8.92511749e+00,2.62026745e-03,2.16244980e+02,7.96595840e+01,1.86768665e+01,1.76264152e-01,3.13506246e-01
5345803-S04-156I3-A-L-C-190,20.02.2020-12:06:04,1.00000000e+00,6.42320633e-01,8.84222794e+00,2.37272680e-03,2.66205597e+02,7.96194916e+01,1.84061604e+01,2.09455326e-01,9.20347393e-01
5345803-S04-156I3-A-L-C-190,20.02.2020-12:06:06,2.10000000e+01,6.43661499e-01,8.89112473e+00,2.26587919e-03,3.91422852e+02,7.96496811e+01,1.85536118e+01,9.53202471e-02,1.17595308e-01
5345803-S04-156I3-A-L-C-190,20.02.2020-12:06:08,2.10000000e+01,6.42913342e-01,8.89918613e+00,2.44090380e-03,3.01649414e+02,7.97137451e+01,1.85637684e+01,1.11816309e-01,1.36701390e-01
5345803-S04-156I3-A-L-C-190,20.02.2020-12:06:10,1.00000000e+00,6.41094983e-01,8.89402866e+00,2.51146895e-03,1.94125549e+02,7.95300064e+01,1.84578934e+01,2.43756071e-01,4.61872935e-01
5345803-S04-156I3-A-L-C-190,20.02.2020-12:06:12,1.00000000e+00,6.42002702e-01,8.88836288e+00,2.49561761e-03,4.69947906e+02,7.94524536e+01,1.84542389e+01,1.57345742e-01,3.57644111e-01
5345803-S04-156I3-A-L-C-190,20.02.2020-12:06:14,1.90000000e+01,6.46066427e-01,8.92819786e+00,2.06344482e-03,3.96836304e+02,8.00663910e+01,1.87984238e+01,1.09670542e-01,1.35279551e-01
5345803-S04-156I3-A-L-C-190,20.02.2020-12:06:16,1.00000000e+00,6.41842246e-01,8.88475990e+00,2.67139007e-03,2.77425903e+02,7.94242859e+01,1.84356117e+01,1.80061579e-01,3.83085668e-01
5345803-S04-156I3-A-L-C-190,20.02.2020-12:06:18,1.90000000e+01,6.44854546e-01,8.91702461e+00,2.19106139e-03,2.47801407e+02,8.01804581e+01,1.87663784e+01,8.22696164e-02,1.13336690e-01
5345803-S04-156I3-A-L-C-190,20.02.2020-12:06:21,1.90000000e+01,6.45708084e-01,8.91188240e+00,1.90104882e-03,1.90095825e+02,7.99971313e+01,1.87374420e+01,1.05906621e-01,1.35634884e-01
5345803-S04-156I3-A-L-C-190,20.02.2020-12:06:23,1.90000000e+01,6.45728290e-01,8.92287064e+00,1.82646827e-03,4.47858429e+02,8.01293106e+01,1.87921295e+01,9.03614461e-02,1.37576461e-01
5345803-S04-156I3-A-L-C-190,20.02.2020-12:06:25,2.00000000e+01,6.44074440e-01,8.91155815e+00,2.48878752e-03,5.28273376e+02,7.99437943e+01,1.86768932e+01,9.42083299e-02,1.91124111e-01
5345803-S04-156I3-A-L-C-190,20.02.2020-12:06:27,1.90000000e+01,6.45308256e-01,8.92290974e+00,2.51225033e-03,1.25271561e+02,7.98556366e+01,1.87158470e+01,2.63678342e-01,3.20088118e-01
5345803-S04-156I3-A-L-C-190,20.02.2020-12:06:29,9.00000000e+00,6.48344398e-01,8.94433689e+00,1.93226547e-03,1.08703625e+03,8.00547333e+01,1.88960533e+01,5.68208322e-02,7.80692622e-02
5345803-S04-156I3-A-L-C-190,20.02.2020-12:06:31,2.00000000e+01,6.44835413e-01,8.90746212e+00,2.54969159e-03,3.86422943e+02,7.97402649e+01,1.86427822e+01,1.65022150e-01,3.04975212e-01
5345803-S04-156I3-A-L-C-190,20.02.2020-12:06:33,2.10000000e+01,6.44680023e-01,8.89608669e+00,2.85040820e-03,3.42263275e+02,7.96288452e+01,1.85884781e+01,1.19367510e-01,1.58297092e-01
5345803-S04-156I3-A-L-C-190,20.02.2020-12:06:35,2.00000000e+01,6.44639254e-01,8.89101982e+00,1.80861948e-03,1.98981766e+02,7.98227081e+01,1.86219444e+01,1.77795857e-01,2.91800231e-01
5345803-S04-156I3-A-L-C-190,20.02.2020-12:06:37,2.10000000e+01,6.45606220e-01,8.88001251e+00,2.18864251e-03,4.45221924e+02,7.96682129e+01,1.85907364e+01,9.39001963e-02,1.26777753e-01
5345803-S04-156I3-A-L-C-190,20.02.2020-12:06:40,2.10000000e+01,6.42020643e-01,8.86513329e+00,2.38378393e-03,2.70138855e+02,7.98790359e+01,1.85053501e+01,1.77364364e-01,4.50429052e-01
5345803-S04-156I3-A-L-C-190,20.02.2020-12:06:42,1.90000000e+01,6.46214187e-01,8.90984917e+00,1.71470165e-03,2.32998825e+02,8.00053558e+01,1.87497749e+01,1.41596824e-01,1.84619889e-01
5345803-S04-156I3-A-L-C-190,20.02.2020-12:06:44,2.00000000e+01,6.45993531e-01,8.88221645e+00,2.15494912e-03,5.28018494e+02,7.98385849e+01,1.86462955e+01,9.88711491e-02,1.40657395e-01
5345803-S04-156I3-A-L-C-190,20.02.2020-12:06:46,1.90000000e+01,6.44412458e-01,8.91772652e+00,2.34546466e-03,2.49707764e+02,7.99627762e+01,1.87040710e+01,1.65811807e-01,2.03776568e-01
5345803-S04-156I3-A-L-C-190,20.02.2020-12:06:48,1.90000000e+01,6.45277143e-01,8.92795181e+00,1.77502003e-03,3.05955536e+02,8.01245193e+01,1.87885723e+01,1.33207262e-01,1.68703780e-01
5345803-S04-156I3-A-L-C-190,20.02.2020-12:06:51,2.10000000e+01,6.42796636e-01,8.88224983e+00,2.26240768e-03,3.72941010e+02,7.97060699e+01,1.85232906e+01,7.07075149e-02,1.12486646e-01
5345803-S04-156I3-A-L-C-190,20.02.2020-12:06:53,1.00000000e+00,6.41660929e-01,8.85099316e+00,2.18519382e-03,3.62456177e+02,7.98723526e+01,1.84639359e+01,1.80654466e-01,5.47169328e-01
5345803-S04-156I3-A-L-C-190,20.02.2020-12:06:55,2.10000000e+01,6.43343329e-01,8.90917873e+00,2.48230249e-03,1.32194229e+02,7.96439056e+01,1.85807514e+01,2.16366738e-01,2.57960021e-01
5345803-S04-156I3-A-L-C-190,20.02.2020-12:06:57,1.90000000e+01,6.45021200e-01,8.91320133e+00,1.84789381e-03,1.78835632e+02,8.03362427e+01,1.87996349e+01,1.61268249e-01,2.02632248e-01
5345803-S04-156I3-A-L-C-190,20.02.2020-12:06:59,2.00000000e+01,6.43597662e-01,8.91592598e+00,2.29045306e-03,2.21762863e+02,7.99956665e+01,1.86843319e+01,1.80473834e-01,2.26238951e-01
5345803-S04-156I3-A-L-C-190,20.02.2020-12:07:01,1.00000000e+00,6.42107069e-01,8.87295055e+00,2.60283449e-03,2.97341156e+02,7.96045761e+01,1.84605141e+01,1.80501238e-01,4.16193455e-01
5345803-S04-156I3-A-L-C-190,20.02.2020-12:07:03,2.10000000e+01,6.42121375e-01,8.86735725e+00,1.61166443e-03,1.50293976e+02,8.00686722e+01,1.85568466e+01,2.49783665e-01,5.77795804e-01
5345803-S04-156I3-A-L-C-190,20.02.2020-12:07:05,1.90000000e+01,6.47185445e-01,8.89621735e+00,1.86573400e-03,2.43446869e+02,8.01063919e+01,1.87729034e+01,1.02439076e-01,2.09639743e-01
5345803-S04-156I3-A-L-C-190,20.02.2020-12:07:07,2.00000000e+01,6.47769868e-01,8.85548210e+00,1.77480781e-03,5.94187134e+02,8.00003815e+01,1.86790676e+01,4.96079549e-02,8.80722627e-02
5345803-S04-156I3-A-L-C-190,20.02.2020-12:07:10,2.00000000e+01,6.43533289e-01,8.90937805e+00,2.21332093e-03,3.14170380e+01,7.97504654e+01,1.86115208e+01,1.12928009e+00,1.37081456e+00
5345803-S04-156I3-A-L-C-190,20.02.2020-12:07:12,2.00000000e+01,6.44789875e-01,8.90673828e+00,1.92691933e-03,1.24444817e+02,7.98705978e+01,1.86704178e+01,2.49739781e-01,3.08093816e-01
5345803-S04-156I3-A-L-C-190,20.02.2020-12:07:14,1.90000000e+01,6.45587027e-01,8.92032433e+00,2.53770943e-03,3.68284393e+02,7.97859039e+01,1.87021599e+01,1.02171637e-01,1.44868851e-01
5345803-S04-156I3-A-L-C-190,20.02.2020-12:07:16,1.90000000e+01,6.45426214e-01,8.93264103e+00,1.89765694e-03,1.69326599e+02,7.99813919e+01,1.87691956e+01,2.29824573e-01,3.28267783e-01
5345803-S04-156I3-A-L-C-190,20.02.2020-12:07:37,2.10000000e+01,6.42322898e-01,8.87306404e+00,2.03234237e-03,2.15772079e+02,7.97877121e+01,1.85094395e+01,2.00446412e-01,4.37485069e-01
5345803-S04-156I3-A-L-C-190,20.02.2020-12:07:39,2.00000000e+01,6.44664049e-01,8.89027119e+00,2.02644034e-03,2.19766693e+02,8.00420380e+01,1.86722565e+01,1.59445792e-01,2.46406972e-01
5345803-S04-156I3-A-L-C-190,20.02.2020-12:07:43,9.00000000e+00,6.47228062e-01,8.92913914e+00,1.85750017e-03,4.00569305e+01,7.99835052e+01,1.88147125e+01,6.19694948e-01,8.31337810e-01
5345803-S04-156I3-A-L-C-190,20.02.2020-12:07:45,7.00000000e+00,6.49071336e-01,8.96005440e+00,1.83916336e-03,7.04901886e+01,8.03937607e+01,1.90307388e+01,3.71064067e-01,5.51370502e-01
5345803-S04-156I3-A-L-C-190,20.02.2020-12:07:47,8.00000000e+00,6.48212314e-01,8.96776390e+00,1.86063314e-03,1.03594986e+02,8.02747040e+01,1.89937344e+01,3.16993684e-01,4.47604448e-01
5345803-S04-156I3-A-L-C-190,20.02.2020-12:07:49,1.90000000e+01,6.43076658e-01,8.93594933e+00,2.05103285e-03,3.95751610e+01,8.01623993e+01,1.87501335e+01,7.66687930e-01,1.13726640e+00
5345803-S04-156I3-A-L-C-190,20.02.2020-12:07:51,2.40000000e+01,6.47904754e-01,8.95933437e+00,1.68271794e-03,1.04788818e+01,7.99229202e+01,1.88837605e+01,2.11982942e+00,2.52217007e+00
5345803-S04-156I3-A-L-C-190,20.02.2020-12:07:53,1.90000000e+01,6.44618690e-01,8.93788910e+00,1.99772906e-03,1.75618073e+02,8.00273438e+01,1.87674999e+01,2.36153230e-01,5.66870391e-01
5345803-S04-156I3-A-L-C-190,20.02.2020-12:07:56,8.00000000e+00,6.47357285e-01,8.97641468e+00,2.13205046e-03,1.22137909e+02,8.01294556e+01,1.89526234e+01,2.00199157e-01,2.66651422e-01
5345803-S04-156I3-A-L-C-190,20.02.2020-12:07:58,8.00000000e+00,6.46977663e-01,8.96497536e+00,1.95325701e-03,1.11647141e+02,8.01065445e+01,1.89119606e+01,2.35867873e-01,3.41998637e-01
5345803-S04-156I3-A-L-C-190,20.02.2020-12:08:00,9.00000000e+00,6.48088813e-01,8.96669579e+00,1.73484103e-03,9.66245880e+01,7.99227753e+01,1.89046097e+01,3.60279202e-01,4.59260494e-01
5345803-S04-156I3-A-L-C-190,20.02.2020-12:08:02,8.00000000e+00,6.46635771e-01,8.96488762e+00,1.81932421e-03,9.05139999e+01,8.01888351e+01,1.89211998e+01,4.05482501e-01,5.85444450e-01
5345803-S04-156I3-A-L-C-190,20.02.2020-12:08:04,8.00000000e+00,6.46803379e-01,8.96837997e+00,1.77534006e-03,2.14787033e+02,8.01323090e+01,1.89201317e+01,1.44977361e-01,2.33920172e-01
5345803-S04-156I3-A-L-C-190,20.02.2020-12:08:06,1.90000000e+01,6.45690978e-01,8.90623856e+00,1.85378036e-03,1.82823730e+02,7.99774094e+01,1.87204628e+01,1.37187615e-01,2.50309318e-01
5345803-S04-156I3-A-L-C-190,20.02.2020-12:08:08,9.00000000e+00,6.47111237e-01,8.93556786e+00,1.77062722e-03,1.22257675e+02,8.00565491e+01,1.88420506e+01,3.60943407e-01,5.59741437e-01
5345803-S04-156I3-A-L-C-190,20.02.2020-12:08:10,2.00000000e+01,6.44949377e-01,8.89276028e+00,1.92366494e-03,1.64429489e+02,7.98464737e+01,1.86400967e+01,1.54687002e-01,2.48108402e-01
5345803-S04-156I3-A-L-C-190,20.02.2020-12:08:13,7.00000000e+00,6.49645269e-01,8.97135448e+00,2.06036400e-03,3.87468201e+02,8.03815842e+01,1.90686989e+01,9.23081711e-02,1.43622547e-01
5345803-S04-156I3-A-L-C-190,20.02.2020-12:08:15,1.90000000e+01,6.46735013e-01,8.91949654e+00,2.00194423e-03,1.04282608e+02,7.98223038e+01,1.87422256e+01,2.46469423e-01,4.41383749e-01
5345803-S04-156I3-A-L-C-190,20.02.2020-12:08:17,9.00000000e+00,6.48306310e-01,8.92679882e+00,1.68261689e-03,1.11450058e+02,8.02044678e+01,1.88931675e+01,2.47537881e-01,4.20785666e-01
5345803-S04-156I3-A-L-C-190,20.02.2020-12:08:19,8.00000000e+00,6.47931516e-01,8.96370220e+00,1.86203280e-03,1.51503418e+02,8.03380737e+01,1.89918880e+01,2.30197594e-01,3.41258258e-01
5345803-S04-156I3-A-L-C-190,20.02.2020-12:08:21,1.90000000e+01,6.44871116e-01,8.93908119e+00,1.78875029e-03,3.23703735e+02,8.00083542e+01,1.87728977e+01,2.28030682e-01,4.20149475e-01
5345803-S04-156I3-A-L-C-190,20.02.2020-12:08:23,1.90000000e+01,6.45518422e-01,8.92287350e+00,2.22011749e-03,1.58816406e+02,7.97883759e+01,1.87060966e+01,2.02533692e-01,3.83115262e-01
5345803-S04-156I3-A-L-C-190,20.02.2020-12:08:25,8.00000000e+00,6.47577524e-01,8.96099854e+00,2.01746658e-03,2.56614441e+02,8.01598206e+01,1.89336834e+01,1.48874372e-01,2.06983611e-01
5345803-S04-156I3-A-L-C-190,20.02.2020-12:08:27,2.00000000e+01,6.43693030e-01,8.90964508e+00,2.01551523e-03,1.76338821e+02,7.98650208e+01,1.86434383e+01,1.84072539e-01,3.33117723e-01
5345803-S04-156I3-A-L-C-190,20.02.2020-12:08:29,8.00000000e+00,6.47661448e-01,8.98165894e+00,2.42837192e-03,1.77345993e+02,8.00429306e+01,1.89521198e+01,1.69880524e-01,2.22029030e-01
5345803-S04-156I3-A-L-C-190,20.02.2020-12:08:32,2.10000000e+01,6.43900037e-01,8.90109730e+00,2.12410884e-03,1.42065384e+02,7.96960220e+01,1.85921173e+01,2.32533649e-01,4.22718704e-01
5345803-S04-156I3-A-L-C-190,20.02.2020-12:08:34,7.00000000e+00,6.48760617e-01,8.98116493e+00,1.77405844e-03,1.67761459e+02,8.03607407e+01,1.90586128e+01,1.34433225e-01,1.81443021e-01
5345803-S04-156I3-A-L-C-190,20.02.2020-12:08:36,8.00000000e+00,6.48191869e-01,8.96802425e+00,1.72919559e-03,2.48341522e+02,7.99474564e+01,1.89162579e+01,1.42778441e-01,1.89061239e-01
5345803-S04-156I3-A-L-C-190,20.02.2020-12:08:38,2.00000000e+01,6.44926727e-01,8.92057896e+00,1.89796533e-03,1.14429573e+02,7.97479324e+01,1.86746750e+01,2.54959702e-01,4.36533034e-01
5345803-S04-156I3-A-L-C-190,20.02.2020-12:08:40,2.10000000e+01,6.41815364e-01,8.88803005e+00,1.70346571e-03,8.24662933e+01,7.99088287e+01,1.85541306e+01,3.67118478e-01,9.42052782e-01
5345803-S04-156I3-A-L-C-190,20.02.2020-12:08:42,2.10000000e+01,6.41782343e-01,8.87881470e+00,1.59723614e-03,6.36067772e+01,7.98474045e+01,1.85196896e+01,5.54799259e-01,1.29931271e+00
5345803-S04-156I3-A-L-C-190,20.02.2020-12:08:44,2.00000000e+01,6.42860889e-01,8.95087814e+00,2.19674106e-03,1.13288383e+02,7.98091049e+01,1.86924076e+01,3.34781229e-01,4.79899883e-01
5345803-S04-156I3-A-L-C-190,20.02.2020-12:08:46,1.90000000e+01,6.45099401e-01,8.92979050e+00,2.01056502e-03,1.58508331e+02,8.01501999e+01,1.87932854e+01,2.11873308e-01,6.29795253e-01
5345803-S04-156I3-A-L-C-190,20.02.2020-12:08:48,8.00000000e+00,6.46924675e-01,8.97394276e+00,2.26649432e-03,9.91422195e+01,8.00595627e+01,1.89182281e+01,3.04571092e-01,4.96348828e-01
5345803-S04-156I3-A-L-C-190,20.02.2020-12:08:51,9.00000000e+00,6.45855248e-01,8.96255302e+00,1.76213309e-03,1.30699783e+02,8.01420670e+01,1.88824215e+01,2.30600193e-01,3.08572054e-01
5345803-S04-156I3-A-L-C-190,20.02.2020-12:08:53,2.00000000e+01,6.44101143e-01,8.93252850e+00,2.17361306e-03,1.81789169e+02,7.97960739e+01,1.86870251e+01,1.86481938e-01,2.60563791e-01
5345803-S04-156I3-A-L-C-190,20.02.2020-12:08:55,9.00000000e+00,6.46134555e-01,8.96358585e+00,1.65571249e-03,7.80783813e+02,8.01812820e+01,1.89020100e+01,4.88899760e-02,9.61512774e-02
5345803-S04-156I3-A-L-C-190,20.02.2020-12:08:57,2.00000000e+01,6.43755555e-01,8.89937115e+00,1.92743877e-03,1.47171616e+02,7.97934418e+01,1.86070576e+01,2.04506710e-01,3.77321869e-01
5345803-S04-156I3-A-L-C-190,20.02.2020-12:08:59,7.00000000e+00,6.49041355e-01,8.98957348e+00,1.88646140e-03,2.05739319e+02,8.03311539e+01,1.90776844e+01,1.16912924e-01,1.58303171e-01
5345803-S04-156I3-A-L-C-190,20.02.2020-12:09:01,7.00000000e+00,6.48851871e-01,8.98898506e+00,1.68116018e-03,2.70817200e+02,8.03198090e+01,1.90681725e+01,1.28873751e-01,1.75545648e-01
5345803-S04-156I3-A-L-C-190,20.02.2020-12:09:03,2.00000000e+01,6.44419491e-01,8.91871071e+00,1.86223281e-03,1.86083237e+02,7.98889236e+01,1.86890640e+01,1.83837727e-01,3.26859117e-01
5345803-S04-156I3-A-L-C-190,20.02.2020-12:09:05,7.00000000e+00,6.48804903e-01,8.98266792e+00,1.77923986e-03,1.88711792e+02,8.02277679e+01,1.90315590e+01,1.54138014e-01,2.07200646e-01
5345803-S04-156I3-A-L-C-190,20.02.2020-12:09:07,8.00000000e+00,6.48043275e-01,8.96895599e+00,1.98879791e-03,1.56611328e+02,8.02476349e+01,1.89849014e+01,2.08876222e-01,2.75964081e-01
5345803-S04-156I3-A-L-C-190,20.02.2020-12:09:10,8.00000000e+00,6.48272097e-01,8.96656036e+00,1.83123420e-03,1.57075562e+02,8.03058853e+01,1.90003128e+01,1.68399915e-01,2.35382989e-01
5345803-S04-156I3-A-L-C-190,20.02.2020-12:09:12,9.00000000e+00,6.47054493e-01,8.97003746e+00,2.15811026e-03,2.08592117e+02,7.99496994e+01,1.88878345e+01,1.75659657e-01,2.33269498e-01
5345803-S04-156I3-A-L-C-190,20.02.2020-12:09:14,9.00000000e+00,6.48623347e-01,8.94389343e+00,1.75877067e-03,1.90863174e+02,7.99345551e+01,1.88748703e+01,1.66462660e-01,2.52709240e-01
5345803-S04-156I3-A-L-C-190,20.02.2020-12:09:16,1.90000000e+01,6.47117734e-01,8.91835403e+00,1.96245429e-03,2.47536224e+02,7.99786835e+01,1.87876492e+01,1.63708732e-01,3.26386869e-01
5345803-S04-156I3-A-L-C-190,20.02.2020-12:09:18,8.00000000e+00,6.48086369e-01,8.95759869e+00,2.26577069e-03,1.92807312e+02,8.03115234e+01,1.89772167e+01,1.90280601e-01,3.02969038e-01
5345803-S04-156I3-A-L-C-190,20.02.2020-12:09:20,9.00000000e+00,6.46291912e-01,8.95675850e+00,1.85395707e-03,2.67189209e+02,8.01978989e+01,1.88961258e+01,1.15572490e-01,1.78465068e-01
5345803-S04-156I3-A-L-C-190,20.02.2020-12:09:22,2.00000000e+01,6.44502461e-01,8.91990471e+00,2.07478344e-03,9.20753326e+01,7.97335205e+01,1.86576061e+01,4.25419480e-01,6.41003370e-01
5345803-S04-156I3-A-L-C-190,20.02.2020-12:09:27,7.00000000e+00,6.47807479e-01,9.00717545e+00,1.85109081e-03,1.17464890e+02,8.02231522e+01,1.90530491e+01,2.00512394e-01,2.59197682e-01
5345803-S04-156I3-A-L-C-190,20.02.2020-12:09:29,8.00000000e+00,6.47729456e-01,8.95574856e+00,1.95735227e-03,1.37240753e+02,8.02633438e+01,1.89514732e+01,3.10290694e-01,4.17048126e-01
5345803-S04-156I3-A-L-C-190,20.02.2020-12:09:31,1.90000000e+01,6.45403445e-01,8.92795849e+00,1.76764454e-03,6.18997879e+01,7.98222198e+01,1.87213631e+01,5.03624082e-01,7.49103367e-01
5345803-S04-156I3-A-L-C-190,20.02.2020-12:09:33,2.40000000e+01,6.46318793e-01,8.95921326e+00,2.10215966e-03,3.75422788e+00,7.87834702e+01,1.85687199e+01,6.77447891e+00,7.84733200e+00
5345803-S04-156I3-A-L-C-190,20.02.2020-12:09:35,1.90000000e+01,6.45237684e-01,8.94536209e+00,2.11430714e-03,1.33948608e+02,7.97257614e+01,1.87303753e+01,2.24236295e-01,3.90442282e-01
5345803-S04-156I3-A-L-C-190,20.02.2020-12:09:37,1.90000000e+01,6.46158993e-01,8.90881920e+00,1.44002109e-03,1.69071396e+02,8.00909348e+01,1.87660599e+01,1.74329802e-01,2.14766264e-01
5345803-S04-156I3-A-L-C-190,20.02.2020-12:09:39,8.00000000e+00,6.47508919e-01,8.91867352e+00,1.27553882e-03,2.22232010e+02,8.05030746e+01,1.89229431e+01,1.99558914e-01,2.94792354e-01
5345803-S04-156I3-A-L-C-190,20.02.2020-12:09:42,1.90000000e+01,6.45345807e-01,8.92724133e+00,1.70798076e-03,1.51452209e+02,8.00333786e+01,1.87677040e+01,2.07144842e-01,2.95100093e-01
5345803-S04-156I3-A-L-C-190,20.02.2020-12:09:44,8.00000000e+00,6.46940529e-01,8.94178581e+00,1.92541198e-03,1.16767975e+02,8.04242020e+01,1.89367561e+01,2.03835025e-01,2.91389167e-01
5345803-S04-156I3-A-L-C-190,20.02.2020-12:09:46,1.90000000e+01,6.44263864e-01,8.92827797e+00,2.07216758e-03,1.77078735e+02,8.00991898e+01,1.87538204e+01,1.68268770e-01,2.62481511e-01
5345803-S04-156I3-A-L-C-190,20.02.2020-12:09:48,8.00000000e+00,6.46835327e-01,8.94805145e+00,2.05114111e-03,1.37935211e+02,8.03465118e+01,1.89286404e+01,2.07600012e-01,2.96302974e-01
5345803-S04-156I3-A-L-C-190,20.02.2020-12:09:50,9.00000000e+00,6.47077858e-01,8.93617249e+00,1.84273045e-03,1.09358749e+02,8.00619202e+01,1.88436165e+01,2.68158197e-01,3.26123893e-01
5345803-S04-156I3-A-L-C-190,20.02.2020-12:09:52,9.00000000e+00,6.47121489e-01,8.93194771e+00,1.66772271e-03,1.47245667e+02,8.00917206e+01,1.88429909e+01,1.90809652e-01,2.33443290e-01
5345803-S04-156I3-A-L-C-190,20.02.2020-12:09:54,7.00000000e+00,6.48231685e-01,9.01125336e+00,1.80894474e-03,5.28205452e+01,8.01885147e+01,1.90659218e+01,5.06294966e-01,6.19194210e-01
5345803-S04-156I3-A-L-C-190,20.02.2020-12:09:56,7.00000000e+00,6.48764431e-01,9.01918983e+00,1.86500920e-03,1.01697533e+02,8.02258301e+01,1.91072845e+01,3.22990119e-01,4.14174885e-01
5345803-S04-156I3-A-L-C-190,20.02.2020-12:09:59,8.00000000e+00,6.48215771e-01,8.95920944e+00,2.23999866e-03,7.87203903e+01,8.00310135e+01,1.89181137e+01,4.40510392e-01,6.17419362e-01
5345803-S04-156I3-A-L-C-190,20.02.2020-12:10:01,1.40000000e+01,6.46968186e-01,8.96175861e+00,2.17739074e-03,1.59513197e+01,7.97425232e+01,1.88189907e+01,1.38181710e+00,1.64013219e+00
5345803-S04-156I3-A-L-C-190,20.02.2020-12:10:03,1.90000000e+01,6.46161437e-01,8.90900993e+00,1.76098605e-03,1.42423126e+02,7.99627533e+01,1.87364979e+01,3.72323632e-01,4.80808705e-01
5345803-S04-156I3-A-L-C-190,20.02.2020-12:10:05,9.00000000e+00,6.47200882e-01,8.95618153e+00,1.86268112e-03,4.71904869e+01,8.00427017e+01,1.88848667e+01,4.75878626e-01,5.93853891e-01
5345803-S04-156I3-A-L-C-190,20.02.2020-12:10:07,9.00000000e+00,6.47787333e-01,8.94170952e+00,2.03370419e-03,1.35058670e+02,8.01884003e+01,1.89057865e+01,2.79496253e-01,4.21965450e-01
5345803-S04-156I3-A-L-C-190,20.02.2020-12:10:09,8.00000000e+00,6.48850620e-01,8.98499584e+00,2.29606056e-03,6.90115433e+01,8.00722351e+01,1.90009251e+01,6.04667008e-01,7.44396508e-01
5345803-S04-156I3-A-L-C-190,20.02.2020-12:10:11,7.00000000e+00,6.49264216e-01,8.97452831e+00,2.03621294e-03,1.56253326e+02,8.02126617e+01,1.90241928e+01,2.33722076e-01,3.13906908e-01
5345803-S04-156I3-A-L-C-190,20.02.2020-12:10:13,7.00000000e+00,6.48008883e-01,9.01300621e+00,1.71900261e-03,1.77441605e+02,8.02810059e+01,1.90850639e+01,1.96923643e-01,2.60222435e-01
5345803-S04-156I3-A-L-C-190,20.02.2020-12:10:15,8.00000000e+00,6.47583425e-01,8.95011520e+00,1.87588111e-03,4.12310600e+01,8.02549133e+01,1.89332943e+01,7.19453454e-01,9.26647663e-01
5345803-S04-156I3-A-L-C-190,20.02.2020-12:10:18,2.00000000e+01,6.45184517e-01,8.93459225e+00,1.64522452e-03,2.43640747e+01,7.96206436e+01,1.86816196e+01,1.21988511e+00,1.54977584e+00
5345803-S04-156I3-A-L-C-190,20.02.2020-12:10:20,8.00000000e+00,6.48039997e-01,8.96072960e+00,1.65756501e-03,7.81098175e+01,8.02428741e+01,1.89662666e+01,3.41745466e-01,4.70895171e-01
5345803-S04-156I3-A-L-C-190,20.02.2020-12:10:22,7.00000000e+00,6.47871912e-01,8.99912262e+00,1.73701299e-03,1.16388550e+02,8.03311462e+01,1.90635376e+01,2.23114744e-01,2.94303447e-01
5345803-S04-156I3-A-L-C-190,20.02.2020-12:10:24,7.00000000e+00,6.47359550e-01,9.01590729e+00,2.15953984e-03,9.85045929e+01,8.02180710e+01,1.90571270e+01,3.41268927e-01,4.33872402e-01
5345803-S04-156I3-A-L-C-190,20.02.2020-12:10:26,2.00000000e+01,6.44668102e-01,8.93300152e+00,2.00962601e-03,3.86524963e+01,7.97681122e+01,1.86979103e+01,6.75196707e-01,9.11316812e-01
5345803-S04-156I3-A-L-C-190,20.02.2020-12:10:28,9.00000000e+00,6.46978199e-01,8.95702553e+00,2.15105177e-03,6.72179413e+01,8.00605469e+01,1.88843555e+01,3.88724536e-01,5.01888156e-01
5345803-S04-156I3-A-L-C-190,20.02.2020-12:10:30,9.00000000e+00,6.46282852e-01,8.95955086e+00,2.00795010e-03,1.31858475e+02,8.00175095e+01,1.88592377e+01,1.86395198e-01,3.00987780e-01
5345803-S04-156I3-A-L-C-190,20.02.2020-12:10:32,8.00000000e+00,6.48693919e-01,8.98154449e+00,2.20220163e-03,2.04428940e+02,8.01933441e+01,1.90177593e+01,1.94112495e-01,2.72078902e-01
5345803-S04-156I3-A-L-C-190,20.02.2020-12:10:34,2.00000000e+00,6.36669695e-01,8.85775375e+00,1.97653589e-03,8.38198471e+01,8.00885696e+01,1.83839359e+01,3.83089989e-01,5.35604417e-01
5345803-S04-156I3-A-L-C-190,20.02.2020-12:10:36,8.00000000e+00,6.47349596e-01,8.96136856e+00,1.69671001e-03,5.08722496e+01,8.02241440e+01,1.89429874e+01,4.74634618e-01,5.71268380e-01
5345803-S04-156I3-A-L-C-190,20.02.2020-12:10:39,1.90000000e+01,6.42941415e-01,8.99034119e+00,1.91410247e-03,1.71891174e+02,7.97525711e+01,1.87638702e+01,1.54762775e-01,1.90764770e-01
5345803-S04-156I3-A-L-C-190,20.02.2020-12:10:41,1.90000000e+01,6.42902076e-01,9.00352669e+00,1.97454682e-03,1.85120117e+02,7.96561127e+01,1.87675152e+01,1.46165192e-01,1.74056396e-01
5345803-S04-156I3-A-L-C-190,20.02.2020-12:10:43,2.10000000e+01,6.42097294e-01,8.84897995e+00,1.92474027e-03,1.05148544e+02,8.02047348e+01,1.85491619e+01,4.01143551e-01,1.55712926e+00
5345803-S04-156I3-A-L-C-190,20.02.2020-12:10:45,7.00000000e+00,6.50797546e-01,8.96654606e+00,2.13347934e-03,6.53309937e+01,8.03884888e+01,1.90939198e+01,3.47614825e-01,6.58879697e-01
5345803-S04-156I3-A-L-C-190,20.02.2020-12:10:47,2.10000000e+01,6.42631471e-01,8.83471394e+00,1.96597725e-03,1.23338089e+02,8.01691208e+01,1.85264339e+01,4.17318583e-01,2.62211227e+00
5345803-S04-156I3-A-L-C-190,20.02.2020-12:10:49,8.00000000e+00,6.47516608e-01,8.96350479e+00,1.77824416e-03,1.16638626e+02,8.02870178e+01,1.89672451e+01,2.12950811e-01,3.30844641e-01
5345803-S04-156I3-A-L-C-190,20.02.2020-12:10:51,7.00000000e+00,6.50711179e-01,8.96509171e+00,1.82784698e-03,1.35754456e+02,8.04686279e+01,1.91073208e+01,1.81422263e-01,4.37273622e-01
5345803-S04-156I3-A-L-C-190,20.02.2020-12:10:53,7.00000000e+00,6.48064137e-01,8.97436237e+00,1.86249043e-03,1.12912773e+02,8.03643875e+01,1.90245934e+01,2.00489968e-01,2.89624542e-01
5345803-S04-156I3-A-L-C-190,20.02.2020-12:10:56,7.00000000e+00,6.51297510e-01,8.96467876e+00,2.01775366e-03,7.74285355e+01,8.03584442e+01,1.90974712e+01,2.92878658e-01,5.96230865e-01
5345803-S04-156I3-A-L-C-190,20.02.2020-12:10:58,7.00000000e+00,6.48792565e-01,8.98525810e+00,1.70705584e-03,9.77307358e+01,8.02752991e+01,1.90479641e+01,2.19635323e-01,3.12240720e-01
5345803-S04-156I3-A-L-C-190,20.02.2020-12:11:00,2.00000000e+01,6.43760145e-01,8.88939953e+00,2.03044573e-03,8.88677292e+01,8.01334076e+01,1.86655293e+01,4.48298007e-01,1.44715691e+00
5345803-S04-156I3-A-L-C-190,20.02.2020-12:11:02,9.00000000e+00,6.43439531e-01,8.99596024e+00,1.69156003e-03,1.24287933e+02,7.98419800e+01,1.88112106e+01,1.87951371e-01,2.28077352e-01
5345803-S04-156I3-A-L-C-190,20.02.2020-12:11:04,9.00000000e+00,6.43638790e-01,9.01130962e+00,2.02300563e-03,1.16633644e+02,7.97849350e+01,1.88356762e+01,1.54748052e-01,1.89352453e-01
5345803-S04-156I3-A-L-C-190,20.02.2020-12:11:06,1.90000000e+01,6.43076658e-01,8.97657108e+00,1.89650198e-03,7.65803223e+01,7.97014389e+01,1.87270565e+01,3.01016212e-01,3.56861800e-01
5345803-S04-156I3-A-L-C-190,20.02.2020-12:11:08,1.90000000e+01,6.43796504e-01,8.95963383e+00,2.07761116e-03,8.92300797e+01,7.98266449e+01,1.87420444e+01,2.38644242e-01,4.07602787e-01
5345803-S04-156I3-A-L-C-190,20.02.2020-12:11:10,1.90000000e+01,6.42972648e-01,8.97917652e+00,1.90632138e-03,1.02917732e+02,7.98448868e+01,1.87631760e+01,2.23977655e-01,2.74326384e-01
5345803-S04-156I3-A-L-C-190,20.02.2020-12:11:13,8.00000000e+00,6.47871315e-01,8.97526932e+00,1.82257546e-03,2.42621475e+02,7.99807587e+01,1.89300594e+01,9.43541601e-02,1.53764114e-01
5345803-S04-156I3-A-L-C-190,20.02.2020-12:11:15,9.00000000e+00,6.48041129e-01,8.94433403e+00,2.40053306e-03,2.31293121e+02,8.00842438e+01,1.88941727e+01,1.46173239e-01,3.80823553e-01
5345803-S04-156I3-A-L-C-190,20.02.2020-12:11:17,8.00000000e+00,6.48559391e-01,8.98421860e+00,1.87313673e-03,9.02818069e+01,8.00902557e+01,1.89950275e+01,2.33116373e-01,3.01519394e-01
5345803-S04-156I3-A-L-C-190,20.02.2020-12:11:19,8.00000000e+00,6.47386193e-01,8.97777271e+00,2.26216484e-03,1.93532745e+02,7.99541092e+01,1.89148560e+01,1.13614522e-01,1.77556708e-01
5345803-S04-156I3-A-L-C-190,20.02.2020-12:11:21,8.00000000e+00,6.47677660e-01,8.97603130e+00,2.01812596e-03,2.19095211e+01,8.00994339e+01,1.89540901e+01,1.10772645e+00,1.33582795e+00
5345803-S04-156I3-A-L-C-190,20.02.2020-12:11:23,1.40000000e+01,6.47366822e-01,8.99201107e+00,1.86506764e-03,1.21085901e+01,8.01050034e+01,1.89800396e+01,1.77591312e+00,2.02719474e+00
5345803-S04-156I3-A-L-C-190,20.02.2020-12:11:25,8.00000000e+00,6.47558510e-01,9.00176811e+00,1.75366504e-03,2.28118000e+01,8.01105576e+01,1.90075779e+01,1.02290535e+00,1.17802596e+00
5345803-S04-156I3-A-L-C-190,20.02.2020-12:11:27,1.00000000e+00,6.37863815e-01,8.96970654e+00,1.98555971e-03,1.64233536e+02,7.93210373e+01,1.84724617e+01,1.20822690e-01,1.47777140e-01
5345803-S04-156I3-A-L-C-190,20.02.2020-12:11:29,1.00000000e+00,6.38254583e-01,8.78862286e+00,1.49128877e-03,1.68522858e+02,8.06379395e+01,1.84112949e+01,1.58564329e-01,3.92072201e-01
5345803-S04-156I3-A-L-C-190,20.02.2020-12:11:31,8.00000000e+00,6.47141278e-01,8.96283817e+00,1.88023224e-03,1.80544907e+02,8.01761475e+01,1.89286671e+01,1.45059109e-01,2.07201838e-01
5345803-S04-156I3-A-L-C-190,20.02.2020-12:11:33,1.90000000e+01,6.44440055e-01,8.94171333e+00,2.15905905e-03,1.26604828e+02,8.00176620e+01,1.87680569e+01,1.69634089e-01,2.57468641e-01
5345803-S04-156I3-A-L-C-190,20.02.2020-12:11:35,1.00000000e+00,6.38110161e-01,8.98117352e+00,2.26994720e-03,3.01209595e+02,7.92047348e+01,1.84760914e+01,9.37098637e-02,1.16892733e-01
5345803-S04-156I3-A-L-C-190,20.02.2020-12:11:38,8.00000000e+00,6.47522390e-01,8.97347260e+00,2.07623467e-03,3.26820557e+02,8.00106735e+01,1.89231510e+01,1.29412681e-01,1.96569234e-01
5345803-S04-156I3-A-L-C-190,20.02.2020-12:11:40,1.90000000e+01,6.43802762e-01,8.92878151e+00,1.81161147e-03,2.30292114e+02,7.99241257e+01,1.87004967e+01,2.06950918e-01,5.52728713e-01
5345803-S04-156I3-A-L-C-190,20.02.2020-12:11:42,1.90000000e+01,6.42909527e-01,8.97205448e+00,1.75456353e-03,1.00689178e+02,7.98166656e+01,1.87398262e+01,1.94521561e-01,2.28902191e-01
5345803-S04-156I3-A-L-C-190,20.02.2020-12:11:44,8.00000000e+00,6.47982061e-01,8.98921394e+00,1.77639921e-03,1.94845825e+02,8.00287552e+01,1.89740906e+01,1.77504987e-01,2.44034931e-01
5345803-S04-156I3-A-L-C-190,20.02.2020-12:11:46,7.00000000e+00,6.48607433e-01,9.01954842e+00,1.87967531e-03,1.05473137e+02,8.01777802e+01,1.90919781e+01,2.30263531e-01,2.70144254e-01
5345803-S04-156I3-A-L-C-190,20.02.2020-12:11:48,2.10000000e+01,6.39052868e-01,8.99537945e+00,2.01989943e-03,7.84163971e+01,7.91604004e+01,1.85222816e+01,1.99229106e-01,2.38162965e-01
5345803-S04-156I3-A-L-C-190,20.02.2020-12:11:50,8.00000000e+00,6.48475349e-01,8.99377441e+00,2.06110254e-03,7.89130859e+01,7.99956589e+01,1.89903107e+01,2.94632137e-01,3.76759082e-01
5345803-S04-156I3-A-L-C-190,20.02.2020-12:11:52,8.00000000e+00,6.48241937e-01,8.99946976e+00,2.01974600e-03,8.20206680e+01,8.00192261e+01,1.90010929e+01,3.01776528e-01,3.72580647e-01
5345803-S04-156I3-A-L-C-190,20.02.2020-12:11:55,7.00000000e+00,6.50820434e-01,8.98438358e+00,2.07199622e-03,8.48544464e+01,8.03522797e+01,1.91239605e+01,3.11697811e-01,5.64825892e-01
5345803-S04-156I3-A-L-C-190,20.02.2020-12:11:57,8.00000000e+00,6.47193551e-01,8.97728443e+00,1.71754882e-03,6.14958534e+01,8.01954651e+01,1.89652767e+01,3.94973874e-01,5.74915469e-01
5345803-S04-156I3-A-L-C-190,20.02.2020-12:11:59,1.90000000e+01,6.43594205e-01,8.95075130e+00,1.88118068e-03,7.40058517e+01,7.98598785e+01,1.87253723e+01,3.75670075e-01,7.79503465e-01
5345803-S04-156I3-A-L-C-190,20.02.2020-12:12:01,7.00000000e+00,6.51707232e-01,8.98166370e+00,1.94622041e-03,9.21184692e+01,8.03695908e+01,1.91483479e+01,3.64977181e-01,6.44591749e-01
5345803-S04-156I3-A-L-C-190,20.02.2020-12:12:03,1.90000000e+01,6.43972814e-01,8.96282005e+00,1.84347795e-03,6.28566246e+01,8.00089111e+01,1.87966633e+01,4.41714495e-01,5.56618571e-01
5345803-S04-156I3-A-L-C-190,20.02.2020-12:12:05,1.90000000e+01,6.43108010e-01,8.94976902e+00,2.01549265e-03,9.17717361e+01,7.99701004e+01,1.87349949e+01,2.92678416e-01,5.12040973e-01
5345803-S04-156I3-A-L-C-190,20.02.2020-12:12:07,8.00000000e+00,6.46951973e-01,8.98054886e+00,1.93200714e-03,8.32627945e+01,8.01188431e+01,1.89469719e+01,2.54060775e-01,3.88965756e-01
5345803-S04-156I3-A-L-C-190,20.02.2020-12:12:09,8.00000000e+00,6.47503316e-01,8.98138332e+00,2.07144115e-03,7.90710602e+01,8.03140488e+01,1.90110855e+01,3.23251575e-01,4.74799305e-01
5345803-S04-156I3-A-L-C-190,20.02.2020-12:12:11,9.00000000e+00,6.46038055e-01,8.97895241e+00,1.74569618e-03,6.19181366e+01,8.00857849e+01,1.89090347e+01,4.32746917e-01,6.31587923e-01
5345803-S04-156I3-A-L-C-190,20.02.2020-12:12:14,9.00000000e+00,6.44878447e-01,8.95305443e+00,1.97930657e-03,7.16585770e+01,8.00080643e+01,1.88023911e+01,4.06488687e-01,7.16907084e-01
5345803-S04-156I3-A-L-C-190,20.02.2020-12:12:16,1.90000000e+01,6.44304693e-01,8.95527363e+00,2.13150447e-03,8.72161331e+01,7.99726486e+01,1.87819996e+01,2.93612242e-01,5.89067698e-01
5345803-S04-156I3-A-L-C-190,20.02.2020-12:12:18,8.00000000e+00,6.47376299e-01,8.98324013e+00,1.96333718e-03,5.46591949e+01,8.03306046e+01,1.90152073e+01,4.15574491e-01,5.46896636e-01
5345803-S04-156I3-A-L-C-190,20.02.2020-12:12:20,8.00000000e+00,6.48272276e-01,8.99388885e+00,2.07289448e-03,1.80082642e+02,8.01167755e+01,1.90133495e+01,1.91742092e-01,2.62927234e-01
5345803-S04-156I3-A-L-C-190,20.02.2020-12:12:22,9.00000000e+00,6.47543311e-01,8.97981930e+00,2.49313656e-03,1.70369598e+02,7.98208466e+01,1.88922176e+01,1.48092315e-01,1.94948271e-01
5345803-S04-156I3-A-L-C-190,20.02.2020-12:12:24,1.00000000e+00,6.39505982e-01,8.93799782e+00,1.90495700e-03,1.36953720e+02,7.92788391e+01,1.84447327e+01,1.82524636e-01,2.36537784e-01
5345803-S04-156I3-A-L-C-190,20.02.2020-12:12:26,8.00000000e+00,6.47817373e-01,8.99983501e+00,1.98059110e-03,1.18713425e+02,8.01388245e+01,1.90178013e+01,1.87024370e-01,2.24120170e-01
5345803-S04-156I3-A-L-C-190,20.02.2020-12:12:28,1.00000000e+00,6.39371693e-01,8.85334969e+00,1.59608340e-03,8.38327179e+01,8.00087051e+01,1.84343777e+01,4.73428696e-01,1.65152586e+00
5345803-S04-156I3-A-L-C-190,20.02.2020-12:12:30,9.00000000e+00,6.45068526e-01,8.94865799e+00,1.62687746e-03,1.12160545e+02,8.00318680e+01,1.88042908e+01,2.09978297e-01,4.05050814e-01
5345803-S04-156I3-A-L-C-190,20.02.2020-12:12:32,7.00000000e+00,6.51053786e-01,8.95770645e+00,1.72813598e-03,1.02539001e+02,8.04501877e+01,1.90972557e+01,2.22277969e-01,3.98324162e-01
5345803-S04-156I3-A-L-C-190,20.02.2020-12:12:35,2.10000000e+01,6.38454199e-01,8.97540855e+00,1.94091594e-03,1.05975174e+02,7.93589249e+01,1.85101509e+01,1.63177952e-01,1.95375219e-01
5345803-S04-156I3-A-L-C-190,20.02.2020-12:12:37,8.00000000e+00,6.47028089e-01,8.96536350e+00,1.88771589e-03,2.66298798e+02,8.01831741e+01,1.89323483e+01,1.19442545e-01,1.69043705e-01
5345803-S04-156I3-A-L-C-190,20.02.2020-12:12:39,8.00000000e+00,6.46953583e-01,8.95431900e+00,1.64926320e-03,1.84359665e+02,8.02096939e+01,1.89131031e+01,1.21639065e-01,1.84608504e-01
5345803-S04-156I3-A-L-C-190,20.02.2020-12:12:41,2.00000000e+01,6.42993152e-01,8.90817547e+00,1.99422822e-03,3.98151398e+01,7.99839783e+01,1.86478291e+01,7.58788347e-01,1.05792427e+00
5345803-S04-156I3-A-L-C-190,20.02.2020-12:12:43,2.00000000e+01,6.44539416e-01,8.94535542e+00,2.17112224e-03,1.25740356e+02,7.95764084e+01,1.86750431e+01,3.19519997e-01,3.87212217e-01
5345803-S04-156I3-A-L-C-190,20.02.2020-12:12:45,8.00000000e+00,6.47939146e-01,8.97629166e+00,2.12447415e-03,6.88052216e+01,8.01494141e+01,1.89741230e+01,4.13350374e-01,5.22400975e-01
5345803-S04-156I3-A-L-C-190,20.02.2020-12:12:47,1.90000000e+01,6.45417750e-01,8.94378471e+00,1.91268709e-03,5.70516739e+01,7.98747406e+01,1.87673054e+01,3.65008801e-01,4.85115409e-01
5345803-S04-156I3-A-L-C-190,20.02.2020-12:12:49,7.00000000e+00,6.50686026e-01,8.97271633e+00,1.85664161e-03,1.44169449e+02,8.03883057e+01,1.91037426e+01,2.22315282e-01,3.29340637e-01
5345803-S04-156I3-A-L-C-190,20.02.2020-12:12:51,9.00000000e+00,6.47461653e-01,8.96810436e+00,2.17485661e-03,5.50338783e+01,7.99204025e+01,1.88887215e+01,3.85947973e-01,4.82592672e-01
5345803-S04-156I3-A-L-C-190,20.02.2020-12:12:53,8.00000000e+00,6.47443235e-01,8.95781231e+00,1.83401746e-03,2.43109222e+02,8.02373047e+01,1.89413166e+01,1.16902359e-01,1.67895153e-01
5345803-S04-156I3-A-L-C-190,20.02.2020-12:12:55,2.00000000e+01,6.44338608e-01,8.92285633e+00,2.03251443e-03,1.03393112e+02,7.98843765e+01,1.86943398e+01,1.85543686e-01,2.82501429e-01
5345803-S04-156I3-A-L-C-190,20.02.2020-12:12:58,1.90000000e+01,6.42882586e-01,8.90907574e+00,1.65058125e-03,1.52280090e+02,8.02266846e+01,1.87030888e+01,1.65954769e-01,3.35344583e-01
5345803-S04-156I3-A-L-C-190,20.02.2020-12:13:00,7.00000000e+00,6.47745848e-01,9.00590611e+00,1.62312016e-03,3.11945312e+02,8.02896576e+01,1.90643425e+01,9.27439034e-02,1.21825747e-01
5345803-S04-156I3-A-L-C-190,20.02.2020-12:13:02,1.90000000e+01,6.43812239e-01,8.91831303e+00,1.63649779e-03,1.50518433e+02,8.01394424e+01,1.87291660e+01,1.83405235e-01,2.94530034e-01
5345803-S04-156I3-A-L-C-190,20.02.2020-12:13:04,7.00000000e+00,6.48686409e-01,8.97824001e+00,1.74496195e-03,4.57888336e+01,8.02815857e+01,1.90314617e+01,6.23088777e-01,7.78453112e-01
5345803-S04-156I3-A-L-C-190,20.02.2020-12:13:06,1.90000000e+01,6.44543350e-01,8.95815277e+00,2.14652601e-03,1.55917694e+02,7.97989731e+01,1.87541809e+01,1.81758016e-01,2.21264184e-01
5345803-S04-156I3-A-L-C-190,20.02.2020-12:13:08,2.00000000e+01,6.43657386e-01,8.93008232e+00,2.02278187e-03,1.48048782e+02,7.98382339e+01,1.86789036e+01,2.39229962e-01,3.01251441e-01
5345803-S04-156I3-A-L-C-190,20.02.2020-12:13:10,1.90000000e+01,6.45542264e-01,8.95883846e+00,2.26053363e-03,8.82462311e+01,7.97714462e+01,1.87782040e+01,3.08962196e-01,3.95378590e-01
5345803-S04-156I3-A-L-C-190,20.02.2020-12:13:12,9.00000000e+00,6.45675659e-01,8.95311737e+00,1.90533267e-03,1.09736618e+02,7.99053802e+01,1.88016052e+01,2.52286136e-01,3.27456206e-01
5345803-S04-156I3-A-L-C-190,20.02.2020-12:13:14,9.00000000e+00,6.46151125e-01,8.95377731e+00,1.62993942e-03,1.23809723e+02,8.02598648e+01,1.89003143e+01,2.81826854e-01,3.62231225e-01
5345803-S04-156I3-A-L-C-190,20.02.2020-12:13:17,8.00000000e+00,6.46881938e-01,8.97634506e+00,1.76432717e-03,2.25484421e+02,8.01585236e+01,1.89454308e+01,1.75015941e-01,2.46221572e-01
5345803-S04-156I3-A-L-C-190,20.02.2020-12:13:19,2.00000000e+01,6.44249320e-01,8.92851830e+00,1.77120743e-03,1.28673065e+02,7.97831192e+01,1.86799011e+01,2.21710831e-01,2.89735436e-01
5345803-S04-156I3-A-L-C-190,20.02.2020-12:13:21,9.00000000e+00,6.45114481e-01,8.96644402e+00,2.06860015e-03,9.42352295e+01,8.02077942e+01,1.88844280e+01,3.47395808e-01,4.23662245e-01
5345803-S04-156I3-A-L-C-190,20.02.2020-12:13:23,9.00000000e+00,6.45237267e-01,8.96084595e+00,2.04791408e-03,1.23443710e+02,8.02379837e+01,1.88833332e+01,2.42638528e-01,3.11556667e-01
5345803-S04-156I3-A-L-C-190,20.02.2020-12:13:25,2.00000000e+01,6.42675936e-01,8.92270374e+00,2.18014652e-03,1.37500137e+02,7.98364792e+01,1.86345997e+01,2.74633378e-01,5.85808694e-01
5345803-S04-156I3-A-L-C-190,20.02.2020-12:13:27,2.00000000e+01,6.43025279e-01,8.91276169e+00,1.43003068e-03,1.19899162e+02,7.98643036e+01,1.86304455e+01,2.88323164e-01,5.07105649e-01
5345803-S04-156I3-A-L-C-190,20.02.2020-12:13:29,1.90000000e+01,6.44406080e-01,8.96200848e+00,1.95065001e-03,7.74304886e+01,7.99390106e+01,1.87911739e+01,2.84477383e-01,4.12621945e-01
5345803-S04-156I3-A-L-C-190,20.02.2020-12:13:31,1.90000000e+01,6.42458498e-01,8.94104195e+00,1.94281060e-03,1.07942719e+02,8.00043106e+01,1.87058220e+01,2.94998497e-01,3.90652478e-01
5345803-S04-156I3-A-L-C-190,20.02.2020-12:13:33,2.00000000e+01,6.42819047e-01,8.92262840e+00,1.71038765e-03,6.00039787e+01,7.98604126e+01,1.86441803e+01,4.00208980e-01,5.14701068e-01
5345803-S04-156I3-A-L-C-190,20.02.2020-12:13:36,2.10000000e+01,6.41933262e-01,8.89935780e+00,2.01380835e-03,8.10994110e+01,7.98103943e+01,1.85583000e+01,3.88802856e-01,6.90760255e-01
5345803-S04-156I3-A-L-C-190,20.02.2020-12:13:38,2.10000000e+01,6.40794337e-01,8.88069725e+00,1.76750345e-03,7.29836349e+01,7.99921494e+01,1.85286293e+01,5.11913121e-01,8.51933718e-01
5345803-S04-156I3-A-L-C-190,20.02.2020-12:13:40,2.00000000e+01,6.43328369e-01,8.91932487e+00,1.91729399e-03,4.30327644e+01,7.98245163e+01,1.86436596e+01,6.86711967e-01,8.44632924e-01
5345803-S04-156I3-A-L-C-190,20.02.2020-12:13:42,8.00000000e+00,6.47803485e-01,8.97921753e+00,2.04246305e-03,6.14549408e+01,7.98873062e+01,1.89142761e+01,5.21567285e-01,6.13532841e-01
5345803-S04-156I3-A-L-C-190,20.02.2020-12:13:44,9.00000000e+00,6.44005597e-01,8.97725964e+00,2.07297131e-03,6.70936203e+01,7.99508057e+01,1.88142319e+01,3.50679576e-01,4.59418058e-01
5345803-S04-156I3-A-L-C-190,20.02.2020-12:13:46,8.00000000e+00,6.47411823e-01,8.97089863e+00,1.96801894e-03,8.46883545e+01,8.00946732e+01,1.89343491e+01,3.72645974e-01,4.77418751e-01
5345803-S04-156I3-A-L-C-190,20.02.2020-12:13:48,2.00000000e+01,6.42047405e-01,8.94632721e+00,2.22147652e-03,7.74310684e+01,7.98158646e+01,1.86608467e+01,5.06619275e-01,7.90882528e-01
5345803-S04-156I3-A-L-C-190,20.02.2020-12:13:50,8.00000000e+00,6.47333324e-01,8.96764088e+00,2.00408278e-03,1.25314125e+02,8.02784195e+01,1.89685974e+01,2.61554092e-01,3.69991153e-01
5345803-S04-156I3-A-L-C-190,20.02.2020-12:13:52,9.00000000e+00,6.45825863e-01,8.96796799e+00,2.09697848e-03,1.48298431e+02,8.01936035e+01,1.89051208e+01,2.21104532e-01,2.99248070e-01
5345803-S04-156I3-A-L-C-190,20.02.2020-12:13:55,9.00000000e+00,6.47198617e-01,8.96161747e+00,1.92353071e-03,9.04221115e+01,8.00627060e+01,1.89009857e+01,2.92038947e-01,3.63649160e-01
5345803-S04-156I3-A-L-C-190,20.02.2020-12:13:57,8.00000000e+00,6.47950530e-01,8.96504021e+00,1.90033042e-03,8.98160858e+01,8.03307648e+01,1.89935513e+01,2.55483538e-01,3.43217134e-01
5345803-S04-156I3-A-L-C-190,20.02.2020-12:13:59,8.00000000e+00,6.47213101e-01,8.96515656e+00,1.80133421e-03,1.05465675e+02,8.01261673e+01,1.89238605e+01,3.43854249e-01,4.34074879e-01
5345803-S04-156I3-A-L-C-190,20.02.2020-12:14:01,8.00000000e+00,6.47880852e-01,8.97322750e+00,2.15919665e-03,1.46016846e+02,8.01276169e+01,1.89607830e+01,2.26439118e-01,3.24110836e-01
5345803-S04-156I3-A-L-C-190,20.02.2020-12:14:03,7.00000000e+00,6.48628891e-01,8.99226475e+00,2.04621372e-03,7.00389099e+01,8.01751328e+01,1.90342274e+01,4.44063306e-01,5.55400133e-01
5345803-S04-156I3-A-L-C-190,20.02.2020-12:14:05,2.00000000e+01,6.44651473e-01,8.92479229e+00,1.93520961e-03,5.00300026e+01,7.97944870e+01,1.86864223e+01,5.05437493e-01,7.05179870e-01
5345803-S04-156I3-A-L-C-190,20.02.2020-12:14:07,1.90000000e+01,6.44851446e-01,8.92715931e+00,1.79748249e-03,2.43601151e+02,7.99512787e+01,1.87339172e+01,1.50812328e-01,1.95730731e-01
5345803-S04-156I3-A-L-C-190,20.02.2020-12:14:09,1.90000000e+01,6.44963443e-01,8.93564415e+00,1.58274942e-03,1.83329086e+02,7.98893127e+01,1.87404423e+01,2.28654236e-01,4.10098374e-01
5345803-S04-156I3-A-L-C-190,20.02.2020-12:14:12,2.00000000e+01,6.44848764e-01,8.91491032e+00,1.74345192e-03,2.01794601e+02,7.98600845e+01,1.86867924e+01,1.79862455e-01,3.19629282e-01
5345803-S04-156I3-A-L-C-190,20.02.2020-12:14:14,2.00000000e+01,6.43108606e-01,8.93202496e+00,2.08431296e-03,2.02549622e+02,7.99674225e+01,1.86972427e+01,2.15432346e-01,6.67285204e-01
5345803-S04-156I3-A-L-C-190,20.02.2020-12:14:16,9.00000000e+00,6.44261599e-01,8.94500637e+00,1.83736114e-03,1.62761627e+02,8.02286301e+01,1.88192577e+01,1.80579260e-01,2.18148574e-01
5345803-S04-156I3-A-L-C-190,20.02.2020-12:14:18,1.90000000e+01,6.44809961e-01,8.92961407e+00,1.84476748e-03,1.42569778e+02,8.01637878e+01,1.87876663e+01,2.69074291e-01,4.18280214e-01
5345803-S04-156I3-A-L-C-190,20.02.2020-12:14:20,9.00000000e+00,6.45824492e-01,8.96270466e+00,1.82918890e-03,1.46027954e+02,8.01204758e+01,1.88767529e+01,2.65370548e-01,3.20864826e-01
5345803-S04-156I3-A-L-C-190,20.02.2020-12:14:22,7.00000000e+00,6.47771537e-01,8.97889805e+00,1.84406771e-03,2.05955902e+02,8.03939972e+01,1.90326271e+01,1.90096095e-01,2.55071431e-01
5345803-S04-156I3-A-L-C-190,20.02.2020-12:14:24,7.00000000e+00,6.47968113e-01,8.98199558e+00,1.68989913e-03,1.15489883e+02,8.03630219e+01,1.90376320e+01,2.50715375e-01,3.29380631e-01
5345803-S04-156I3-A-L-C-190,20.02.2020-12:14:26,1.90000000e+01,6.44598961e-01,8.93448162e+00,2.32143607e-03,1.91379807e+02,7.97778702e+01,1.87012901e+01,1.97523162e-01,3.42853427e-01
5345803-S04-156I3-A-L-C-190,20.02.2020-12:14:28,2.00000000e+01,6.43110275e-01,8.93722057e+00,1.98958046e-03,8.52779999e+01,7.98357925e+01,1.86773720e+01,3.29291910e-01,5.05106926e-01
5345803-S04-156I3-A-L-C-190,20.02.2020-12:14:31,1.90000000e+01,6.45156801e-01,8.92391396e+00,1.90731965e-03,1.16302742e+02,7.98264618e+01,1.87067223e+01,2.52926320e-01,4.15593177e-01
5345803-S04-156I3-A-L-C-190,20.02.2020-12:14:33,8.00000000e+00,6.47372127e-01,9.02064991e+00,2.29002512e-03,1.56538422e+02,7.97288284e+01,1.89512291e+01,2.24314660e-01,2.67874688e-01
5345803-S04-156I3-A-L-C-190,20.02.2020-12:14:35,7.00000000e+00,6.48457766e-01,9.03004169e+00,2.04299134e-03,7.71827621e+01,7.99972305e+01,1.90667477e+01,3.05292904e-01,3.61465663e-01
5345803-S04-156I3-A-L-C-190,20.02.2020-12:14:37,7.00000000e+00,6.49031639e-01,9.04215908e+00,2.32739327e-03,1.12942230e+02,7.99397278e+01,1.90954933e+01,2.67778814e-01,3.19826156e-01
5345803-S04-156I3-A-L-C-190,20.02.2020-12:14:39,9.00000000e+00,6.45677686e-01,8.99421215e+00,2.02489342e-03,1.54971451e+02,7.99656601e+01,1.89022121e+01,1.93500996e-01,2.46062249e-01
5345803-S04-156I3-A-L-C-190,20.02.2020-12:14:41,9.00000000e+00,6.44720435e-01,8.95562935e+00,2.06522574e-03,1.14971565e+02,8.01615143e+01,1.88392544e+01,3.06104571e-01,6.02498412e-01
5345803-S04-156I3-A-L-C-190,20.02.2020-12:14:43,2.00000000e+01,6.44387841e-01,8.93048191e+00,2.14643567e-03,1.79315964e+02,7.97251663e+01,1.86744499e+01,2.01522067e-01,3.77169788e-01
5345803-S04-156I3-A-L-C-190,20.02.2020-12:14:45,1.90000000e+01,6.44934058e-01,8.94586086e+00,1.97905209e-03,1.15968002e+02,7.97123947e+01,1.87194672e+01,3.79928350e-01,5.43566227e-01
5345803-S04-156I3-A-L-C-190,20.02.2020-12:14:47,1.90000000e+01,6.45002961e-01,8.95085716e+00,1.86989817e-03,1.65008835e+02,7.97898941e+01,1.87501373e+01,2.27643192e-01,3.86309505e-01
5345803-S04-156I3-A-L-C-190,20.02.2020-12:14:50,2.00000000e+01,6.44882739e-01,8.87262058e+00,1.71844591e-03,1.54273773e+02,8.00303268e+01,1.86387806e+01,2.09173754e-01,2.98337162e-01
5345803-S04-156I3-A-L-C-190,20.02.2020-12:14:52,1.90000000e+01,6.46143854e-01,8.90451431e+00,2.00495939e-03,1.12896431e+02,8.00353622e+01,1.87435379e+01,3.66111666e-01,6.09314561e-01
5345803-S04-156I3-A-L-C-190,20.02.2020-12:14:54,8.00000000e+00,6.47894681e-01,8.95020103e+00,2.05354462e-03,2.51403687e+02,8.01417084e+01,1.89158554e+01,1.39723107e-01,2.51345873e-01
5345803-S04-156I3-A-L-C-190,20.02.2020-12:14:56,9.00000000e+00,6.47612453e-01,8.95324230e+00,2.21859454e-03,1.43975479e+02,7.98268433e+01,1.88397293e+01,2.22830981e-01,3.32462966e-01
5345803-S04-156I3-A-L-C-190,20.02.2020-12:14:58,8.00000000e+00,6.48536384e-01,8.95927429e+00,1.93895784e-03,1.58655609e+02,8.01064835e+01,1.89454556e+01,1.99949324e-01,3.14964056e-01
5345803-S04-156I3-A-L-C-190,20.02.2020-12:15:00,2.00000000e+00,6.39559805e-01,8.83289433e+00,1.88832346e-03,1.31325394e+02,7.95845795e+01,1.82996731e+01,6.40895545e-01,1.07588410e+00
5345803-S04-156I3-A-L-C-190,20.02.2020-12:15:02,9.00000000e+00,6.46435320e-01,8.96055698e+00,2.13198434e-03,1.95116852e+02,8.00682449e+01,1.88777657e+01,1.99461624e-01,3.03399861e-01
5345803-S04-156I3-A-L-C-190,20.02.2020-12:15:04,2.10000000e+01,6.41001165e-01,8.90950203e+00,2.11463380e-03,2.12626083e+02,7.96573029e+01,1.85168896e+01,2.02091113e-01,4.18668658e-01
5345803-S04-156I3-A-L-C-190,20.02.2020-12:15:06,9.00000000e+00,6.47088528e-01,8.96093273e+00,2.24879337e-03,3.65071564e+02,7.99278870e+01,1.88645077e+01,8.99327248e-02,1.59613997e-01
5345803-S04-156I3-A-L-C-190,20.02.2020-12:15:08,8.00000000e+00,6.46527469e-01,8.99295235e+00,2.17492832e-03,1.78517868e+02,7.99921494e+01,1.89307060e+01,1.99285045e-01,2.55014986e-01
5345803-S04-156I3-A-L-C-190,20.02.2020-12:15:11,9.00000000e+00,6.47009790e-01,8.91322136e+00,2.01173848e-03,1.93982941e+02,8.01852570e+01,1.88221951e+01,1.77875578e-01,3.98757696e-01
5345803-S04-156I3-A-L-C-190,20.02.2020-12:15:13,9.00000000e+00,6.48993433e-01,8.90568638e+00,2.10240786e-03,1.33898849e+02,8.01153564e+01,1.88474960e+01,2.63371825e-01,3.52566451e-01
5345803-S04-156I3-A-L-C-190,20.02.2020-12:15:15,1.00000000e+00,6.42924428e-01,8.87360573e+00,1.97303039e-03,1.83654419e+02,7.95674820e+01,1.84767628e+01,1.75556466e-01,2.19683781e-01
5345803-S04-156I3-A-L-C-190,20.02.2020-12:15:19,2.00000000e+01,6.44212127e-01,8.92194271e+00,1.96455419e-03,1.38330872e+02,7.97439880e+01,1.86559124e+01,2.34443039e-01,2.80122846e-01
5345803-S04-156I3-A-L-C-190,20.02.2020-12:15:21,2.00000000e+01,6.46546543e-01,8.91780853e+00,2.31281156e-03,2.07671005e+02,7.96783676e+01,1.86994362e+01,1.61127761e-01,1.96036413e-01
5345803-S04-156I3-A-L-C-190,20.02.2020-12:15:23,2.00000000e+01,6.44099712e-01,8.91274738e+00,2.12787185e-03,1.31076447e+02,7.96948090e+01,1.86219406e+01,1.92951530e-01,2.30971947e-01
5345803-S04-156I3-A-L-C-190,20.02.2020-12:15:25,2.10000000e+01,6.45021558e-01,8.93707943e+00,2.56382930e-03,1.36865738e+02,7.91903915e+01,1.85811501e+01,1.89676538e-01,2.56317168e-01
5345803-S04-156I3-A-L-C-190,20.02.2020-12:15:28,2.10000000e+01,6.43835127e-01,8.86675262e+00,1.97097380e-03,6.23150558e+01,7.99171829e+01,1.85699024e+01,5.29770374e-01,6.25065267e-01
5345803-S04-156I3-A-L-C-190,20.02.2020-12:15:30,1.90000000e+01,6.46365941e-01,8.92322159e+00,2.66613113e-03,8.45623108e+02,7.98483810e+01,1.87454758e+01,7.58675039e-02,1.66398391e-01
5345803-S04-156I3-A-L-C-190,20.02.2020-12:15:32,9.00000000e+00,6.46538496e-01,8.95985699e+00,2.32858048e-03,7.53164612e+02,7.97849274e+01,1.88125000e+01,4.64350320e-02,7.42499605e-02
5345803-S04-156I3-A-L-C-190,20.02.2020-12:15:34,2.00000000e+00,6.39923275e-01,8.84083271e+00,2.76481616e-03,7.03011475e+02,7.90511627e+01,1.82036953e+01,1.28895566e-01,3.45094562e-01
5345803-S04-156I3-A-L-C-190,20.02.2020-12:15:36,2.00000000e+01,6.45543039e-01,8.88136101e+00,2.32201535e-03,4.93114502e+02,7.97987747e+01,1.86222057e+01,5.71423396e-02,1.33188710e-01
5345803-S04-156I3-A-L-C-190,20.02.2020-12:15:38,1.90000000e+01,6.45895422e-01,8.88947201e+00,2.23615742e-03,1.86262634e+02,8.02092361e+01,1.87453156e+01,1.66762993e-01,2.61727482e-01
5345803-S04-156I3-A-L-C-190,20.02.2020-12:15:40,1.00000000e+00,6.40817523e-01,8.87255859e+00,2.23165052e-03,2.33730911e+02,7.96750107e+01,1.84389248e+01,2.91642636e-01,5.89563429e-01
5345803-S04-156I3-A-L-C-190,20.02.2020-12:15:42,1.00000000e+00,6.41615033e-01,8.89689350e+00,2.60621752e-03,3.01034943e+02,7.94850311e+01,1.84683666e+01,1.66353151e-01,4.08298343e-01
5345803-S04-156I3-A-L-C-190,20.02.2020-12:15:44,2.10000000e+01,6.42272234e-01,8.89504719e+00,2.25134962e-03,9.29402313e+01,7.96308136e+01,1.85173454e+01,2.81103820e-01,5.23405194e-01
5345803-S04-156I3-A-L-C-190,20.02.2020-12:15:46,1.90000000e+01,6.45738363e-01,8.91071796e+00,2.35312944e-03,2.40203140e+02,8.00270920e+01,1.87428875e+01,1.80141285e-01,2.18673632e-01
5345803-S04-156I3-A-L-C-190,20.02.2020-12:15:49,2.00000000e+01,6.43898547e-01,8.92207718e+00,2.10395525e-03,2.59817413e+02,7.98124619e+01,1.86631222e+01,1.07108660e-01,1.37709111e-01
5345803-S04-156I3-A-L-C-190,20.02.2020-12:15:51,1.00000000e+00,6.41559422e-01,8.89478207e+00,2.60829530e-03,2.40023178e+02,7.94157410e+01,1.84462891e+01,1.61486641e-01,3.75687331e-01
5345803-S04-156I3-A-L-C-190,20.02.2020-12:15:53,2.10000000e+01,6.43298864e-01,8.87447071e+00,2.28281179e-03,2.41127228e+02,7.99182892e+01,1.85708427e+01,1.12553686e-01,1.68478876e-01
5345803-S04-156I3-A-L-C-190,20.02.2020-12:15:55,1.00000000e+00,6.41697466e-01,8.84227848e+00,2.15112045e-03,2.31516403e+02,7.98467178e+01,1.84408855e+01,1.48193166e-01,2.97445178e-01
5345803-S04-156I3-A-L-C-190,20.02.2020-12:15:57,1.00000000e+00,6.42390847e-01,8.86850166e+00,2.30269507e-03,1.76704163e+02,7.96973495e+01,1.84809227e+01,1.56954065e-01,2.70923287e-01
5345803-S04-156I3-A-L-C-190,20.02.2020-12:15:59,2.10000000e+01,6.44799352e-01,8.87946892e+00,2.33174651e-03,1.56582428e+02,7.96463394e+01,1.85612679e+01,1.57526553e-01,2.17614278e-01
5345803-S04-156I3-A-L-C-190,20.02.2020-12:16:01,1.00000000e+00,6.43110573e-01,8.86605930e+00,2.16210796e-03,1.64434464e+02,7.96637573e+01,1.84887371e+01,1.67623848e-01,3.21827441e-01
5345803-S04-156I3-A-L-C-190,20.02.2020-12:16:03,2.10000000e+01,6.43774569e-01,8.86846542e+00,2.23881635e-03,2.88203278e+02,7.99101410e+01,1.85701065e+01,7.90083185e-02,1.23591676e-01
5345803-S04-156I3-A-L-C-190,20.02.2020-12:16:05,2.00000000e+01,6.44421875e-01,8.88316059e+00,1.73855096e-03,2.05413330e+02,7.98536530e+01,1.86064186e+01,1.09818988e-01,1.58444598e-01
5345803-S04-156I3-A-L-C-190,20.02.2020-12:16:07,2.00000000e+00,6.38991296e-01,8.81998444e+00,2.03671120e-03,1.90748383e+02,7.98517609e+01,1.83179741e+01,1.85486153e-01,5.03338575e-01
5345803-S04-156I3-A-L-C-190,20.02.2020-12:16:10,1.00000000e+00,6.40577018e-01,8.88849258e+00,1.97973452e-03,1.46661087e+02,7.97274933e+01,1.84772701e+01,1.37440667e-01,1.72993422e-01
5345803-S04-156I3-A-L-C-190,20.02.2020-12:16:12,2.10000000e+01,6.42714202e-01,8.85998917e+00,2.05306639e-03,2.88533142e+02,7.98585739e+01,1.85098476e+01,9.84239280e-02,2.32221901e-01
5345803-S04-156I3-A-L-C-190,20.02.2020-12:16:14,2.00000000e+01,6.42777264e-01,8.91406441e+00,2.08390248e-03,4.99700317e+02,8.00408325e+01,1.86671524e+01,7.60371312e-02,1.11300319e-01
5345803-S04-156I3-A-L-C-190,20.02.2020-12:16:16,1.00000000e+00,6.40807152e-01,8.87337971e+00,2.16894667e-03,4.10971802e+02,7.96999207e+01,1.84460983e+01,1.36471167e-01,4.13482398e-01
5345803-S04-156I3-A-L-C-190,20.02.2020-12:16:18,2.10000000e+01,6.42209530e-01,8.88780880e+00,1.84063741e-03,2.17146194e+02,7.98248520e+01,1.85455532e+01,2.16863722e-01,4.47444409e-01
5345803-S04-156I3-A-L-C-190,20.02.2020-12:16:20,2.00000000e+01,6.43443108e-01,8.90131950e+00,2.27333349e-03,2.68414398e+02,7.97954025e+01,1.86025543e+01,1.32045612e-01,1.65421411e-01
5345803-S04-156I3-A-L-C-190,20.02.2020-12:16:22,2.00000000e+01,6.43541157e-01,8.89696598e+00,1.93953130e-03,3.14476257e+02,8.00675049e+01,1.86597042e+01,1.24490090e-01,2.49023080e-01
5345803-S04-156I3-A-L-C-190,20.02.2020-12:16:24,9.00000000e+00,6.48952484e-01,8.91159439e+00,2.23210873e-03,1.88800095e+02,8.00741730e+01,1.88491135e+01,2.46110469e-01,3.37304443e-01
5345803-S04-156I3-A-L-C-190,20.02.2020-12:16:26,1.90000000e+01,6.46864414e-01,8.90732384e+00,2.47686612e-03,3.92146942e+02,7.99462891e+01,1.87494698e+01,1.01435296e-01,1.98407084e-01
5345803-S04-156I3-A-L-C-190,20.02.2020-12:16:29,1.90000000e+01,6.48493171e-01,8.90721416e+00,2.57188943e-03,4.06668884e+02,7.98548889e+01,1.87749615e+01,8.51528868e-02,2.14798719e-01
5345803-S04-156I3-A-L-C-190,20.02.2020-12:16:31,1.90000000e+01,6.46870911e-01,8.90814400e+00,2.00445391e-03,3.62541351e+02,7.99543915e+01,1.87532864e+01,9.48955417e-02,1.97550952e-01
5345803-S04-156I3-A-L-C-190,20.02.2020-12:16:33,1.30000000e+01,6.37601137e-01,8.75113869e+00,2.47771363e-03,5.58408203e+02,7.89819641e+01,1.79379063e+01,7.36298114e-02,2.34285995e-01
5345803-S04-156I3-A-L-C-190,20.02.2020-12:16:35,9.00000000e+00,6.47095203e-01,8.94783306e+00,2.15440174e-03,2.31519180e+02,7.98565292e+01,1.88203049e+01,1.15509331e-01,1.42322466e-01
5345803-S04-156I3-A-L-C-190,20.02.2020-12:16:37,1.90000000e+01,6.46686852e-01,8.91797066e+00,2.19536456e-03,2.69160187e+02,7.99722748e+01,1.87728291e+01,1.40300438e-01,2.74988592e-01
5345803-S04-156I3-A-L-C-190,20.02.2020-12:16:39,2.00000000e+01,6.42356634e-01,8.89191151e+00,1.93867658e-03,2.50322479e+02,8.01056900e+01,1.86236534e+01,1.10407114e-01,1.40989050e-01
5345803-S04-156I3-A-L-C-190,20.02.2020-12:16:41,2.10000000e+01,6.43042982e-01,8.85018158e+00,1.82036683e-03,2.14551086e+02,8.01435165e+01,1.85648212e+01,1.27930596e-01,1.76193789e-01
5345803-S04-156I3-A-L-C-190,20.02.2020-12:16:43,2.10000000e+01,6.43384755e-01,8.86533928e+00,2.02436582e-03,1.97433914e+02,8.01048584e+01,1.85975266e+01,1.48287654e-01,2.05035701e-01
5345803-S04-156I3-A-L-C-190,20.02.2020-12:16:45,2.00000000e+01,6.44280553e-01,8.86631107e+00,2.00597802e-03,1.49347397e+02,8.02786331e+01,1.86658669e+01,1.75290048e-01,2.54944205e-01
5345803-S04-156I3-A-L-C-190,20.02.2020-12:16:48,2.10000000e+01,6.43173933e-01,8.83673382e+00,1.84500229e-03,1.63406601e+02,8.00467529e+01,1.85180035e+01,1.66148022e-01,2.25890979e-01
5345803-S04-156I3-A-L-C-190,20.02.2020-12:16:50,1.90000000e+01,6.45991325e-01,8.88196373e+00,2.00445461e-03,4.26645508e+02,8.03103333e+01,1.87558765e+01,8.04516897e-02,2.11475462e-01
5345803-S04-156I3-A-L-C-190,20.02.2020-12:16:52,2.00000000e+01,6.44334018e-01,8.84753513e+00,1.88584439e-03,2.74403656e+02,8.04555359e+01,1.86689320e+01,1.56404406e-01,6.80581033e-01
5345803-S04-156I3-A-L-C-190,20.02.2020-12:16:54,1.90000000e+01,6.45484924e-01,8.87015820e+00,1.94277102e-03,2.20859680e+02,8.04021225e+01,1.87376537e+01,1.25074372e-01,3.57433289e-01
5345803-S04-156I3-A-L-C-190,20.02.2020-12:16:56,2.10000000e+01,6.42099977e-01,8.90130997e+00,2.01160833e-03,1.36477814e+02,7.98743591e+01,1.85820732e+01,1.74679890e-01,2.15229899e-01
5345803-S04-156I3-A-L-C-190,20.02.2020-12:16:58,2.00000000e+01,6.44192636e-01,8.87027931e+00,1.58898556e-03,3.06531464e+02,8.03396149e+01,1.86858559e+01,1.57054201e-01,4.43567008e-01
5345803-S04-156I3-A-L-C-190,20.02.2020-12:17:00,2.00000000e+01,6.44466341e-01,8.86118221e+00,1.91882777e-03,3.60946899e+02,8.04260254e+01,1.86947079e+01,1.49982795e-01,2.70325005e-01
5345803-S04-156I3-A-L-C-190,20.02.2020-12:17:02,1.90000000e+01,6.45238698e-01,8.87820625e+00,1.73302239e-03,1.17767365e+02,8.03838272e+01,1.87432327e+01,2.88419545e-01,4.02142227e-01
5345803-S04-156I3-A-L-C-190,20.02.2020-12:17:04,9.00000000e+00,6.45427287e-01,8.93414974e+00,2.11272365e-03,6.16470261e+01,8.02034073e+01,1.88245049e+01,4.89867032e-01,6.01592243e-01
5345803-S04-156I3-A-L-C-190,20.02.2020-12:17:07,9.00000000e+00,6.46524847e-01,8.90902996e+00,1.86477264e-03,1.20304710e+02,8.01947784e+01,1.88014736e+01,1.82094589e-01,2.42437065e-01
5345803-S04-156I3-A-L-C-190,20.02.2020-12:17:26,1.00000000e+00,6.38400435e-01,8.89171886e+00,1.78610079e-03,1.32307602e+02,7.97888336e+01,1.84353447e+01,2.00328946e-01,3.33574027e-01
5345803-S04-156I3-A-L-C-190,20.02.2020-12:17:28,1.00000000e+00,6.38550460e-01,8.89047909e+00,1.78153848e-03,1.88990631e+02,7.97876587e+01,1.84368305e+01,1.57452285e-01,2.83939570e-01
5345803-S04-156I3-A-L-C-190,20.02.2020-12:17:30,2.00000000e+00,6.39755905e-01,8.84189224e+00,1.97024387e-03,2.21937378e+02,7.96921692e+01,1.83487015e+01,1.96004689e-01,3.56689781e-01
5345803-S04-156I3-A-L-C-190,20.02.2020-12:17:33,1.90000000e+01,6.45414770e-01,8.92298508e+00,2.18961574e-03,1.64235199e+02,8.00069199e+01,1.87545567e+01,1.92348510e-01,2.60068566e-01
5345803-S04-156I3-A-L-C-190,20.02.2020-12:17:35,1.90000000e+01,6.44744158e-01,8.91707420e+00,2.11473345e-03,1.25766273e+02,8.01575012e+01,1.87578983e+01,2.64488727e-01,3.38011324e-01
5345803-S04-156I3-A-L-C-190,20.02.2020-12:17:37,2.10000000e+01,6.41956091e-01,8.90342808e+00,2.08088639e-03,8.70222015e+01,7.99230423e+01,1.85936565e+01,2.81649202e-01,3.71676743e-01
5345803-S04-156I3-A-L-C-190,20.02.2020-12:17:39,2.10000000e+01,6.41944706e-01,8.89866829e+00,2.26099440e-03,1.47179001e+02,7.97916183e+01,1.85528278e+01,3.18625599e-01,4.11996961e-01
5345803-S04-156I3-A-L-C-190,20.02.2020-12:17:41,2.10000000e+01,6.44149780e-01,8.85541534e+00,1.88337523e-03,1.34650726e+02,8.00376205e+01,1.85831852e+01,3.42905372e-01,4.40067738e-01
5345803-S04-156I3-A-L-C-190,20.02.2020-12:17:43,1.90000000e+01,6.45693362e-01,8.88201618e+00,2.00323970e-03,1.25284386e+02,8.01749573e+01,1.87157307e+01,2.65121818e-01,3.78775001e-01
5345803-S04-156I3-A-L-C-190,20.02.2020-12:17:45,1.90000000e+01,6.45743072e-01,8.88561344e+00,2.03344575e-03,1.20176468e+02,8.01752930e+01,1.87248306e+01,2.67143667e-01,3.57386708e-01
5345803-S04-156I3-A-L-C-190,20.02.2020-12:17:47,2.00000000e+01,6.43702209e-01,8.86664295e+00,2.00870354e-03,8.68872070e+01,8.00786209e+01,1.86033440e+01,5.85450351e-01,7.38190174e-01
5345803-S04-156I3-A-L-C-190,20.02.2020-12:17:49,2.10000000e+01,6.42921209e-01,8.86913776e+00,1.91413192e-03,8.24450989e+01,7.99182205e+01,1.85487728e+01,6.46730781e-01,9.35750723e-01
5345803-S04-156I3-A-L-C-190,20.02.2020-12:17:51,2.00000000e+01,6.45166159e-01,8.86898422e+00,2.15623365e-03,9.03457336e+01,7.99783707e+01,1.86272240e+01,4.20347273e-01,5.50317705e-01
5345803-S04-156I3-A-L-C-190,20.02.2020-12:17:54,2.00000000e+01,6.43590927e-01,8.87372780e+00,1.76111027e-03,9.83347168e+01,8.00970917e+01,1.86192837e+01,4.16768074e-01,6.08718812e-01
5345803-S04-156I3-A-L-C-190,20.02.2020-12:17:56,2.10000000e+01,6.43334329e-01,8.88010979e+00,2.18972820e-03,1.60075836e+02,7.98556137e+01,1.85690937e+01,3.15077096e-01,5.25338411e-01
5345803-S04-156I3-A-L-C-190,20.02.2020-12:17:58,1.90000000e+01,6.44249797e-01,8.91885853e+00,1.71193364e-03,1.93012192e+02,8.02755508e+01,1.87748737e+01,1.86426297e-01,2.64840037e-01
5345803-S04-156I3-A-L-C-190,20.02.2020-12:18:00,2.10000000e+01,6.41453147e-01,8.90401649e+00,2.26979144e-03,1.66150009e+02,7.99114304e+01,1.85776176e+01,2.12426603e-01,2.97138691e-01
5345803-S04-156I3-A-L-C-190,20.02.2020-12:18:02,1.90000000e+01,6.43777490e-01,8.91285610e+00,1.92835100e-03,1.54479889e+02,8.03498993e+01,1.87658501e+01,3.17462981e-01,4.46871370e-01
5345803-S04-156I3-A-L-C-190,20.02.2020-12:18:05,2.00000000e+01,6.43419206e-01,8.88640118e+00,1.79024960e-03,1.00181236e+02,7.99332123e+01,1.86027603e+01,5.17832994e-01,6.38140082e-01
5345803-S04-156I3-A-L-C-190,20.02.2020-12:18:09,2.10000000e+01,6.42324388e-01,8.90465450e+00,1.80621096e-03,1.78844009e+02,7.98724670e+01,1.85951118e+01,1.99120432e-01,2.71286815e-01
5345803-S04-156I3-A-L-C-190,20.02.2020-12:18:12,2.10000000e+01,6.41950965e-01,8.89126110e+00,1.93687447e-03,1.08175400e+02,7.99691391e+01,1.85788059e+01,3.78513068e-01,4.88968164e-01
5345803-S04-156I3-A-L-C-190,20.02.2020-12:18:14,1.90000000e+01,6.43641412e-01,8.90804768e+00,2.09052837e-03,1.49027191e+02,8.02130356e+01,1.87198200e+01,2.55267203e-01,3.33435982e-01
5345803-S04-156I3-A-L-C-190,20.02.2020-12:18:16,1.90000000e+01,6.44689679e-01,8.91059208e+00,1.74392236e-03,3.36974518e+02,8.02194138e+01,1.87571545e+01,1.13989383e-01,1.91832632e-01
5345803-S04-156I3-A-L-C-190,20.02.2020-12:18:18,1.90000000e+01,6.44678116e-01,8.92222309e+00,2.17635604e-03,3.27040192e+02,8.02741852e+01,1.87941246e+01,9.67730209e-02,1.56419471e-01
5345803-S04-156I3-A-L-C-190,20.02.2020-12:18:20,1.00000000e+00,6.38358533e-01,8.87964249e+00,1.74159673e-03,1.36267181e+02,7.98687057e+01,1.84275246e+01,2.17875719e-01,3.62615973e-01
5345803-S04-156I3-A-L-C-190,20.02.2020-12:18:22,2.10000000e+01,6.41654849e-01,8.88475418e+00,1.96809438e-03,3.54514465e+01,7.99624252e+01,1.85550900e+01,1.23502123e+00,1.51570570e+00
5345803-S04-156I3-A-L-C-190,20.02.2020-12:18:24,9.00000000e+00,6.46501422e-01,8.93808937e+00,2.11728830e-03,1.92870468e+02,8.01284256e+01,1.88465137e+01,1.29796520e-01,1.91329628e-01
5345803-S04-156I3-A-L-C-190,20.02.2020-12:18:26,2.10000000e+01,6.43322349e-01,8.84354973e+00,2.19408749e-03,2.10305923e+02,8.02988205e+01,1.85949326e+01,2.20808655e-01,8.68269503e-01
5345803-S04-156I3-A-L-C-190,20.02.2020-12:18:28,1.90000000e+01,6.45090461e-01,8.87080193e+00,1.93023251e-03,2.29634628e+02,8.03464813e+01,1.87145996e+01,1.30631015e-01,2.54650325e-01
5345803-S04-156I3-A-L-C-190,20.02.2020-12:18:30,2.00000000e+01,6.43351495e-01,8.85428429e+00,2.01673107e-03,1.92842758e+02,8.02705231e+01,1.86117878e+01,1.54360741e-01,5.03607452e-01
5345803-S04-156I3-A-L-C-190,20.02.2020-12:18:33,2.00000000e+01,6.44877672e-01,8.84419346e+00,1.76345790e-03,1.51389389e+02,8.03688812e+01,1.86575089e+01,2.18200445e-01,7.21522450e-01
5345803-S04-156I3-A-L-C-190,20.02.2020-12:18:35,1.90000000e+01,6.44707084e-01,8.87427330e+00,1.97902415e-03,2.33939728e+02,8.04635010e+01,1.87380466e+01,1.38335139e-01,4.62589979e-01
5345803-S04-156I3-A-L-C-190,20.02.2020-12:18:37,1.90000000e+01,6.45470917e-01,8.86334133e+00,1.95682421e-03,1.80063950e+02,8.03970032e+01,1.87216530e+01,1.62029400e-01,5.42927504e-01
5345803-S04-156I3-A-L-C-190,20.02.2020-12:18:39,2.00000000e+01,6.44709170e-01,8.83852768e+00,1.88314996e-03,2.34642700e+02,8.03455429e+01,1.86352730e+01,1.63496360e-01,5.51543713e-01
5345803-S04-156I3-A-L-C-190,20.02.2020-12:18:41,2.00000000e+01,6.43719971e-01,8.87469578e+00,1.94310816e-03,2.59432007e+02,8.01205826e+01,1.86305084e+01,1.31494954e-01,2.00136468e-01
5345803-S04-156I3-A-L-C-190,20.02.2020-12:18:43,2.00000000e+01,6.41943514e-01,8.86271572e+00,2.15912820e-03,1.77215424e+02,8.03237762e+01,1.86010723e+01,1.99847147e-01,2.70550489e-01
5345803-S04-156I3-A-L-C-190,20.02.2020-12:18:45,2.10000000e+01,6.42542243e-01,8.84210587e+00,2.06320779e-03,1.38504272e+02,8.00903015e+01,1.85211315e+01,2.37487510e-01,7.57264435e-01
5345803-S04-156I3-A-L-C-190,20.02.2020-12:18:47,2.10000000e+01,6.43594742e-01,8.85896492e+00,2.10849335e-03,1.51206741e+02,8.00401688e+01,1.85752087e+01,1.89862013e-01,2.52897292e-01
5345803-S04-156I3-A-L-C-190,20.02.2020-12:18:49,2.00000000e+01,6.43947423e-01,8.88045025e+00,1.94339768e-03,6.71036682e+01,8.03233719e+01,1.86963787e+01,5.02305210e-01,8.91442716e-01
5345803-S04-156I3-A-L-C-190,20.02.2020-12:18:51,1.90000000e+01,6.46922529e-01,8.90334702e+00,2.24085525e-03,2.70296753e+02,8.00020599e+01,1.87558575e+01,1.18883029e-01,1.56836361e-01
5345803-S04-156I3-A-L-C-190,20.02.2020-12:18:54,2.00000000e+01,6.42076075e-01,8.91751003e+00,1.84506213e-03,1.47939331e+02,7.99631958e+01,1.86359024e+01,1.57803938e-01,1.84599966e-01
5345803-S04-156I3-A-L-C-190,20.02.2020-12:18:56,2.00000000e+01,6.43990755e-01,8.86460590e+00,2.10079714e-03,2.69449768e+02,8.02733612e+01,1.86526585e+01,1.54671147e-01,2.77533174e-01
5345803-S04-156I3-A-L-C-190,20.02.2020-12:18:58,9.00000000e+00,6.45802021e-01,8.89320087e+00,1.99406478e-03,1.77907516e+02,8.04967804e+01,1.88176861e+01,1.47438586e-01,2.14746475e-01
5345803-S04-156I3-A-L-C-190,20.02.2020-12:19:00,2.00000000e+00,6.39231920e-01,8.77326965e+00,1.78851478e-03,1.86589691e+02,8.01891403e+01,1.83048306e+01,2.57502347e-01,1.34065330e+00
5345803-S04-156I3-A-L-C-190,20.02.2020-12:19:04,1.90000000e+01,6.45539999e-01,8.86878872e+00,1.78214745e-03,1.06182510e+02,8.02565384e+01,1.87024326e+01,3.08047265e-01,4.48934615e-01
5345803-S04-156I3-A-L-C-190,20.02.2020-12:19:07,2.00000000e+00,6.39541566e-01,8.75906754e+00,1.70735747e-03,3.20334656e+02,8.02464371e+01,1.82971153e+01,2.00991720e-01,1.08376801e+00
5345803-S04-156I3-A-L-C-190,20.02.2020-12:19:09,2.00000000e+01,6.41750455e-01,8.91163254e+00,1.93759368e-03,2.71109497e+02,7.99242172e+01,1.86051006e+01,1.26405269e-01,1.46723703e-01
5345803-S04-156I3-A-L-C-190,20.02.2020-12:19:11,9.00000000e+00,6.46136343e-01,8.94183540e+00,2.24251044e-03,5.08620720e+01,7.99521866e+01,1.88023167e+01,5.01105428e-01,5.79378784e-01
5345803-S04-156I3-A-L-C-190,20.02.2020-12:19:16,1.90000000e+01,6.45703793e-01,8.93029785e+00,2.45632697e-03,1.87986282e+02,7.98580627e+01,1.87433949e+01,1.39100626e-01,1.72073349e-01
5345803-S04-156I3-A-L-C-190,20.02.2020-12:19:18,1.90000000e+01,6.46013200e-01,8.86128044e+00,1.89819909e-03,3.23552948e+02,8.05672302e+01,1.87726879e+01,1.46098867e-01,2.82451361e-01
5345803-S04-156I3-A-L-C-190,20.02.2020-12:19:20,2.10000000e+01,6.42868638e-01,8.83428955e+00,2.12093699e-03,3.05025421e+02,8.02234268e+01,1.85449352e+01,1.82383642e-01,4.61093515e-01
5345803-S04-156I3-A-L-C-190,20.02.2020-12:19:22,1.90000000e+01,6.45427287e-01,8.86848259e+00,1.90233742e-03,1.03413170e+02,8.03687820e+01,1.87246723e+01,3.47136170e-01,4.85881954e-01
5345803-S04-156I3-A-L-C-190,20.02.2020-12:19:24,2.10000000e+01,6.43879116e-01,8.83787918e+00,1.67702534e-03,1.38623749e+02,8.02963867e+01,1.85985317e+01,2.22124651e-01,2.93798506e-01
5345803-S04-156I3-A-L-C-190,20.02.2020-12:19:26,2.10000000e+01,6.41388357e-01,8.87328434e+00,1.78552861e-03,1.20042572e+02,8.00845871e+01,1.85517387e+01,2.45649964e-01,4.19830799e-01
5345803-S04-156I3-A-L-C-190,20.02.2020-12:19:29,1.00000000e+00,6.40192151e-01,8.83251286e+00,1.81503210e-03,1.21646675e+02,8.01847076e+01,1.84550991e+01,3.79629433e-01,1.24861300e+00
5345803-S04-156I3-A-L-C-190,20.02.2020-12:19:31,1.00000000e+00,6.40117049e-01,8.84248638e+00,1.84135989e-03,1.05522125e+02,8.02050858e+01,1.84784660e+01,4.32026953e-01,1.14501905e+00
5345803-S04-156I3-A-L-C-190,20.02.2020-12:19:33,1.00000000e+00,6.40027046e-01,8.82703304e+00,1.89369917e-03,1.47818375e+02,8.02287674e+01,1.84490242e+01,3.03166598e-01,1.08525836e+00
5345803-S04-156I3-A-L-C-190,20.02.2020-12:19:35,2.00000000e+00,6.40065730e-01,8.78511143e+00,1.90263439e-03,2.17663742e+02,8.02392273e+01,1.83649101e+01,2.91353166e-01,1.93433607e+00
5345803-S04-156I3-A-L-C-190,20.02.2020-12:19:37,1.00000000e+00,6.43796802e-01,8.83721638e+00,1.71173539e-03,2.44973785e+02,7.96829529e+01,1.84526997e+01,1.19496725e-01,1.83187813e-01
5345803-S04-156I3-A-L-C-190,20.02.2020-12:19:39,1.90000000e+01,6.46217763e-01,8.88569069e+00,1.81272835e-03,1.95321228e+02,8.02971420e+01,1.87672367e+01,2.15007231e-01,4.39373076e-01
5345803-S04-156I3-A-L-C-190,20.02.2020-12:19:41,2.00000000e+00,6.42254889e-01,8.79689503e+00,1.79094099e-03,2.26518311e+02,7.97735214e+01,1.83453388e+01,1.12972915e-01,2.01480851e-01
5345803-S04-156I3-A-L-C-190,20.02.2020-12:19:43,2.00000000e+00,6.42143309e-01,8.80552006e+00,1.76305394e-03,2.38993393e+02,7.97655106e+01,1.83582935e+01,1.29570186e-01,1.99425295e-01
5345803-S04-156I3-A-L-C-190,20.02.2020-12:19:45,2.00000000e+00,6.41986489e-01,8.81565285e+00,1.81326445e-03,2.40357849e+02,7.96326218e+01,1.83443184e+01,1.21435180e-01,1.88144282e-01
5345803-S04-156I3-A-L-C-190,20.02.2020-12:19:48,1.90000000e+01,6.45124853e-01,8.88442707e+00,2.00341828e-03,9.03982086e+01,8.02713699e+01,1.87268219e+01,3.59338760e-01,6.11425459e-01
5345803-S04-156I3-A-L-C-190,20.02.2020-12:19:50,1.00000000e+00,6.40235007e-01,8.86564255e+00,1.94292865e-03,4.43300018e+01,7.99593506e+01,1.84734955e+01,8.61818314e-01,1.23976564e+00
5345803-S04-156I3-A-L-C-190,20.02.2020-12:19:52,1.00000000e+00,6.43185139e-01,8.82946968e+00,1.75072916e-03,2.80703735e+02,7.97579803e+01,1.84363499e+01,1.72283575e-01,2.72692144e-01
5345803-S04-156I3-A-L-C-190,20.02.2020-12:19:54,1.90000000e+01,6.45066023e-01,8.88552952e+00,2.03287322e-03,1.60558563e+02,8.02429733e+01,1.87208118e+01,2.00631171e-01,4.53382641e-01
5345803-S04-156I3-A-L-C-190,20.02.2020-12:19:56,1.00000000e+00,6.42002463e-01,8.81174755e+00,2.08518142e-03,1.76275482e+02,8.00288086e+01,1.84278755e+01,1.76789239e-01,2.86094069e-01
5345803-S04-156I3-A-L-C-190,20.02.2020-12:19:58,1.00000000e+00,6.39711857e-01,8.87275028e+00,1.74610806e-03,1.44588272e+02,8.00721283e+01,1.84992561e+01,3.33913445e-01,6.97090507e-01
5345803-S04-156I3-A-L-C-190,20.02.2020-12:20:00,1.00000000e+00,6.39084280e-01,8.88402176e+00,1.90487446e-03,8.22671051e+01,7.99769897e+01,1.84825974e+01,5.39938092e-01,9.44329798e-01
5345803-S04-156I3-A-L-C-190,20.02.2020-12:20:02,1.00000000e+00,6.39920831e-01,8.88844013e+00,2.17368850e-03,7.84041214e+01,7.98904800e+01,1.84959660e+01,5.73573589e-01,9.56823051e-01
5345803-S04-156I3-A-L-C-190,20.02.2020-12:20:04,2.10000000e+01,6.42790794e-01,8.88700676e+00,2.17713066e-03,1.01124771e+02,7.97909088e+01,1.85527706e+01,4.58423167e-01,6.35138750e-01
5345803-S04-156I3-A-L-C-190,20.02.2020-12:20:07,1.90000000e+01,6.45396590e-01,8.86819172e+00,1.73527561e-03,2.73084564e+02,8.04285660e+01,1.87370968e+01,1.45992905e-01,3.84142011e-01
5345803-S04-156I3-A-L-C-190,20.02.2020-12:20:09,2.10000000e+01,6.43376291e-01,8.83473015e+00,1.94057601e-03,1.34703201e+02,8.01659012e+01,1.85471916e+01,2.08295122e-01,2.60546982e-01
5345803-S04-156I3-A-L-C-190,20.02.2020-12:20:11,2.00000000e+01,6.44330859e-01,8.85040283e+00,2.06812075e-03,2.59386627e+02,8.01641693e+01,1.86072636e+01,2.12435007e-01,3.34967524e-01
5345803-S04-156I3-A-L-C-190,20.02.2020-12:20:13,2.10000000e+01,6.44070029e-01,8.83684444e+00,1.58590800e-03,1.82366013e+02,8.02858429e+01,1.85994225e+01,2.36716092e-01,3.04415405e-01
5345803-S04-156I3-A-L-C-190,20.02.2020-12:20:15,2.00000000e+01,6.44893765e-01,8.84307957e+00,1.90017687e-03,2.37295334e+02,8.02014618e+01,1.86167641e+01,2.08534539e-01,2.83319771e-01
5345803-S04-156I3-A-L-C-190,20.02.2020-12:20:17,9.00000000e+00,6.46241724e-01,8.93810177e+00,1.70752546e-03,3.38682007e+02,8.00784912e+01,1.88272266e+01,1.07720412e-01,1.38355240e-01
5345803-S04-156I3-A-L-C-190,20.02.2020-12:20:19,2.00000000e+00,6.38445735e-01,8.82230759e+00,2.11904035e-03,2.77239563e+02,7.99055405e+01,1.83194847e+01,3.57755542e-01,1.06232595e+00
5345803-S04-156I3-A-L-C-190,20.02.2020-12:20:21,1.00000000e+00,6.41143739e-01,8.82760906e+00,1.66446518e-03,1.43713455e+02,8.02013321e+01,1.84760990e+01,2.24562570e-01,3.80986035e-01
5345803-S04-156I3-A-L-C-190,20.02.2020-12:20:23,1.90000000e+01,6.46349370e-01,8.89136314e+00,1.96825247e-03,2.06481018e+02,8.03424606e+01,1.87936440e+01,1.74591005e-01,2.32409164e-01
5345803-S04-156I3-A-L-C-190,20.02.2020-12:20:25,2.10000000e+01,6.44088507e-01,8.83974552e+00,1.61891547e-03,1.69153717e+02,8.01583328e+01,1.85765114e+01,1.96369603e-01,3.26413035e-01
5345803-S04-156I3-A-L-C-190,20.02.2020-12:20:28,1.90000000e+01,6.45455003e-01,8.86716461e+00,1.77834614e-03,1.66558914e+02,8.03157654e+01,1.87103424e+01,2.33123958e-01,3.53118598e-01
5345803-S04-156I3-A-L-C-190,20.02.2020-12:20:30,2.10000000e+01,6.42594695e-01,8.84335804e+00,2.03357358e-03,2.35410690e+02,8.01292267e+01,1.85342693e+01,1.35907605e-01,1.82812765e-01
5345803-S04-156I3-A-L-C-190,20.02.2020-12:20:32,2.00000000e+00,6.39179289e-01,8.75379372e+00,1.92621117e-03,2.21279556e+02,8.02045670e+01,1.82662048e+01,2.68155336e-01,1.40340638e+00
5345803-S04-156I3-A-L-C-190,20.02.2020-12:20:34,9.00000000e+00,6.47068977e-01,8.88889027e+00,1.78436644e-03,2.31740036e+02,8.04756012e+01,1.88405037e+01,1.63964048e-01,2.07196817e-01
5345803-S04-156I3-A-L-C-190,20.02.2020-12:20:36,2.10000000e+01,6.41816735e-01,8.89804649e+00,1.76570308e-03,1.57187790e+02,7.99416733e+01,1.85827141e+01,1.65408164e-01,1.94594979e-01
5345803-S04-156I3-A-L-C-190,20.02.2020-12:20:38,2.00000000e+01,6.44606054e-01,8.84886742e+00,1.79266813e-03,1.35266754e+02,8.02100830e+01,1.86226387e+01,2.82357842e-01,4.13774014e-01
5345803-S04-156I3-A-L-C-190,20.02.2020-12:20:40,2.00000000e+00,6.38444602e-01,8.81526184e+00,1.81491696e-03,2.26406570e+02,7.98372955e+01,1.82891884e+01,3.82978886e-01,1.49928820e+00
5345803-S04-156I3-A-L-C-190,20.02.2020-12:20:42,1.00000000e+00,6.41414285e-01,8.80193043e+00,1.83290092e-03,3.33109680e+02,8.01813278e+01,1.84255295e+01,2.68813044e-01,1.68081272e+00
5345803-S04-156I3-A-L-C-190,20.02.2020-12:20:44,2.10000000e+01,6.43180609e-01,8.89359665e+00,2.16617249e-03,1.71058899e+02,7.98493729e+01,1.85914001e+01,2.66569436e-01,6.50062144e-01
5345803-S04-156I3-A-L-C-190,20.02.2020-12:22:27,8.00000000e+00,6.49224341e-01,8.98112774e+00,2.02950020e-03,1.20838028e+02,8.00987396e+01,1.90099754e+01,1.83381006e-01,2.22726941e-01
5345803-S04-156I3-A-L-C-190,20.02.2020-12:22:29,1.90000000e+01,6.42678678e-01,8.97980213e+00,1.83740549e-03,4.67539406e+01,7.96867828e+01,1.87187634e+01,4.07305688e-01,4.67879057e-01
5345803-S04-156I3-A-L-C-190,20.02.2020-12:22:31,2.10000000e+01,6.39993072e-01,8.87938309e+00,1.84561755e-03,6.55273819e+01,8.01447220e+01,1.85380135e+01,4.66449201e-01,8.00046384e-01
5345803-S04-156I3-A-L-C-190,20.02.2020-12:22:33,1.90000000e+01,6.44880950e-01,8.93931961e+00,1.67900452e-03,4.63371277e+01,7.99856644e+01,1.87683620e+01,5.14591157e-01,6.36245310e-01
5345803-S04-156I3-A-L-C-190,20.02.2020-12:22:35,9.00000000e+00,6.46530271e-01,8.95294094e+00,1.70164218e-03,5.69136810e+01,8.01177521e+01,1.88761539e+01,4.02999759e-01,4.96927708e-01
5345803-S04-156I3-A-L-C-190,20.02.2020-12:22:38,9.00000000e+00,6.45569384e-01,8.95073986e+00,2.14885408e-03,8.67977829e+01,7.99780807e+01,1.88106174e+01,2.73036748e-01,3.44555438e-01
5345803-S04-156I3-A-L-C-190,20.02.2020-12:22:40,2.00000000e+00,6.36474311e-01,8.76506424e+00,1.31698931e-03,7.37687225e+01,8.06736450e+01,1.83188362e+01,4.35559899e-01,9.59000051e-01
5345803-S04-156I3-A-L-C-190,20.02.2020-12:22:42,9.00000000e+00,6.46175146e-01,8.94896030e+00,1.62464939e-03,7.85565872e+01,8.01220551e+01,1.88584118e+01,2.95935124e-01,3.77768219e-01
5345803-S04-156I3-A-L-C-190,20.02.2020-12:22:44,9.00000000e+00,6.44012332e-01,9.02191639e+00,1.77078089e-03,4.55390625e+01,7.96506119e+01,1.88370247e+01,4.44175422e-01,5.10831952e-01
5345803-S04-156I3-A-L-C-190,20.02.2020-12:22:46,9.00000000e+00,6.46774173e-01,8.96279144e+00,1.77307741e-03,7.55171585e+01,8.00984497e+01,1.88994961e+01,3.20436507e-01,3.95578086e-01
5345803-S04-156I3-A-L-C-190,20.02.2020-12:22:48,2.00000000e+01,6.44025087e-01,8.89908123e+00,1.90703420e-03,9.42938690e+01,7.99728775e+01,1.86561012e+01,3.85197312e-01,6.80593371e-01
5345803-S04-156I3-A-L-C-190,20.02.2020-12:22:50,1.00000000e+00,6.39601350e-01,8.86700916e+00,1.87189772e-03,4.77969284e+01,8.00350723e+01,1.84755363e+01,5.95207810e-01,1.37460363e+00
5345803-S04-156I3-A-L-C-190,20.02.2020-12:22:52,1.00000000e+00,6.39614403e-01,8.86280537e+00,1.73782767e-03,4.17213898e+01,8.00231934e+01,1.84644146e+01,7.53086150e-01,1.69850409e+00
5345803-S04-156I3-A-L-C-190,20.02.2020-12:22:54,7.00000000e+00,6.47976458e-01,9.01714802e+00,2.20301235e-03,8.20339737e+01,8.00703049e+01,1.90427704e+01,2.72010684e-01,3.21378589e-01
5345803-S04-156I3-A-L-C-190,20.02.2020-12:22:57,9.00000000e+00,6.45182788e-01,8.94212818e+00,1.74314901e-03,4.86852036e+01,8.03079071e+01,1.88587189e+01,5.20287037e-01,7.57701993e-01
5345803-S04-156I3-A-L-C-190,20.02.2020-12:22:59,7.00000000e+00,6.50038481e-01,8.98947811e+00,1.91928295e-03,4.11595879e+01,8.04880905e+01,1.91441193e+01,5.22279680e-01,6.21149361e-01
5345803-S04-156I3-A-L-C-190,20.02.2020-12:23:01,7.00000000e+00,6.49011016e-01,9.00546360e+00,2.00645882e-03,6.71160660e+01,8.00061874e+01,1.90332050e+01,3.22518766e-01,3.77720326e-01
5345803-S04-156I3-A-L-C-190,20.02.2020-12:23:03,1.00000000e+00,6.39557362e-01,8.85341644e+00,2.08994839e-03,4.12607384e+01,7.99079361e+01,1.84166431e+01,7.60948420e-01,2.00998497e+00
5345803-S04-156I3-A-L-C-190,20.02.2020-12:23:05,1.00000000e+00,6.40150607e-01,8.85202980e+00,2.08610087e-03,3.68120079e+01,7.98429108e+01,1.84158401e+01,8.36989582e-01,2.15134072e+00
5345803-S04-156I3-A-L-C-190,20.02.2020-12:23:07,1.90000000e+01,6.45381749e-01,8.92573261e+00,1.89198763e-03,5.10285149e+01,8.01700439e+01,1.87976189e+01,5.19777536e-01,8.15545857e-01
5345803-S04-156I3-A-L-C-190,20.02.2020-12:23:09,1.90000000e+01,6.43954754e-01,8.91560173e+00,1.59867166e-03,4.64347992e+01,8.00902328e+01,1.87161179e+01,5.86317956e-01,7.42445230e-01
5345803-S04-156I3-A-L-C-190,20.02.2020-12:23:11,2.00000000e+01,6.45045519e-01,8.95587063e+00,2.41519627e-03,1.28071701e+02,7.95214844e+01,1.86987610e+01,2.56350011e-01,3.32732350e-01
5345803-S04-156I3-A-L-C-190,20.02.2020-12:23:13,1.40000000e+01,6.43487930e-01,8.86646843e+00,1.75104092e-03,1.50296612e+01,7.98933411e+01,1.85537567e+01,1.60605991e+00,2.42316937e+00
5345803-S04-156I3-A-L-C-190,20.02.2020-12:23:16,9.00000000e+00,6.46791339e-01,8.95202351e+00,1.83843088e-03,6.00080032e+01,8.01394424e+01,1.88869534e+01,3.21247786e-01,3.95609379e-01
5345803-S04-156I3-A-L-C-190,20.02.2020-12:23:18,9.00000000e+00,6.45747006e-01,8.95285988e+00,1.91679515e-03,5.00502129e+01,8.01494522e+01,1.88605766e+01,4.33857501e-01,5.25759697e-01
5345803-S04-156I3-A-L-C-190,20.02.2020-12:23:20,2.00000000e+01,6.43980026e-01,8.93269634e+00,2.25035055e-03,1.28025421e+02,7.98412781e+01,1.86944485e+01,2.79808521e-01,4.29044276e-01
5345803-S04-156I3-A-L-C-190,20.02.2020-12:23:22,9.00000000e+00,6.47343218e-01,8.94104862e+00,1.77470606e-03,1.29841400e+02,8.02472534e+01,1.89052925e+01,1.98849231e-01,2.73283750e-01
5345803-S04-156I3-A-L-C-190,20.02.2020-12:23:24,7.00000000e+00,6.47764564e-01,9.00552845e+00,1.87652721e-03,5.39750366e+01,8.01944427e+01,1.90414867e+01,3.56755257e-01,4.14571553e-01
5345803-S04-156I3-A-L-C-190,20.02.2020-12:23:26,9.00000000e+00,6.46374047e-01,8.95403671e+00,1.74106460e-03,7.58691635e+01,8.01537094e+01,1.88823776e+01,2.68420041e-01,3.48946542e-01
5345803-S04-156I3-A-L-C-190,20.02.2020-12:23:28,7.00000000e+00,6.48384571e-01,9.01620960e+00,2.20172387e-03,5.49359398e+01,7.99695511e+01,1.90288048e+01,3.28585625e-01,3.78928691e-01
5345803-S04-156I3-A-L-C-190,20.02.2020-12:23:30,2.00000000e+01,6.41955137e-01,8.92119598e+00,1.92435831e-03,3.30311356e+01,8.00153732e+01,1.86522579e+01,7.05061913e-01,9.62889493e-01
5345803-S04-156I3-A-L-C-190,20.02.2020-12:23:32,9.00000000e+00,6.45417571e-01,8.93758488e+00,1.55024952e-03,5.70085602e+01,8.02126312e+01,1.88336258e+01,4.00754750e-01,5.12591243e-01
5345803-S04-156I3-A-L-C-190,20.02.2020-12:23:34,7.00000000e+00,6.48515642e-01,9.02150536e+00,1.63324014e-03,9.61269302e+01,8.02706528e+01,1.91155357e+01,2.19782054e-01,2.62222111e-01
5345803-S04-156I3-A-L-C-190,20.02.2020-12:23:37,1.90000000e+01,6.45606041e-01,8.93249989e+00,1.69116620e-03,5.59823036e+01,7.99088516e+01,1.87570992e+01,4.58358675e-01,5.53026140e-01
5345803-S04-156I3-A-L-C-190,20.02.2020-12:23:39,8.00000000e+00,6.48705065e-01,8.94264412e+00,1.60607940e-03,5.12423058e+01,8.04090805e+01,1.89866581e+01,5.71053982e-01,7.39673197e-01
5345803-S04-156I3-A-L-C-190,20.02.2020-12:23:41,9.00000000e+00,6.47718608e-01,8.92105961e+00,1.90114276e-03,8.12651062e+01,8.02341156e+01,1.88708782e+01,4.44744229e-01,1.21739376e+00
5345803-S04-156I3-A-L-C-190,20.02.2020-12:23:43,8.00000000e+00,6.47525370e-01,8.96500969e+00,1.75309891e-03,1.55314621e+02,8.04416351e+01,1.90072231e+01,1.66546106e-01,2.61679769e-01
5345803-S04-156I3-A-L-C-190,20.02.2020-12:23:45,2.10000000e+01,6.42195702e-01,8.85474873e+00,1.71976583e-03,8.42154922e+01,8.01292496e+01,1.85466251e+01,4.99884665e-01,1.29659939e+00
5345803-S04-156I3-A-L-C-190,20.02.2020-12:23:47,9.00000000e+00,6.47043049e-01,8.91907787e+00,2.08864524e-03,1.30143463e+02,8.01448212e+01,1.88260326e+01,3.24679047e-01,1.09569561e+00
5345803-S04-156I3-A-L-C-190,20.02.2020-12:23:49,8.00000000e+00,6.48906112e-01,8.94298649e+00,1.64676749e-03,3.22673988e+01,8.03094330e+01,1.89697304e+01,9.12267506e-01,1.11699140e+00
5345803-S04-156I3-A-L-C-190,20.02.2020-12:23:51,9.00000000e+00,6.47392511e-01,8.91819000e+00,1.69505447e-03,6.84121628e+01,8.01834106e+01,1.88433933e+01,4.92942631e-01,1.34461021e+00
5345803-S04-156I3-A-L-C-190,20.02.2020-12:23:53,9.00000000e+00,6.47287846e-01,8.92409325e+00,1.98961608e-03,8.68638000e+01,8.00753098e+01,1.88274002e+01,4.61351782e-01,1.13339531e+00
5345803-S04-156I3-A-L-C-190,20.02.2020-12:23:56,1.90000000e+01,6.43980801e-01,8.97055721e+00,2.13198154e-03,1.32973190e+02,7.99215164e+01,1.87925739e+01,2.60129601e-01,3.41595739e-01
5345803-S04-156I3-A-L-C-190,20.02.2020-12:23:58,1.90000000e+01,6.47286117e-01,8.90444469e+00,1.62412168e-03,3.44283791e+01,8.00506058e+01,1.87801018e+01,8.95784080e-01,1.75010192e+00
5345803-S04-156I3-A-L-C-190,20.02.2020-12:24:00,1.00000000e+00,6.39832675e-01,8.86259174e+00,1.91336672e-03,3.85095749e+01,8.01301041e+01,1.84949474e+01,7.82570839e-01,2.02831364e+00
5345803-S04-156I3-A-L-C-190,20.02.2020-12:24:02,2.10000000e+01,6.39422059e-01,8.96307373e+00,1.97527581e-03,9.73107986e+01,7.94814606e+01,1.85413189e+01,2.30469272e-01,2.88550973e-01
5345803-S04-156I3-A-L-C-190,20.02.2020-12:24:04,1.90000000e+01,6.45497382e-01,8.94015026e+00,1.73766236e-03,9.88554764e+01,7.99944992e+01,1.87901230e+01,2.66714334e-01,3.37971896e-01
5345803-S04-156I3-A-L-C-190,20.02.2020-12:24:18,1.90000000e+01,6.44660115e-01,8.93413067e+00,1.86228508e-03,1.01594109e+02,7.99622498e+01,1.87455559e+01,3.29828084e-01,5.71996570e-01
5345803-S04-156I3-A-L-C-190,20.02.2020-12:24:20,2.10000000e+01,6.39459431e-01,8.99137402e+00,1.81052566e-03,2.98153267e+01,7.94074783e+01,1.85836334e+01,5.92345476e-01,6.86847270e-01
5345803-S04-156I3-A-L-C-190,20.02.2020-12:24:22,8.00000000e+00,6.48827732e-01,8.98838234e+00,2.27631954e-03,1.43348877e+02,7.99961090e+01,1.89893456e+01,2.07614943e-01,2.62922436e-01
5345803-S04-156I3-A-L-C-190,20.02.2020-12:24:24,1.90000000e+01,6.44961774e-01,8.93381023e+00,2.09179730e-03,1.57925522e+02,8.00780411e+01,1.87808094e+01,1.61707059e-01,2.35524043e-01
5345803-S04-156I3-A-L-C-190,20.02.2020-12:24:26,8.00000000e+00,6.46793306e-01,8.98157120e+00,1.93535758e-03,1.92928024e+02,8.03176575e+01,1.89914913e+01,1.30809888e-01,1.95198014e-01
5345803-S04-156I3-A-L-C-190,20.02.2020-12:24:28,8.00000000e+00,6.49747491e-01,8.94721413e+00,1.86822575e-03,1.47264053e+02,8.03357620e+01,1.90095367e+01,2.28949711e-01,5.39536595e-01
5345803-S04-156I3-A-L-C-190,20.02.2020-12:24:30,2.00000000e+01,6.42143607e-01,8.90623379e+00,1.88339420e-03,9.95458374e+01,8.01050949e+01,1.86473274e+01,3.15990567e-01,8.16771328e-01
5345803-S04-156I3-A-L-C-190,20.02.2020-12:24:33,7.00000000e+00,6.48043573e-01,8.99886990e+00,1.83054293e-03,1.20783531e+02,8.03448639e+01,1.90713100e+01,1.83852717e-01,2.22054109e-01
5345803-S04-156I3-A-L-C-190,20.02.2020-12:24:35,1.90000000e+01,6.41158640e-01,9.00988007e+00,1.81910896e-03,7.55326767e+01,7.96223984e+01,1.87219009e+01,2.41701365e-01,2.82059252e-01
5345803-S04-156I3-A-L-C-190,20.02.2020-12:24:37,1.00000000e+00,6.39608443e-01,8.85449696e+00,1.86326134e-03,5.57756882e+01,8.02469864e+01,1.84985218e+01,5.73707283e-01,1.55660725e+00
5345803-S04-156I3-A-L-C-190,20.02.2020-12:24:39,7.00000000e+00,6.47882104e-01,9.01161957e+00,2.04207213e-03,1.39333450e+02,8.02027893e+01,1.90598068e+01,1.60131350e-01,1.96941942e-01
5345803-S04-156I3-A-L-C-190,20.02.2020-12:24:41,8.00000000e+00,6.48644090e-01,8.95984840e+00,2.06042477e-03,1.93116516e+02,8.02087326e+01,1.89740028e+01,1.73181757e-01,2.14705274e-01
5345803-S04-156I3-A-L-C-190,20.02.2020-12:24:43,8.00000000e+00,6.49298012e-01,8.97290039e+00,1.89387507e-03,1.00054581e+02,8.01099319e+01,1.89973698e+01,2.22991332e-01,2.71561712e-01
5345803-S04-156I3-A-L-C-190,20.02.2020-12:24:45,9.00000000e+00,6.45911872e-01,8.94552040e+00,1.85066054e-03,7.72037659e+01,8.00317230e+01,1.88222370e+01,2.93234378e-01,3.62248927e-01
5345803-S04-156I3-A-L-C-190,20.02.2020-12:24:47,2.10000000e+01,6.40353918e-01,8.86767769e+00,1.72871328e-03,1.02123047e+02,8.01027374e+01,1.85143089e+01,3.22466969e-01,6.14373684e-01
5345803-S04-156I3-A-L-C-190,20.02.2020-12:24:49,1.90000000e+01,6.44862771e-01,8.94188404e+00,2.04735529e-03,7.67029266e+01,8.00327148e+01,1.87842617e+01,3.16140413e-01,3.96125913e-01
5345803-S04-156I3-A-L-C-190,20.02.2020-12:24:52,2.10000000e+01,6.40426934e-01,8.88159370e+00,1.73243228e-03,7.99198837e+01,8.01527176e+01,1.85570507e+01,3.91442627e-01,6.41401350e-01
5345803-S04-156I3-A-L-C-190,20.02.2020-12:24:54,7.00000000e+00,6.48149431e-01,8.97117424e+00,1.95260788e-03,9.00856400e+01,8.04087906e+01,1.90308495e+01,3.97936881e-01,5.15962720e-01
5345803-S04-156I3-A-L-C-190,20.02.2020-12:24:56,8.00000000e+00,6.47563040e-01,8.99297523e+00,1.84966123e-03,6.17261467e+01,8.02319489e+01,1.90179176e+01,3.15123975e-01,3.71023089e-01
5345803-S04-156I3-A-L-C-190,20.02.2020-12:24:58,1.90000000e+01,6.44173920e-01,8.93891430e+00,1.93411636e-03,5.30553589e+01,7.99573135e+01,1.87402897e+01,4.26266879e-01,6.04313612e-01
5345803-S04-156I3-A-L-C-190,20.02.2020-12:25:00,2.00000000e+01,6.43226445e-01,8.92984200e+00,1.94860785e-03,6.17660561e+01,7.99467316e+01,1.86912613e+01,4.67983633e-01,6.83592737e-01
5345803-S04-156I3-A-L-C-190,20.02.2020-12:25:02,1.90000000e+01,6.43167377e-01,8.92564964e+00,1.87352696e-03,7.99254227e+01,8.02720795e+01,1.87567940e+01,3.87650102e-01,5.81099272e-01
5345803-S04-156I3-A-L-C-190,20.02.2020-12:25:04,1.90000000e+01,6.43113911e-01,8.92481136e+00,1.52698555e-03,7.57938919e+01,8.00757675e+01,1.87076073e+01,3.53402346e-01,5.09136379e-01
5345803-S04-156I3-A-L-C-190,20.02.2020-12:25:06,8.00000000e+00,6.47436798e-01,8.98398590e+00,2.31083808e-03,1.29348404e+02,8.00365677e+01,1.89489479e+01,1.95930749e-01,2.43445292e-01
5345803-S04-156I3-A-L-C-190,20.02.2020-12:25:08,8.00000000e+00,6.49037302e-01,8.96904278e+00,1.86800817e-03,1.35004623e+02,8.01830597e+01,1.89989033e+01,1.59884751e-01,1.98007748e-01
5345803-S04-156I3-A-L-C-190,20.02.2020-12:25:10,8.00000000e+00,6.48968995e-01,8.97757149e+00,1.76312390e-03,1.60684937e+02,8.01630096e+01,1.90102139e+01,1.61517963e-01,1.95608109e-01
5345803-S04-156I3-A-L-C-190,20.02.2020-12:25:13,1.90000000e+01,6.43953323e-01,8.92877769e+00,1.65604032e-03,6.04884300e+01,8.01206665e+01,1.87508583e+01,3.80216330e-01,5.66788316e-01
5345803-S04-156I3-A-L-C-190,20.02.2020-12:25:15,8.00000000e+00,6.48369670e-01,8.98034191e+00,2.20633671e-03,1.03071129e+02,7.99155350e+01,1.89398670e+01,2.29959920e-01,2.88497418e-01
5345803-S04-156I3-A-L-C-190,20.02.2020-12:25:17,9.00000000e+00,6.45490885e-01,8.94382095e+00,1.50487327e-03,9.52497635e+01,8.00944443e+01,1.88211346e+01,2.43220732e-01,3.14781576e-01
5345803-S04-156I3-A-L-C-190,20.02.2020-12:25:19,1.90000000e+01,6.43123627e-01,8.92855453e+00,1.77033804e-03,1.34970337e+02,8.02680511e+01,1.87606754e+01,1.94859311e-01,3.64141792e-01
5345803-S04-156I3-A-L-C-190,20.02.2020-12:25:21,7.00000000e+00,6.50278568e-01,8.97478199e+00,2.00244086e-03,1.82090225e+02,8.05478745e+01,1.91340847e+01,2.00922027e-01,3.48910213e-01
5345803-S04-156I3-A-L-C-190,20.02.2020-12:25:23,9.00000000e+00,6.45280659e-01,8.95051193e+00,1.86624285e-03,8.46644440e+01,8.01003189e+01,1.88304615e+01,2.71367818e-01,4.04768407e-01
5345803-S04-156I3-A-L-C-190,20.02.2020-12:25:25,1.00000000e+00,6.38592839e-01,8.86030006e+00,1.88605883e-03,6.43151932e+01,8.01956100e+01,1.84694214e+01,5.07810771e-01,1.29952598e+00
5345803-S04-156I3-A-L-C-190,20.02.2020-12:25:27,7.00000000e+00,6.47990167e-01,8.99291706e+00,1.95716135e-03,6.78889084e+01,8.03642349e+01,1.90617180e+01,3.55091035e-01,4.24594402e-01
5345803-S04-156I3-A-L-C-190,20.02.2020-12:25:29,7.00000000e+00,6.48379385e-01,9.00933838e+00,1.85728748e-03,9.64645844e+01,8.01911392e+01,1.90668373e+01,2.35710859e-01,2.82755345e-01
5345803-S04-156I3-A-L-C-190,20.02.2020-12:25:32,1.90000000e+01,6.42449498e-01,8.98320770e+00,1.60782936e-03,7.22265015e+01,7.97665405e+01,1.87379189e+01,2.41056144e-01,2.81183720e-01
5345803-S04-156I3-A-L-C-190,20.02.2020-12:25:34,8.00000000e+00,6.46221101e-01,8.95432758e+00,1.92758848e-03,1.53988586e+02,8.03377686e+01,1.89218693e+01,1.59409255e-01,2.36914605e-01
5345803-S04-156I3-A-L-C-190,20.02.2020-12:25:36,2.00000000e+01,6.42198145e-01,8.90886021e+00,1.97488675e-03,8.42442398e+01,8.00580063e+01,1.86434460e+01,3.21823388e-01,7.87344098e-01
5345803-S04-156I3-A-L-C-190,20.02.2020-12:25:38,8.00000000e+00,6.48704946e-01,8.94890308e+00,2.41689407e-03,1.76243439e+02,8.01140137e+01,1.89302216e+01,2.33447343e-01,5.53784788e-01
5345803-S04-156I3-A-L-C-190,20.02.2020-12:25:40,8.00000000e+00,6.49297953e-01,8.94840813e+00,2.25212588e-03,1.94160919e+02,8.01814423e+01,1.89624252e+01,1.44285083e-01,4.15410697e-01
5345803-S04-156I3-A-L-C-190,20.02.2020-12:25:42,8.00000000e+00,6.49183512e-01,8.96475410e+00,2.08247686e-03,1.98099625e+02,8.00160217e+01,1.89545307e+01,1.23299256e-01,1.54712036e-01
5345803-S04-156I3-A-L-C-190,20.02.2020-12:25:44,9.00000000e+00,6.44326806e-01,8.94681072e+00,1.67442276e-03,1.08045097e+02,8.01301498e+01,1.88018513e+01,2.43490547e-01,4.15529430e-01
5345803-S04-156I3-A-L-C-190,20.02.2020-12:25:46,7.00000000e+00,6.51453137e-01,8.96772671e+00,1.88103388e-03,1.04541061e+02,8.05487213e+01,1.91537762e+01,3.11132640e-01,5.40848434e-01
5345803-S04-156I3-A-L-C-190,20.02.2020-12:25:48,2.10000000e+01,6.38439000e-01,8.96754837e+00,2.14572763e-03,8.90434036e+01,7.94140015e+01,1.85063343e+01,2.43130803e-01,3.08112234e-01
5345803-S04-156I3-A-L-C-190,20.02.2020-12:25:50,7.00000000e+00,6.51171148e-01,8.97836018e+00,2.19734595e-03,1.03176567e+02,8.04194260e+01,1.91374168e+01,2.98732877e-01,4.93799806e-01
5345803-S04-156I3-A-L-C-190,20.02.2020-12:25:53,8.00000000e+00,6.47888124e-01,8.98573875e+00,1.85913278e-03,2.48443085e+02,8.02181702e+01,1.90088882e+01,9.73429307e-02,1.48394927e-01
5345803-S04-156I3-A-L-C-190,20.02.2020-12:25:55,7.00000000e+00,6.48051977e-01,9.01192760e+00,2.12060451e-03,2.95793953e+01,8.00125351e+01,1.90202293e+01,7.59112060e-01,8.73570502e-01
5345803-S04-156I3-A-L-C-190,20.02.2020-12:25:57,1.90000000e+01,6.44394636e-01,8.93352127e+00,1.98434130e-03,1.72945099e+02,8.00884476e+01,1.87661266e+01,1.63111225e-01,2.42959142e-01
5345803-S04-156I3-A-L-C-190,20.02.2020-12:25:59,8.00000000e+00,6.46340191e-01,8.94402981e+00,1.85946911e-03,2.46980301e+02,8.04031372e+01,1.89189739e+01,1.53367862e-01,3.83993536e-01
5345803-S04-156I3-A-L-C-190,20.02.2020-12:26:01,9.00000000e+00,6.46236300e-01,8.96362686e+00,1.56948564e-03,3.68739502e+02,8.01530914e+01,1.88984241e+01,9.27762538e-02,1.44291967e-01
5345803-S04-156I3-A-L-C-190,20.02.2020-12:26:03,8.00000000e+00,6.46628499e-01,8.96062374e+00,2.15645740e-03,3.02442078e+02,8.01821823e+01,1.89104195e+01,1.37419224e-01,2.03791708e-01
5345803-S04-156I3-A-L-C-190,20.02.2020-12:26:06,1.90000000e+01,6.42915905e-01,8.96586323e+00,1.91223726e-03,1.12705605e+02,7.98599167e+01,1.87372265e+01,3.41350079e-01,7.46606112e-01
5345803-S04-156I3-A-L-C-190,20.02.2020-12:26:08,2.10000000e+01,6.39038622e-01,8.92679787e+00,2.06582341e-03,1.67593552e+02,7.99740067e+01,1.85695705e+01,2.79842019e-01,6.26741529e-01
5345803-S04-156I3-A-L-C-190,20.02.2020-12:26:10,2.00000000e+01,6.42896116e-01,8.89536953e+00,1.83168438e-03,2.37420959e+02,8.01668930e+01,1.86607914e+01,1.40030101e-01,2.41633236e-01
5345803-S04-156I3-A-L-C-190,20.02.2020-12:26:12,2.00000000e+01,6.44440711e-01,8.90497112e+00,1.90329493e-03,4.01609680e+02,7.97605667e+01,1.86309052e+01,8.06939080e-02,1.49222746e-01
5345803-S04-156I3-A-L-C-190,20.02.2020-12:26:15,9.00000000e+00,6.46152675e-01,8.95944405e+00,1.81373325e-03,1.91718857e+02,8.02407837e+01,1.89078255e+01,1.74066067e-01,4.26251143e-01
5345803-S04-156I3-A-L-C-190,20.02.2020-12:26:17,8.00000000e+00,6.46173298e-01,8.95950317e+00,1.87722640e-03,3.23366852e+02,8.03510895e+01,1.89345474e+01,8.33315253e-02,2.86305547e-01
5345803-S04-156I3-A-L-C-190,20.02.2020-12:26:19,9.00000000e+00,6.45601332e-01,8.91607952e+00,1.86063559e-03,1.65555450e+02,8.02409897e+01,1.88003025e+01,1.20470226e-01,2.68756270e-01
5345803-S04-156I3-A-L-C-190,20.02.2020-12:26:21,2.00000000e+01,6.44255102e-01,8.89335823e+00,1.79038069e-03,3.41730621e+02,7.97657547e+01,1.86024590e+01,1.12599194e-01,1.76984191e-01
5345803-S04-156I3-A-L-C-190,20.02.2020-12:26:23,1.90000000e+01,6.44048452e-01,8.91412163e+00,1.74305972e-03,2.91271759e+02,8.01571884e+01,1.87313786e+01,1.51205748e-01,6.28182471e-01
5345803-S04-156I3-A-L-C-190,20.02.2020-12:26:25,9.00000000e+00,6.44227445e-01,8.94422913e+00,1.87359180e-03,2.42758728e+02,8.03026886e+01,1.88339939e+01,9.80535373e-02,1.56371474e-01
5345803-S04-156I3-A-L-C-190,20.02.2020-12:26:27,1.90000000e+01,6.44713819e-01,8.92572498e+00,2.03144620e-03,2.24029510e+02,8.00535126e+01,1.87508545e+01,1.45495087e-01,2.26615697e-01
5345803-S04-156I3-A-L-C-190,20.02.2020-12:26:29,1.90000000e+01,6.45484030e-01,8.90782452e+00,1.96180609e-03,1.76938080e+02,8.01811295e+01,1.87654724e+01,1.92655504e-01,2.67588198e-01
5345803-S04-156I3-A-L-C-190,20.02.2020-12:26:32,1.90000000e+01,6.45358562e-01,8.91612530e+00,1.79701834e-03,1.20234039e+02,8.01317291e+01,1.87677383e+01,1.61231667e-01,2.40884587e-01
5345803-S04-156I3-A-L-C-190,20.02.2020-12:26:34,1.90000000e+01,6.44601345e-01,8.92450047e+00,1.65820390e-03,1.42740158e+02,8.02001724e+01,1.87793522e+01,2.32467026e-01,5.96531808e-01
5345803-S04-156I3-A-L-C-190,20.02.2020-12:26:36,9.00000000e+00,6.45670056e-01,8.91437721e+00,1.45892950e-03,1.96774338e+02,8.03922958e+01,1.88341599e+01,1.71860546e-01,2.41366535e-01
5345803-S04-156I3-A-L-C-190,20.02.2020-12:26:38,1.90000000e+01,6.44793630e-01,8.90357113e+00,1.98547542e-03,2.26514160e+02,8.02273254e+01,1.87472458e+01,1.41626820e-01,2.07452953e-01
5345803-S04-156I3-A-L-C-190,20.02.2020-12:26:40,1.90000000e+01,6.45230770e-01,8.91773129e+00,1.91228453e-03,2.76978668e+02,8.02495956e+01,1.87950058e+01,1.04746617e-01,1.69860899e-01
5345803-S04-156I3-A-L-C-190,20.02.2020-12:26:42,2.00000000e+01,6.44161761e-01,8.88366127e+00,1.94159907e-03,1.99543091e+02,8.02590408e+01,1.86943817e+01,1.17403559e-01,1.82545483e-01
5345803-S04-156I3-A-L-C-190,20.02.2020-12:26:44,9.00000000e+00,6.44705653e-01,8.95461273e+00,1.86076353e-03,2.45699997e+02,8.01076965e+01,1.88240356e+01,1.18080795e-01,1.67818561e-01
5345803-S04-156I3-A-L-C-190,20.02.2020-12:26:46,8.00000000e+00,6.46041095e-01,8.96579838e+00,1.53656560e-03,3.02099518e+02,8.04013138e+01,1.89558144e+01,1.26623183e-01,3.45119178e-01
5345803-S04-156I3-A-L-C-190,20.02.2020-12:26:48,9.00000000e+00,6.44423604e-01,8.95224571e+00,1.53228233e-03,1.25965645e+02,8.02036438e+01,1.88333549e+01,1.50479883e-01,2.04124689e-01
5345803-S04-156I3-A-L-C-190,20.02.2020-12:26:50,8.00000000e+00,6.46390855e-01,8.96351719e+00,2.00886908e-03,1.47441330e+02,8.02550278e+01,1.89267521e+01,2.42125496e-01,4.30378258e-01
5345803-S04-156I3-A-L-C-190,20.02.2020-12:26:53,9.00000000e+00,6.47280872e-01,8.95042133e+00,1.81796669e-03,1.32922882e+02,8.01166611e+01,1.88924961e+01,2.78079540e-01,4.00673062e-01
5345803-S04-156I3-A-L-C-190,20.02.2020-12:26:55,9.00000000e+00,6.45012379e-01,8.94140816e+00,1.96039258e-03,2.20852249e+02,8.01991882e+01,1.88266964e+01,1.47588447e-01,2.21993268e-01
5345803-S04-156I3-A-L-C-190,20.02.2020-12:26:57,9.00000000e+00,6.45188153e-01,8.95126915e+00,1.83207390e-03,2.27384521e+02,8.00386734e+01,1.88148632e+01,1.55583590e-01,4.29873765e-01
5345803-S04-156I3-A-L-C-190,20.02.2020-12:26:59,8.00000000e+00,6.46851897e-01,8.96560478e+00,2.01197038e-03,1.68875961e+02,8.01535950e+01,1.89207211e+01,1.52447134e-01,2.28684083e-01
5345803-S04-156I3-A-L-C-190,20.02.2020-12:27:01,1.90000000e+01,6.44667149e-01,8.89592361e+00,2.06871168e-03,2.27855621e+02,8.01326981e+01,1.87053814e+01,1.45802140e-01,2.14569747e-01
5345803-S04-156I3-A-L-C-190,20.02.2020-12:27:03,1.90000000e+01,6.43988132e-01,8.92748070e+00,1.89045863e-03,1.65191116e+02,8.01485443e+01,1.87556725e+01,2.05727860e-01,5.72685003e-01
5345803-S04-156I3-A-L-C-190,20.02.2020-12:27:05,1.90000000e+01,6.44071221e-01,8.92012978e+00,1.61680568e-03,1.28830536e+02,8.01016998e+01,1.87316914e+01,2.63314813e-01,6.42573893e-01
5345803-S04-156I3-A-L-C-190,20.02.2020-12:27:07,9.00000000e+00,6.45309567e-01,8.90980530e+00,1.63855543e-03,1.76371780e+02,8.03652954e+01,1.88076725e+01,1.41845882e-01,2.09059715e-01
5345803-S04-156I3-A-L-C-190,20.02.2020-12:27:10,1.90000000e+01,6.45546794e-01,8.92101192e+00,2.01674923e-03,2.13409790e+02,8.01111450e+01,1.87786770e+01,1.51902184e-01,2.17989743e-01
5345803-S04-156I3-A-L-C-190,20.02.2020-12:27:12,1.90000000e+01,6.44828618e-01,8.90988445e+00,1.88337185e-03,2.30605347e+02,8.02011185e+01,1.87554302e+01,8.06865618e-02,1.39624000e-01
5345803-S04-156I3-A-L-C-190,20.02.2020-12:27:14,9.00000000e+00,6.45276785e-01,8.92166042e+00,1.75809197e-03,1.76884766e+02,8.02796173e+01,1.88116646e+01,1.45113304e-01,2.03591838e-01
5345803-S04-156I3-A-L-C-190,20.02.2020-12:27:16,2.10000000e+01,6.44120038e-01,8.89683723e+00,1.74175866e-03,1.54585327e+02,7.97231903e+01,1.85959053e+01,6.46729410e-01,9.19012725e-01
5345803-S04-156I3-A-L-C-190,20.02.2020-12:27:18,1.00000000e+00,6.42969251e-01,8.87369633e+00,1.94050744e-03,1.60822205e+02,7.96170120e+01,1.84897423e+01,1.58654556e-01,2.31498107e-01
5345803-S04-156I3-A-L-C-190,20.02.2020-12:27:20,9.00000000e+00,6.46558225e-01,8.95620441e+00,1.87552779e-03,1.42920029e+02,8.02240524e+01,1.89089069e+01,1.69211671e-01,3.71877462e-01
5345803-S04-156I3-A-L-C-190,20.02.2020-12:27:22,2.10000000e+01,6.39514387e-01,8.87272453e+00,1.63025898e-03,1.00377045e+02,8.03338699e+01,1.85539417e+01,2.28008255e-01,8.15182209e-01
5345803-S04-156I3-A-L-C-190,20.02.2020-12:27:24,2.10000000e+01,6.43475771e-01,8.88711643e+00,1.77214958e-03,1.87706085e+02,7.97274170e+01,1.85579929e+01,1.45187467e-01,2.24242881e-01
5345803-S04-156I3-A-L-C-190,20.02.2020-12:27:27,9.00000000e+00,6.46321297e-01,8.95648479e+00,2.06214702e-03,1.39589020e+02,8.01610565e+01,1.88877277e+01,1.91223994e-01,4.19169724e-01
5345803-S04-156I3-A-L-C-190,20.02.2020-12:27:29,2.10000000e+01,6.40159786e-01,8.90204048e+00,1.98862795e-03,1.09685326e+02,8.00730438e+01,1.85735302e+01,3.55554312e-01,1.26317608e+00
5345803-S04-156I3-A-L-C-190,20.02.2020-12:27:31,8.00000000e+00,6.46780252e-01,8.98254776e+00,1.70807133e-03,8.43728180e+01,8.03371735e+01,1.89977856e+01,2.57235378e-01,3.36038917e-01
5345803-S04-156I3-A-L-C-190,20.02.2020-12:27:33,8.00000000e+00,6.47185862e-01,8.98156357e+00,1.68450212e-03,1.11774162e+02,8.02116013e+01,1.89779091e+01,2.42775738e-01,3.29861730e-01
5345803-S04-156I3-A-L-C-190,20.02.2020-12:27:35,2.00000000e+01,6.40451610e-01,8.94212627e+00,2.07970361e-03,1.43880981e+02,7.99185028e+01,1.86296501e+01,2.69062579e-01,5.91785491e-01
5345803-S04-156I3-A-L-C-190,20.02.2020-12:27:37,2.00000000e+01,6.43716514e-01,8.92221737e+00,2.15957430e-03,2.09960236e+02,7.99512634e+01,1.86905880e+01,2.41843387e-01,7.00379252e-01
5345803-S04-156I3-A-L-C-190,20.02.2020-12:27:39,1.90000000e+01,6.45266593e-01,8.92119503e+00,1.75023277e-03,1.11279755e+02,8.00349731e+01,1.87530632e+01,1.96036234e-01,2.69553244e-01
5345803-S04-156I3-A-L-C-190,20.02.2020-12:27:41,1.90000000e+01,6.45267963e-01,8.92105007e+00,1.54771761e-03,5.79944611e+01,8.00239563e+01,1.87502193e+01,5.36745012e-01,6.49446487e-01
5345803-S04-156I3-A-L-C-190,20.02.2020-12:27:43,2.00000000e+01,6.44493103e-01,8.91202450e+00,2.18307646e-03,1.79084427e+02,7.96883163e+01,1.86302853e+01,1.73295110e-01,2.50982225e-01
5345803-S04-156I3-A-L-C-190,20.02.2020-12:27:46,8.00000000e+00,6.47405446e-01,8.99898911e+00,1.94249605e-03,1.82180695e+02,8.00668793e+01,1.89868622e+01,9.91685018e-02,1.44748881e-01
5345803-S04-156I3-A-L-C-190,20.02.2020-12:27:48,2.00000000e+01,6.44367993e-01,8.92225647e+00,1.80053827e-03,9.62773438e+01,7.98820572e+01,1.86933918e+01,2.39467263e-01,3.48007172e-01
5345803-S04-156I3-A-L-C-190,20.02.2020-12:27:50,1.90000000e+01,6.42388463e-01,8.93920231e+00,2.03654193e-03,1.07949875e+02,8.00411301e+01,1.87085400e+01,2.92391658e-01,6.53139710e-01
5345803-S04-156I3-A-L-C-190,20.02.2020-12:27:52,7.00000000e+00,6.48661137e-01,9.03255272e+00,1.87481160e-03,2.27708572e+02,8.00772705e+01,1.90971184e+01,1.02517985e-01,1.25259846e-01
5345803-S04-156I3-A-L-C-190,20.02.2020-12:27:54,9.00000000e+00,6.45619452e-01,8.99078560e+00,2.07459787e-03,2.47171280e+02,8.00082321e+01,1.89033661e+01,1.37177706e-01,2.21504524e-01
5345803-S04-156I3-A-L-C-190,20.02.2020-12:27:56,1.90000000e+01,6.46399558e-01,8.89606571e+00,1.76975282e-03,1.53300522e+02,8.03183289e+01,1.87993965e+01,2.40866289e-01,1.22461140e+00
5345803-S04-156I3-A-L-C-190,20.02.2020-12:27:58,7.00000000e+00,6.48862422e-01,9.00809479e+00,1.93162635e-03,2.82466278e+02,8.02306900e+01,1.90878181e+01,7.26719722e-02,1.13301136e-01
5345803-S04-156I3-A-L-C-190,20.02.2020-12:28:01,7.00000000e+00,6.48649037e-01,8.96266460e+00,2.09385180e-03,2.83365356e+02,8.04408188e+01,1.90350342e+01,8.47900510e-02,1.81598440e-01
5345803-S04-156I3-A-L-C-190,20.02.2020-12:28:03,9.00000000e+00,6.47097766e-01,8.98553181e+00,2.28590728e-03,4.01507751e+02,7.98480682e+01,1.88976707e+01,1.02399744e-01,1.76253453e-01
5345803-S04-156I3-A-L-C-190,20.02.2020-12:28:05,9.00000000e+00,6.46064878e-01,8.94556332e+00,1.76283310e-03,2.33131195e+02,8.01975174e+01,1.88657875e+01,1.48229957e-01,3.99255514e-01
5345803-S04-156I3-A-L-C-190,20.02.2020-12:28:07,9.00000000e+00,6.45493925e-01,8.96066856e+00,2.02431809e-03,1.78106476e+02,8.02900848e+01,1.89027367e+01,2.05926642e-01,3.90470922e-01
5345803-S04-156I3-A-L-C-190,20.02.2020-12:28:09,1.90000000e+01,6.43876612e-01,8.94325638e+00,1.89789850e-03,2.33236588e+02,8.00341263e+01,1.87587433e+01,1.33607477e-01,2.23734245e-01
5345803-S04-156I3-A-L-C-190,20.02.2020-12:28:11,9.00000000e+00,6.47241414e-01,8.95437336e+00,1.88276160e-03,2.83280640e+02,8.00825958e+01,1.88916473e+01,1.01128884e-01,1.60240382e-01
5345803-S04-156I3-A-L-C-190,20.02.2020-12:28:13,9.00000000e+00,6.45591915e-01,8.94789028e+00,1.98154361e-03,1.68966965e+02,8.02589264e+01,1.88713188e+01,1.52450860e-01,3.74225140e-01
5345803-S04-156I3-A-L-C-190,20.02.2020-12:28:15,1.00000000e+00,6.43193305e-01,8.81447697e+00,1.55050890e-03,2.92201355e+02,7.99026260e+01,1.84386597e+01,1.28590077e-01,3.41330737e-01
5345803-S04-156I3-A-L-C-190,20.02.2020-12:28:17,2.00000000e+01,6.40499771e-01,9.03025723e+00,2.12829374e-03,1.70965240e+02,7.92225037e+01,1.86508160e+01,1.15915023e-01,1.38646826e-01
5345803-S04-156I3-A-L-C-190,20.02.2020-12:28:20,1.90000000e+01,6.43352211e-01,8.98583031e+00,2.04353826e-03,2.26836609e+02,7.96777496e+01,1.87488327e+01,1.05369478e-01,1.21042818e-01
5345803-S04-156I3-A-L-C-190,20.02.2020-12:28:22,9.00000000e+00,6.43152714e-01,9.00746822e+00,1.94692286e-03,1.31912781e+02,7.97530441e+01,1.88059082e+01,1.44288287e-01,1.69597268e-01
5345803-S04-156I3-A-L-C-190,20.02.2020-12:28:24,8.00000000e+00,6.45918071e-01,8.98978806e+00,1.92961865e-03,2.20151611e+02,8.01198807e+01,1.89363995e+01,1.63570106e-01,2.50483811e-01
5345803-S04-156I3-A-L-C-190,20.02.2020-12:28:26,1.90000000e+01,6.42920256e-01,8.92434406e+00,1.91222364e-03,2.63564697e+02,8.01846542e+01,1.87264252e+01,1.90336898e-01,4.96044606e-01
5345803-S04-156I3-A-L-C-190,20.02.2020-12:28:28,9.00000000e+00,6.46361232e-01,8.95791912e+00,1.84834981e-03,2.61301422e+02,8.01754761e+01,1.88953171e+01,1.31554514e-01,2.41233930e-01
5345803-S04-156I3-A-L-C-190,20.02.2020-12:28:30,2.00000000e+01,6.43613815e-01,8.90385342e+00,1.76525477e-03,1.52865555e+02,7.99471664e+01,1.86481895e+01,1.79431513e-01,2.69117564e-01
5345803-S04-156I3-A-L-C-190,20.02.2020-12:28:32,8.00000000e+00,6.47286534e-01,8.99505329e+00,1.79474964e-03,1.49122192e+02,8.01852646e+01,1.90031261e+01,1.10278010e-01,1.68174714e-01
5345803-S04-156I3-A-L-C-190,20.02.2020-12:28:34,2.00000000e+01,6.41646206e-01,8.99886990e+00,2.02659797e-03,2.65380707e+02,7.95219421e+01,1.86896324e+01,1.08240984e-01,1.55426711e-01
5345803-S04-156I3-A-L-C-190,20.02.2020-12:28:36,8.00000000e+00,6.47453964e-01,8.95403576e+00,1.84521475e-03,1.65063141e+02,8.02331009e+01,1.89326534e+01,1.98725194e-01,3.22222322e-01
5345803-S04-156I3-A-L-C-190,20.02.2020-12:28:39,2.00000000e+01,6.40422881e-01,9.02840137e+00,2.22458434e-03,1.36239471e+02,7.91663361e+01,1.86315269e+01,1.46957770e-01,1.76439211e-01
5345803-S04-156I3-A-L-C-190,20.02.2020-12:28:41,8.00000000e+00,6.48089349e-01,8.97622395e+00,1.80061674e-03,1.58865723e+02,8.02902603e+01,1.90117283e+01,1.51948467e-01,2.10953668e-01
5345803-S04-156I3-A-L-C-190,20.02.2020-12:28:43,1.90000000e+01,6.43053174e-01,8.97746658e+00,2.09967582e-03,1.51315079e+02,7.97151413e+01,1.87314644e+01,1.35720402e-01,1.55404314e-01
5345803-S04-156I3-A-L-C-190,20.02.2020-12:28:45,8.00000000e+00,6.48204386e-01,8.97714520e+00,2.02716840e-03,1.54738419e+02,8.02849808e+01,1.90158062e+01,1.12736270e-01,1.55859977e-01
5345803-S04-156I3-A-L-C-190,20.02.2020-12:28:47,8.00000000e+00,6.48587406e-01,8.96700668e+00,1.80808350e-03,1.30768250e+02,8.02450943e+01,1.89961090e+01,1.83281317e-01,2.30151474e-01
5345803-S04-156I3-A-L-C-190,20.02.2020-12:28:49,9.00000000e+00,6.45281017e-01,8.94852257e+00,1.98044791e-03,1.79484970e+02,8.01523514e+01,1.88385162e+01,1.77713782e-01,3.86240423e-01
5345803-S04-156I3-A-L-C-190,20.02.2020-12:28:51,9.00000000e+00,6.45939112e-01,8.94201565e+00,1.59563555e-03,1.86944153e+02,8.03243179e+01,1.88844452e+01,1.19937994e-01,3.61979812e-01
5345803-S04-156I3-A-L-C-190,20.02.2020-12:28:53,1.90000000e+01,6.42388225e-01,8.98307037e+00,2.19197012e-03,2.93935242e+02,7.96149139e+01,1.87002335e+01,1.23041332e-01,2.03011408e-01
5345803-S04-156I3-A-L-C-190,20.02.2020-12:28:56,2.00000000e+01,6.41336977e-01,8.91044044e+00,2.10000575e-03,1.97577148e+02,8.00046005e+01,1.86093235e+01,1.33749142e-01,3.14442217e-01
5345803-S04-156I3-A-L-C-190,20.02.2020-12:28:58,9.00000000e+00,6.45327985e-01,8.94065189e+00,1.96947088e-03,1.14762207e+02,8.02619705e+01,1.88490582e+01,2.37584367e-01,4.75485235e-01
5345803-S04-156I3-A-L-C-190,20.02.2020-12:29:00,9.00000000e+00,6.46926224e-01,8.93646526e+00,1.86160719e-03,1.95356827e+02,8.01522064e+01,1.88610649e+01,1.94775552e-01,4.45440441e-01
5345803-S04-156I3-A-L-C-190,20.02.2020-12:29:02,8.00000000e+00,6.47692144e-01,8.96120453e+00,1.88979635e-03,1.57430740e+02,8.01719666e+01,1.89403400e+01,1.38627142e-01,2.35445723e-01
5345803-S04-156I3-A-L-C-190,20.02.2020-12:29:04,8.00000000e+00,6.46972656e-01,8.97980595e+00,1.93727214e-03,1.42355057e+02,7.99758301e+01,1.89121914e+01,1.27383158e-01,1.95524305e-01
5345803-S04-156I3-A-L-C-190,20.02.2020-12:29:06,9.00000000e+00,6.47556782e-01,8.95622921e+00,2.08376767e-03,2.00540222e+02,8.00442963e+01,1.88957291e+01,1.15192600e-01,2.21388742e-01
5345803-S04-156I3-A-L-C-190,20.02.2020-12:29:08,1.90000000e+01,6.45970464e-01,8.88737869e+00,1.85258884e-03,1.31388489e+02,8.02863312e+01,1.87610950e+01,2.36636817e-01,1.18673062e+00
5345803-S04-156I3-A-L-C-190,20.02.2020-12:29:10,7.00000000e+00,6.49007201e-01,9.00688362e+00,2.01279693e-03,1.41470139e+02,8.01819077e+01,1.90779037e+01,1.40456483e-01,1.83104649e-01
5345803-S04-156I3-A-L-C-190,20.02.2020-12:29:13,1.90000000e+01,6.45862758e-01,8.89860916e+00,2.14693206e-03,1.42296188e+02,8.01852112e+01,1.87580128e+01,2.59839624e-01,1.25649977e+00
5345803-S04-156I3-A-L-C-190,20.02.2020-12:29:15,1.90000000e+01,6.43675625e-01,8.95038795e+00,2.10365397e-03,7.18427353e+01,7.98520203e+01,1.87251377e+01,3.67659003e-01,6.50304317e-01
5345803-S04-156I3-A-L-C-190,20.02.2020-12:29:17,9.00000000e+00,6.46778703e-01,8.94191837e+00,1.83506508e-03,1.29305344e+02,8.01476669e+01,1.88672009e+01,1.85801625e-01,2.96884000e-01
5345803-S04-156I3-A-L-C-190,20.02.2020-12:29:19,9.00000000e+00,6.47604585e-01,8.94955540e+00,1.81353395e-03,1.15586700e+02,8.00759583e+01,1.88905125e+01,1.96860895e-01,3.05473000e-01
5345803-S04-156I3-A-L-C-190,20.02.2020-12:29:21,2.00000000e+01,6.41498089e-01,9.01489544e+00,2.20137113e-03,3.85345612e+01,7.92714310e+01,1.86596260e+01,5.99779844e-01,7.13266730e-01
5345803-S04-156I3-A-L-C-190,20.02.2020-12:57:01,2.00000000e+01,6.43774509e-01,8.85767746e+00,1.86831865e-03,7.80724258e+01,8.01745529e+01,1.86088867e+01,3.83711308e-01,1.19919717e+00
5345803-S04-156I3-A-L-C-190,20.02.2020-12:57:24,2.10000000e+01,6.41975701e-01,8.89298630e+00,1.91086170e-03,2.04587631e+02,7.98901901e+01,1.85647812e+01,1.57907590e-01,1.96047351e-01
5345803-S04-156I3-A-L-C-190,20.02.2020-12:57:27,2.00000000e+01,6.42363250e-01,8.90484810e+00,1.84931501e-03,1.63294952e+02,7.99600067e+01,1.86170216e+01,1.71278879e-01,2.09728852e-01
5345803-S04-156I3-A-L-C-190,20.02.2020-12:57:29,1.90000000e+01,6.44263506e-01,8.89385319e+00,2.05135625e-03,1.71643326e+02,8.02965469e+01,1.87275314e+01,2.48833209e-01,9.84513760e-01
5345803-S04-156I3-A-L-C-190,20.02.2020-12:57:31,1.90000000e+01,6.45016551e-01,8.87982750e+00,1.87369040e-03,1.33929123e+02,8.03820953e+01,1.87397957e+01,3.08247000e-01,8.28081310e-01
5345803-S04-156I3-A-L-C-190,20.02.2020-12:57:33,2.00000000e+01,6.44565821e-01,8.85424137e+00,2.07298319e-03,4.93022118e+01,8.02648621e+01,1.86455116e+01,7.22783208e-01,1.05405080e+00
5345803-S04-156I3-A-L-C-190,20.02.2020-12:57:35,1.90000000e+01,6.43862545e-01,8.88450813e+00,1.73029536e-03,2.38600052e+02,8.05115891e+01,1.87462807e+01,1.64061546e-01,4.40431714e-01
5345803-S04-156I3-A-L-C-190,20.02.2020-12:57:37,1.00000000e+00,6.40354514e-01,8.80971432e+00,1.71018345e-03,4.08022095e+02,8.04978943e+01,1.84840450e+01,1.54465050e-01,8.42757583e-01
5345803-S04-156I3-A-L-C-190,20.02.2020-12:57:39,1.90000000e+01,6.42660141e-01,8.88381100e+00,1.90340646e-03,6.38296021e+02,8.04938431e+01,1.87056808e+01,9.19964090e-02,4.76010531e-01
5345803-S04-156I3-A-L-C-190,20.02.2020-12:57:41,2.10000000e+01,6.43273354e-01,8.87462807e+00,2.36705155e-03,3.52675781e+02,7.99245758e+01,1.85718956e+01,1.21338859e-01,2.77283430e-01
5345803-S04-156I3-A-L-C-190,20.02.2020-12:57:44,2.00000000e+00,6.43305898e-01,8.84411430e+00,2.35165679e-03,3.46121735e+02,7.94116364e+01,1.83901920e+01,1.74718812e-01,3.24007213e-01
5345803-S04-156I3-A-L-C-190,20.02.2020-12:57:46,2.00000000e+00,6.42282128e-01,8.83051205e+00,2.27506319e-03,1.64116684e+02,7.94894180e+01,1.83506413e+01,1.99885428e-01,3.79473209e-01
5345803-S04-156I3-A-L-C-190,20.02.2020-12:57:48,2.10000000e+01,6.41063452e-01,8.92828941e+00,2.16003694e-03,4.21165314e+02,7.96444778e+01,1.85547523e+01,1.08885191e-01,1.40337139e-01
5345803-S04-156I3-A-L-C-190,20.02.2020-12:57:50,2.00000000e+00,6.42057478e-01,8.82138634e+00,2.11812463e-03,1.82403625e+02,7.96178589e+01,1.83548756e+01,2.98434705e-01,5.22486627e-01
5345803-S04-156I3-A-L-C-190,20.02.2020-12:57:52,1.00000000e+00,6.42327011e-01,8.86461639e+00,2.52529746e-03,1.10417511e+02,7.95755768e+01,1.84427700e+01,2.80053914e-01,4.79407430e-01
5345803-S04-156I3-A-L-C-190,20.02.2020-12:57:54,3.00000000e+00,6.33264840e-01,8.70069599e+00,1.70875562e-03,1.81378143e+02,8.04479446e+01,1.80419960e+01,1.67362854e-01,2.96146005e-01
5345803-S04-156I3-A-L-C-190,20.02.2020-12:57:56,1.00000000e+00,6.42691851e-01,8.85716152e+00,2.42165267e-03,1.09849121e+02,7.94423218e+01,1.84068508e+01,3.40359241e-01,5.29706836e-01
5345803-S04-156I3-A-L-C-190,20.02.2020-12:58:26,2.10000000e+01,6.43185794e-01,8.87020683e+00,2.28840346e-03,1.63330048e+02,7.98499756e+01,1.85427933e+01,2.40647048e-01,5.60562253e-01
5345803-S04-156I3-A-L-C-190,20.02.2020-12:58:28,2.10000000e+01,6.44206703e-01,8.88513374e+00,2.17876513e-03,1.69471619e+02,7.96735840e+01,1.85623837e+01,1.63978338e-01,2.08515242e-01
5345803-S04-156I3-A-L-C-190,20.02.2020-12:58:31,2.00000000e+00,6.42157316e-01,8.85591793e+00,2.66032177e-03,1.81911301e+02,7.94638519e+01,1.83939419e+01,1.78807601e-01,3.28432977e-01
5345803-S04-156I3-A-L-C-190,20.02.2020-12:58:33,1.90000000e+01,6.48105085e-01,8.90764904e+00,2.71912455e-03,2.05639679e+02,7.99306488e+01,1.87824421e+01,1.83190256e-01,2.68676549e-01
5345803-S04-156I3-A-L-C-190,20.02.2020-12:58:35,1.00000000e+00,6.42933667e-01,8.85958576e+00,2.43467838e-03,1.62339279e+02,7.95859146e+01,1.84521103e+01,1.80545300e-01,4.04754311e-01
5345803-S04-156I3-A-L-C-190,20.02.2020-12:58:37,2.00000000e+01,6.44650221e-01,8.87972546e+00,2.27651489e-03,2.11675766e+02,7.98602371e+01,1.86073475e+01,1.57606646e-01,3.06280255e-01
5345803-S04-156I3-A-L-C-190,20.02.2020-12:58:39,2.00000000e+01,6.45220041e-01,8.87082100e+00,2.33552000e-03,2.22092957e+02,8.00753479e+01,1.86552334e+01,2.37207875e-01,5.86700082e-01
5345803-S04-156I3-A-L-C-190,20.02.2020-12:58:41,1.00000000e+00,6.40743017e-01,8.91768837e+00,2.33660359e-03,1.64203232e+02,7.92920685e+01,1.84414940e+01,1.76734984e-01,2.10318789e-01
5345803-S04-156I3-A-L-C-190,20.02.2020-12:58:43,1.00000000e+00,6.44024312e-01,8.86165333e+00,2.33505131e-03,1.17856369e+02,7.96273270e+01,1.84973431e+01,3.14365745e-01,3.87351722e-01
5345803-S04-156I3-A-L-C-190,20.02.2020-12:58:46,2.10000000e+01,6.42376542e-01,8.85639095e+00,2.28925352e-03,1.17302406e+02,7.99376755e+01,1.85109253e+01,3.00406486e-01,5.85078835e-01
5345803-S04-156I3-A-L-C-190,20.02.2020-12:58:48,2.10000000e+01,6.43472254e-01,8.90702438e+00,2.37969239e-03,7.19562836e+01,7.96134033e+01,1.85728626e+01,3.44774753e-01,4.16305482e-01
5345803-S04-156I3-A-L-C-190,20.02.2020-12:58:50,2.10000000e+01,6.40969872e-01,8.92567539e+00,2.14693369e-03,2.33047607e+02,7.95955734e+01,1.85352230e+01,1.26080215e-01,1.52774438e-01
5345803-S04-156I3-A-L-C-190,20.02.2020-12:58:52,1.00000000e+00,6.40546858e-01,8.92666245e+00,2.52716173e-03,1.82370331e+02,7.92741852e+01,1.84502392e+01,1.49594069e-01,1.77962840e-01
5345803-S04-156I3-A-L-C-190,20.02.2020-12:58:55,2.10000000e+01,6.43098652e-01,8.88288116e+00,2.27183173e-03,1.85175552e+02,7.97476425e+01,1.85429783e+01,2.15014204e-01,3.23214591e-01
5345803-S04-156I3-A-L-C-190,20.02.2020-12:58:57,2.10000000e+01,6.43228233e-01,8.88304329e+00,2.33986112e-03,1.16314934e+02,7.95492249e+01,1.85009079e+01,2.82023787e-01,4.07025933e-01
5345803-S04-156I3-A-L-C-190,20.02.2020-12:58:59,2.10000000e+01,6.43254757e-01,8.86794186e+00,2.27077422e-03,6.36017723e+01,7.97952805e+01,1.85273457e+01,4.51607525e-01,5.40809929e-01
5345803-S04-156I3-A-L-C-190,20.02.2020-12:59:01,1.00000000e+00,6.41239166e-01,8.94263458e+00,2.52647302e-03,1.13476295e+02,7.91481323e+01,1.84738064e+01,2.55690455e-01,2.98557401e-01
5345803-S04-156I3-A-L-C-190,20.02.2020-12:59:03,2.10000000e+01,6.42374218e-01,8.88056850e+00,2.34087068e-03,6.93915405e+01,7.98178940e+01,1.85335808e+01,3.93340111e-01,4.70923752e-01
5345803-S04-156I3-A-L-C-190,20.02.2020-12:59:05,1.90000000e+01,6.48076296e-01,8.91622066e+00,2.53914390e-03,5.11877098e+01,7.97736664e+01,1.87627563e+01,5.94698191e-01,7.34236419e-01
5345803-S04-156I3-A-L-C-190,20.02.2020-12:59:07,2.00000000e+00,6.42717540e-01,8.86426544e+00,2.13598623e-03,4.89057541e+01,7.93370895e+01,1.83979473e+01,7.03948796e-01,9.43550289e-01
5345803-S04-156I3-A-L-C-190,20.02.2020-12:59:09,1.90000000e+01,6.46434844e-01,8.89155006e+00,2.14718981e-03,7.93304138e+01,8.01518936e+01,1.87519417e+01,3.48068178e-01,5.27803183e-01
5345803-S04-156I3-A-L-C-190,20.02.2020-12:59:11,1.00000000e+00,6.42954350e-01,8.89092922e+00,2.50805099e-03,1.34424683e+02,7.94153671e+01,1.84783020e+01,2.36957580e-01,2.82425195e-01
5345803-S04-156I3-A-L-C-190,20.02.2020-12:59:14,2.00000000e+01,6.45416558e-01,8.87654972e+00,2.20672996e-03,2.01171768e+02,8.00102081e+01,1.86577778e+01,1.37798294e-01,2.56569564e-01
5345803-S04-156I3-A-L-C-190,20.02.2020-12:59:16,2.00000000e+00,6.41313314e-01,8.87394047e+00,2.62386119e-03,1.23364021e+02,7.93078537e+01,1.83710155e+01,2.91771322e-01,5.06759465e-01
5345803-S04-156I3-A-L-C-190,20.02.2020-12:59:18,2.10000000e+01,6.43773556e-01,8.90298080e+00,2.22676550e-03,4.60009888e+02,7.95714798e+01,1.85633450e+01,1.10536002e-01,1.40086859e-01
5345803-S04-156I3-A-L-C-190,20.02.2020-12:59:20,2.00000000e+00,6.40325963e-01,8.86090279e+00,2.46991846e-03,1.54271042e+02,7.94192200e+01,1.83415012e+01,2.57403553e-01,4.68108088e-01
5345803-S04-156I3-A-L-C-190,20.02.2020-12:59:22,1.00000000e+00,6.39793754e-01,8.91935635e+00,2.42565246e-03,2.17469193e+02,7.94694672e+01,1.84588223e+01,1.64443329e-01,2.04189211e-01
5345803-S04-156I3-A-L-C-190,20.02.2020-12:59:24,2.00000000e+00,6.42489493e-01,8.84160042e+00,2.09846022e-03,3.13889221e+02,7.95567627e+01,1.83951855e+01,1.24896355e-01,2.73843616e-01
5345803-S04-156I3-A-L-C-190,20.02.2020-12:59:26,1.00000000e+00,6.42482162e-01,8.87650871e+00,2.49248953e-03,2.84465973e+02,7.96795425e+01,1.84961052e+01,1.94269121e-01,5.83564997e-01
5345803-S04-156I3-A-L-C-190,20.02.2020-12:59:28,1.00000000e+00,6.42943621e-01,8.87023449e+00,2.12570583e-03,1.61569122e+02,7.93056030e+01,1.84095039e+01,2.32044503e-01,4.06766891e-01
5345803-S04-156I3-A-L-C-190,20.02.2020-12:59:31,2.00000000e+00,6.42735481e-01,8.85547829e+00,2.31780834e-03,1.10281532e+02,7.92670212e+01,1.83639889e+01,2.88725734e-01,4.07567620e-01
5345803-S04-156I3-A-L-C-190,20.02.2020-12:59:33,1.00000000e+00,6.43270910e-01,8.85598183e+00,1.83402153e-03,2.52126785e+02,7.95775070e+01,1.84523277e+01,1.68435931e-01,3.30164313e-01
5345803-S04-156I3-A-L-C-190,20.02.2020-12:59:35,2.00000000e+01,6.43521309e-01,8.90365410e+00,2.36006919e-03,1.55053757e+02,7.98543396e+01,1.86234398e+01,2.30136022e-01,4.76210028e-01
5345803-S04-156I3-A-L-C-190,20.02.2020-12:59:37,2.10000000e+01,6.42516136e-01,8.88418198e+00,2.17526243e-03,1.67736557e+02,7.98743362e+01,1.85583324e+01,1.67371362e-01,2.17098489e-01
5345803-S04-156I3-A-L-C-190,20.02.2020-12:59:39,2.10000000e+01,6.43136144e-01,8.84485626e+00,1.82631589e-03,1.64984863e+02,7.99256363e+01,1.85058918e+01,2.72044420e-01,4.77269530e-01
5345803-S04-156I3-A-L-C-190,20.02.2020-12:59:41,1.40000000e+01,6.44691885e-01,8.84702587e+00,2.20267847e-03,2.52349262e+01,7.96135483e+01,1.84827538e+01,1.70585859e+00,2.18402219e+00
5345803-S04-156I3-A-L-C-190,20.02.2020-12:59:43,2.00000000e+01,6.46447718e-01,8.88410664e+00,2.34545232e-03,1.78479141e+02,7.99845505e+01,1.86974964e+01,2.07270756e-01,4.34275746e-01
5345803-S04-156I3-A-L-C-190,20.02.2020-12:59:45,2.10000000e+01,6.44643784e-01,8.85144138e+00,1.96389994e-03,1.70531906e+02,7.96850052e+01,1.85071945e+01,2.93710679e-01,4.77900624e-01
5345803-S04-156I3-A-L-C-190,20.02.2020-12:59:48,1.00000000e+00,6.44537508e-01,8.84004688e+00,2.17402121e-03,4.71274750e+02,7.96940155e+01,1.84824123e+01,8.89456347e-02,2.55475491e-01
5345803-S04-156I3-A-L-C-190,20.02.2020-12:59:50,1.00000000e+00,6.44814372e-01,8.84459972e+00,2.24413094e-03,3.82714050e+02,7.95797729e+01,1.84733562e+01,1.20734796e-01,3.44409496e-01
5345803-S04-156I3-A-L-C-190,20.02.2020-12:59:52,2.10000000e+01,6.44849420e-01,8.85366440e+00,1.92197796e-03,2.46386063e+02,7.98794861e+01,1.85629425e+01,1.66483253e-01,3.69255513e-01
5345803-S04-156I3-A-L-C-190,20.02.2020-12:59:54,1.00000000e+00,6.44430101e-01,8.84145641e+00,2.36337259e-03,1.78013870e+02,7.94567032e+01,1.84272442e+01,3.32034945e-01,5.14230847e-01
5345803-S04-156I3-A-L-C-190,20.02.2020-12:59:56,2.00000000e+01,6.44075990e-01,8.90812588e+00,2.09545554e-03,6.10772820e+01,7.99887009e+01,1.86802330e+01,6.08831525e-01,7.70001233e-01
5345803-S04-156I3-A-L-C-190,20.02.2020-12:59:58,2.00000000e+01,6.45076036e-01,8.90231037e+00,2.43801391e-03,5.99927246e+02,7.97603683e+01,1.86436520e+01,1.14803970e-01,2.50701398e-01
5345803-S04-156I3-A-L-C-190,20.02.2020-13:00:00,1.90000000e+01,6.47116661e-01,8.92300415e+00,2.18434096e-03,4.22135071e+02,7.98908310e+01,1.87767677e+01,8.27647895e-02,1.37395233e-01
5345803-S04-156I3-A-L-C-190,20.02.2020-13:00:02,2.00000000e+01,6.45550847e-01,8.90937614e+00,2.48324638e-03,1.99297577e+02,7.96940308e+01,1.86566544e+01,2.21416742e-01,3.57314527e-01
5345803-S04-156I3-A-L-C-190,20.02.2020-13:00:04,1.90000000e+01,6.45999193e-01,8.91214657e+00,2.50334595e-03,2.01173096e+02,7.98350525e+01,1.87084618e+01,2.06396684e-01,3.12836260e-01
5345803-S04-156I3-A-L-C-190,20.02.2020-13:00:07,1.00000000e+00,6.42651916e-01,8.85979176e+00,2.10660230e-03,1.01707138e+02,7.95782242e+01,1.84426689e+01,4.16699141e-01,6.68781698e-01
5345803-S04-156I3-A-L-C-190,20.02.2020-13:00:09,1.90000000e+01,6.45056605e-01,8.93375969e+00,2.22588307e-03,1.28661163e+02,8.00534058e+01,1.87776871e+01,3.26075435e-01,4.14138198e-01
5345803-S04-156I3-A-L-C-190,20.02.2020-13:00:11,2.10000000e+01,6.42681777e-01,8.85587597e+00,1.89683889e-03,2.15072662e+02,7.99774780e+01,1.85278664e+01,2.12416396e-01,3.62244606e-01
5345803-S04-156I3-A-L-C-190,20.02.2020-13:00:13,9.00000000e+00,6.45329356e-01,8.93299389e+00,2.07439507e-03,1.62531082e+02,8.02230301e+01,1.88238182e+01,1.60532847e-01,2.35067010e-01
5345803-S04-156I3-A-L-C-190,20.02.2020-13:00:15,9.00000000e+00,6.45730615e-01,8.92550373e+00,1.92038144e-03,3.89069290e+01,8.01736832e+01,1.88081512e+01,9.78572249e-01,1.15180039e+00
5345803-S04-156I3-A-L-C-190,20.02.2020-13:00:17,9.00000000e+00,6.45680308e-01,8.91621017e+00,1.84872386e-03,8.54031830e+01,8.02661209e+01,1.88087654e+01,4.14964855e-01,5.20027220e-01
5345803-S04-156I3-A-L-C-190,20.02.2020-13:00:20,1.00000000e+00,6.42856121e-01,8.83967972e+00,1.88142376e-03,1.85732513e+02,7.98544998e+01,1.84705524e+01,2.36237094e-01,4.13935900e-01
5345803-S04-156I3-A-L-C-190,20.02.2020-13:00:22,2.10000000e+01,6.43807232e-01,8.89051437e+00,2.43906537e-03,1.45068909e+02,7.96538315e+01,1.85575066e+01,2.60164917e-01,4.81446505e-01
5345803-S04-156I3-A-L-C-190,20.02.2020-13:00:24,2.10000000e+01,6.43660605e-01,8.87265396e+00,2.30858102e-03,1.65210037e+02,7.96533966e+01,1.85159073e+01,2.11071208e-01,4.30875063e-01
5345803-S04-156I3-A-L-C-190,20.02.2020-13:00:26,2.00000000e+01,6.45344436e-01,8.89056778e+00,2.27661221e-03,8.76940308e+01,7.98725815e+01,1.86530113e+01,3.51954401e-01,4.48776126e-01
5345803-S04-156I3-A-L-C-190,20.02.2020-13:00:28,2.10000000e+01,6.42578304e-01,8.89131832e+00,2.25437596e-03,1.14563011e+02,7.98614578e+01,1.85720425e+01,3.45871061e-01,5.52955449e-01
5345803-S04-156I3-A-L-C-190,20.02.2020-13:00:30,2.00000000e+00,6.39585674e-01,8.84856701e+00,2.35220161e-03,6.68559647e+01,7.93259430e+01,1.82733059e+01,6.62700534e-01,9.48968470e-01
5345803-S04-156I3-A-L-C-190,20.02.2020-13:00:32,1.00000000e+00,6.43836498e-01,8.88484669e+00,2.58763414e-03,3.59383583e+01,7.93126602e+01,1.84670811e+01,9.36457336e-01,1.17677867e+00
5345803-S04-156I3-A-L-C-190,20.02.2020-13:00:34,2.00000000e+00,6.40162826e-01,8.85597897e+00,2.67449114e-03,1.21588234e+02,7.92278748e+01,1.82824860e+01,2.87680089e-01,5.20411789e-01
5345803-S04-156I3-A-L-C-190,20.02.2020-13:00:36,2.10000000e+01,6.43930852e-01,8.88695717e+00,2.30324804e-03,1.10860550e+02,7.95330048e+01,1.85254974e+01,3.82921159e-01,5.75738013e-01
5345803-S04-156I3-A-L-C-190,20.02.2020-13:00:39,9.00000000e+00,6.45578802e-01,8.91437531e+00,2.00765347e-03,1.18359833e+02,8.03855133e+01,1.88299065e+01,3.34548742e-01,4.35868531e-01
5345803-S04-156I3-A-L-C-190,20.02.2020-13:00:41,2.10000000e+01,6.41296685e-01,8.85270214e+00,2.07901024e-03,2.13856277e+02,8.00823364e+01,1.85055428e+01,2.80714959e-01,6.75770938e-01
5345803-S04-156I3-A-L-C-190,20.02.2020-13:00:43,9.00000000e+00,6.46232903e-01,8.91019249e+00,2.03819457e-03,2.07551346e+02,8.02363358e+01,1.88051758e+01,1.69621170e-01,2.50655860e-01
5345803-S04-156I3-A-L-C-190,20.02.2020-13:00:45,1.00000000e+00,6.40126646e-01,8.85901546e+00,2.04568822e-03,6.14668121e+01,7.97657776e+01,1.84118786e+01,8.51634324e-01,1.42501128e+00
5345803-S04-156I3-A-L-C-190,20.02.2020-13:00:47,2.00000000e+01,6.41772211e-01,8.87840748e+00,1.77101267e-03,1.28525101e+02,8.02048416e+01,1.86014500e+01,2.89468825e-01,6.21412456e-01
5345803-S04-156I3-A-L-C-190,20.02.2020-13:00:49,2.00000000e+01,6.42877221e-01,8.88315105e+00,1.96885015e-03,1.12956261e+02,8.02516098e+01,1.86543045e+01,3.14814955e-01,6.77676260e-01
5345803-S04-156I3-A-L-C-190,20.02.2020-13:00:51,2.10000000e+01,6.42410576e-01,8.88250637e+00,1.90451788e-03,1.43000031e+02,8.00170212e+01,1.85849228e+01,2.30903983e-01,5.04246593e-01
5345803-S04-156I3-A-L-C-190,20.02.2020-13:00:54,2.00000000e+01,6.42957449e-01,8.91905212e+00,1.91369699e-03,1.11787987e+02,8.01073456e+01,1.86983566e+01,2.43499398e-01,3.37434620e-01
5345803-S04-156I3-A-L-C-190,20.02.2020-13:00:56,1.90000000e+01,6.44760251e-01,8.89286613e+00,1.90888939e-03,5.95113258e+01,8.01558151e+01,1.87070465e+01,5.57972074e-01,1.07585013e+00
5345803-S04-156I3-A-L-C-190,20.02.2020-13:00:58,2.10000000e+01,6.41483426e-01,8.86882782e+00,1.97619805e-03,1.25122948e+02,8.01367569e+01,1.85572510e+01,2.99111187e-01,6.17547989e-01
5345803-S04-156I3-A-L-C-190,20.02.2020-13:01:00,1.90000000e+01,6.44809425e-01,8.90554619e+00,2.12517241e-03,2.86723541e+02,8.00815735e+01,1.87177944e+01,1.58335119e-01,4.88916606e-01
5345803-S04-156I3-A-L-C-190,20.02.2020-13:01:02,2.00000000e+01,6.44064486e-01,8.89502239e+00,1.76387699e-03,1.73098526e+02,8.00115891e+01,1.86577606e+01,2.14673057e-01,3.88975143e-01
5345803-S04-156I3-A-L-C-190,20.02.2020-13:01:04,1.00000000e+00,6.39921010e-01,8.87483215e+00,2.26143538e-03,1.77218994e+02,7.98791580e+01,1.84650364e+01,1.72963649e-01,4.26241517e-01
5345803-S04-156I3-A-L-C-190,20.02.2020-13:01:06,1.90000000e+01,6.44375682e-01,8.88875294e+00,1.89016759e-03,1.59037384e+02,8.02611847e+01,1.87118073e+01,2.57091105e-01,7.03492880e-01
5345803-S04-156I3-A-L-C-190,20.02.2020-13:01:08,2.00000000e+01,6.43229187e-01,8.87748718e+00,2.10473686e-03,1.29221634e+02,8.01326599e+01,1.86249676e+01,2.67198294e-01,9.43730354e-01
5345803-S04-156I3-A-L-C-190,20.02.2020-13:01:11,2.00000000e+01,6.43610537e-01,8.87264729e+00,2.13378388e-03,2.81813660e+02,8.01764755e+01,1.86360359e+01,2.22100317e-01,8.20679724e-01
5345803-S04-156I3-A-L-C-190,20.02.2020-13:01:13,2.10000000e+01,6.42217696e-01,8.91202736e+00,1.99022260e-03,1.85387985e+02,7.97229233e+01,1.85725765e+01,1.50189757e-01,1.84100613e-01
5345803-S04-156I3-A-L-C-190,20.02.2020-13:01:15,2.10000000e+01,6.41405761e-01,8.91389847e+00,2.32917140e-03,2.36064484e+02,7.96633835e+01,1.85391369e+01,1.27816051e-01,1.61774606e-01
5345803-S04-156I3-A-L-C-190,20.02.2020-13:01:17,2.10000000e+01,6.40680075e-01,8.88104057e+00,1.91166217e-03,1.66986084e+02,8.00448303e+01,1.85382423e+01,1.93794042e-01,2.33352482e-01
5345803-S04-156I3-A-L-C-190,20.02.2020-13:01:19,2.00000000e+01,6.44695401e-01,8.89169598e+00,2.03401409e-03,1.79922394e+02,8.00852585e+01,1.86862431e+01,2.11009696e-01,8.13039243e-01
5345803-S04-156I3-A-L-C-190,20.02.2020-13:01:22,2.00000000e+01,6.43709064e-01,8.85889244e+00,1.96856889e-03,2.00414429e+02,8.01472549e+01,1.86032124e+01,3.06447357e-01,1.58370805e+00
5345803-S04-156I3-A-L-C-190,20.02.2020-13:01:24,2.10000000e+01,6.41850233e-01,8.90537167e+00,1.93728856e-03,1.35532211e+02,7.98032913e+01,1.85667858e+01,1.86343566e-01,2.29037002e-01
5345803-S04-156I3-A-L-C-190,20.02.2020-13:01:26,2.10000000e+01,6.43006921e-01,8.85165119e+00,2.06138776e-03,1.29819626e+02,8.00441437e+01,1.85438423e+01,3.71683747e-01,1.63198531e+00
5345803-S04-156I3-A-L-C-190,20.02.2020-13:01:28,1.90000000e+01,6.44158781e-01,8.88164902e+00,1.78800756e-03,2.09155182e+02,8.03279724e+01,1.87061100e+01,2.77507067e-01,1.34874094e+00
5345803-S04-156I3-A-L-C-190,20.02.2020-13:01:30,2.00000000e+01,6.44845009e-01,8.88277340e+00,1.90156593e-03,2.75429108e+02,8.01660004e+01,1.86906471e+01,2.09379673e-01,6.36807740e-01
5345803-S04-156I3-A-L-C-190,20.02.2020-13:01:32,2.10000000e+01,6.43479407e-01,8.86192799e+00,1.91482389e-03,1.19852188e+02,8.01166763e+01,1.85958481e+01,3.42138648e-01,1.14627206e+00
5345803-S04-156I3-A-L-C-190,20.02.2020-13:01:34,2.10000000e+01,6.41723096e-01,8.90128613e+00,2.01069657e-03,1.77977646e+02,7.97047195e+01,1.85316753e+01,2.19303429e-01,2.62971163e-01
5345803-S04-156I3-A-L-C-190,20.02.2020-13:01:36,2.10000000e+01,6.43237412e-01,8.84480286e+00,1.95521582e-03,1.88358963e+02,8.00968018e+01,1.85483303e+01,3.37118685e-01,1.02498889e+00
5345803-S04-156I3-A-L-C-190,20.02.2020-13:01:38,1.00000000e+00,6.41294658e-01,8.89067364e+00,2.11732346e-03,2.22228058e+02,7.96931763e+01,1.84945450e+01,1.76760405e-01,2.16934010e-01
5345803-S04-156I3-A-L-C-190,20.02.2020-13:01:40,2.00000000e+01,6.44706607e-01,8.90377331e+00,2.24032812e-03,1.01862473e+02,7.99778595e+01,1.86868553e+01,3.71223420e-01,7.46933222e-01
5345803-S04-156I3-A-L-C-190,20.02.2020-13:01:43,2.10000000e+01,6.41760886e-01,8.89985085e+00,2.23479234e-03,2.35968536e+02,7.96035690e+01,1.85062599e+01,1.48539394e-01,1.79309547e-01
5345803-S04-156I3-A-L-C-190,20.02.2020-13:01:45,2.10000000e+01,6.41352475e-01,8.89858341e+00,2.10107421e-03,3.38515656e+02,7.97594604e+01,1.85280647e+01,1.01823501e-01,1.34767711e-01
5345803-S04-156I3-A-L-C-190,20.02.2020-13:01:47,2.00000000e+01,6.43934369e-01,8.87720776e+00,2.05791183e-03,1.32621948e+02,8.01918259e+01,1.86585674e+01,3.10686320e-01,1.11500895e+00
5345803-S04-156I3-A-L-C-190,20.02.2020-13:01:49,2.00000000e+01,6.43925786e-01,8.87174034e+00,1.82993908e-03,1.52756104e+02,8.02450333e+01,1.86591988e+01,3.05860400e-01,1.18357503e+00
5345803-S04-156I3-A-L-C-190,20.02.2020-13:01:51,2.10000000e+01,6.43884718e-01,8.86305141e+00,2.09280336e-03,2.04728363e+02,7.99949493e+01,1.85816441e+01,1.41613632e-01,4.09449369e-01
5345803-S04-156I3-A-L-C-190,20.02.2020-13:01:53,1.90000000e+01,6.45747125e-01,8.89190102e+00,1.83432631e-03,3.95793518e+02,8.01059723e+01,1.87219982e+01,9.84273106e-02,1.88240916e-01
5345803-S04-156I3-A-L-C-190,20.02.2020-13:01:55,2.10000000e+01,6.43072665e-01,8.84636593e+00,2.13045557e-03,5.84771271e+01,7.99543304e+01,1.85138664e+01,4.99967217e-01,6.16900027e-01
5345803-S04-156I3-A-L-C-190,20.02.2020-13:01:57,2.00000000e+01,6.45332515e-01,8.87346554e+00,2.27630278e-03,1.85290329e+02,7.99723969e+01,1.86400528e+01,1.22108303e-01,2.01411605e-01
5345803-S04-156I3-A-L-C-190,20.02.2020-13:01:59,2.00000000e+01,6.43967688e-01,8.86978626e+00,1.76215055e-03,1.98713318e+02,8.01732483e+01,1.86396141e+01,1.66019067e-01,2.94197530e-01
5345803-S04-156I3-A-L-C-190,20.02.2020-13:02:02,1.90000000e+01,6.43103361e-01,8.91126060e+00,2.13296711e-03,3.99170288e+02,8.02263412e+01,1.87140217e+01,9.55163911e-02,1.34107381e-01
5345803-S04-156I3-A-L-C-190,20.02.2020-13:02:04,2.10000000e+01,6.43579423e-01,8.87096691e+00,2.55184341e-03,2.80794800e+02,7.98995743e+01,1.85672569e+01,1.37334794e-01,2.40839422e-01
5345803-S04-156I3-A-L-C-190,20.02.2020-13:02:06,1.90000000e+01,6.45226419e-01,8.91934776e+00,2.35675252e-03,3.46944031e+02,8.00414963e+01,1.87495403e+01,9.22918692e-02,1.21923022e-01
5345803-S04-156I3-A-L-C-190,20.02.2020-13:02:08,2.00000000e+01,6.44878149e-01,8.89987373e+00,2.32797302e-03,2.87461273e+02,8.00413818e+01,1.86984787e+01,9.48337689e-02,1.20628193e-01
5345803-S04-156I3-A-L-C-190,20.02.2020-13:02:10,2.10000000e+01,6.42122567e-01,8.85939789e+00,1.62512064e-03,2.15702988e+02,8.02082138e+01,1.85725365e+01,1.16053194e-01,1.44565478e-01
5345803-S04-156I3-A-L-C-190,20.02.2020-13:02:12,2.00000000e+01,6.43742025e-01,8.89936447e+00,1.82699086e-03,1.50157227e+02,7.99459763e+01,1.86422234e+01,2.14913920e-01,3.33222985e-01
5345803-S04-156I3-A-L-C-190,20.02.2020-13:02:14,2.00000000e+01,6.42764568e-01,8.88405132e+00,1.92830374e-03,1.71809631e+02,8.01702805e+01,1.86340218e+01,1.75520048e-01,4.17244703e-01
5345803-S04-156I3-A-L-C-190,20.02.2020-13:02:16,2.10000000e+01,6.42161846e-01,8.84762192e+00,2.09470489e-03,3.99163971e+02,8.00522995e+01,1.85129261e+01,1.64618626e-01,5.11549771e-01
5345803-S04-156I3-A-L-C-190,20.02.2020-13:02:19,2.10000000e+01,6.42285466e-01,8.83990574e+00,2.06654728e-03,3.16691742e+02,8.00941162e+01,1.85100040e+01,1.48654237e-01,5.69794655e-01
5345803-S04-156I3-A-L-C-190,20.02.2020-13:02:21,1.00000000e+00,6.39764845e-01,8.91318989e+00,2.16124998e-03,2.30506714e+02,7.95287704e+01,1.84589939e+01,1.23762652e-01,1.71396300e-01
5345803-S04-156I3-A-L-C-190,20.02.2020-13:02:23,2.00000000e+00,6.37904286e-01,8.80833435e+00,1.92871445e-03,2.37516357e+02,7.99304047e+01,1.82806454e+01,1.90709963e-01,7.20257342e-01
5345803-S04-156I3-A-L-C-190,20.02.2020-13:02:25,2.10000000e+01,6.40375137e-01,8.91981125e+00,2.30664830e-03,2.39470993e+02,7.96591492e+01,1.85206394e+01,1.43532127e-01,1.95468068e-01
5345803-S04-156I3-A-L-C-190,20.02.2020-13:02:27,1.90000000e+01,6.46912813e-01,8.89414024e+00,2.26332946e-03,2.31022842e+02,8.01199722e+01,1.87637959e+01,1.80585057e-01,3.03599924e-01
5345803-S04-156I3-A-L-C-190,20.02.2020-13:02:29,1.00000000e+00,6.42217577e-01,8.84071159e+00,2.40899017e-03,2.09211044e+02,7.99646225e+01,1.84798088e+01,2.08021760e-01,7.76166737e-01
5345803-S04-156I3-A-L-C-190,20.02.2020-13:02:31,2.00000000e+00,6.38002634e-01,8.80628395e+00,2.08229898e-03,1.85088028e+02,7.99042511e+01,1.82732277e+01,2.25851342e-01,7.64690638e-01
5345803-S04-156I3-A-L-C-190,20.02.2020-13:02:33,2.10000000e+01,6.41368628e-01,8.91115475e+00,1.99519028e-03,1.55663254e+02,7.97774048e+01,1.85588818e+01,2.78869390e-01,5.15400469e-01
5345803-S04-156I3-A-L-C-190,20.02.2020-13:02:35,2.10000000e+01,6.41429305e-01,8.89827156e+00,2.06160941e-03,2.63867279e+02,7.97196121e+01,1.85203762e+01,1.08892649e-01,1.40926033e-01
5345803-S04-156I3-A-L-C-190,20.02.2020-13:02:37,1.90000000e+01,6.43296778e-01,8.90407276e+00,2.08227127e-03,1.96104691e+02,8.02209549e+01,1.87032948e+01,3.03686738e-01,1.19980800e+00
5345803-S04-156I3-A-L-C-190,20.02.2020-13:02:40,2.10000000e+01,6.41793609e-01,8.90304661e+00,1.97237753e-03,2.52843521e+02,7.97771454e+01,1.85542221e+01,1.14384651e-01,1.47107899e-01
5345803-S04-156I3-A-L-C-190,20.02.2020-13:02:42,1.90000000e+01,6.44500613e-01,8.89282417e+00,1.89019332e-03,2.85229340e+02,8.01709061e+01,1.87029457e+01,1.85901269e-01,8.74348164e-01
5345803-S04-156I3-A-L-C-190,20.02.2020-13:02:44,1.90000000e+01,6.44511223e-01,8.89444637e+00,1.88833300e-03,3.37101318e+02,8.01842422e+01,1.87097778e+01,1.73051462e-01,8.45557034e-01
5345803-S04-156I3-A-L-C-190,20.02.2020-13:02:46,2.10000000e+01,6.42044127e-01,8.91094398e+00,2.00371863e-03,2.53736542e+02,7.97138596e+01,1.85631924e+01,9.29843709e-02,1.22510083e-01
5345803-S04-156I3-A-L-C-190,20.02.2020-13:02:48,2.00000000e+01,6.44407630e-01,8.89053059e+00,2.10660696e-03,3.24669647e+02,8.00577545e+01,1.86690388e+01,1.72733262e-01,7.67794132e-01
5345803-S04-156I3-A-L-C-190,20.02.2020-13:02:50,2.00000000e+01,6.43603146e-01,8.87263298e+00,2.12500151e-03,1.98137253e+02,8.01455917e+01,1.86286125e+01,2.08113760e-01,5.62017500e-01
5345803-S04-156I3-A-L-C-190,20.02.2020-13:02:52,1.00000000e+00,6.40903234e-01,8.87656116e+00,1.78501173e-03,1.09974693e+02,7.98881912e+01,1.84990749e+01,3.22563529e-01,5.90015888e-01
5345803-S04-156I3-A-L-C-190,20.02.2020-13:02:54,2.00000000e+01,6.42976820e-01,8.90493298e+00,2.07630056e-03,1.81177170e+02,7.99707794e+01,1.86374931e+01,1.74771979e-01,3.69058162e-01
5345803-S04-156I3-A-L-C-190,20.02.2020-13:02:56,1.90000000e+01,6.44718111e-01,8.90715122e+00,2.03145342e-03,1.92593842e+02,8.02238312e+01,1.87517719e+01,2.04497874e-01,5.22884011e-01
5345803-S04-156I3-A-L-C-190,20.02.2020-13:02:58,2.00000000e+01,6.44107759e-01,8.90479279e+00,2.03396706e-03,2.37703415e+02,7.99761353e+01,1.86712322e+01,2.52791077e-01,4.45915133e-01
5345803-S04-156I3-A-L-C-190,20.02.2020-13:03:01,2.00000000e+01,6.42331123e-01,8.88236427e+00,1.86603237e-03,1.40670822e+02,8.01013260e+01,1.86019077e+01,2.63480663e-01,5.70608079e-01
5345803-S04-156I3-A-L-C-190,20.02.2020-13:03:03,1.90000000e+01,6.45347595e-01,8.89936733e+00,1.81829860e-03,7.86783447e+01,8.00735855e+01,1.87185535e+01,2.83506602e-01,4.00979519e-01
5345803-S04-156I3-A-L-C-190,20.02.2020-13:03:05,2.10000000e+01,6.42101049e-01,8.88215733e+00,2.17753300e-03,7.22167053e+01,8.00370102e+01,1.85798798e+01,3.79709363e-01,6.47412956e-01
5345803-S04-156I3-A-L-C-190,20.02.2020-13:03:07,2.00000000e+00,6.38129294e-01,8.83887005e+00,1.68067229e-03,1.48174713e+02,8.00899200e+01,1.83871098e+01,2.77047545e-01,6.56778753e-01
5345803-S04-156I3-A-L-C-190,20.02.2020-13:03:09,1.90000000e+01,6.44335747e-01,8.89553642e+00,1.75870606e-03,2.04090683e+02,8.02853622e+01,1.87305679e+01,1.87327117e-01,6.20101154e-01
5345803-S04-156I3-A-L-C-190,20.02.2020-13:03:11,1.90000000e+01,6.44085228e-01,8.96691704e+00,1.91492855e-03,1.43039093e+02,7.99009476e+01,1.87831573e+01,2.18463451e-01,2.54047126e-01
5345803-S04-156I3-A-L-C-190,20.02.2020-13:03:13,2.10000000e+01,6.42168164e-01,8.87519646e+00,1.85292796e-03,2.41872940e+01,7.98988342e+01,1.85352039e+01,1.22018754e+00,1.68028784e+00
5345803-S04-156I3-A-L-C-190,20.02.2020-13:03:15,1.90000000e+01,6.44991577e-01,8.89172173e+00,1.82534242e-03,1.52276108e+02,8.02802505e+01,1.87403984e+01,2.63088286e-01,6.88766837e-01
5345803-S04-156I3-A-L-C-190,20.02.2020-13:03:18,2.10000000e+01,6.41448081e-01,8.89951992e+00,2.08931230e-03,2.24930222e+02,7.97613602e+01,1.85332184e+01,1.70914322e-01,2.13331476e-01
5345803-S04-156I3-A-L-C-190,20.02.2020-13:03:20,2.10000000e+01,6.41220093e-01,8.89911079e+00,2.10274733e-03,2.50446198e+02,7.97331619e+01,1.85192299e+01,1.28737941e-01,1.67170614e-01
5345803-S04-156I3-A-L-C-190,20.02.2020-13:03:22,2.00000000e+01,6.43401742e-01,8.85766792e+00,1.91298826e-03,2.12332138e+02,8.02354813e+01,1.86122246e+01,2.19943285e-01,9.05236721e-01
5345803-S04-156I3-A-L-C-190,20.02.2020-13:03:24,2.10000000e+01,6.41658902e-01,8.90429115e+00,2.04526610e-03,2.91516998e+02,7.97232819e+01,1.85403938e+01,9.96298641e-02,1.28467739e-01
5345803-S04-156I3-A-L-C-190,20.02.2020-13:03:26,2.10000000e+01,6.42163813e-01,8.91354752e+00,2.06813007e-03,3.40591614e+02,7.96830902e+01,1.85649071e+01,1.09866925e-01,1.38727039e-01
5345803-S04-156I3-A-L-C-190,20.02.2020-13:03:28,2.10000000e+01,6.41301215e-01,8.89368248e+00,1.98990176e-03,1.60186127e+02,7.98023529e+01,1.85263367e+01,1.65683612e-01,2.11334214e-01
5345803-S04-156I3-A-L-C-190,20.02.2020-13:03:30,2.10000000e+01,6.43412352e-01,8.85892487e+00,2.08498421e-03,4.66348724e+02,8.01411133e+01,1.85932789e+01,1.46420136e-01,6.60641611e-01
5345803-S04-156I3-A-L-C-190,20.02.2020-13:03:32,2.10000000e+01,6.41363978e-01,8.89979553e+00,2.15487205e-03,2.02382294e+02,7.97638550e+01,1.85319405e+01,1.14679143e-01,1.47945434e-01
5345803-S04-156I3-A-L-C-190,20.02.2020-13:03:34,2.10000000e+01,6.42146587e-01,8.90641689e+00,1.98524329e-03,2.55932236e+02,7.98097305e+01,1.85790405e+01,8.19129571e-02,1.06556170e-01
5345803-S04-156I3-A-L-C-190,20.02.2020-13:03:36,2.10000000e+01,6.41188443e-01,8.89062881e+00,2.17518280e-03,2.37069351e+02,7.97378845e+01,1.85017624e+01,1.03417985e-01,1.38712600e-01
5345803-S04-156I3-A-L-C-190,20.02.2020-13:03:39,2.00000000e+01,6.43663824e-01,8.86431980e+00,1.98192941e-03,1.12924652e+02,8.02244873e+01,1.86312370e+01,2.50141501e-01,7.83650756e-01
5345803-S04-156I3-A-L-C-190,20.02.2020-13:03:41,2.00000000e+01,6.44151211e-01,8.88307858e+00,2.16820720e-03,1.67187363e+02,8.01787720e+01,1.86741543e+01,3.19646269e-01,7.86148787e-01
5345803-S04-156I3-A-L-C-190,20.02.2020-13:03:43,2.00000000e+01,6.43866062e-01,8.91185856e+00,1.89769058e-03,4.14092590e+02,7.99805679e+01,1.86800690e+01,8.76480341e-02,1.60898209e-01
5345803-S04-156I3-A-L-C-190,20.02.2020-13:03:45,2.00000000e+01,6.44404352e-01,8.88802338e+00,2.38327566e-03,2.85872040e+02,7.98922501e+01,1.86250954e+01,1.22773901e-01,2.51726747e-01
5345803-S04-156I3-A-L-C-190,20.02.2020-13:03:47,1.90000000e+01,6.43736184e-01,8.92242432e+00,2.02947157e-03,1.65961304e+02,8.00987854e+01,1.87260838e+01,1.66893974e-01,2.41278395e-01
5345803-S04-156I3-A-L-C-190,20.02.2020-13:03:49,2.00000000e+01,6.44071996e-01,8.88915539e+00,2.20327056e-03,1.30926575e+02,8.01172333e+01,1.86702900e+01,1.94405064e-01,3.35653782e-01
5345803-S04-156I3-A-L-C-190,20.02.2020-13:03:51,2.10000000e+01,6.42693758e-01,8.85352612e+00,2.09960272e-03,4.17944031e+02,8.01822968e+01,1.85707340e+01,1.04866624e-01,5.13939261e-01
5345803-S04-156I3-A-L-C-190,20.02.2020-13:03:53,2.00000000e+01,6.45322323e-01,8.87058640e+00,2.10766355e-03,2.66702209e+02,8.01771927e+01,1.86814289e+01,1.26920059e-01,2.23630160e-01
5345803-S04-156I3-A-L-C-190,20.02.2020-13:03:55,2.00000000e+01,6.43833280e-01,8.89534473e+00,2.15220428e-03,4.88137360e+02,7.98773575e+01,1.86204472e+01,1.16523378e-01,2.24362403e-01
5345803-S04-156I3-A-L-C-190,20.02.2020-13:03:57,2.00000000e+00,6.40398502e-01,8.79563427e+00,1.85709191e-03,2.32375229e+02,7.97112961e+01,1.82754288e+01,1.02183536e-01,1.38288140e-01
5345803-S04-156I3-A-L-C-190,20.02.2020-13:04:00,2.00000000e+01,6.45454109e-01,8.86466789e+00,1.74808677e-03,7.83208694e+01,8.02203598e+01,1.86828308e+01,2.18989223e-01,2.90180922e-01
5345803-S04-156I3-A-L-C-190,20.02.2020-13:04:02,1.00000000e+00,6.41875029e-01,8.83796597e+00,1.96713861e-03,1.78910355e+02,8.00228958e+01,1.84776726e+01,1.59636393e-01,2.47143999e-01
5345803-S04-156I3-A-L-C-190,20.02.2020-13:04:04,2.00000000e+01,6.44312739e-01,8.83732510e+00,1.83059543e-03,3.44570740e+02,8.02699356e+01,1.86037579e+01,1.01657920e-01,1.42511487e-01
5345803-S04-156I3-A-L-C-190,20.02.2020-13:04:06,3.00000000e+00,6.38182342e-01,8.75321770e+00,1.60071952e-03,5.65145691e+02,7.99486465e+01,1.81783237e+01,5.01915924e-02,7.46419877e-02
5345803-S04-156I3-A-L-C-190,20.02.2020-13:04:08,2.00000000e+01,6.43363655e-01,8.85380936e+00,1.62373343e-03,2.66161896e+02,8.02330856e+01,1.86024590e+01,9.96361449e-02,1.61726132e-01
5345803-S04-156I3-A-L-C-190,20.02.2020-13:04:10,2.10000000e+01,6.42101884e-01,8.82466221e+00,1.71277625e-03,5.25068176e+02,8.02294693e+01,1.85040226e+01,9.51914042e-02,5.05193889e-01
5345803-S04-156I3-A-L-C-190,20.02.2020-13:04:12,1.00000000e+00,6.42509162e-01,8.83284760e+00,1.93011691e-03,3.04752899e+02,8.00686646e+01,1.84957886e+01,1.30521655e-01,4.36246991e-01
5345803-S04-156I3-A-L-C-190,20.02.2020-13:04:14,2.00000000e+01,6.42924011e-01,8.87276173e+00,2.07117270e-03,4.05955811e+02,8.01886826e+01,1.86192322e+01,1.05546631e-01,4.11386520e-01
5345803-S04-156I3-A-L-C-190,20.02.2020-13:04:16,2.00000000e+01,6.46343708e-01,8.91296387e+00,2.74222763e-03,6.95340698e+02,7.94455643e+01,1.86288261e+01,1.14546932e-01,1.70763940e-01
5345803-S04-156I3-A-L-C-190,20.02.2020-13:04:19,2.00000000e+01,6.46731317e-01,8.92854023e+00,2.90867756e-03,6.86220581e+02,7.93552856e+01,1.86513557e+01,7.45014250e-02,1.25562191e-01
5345803-S04-156I3-A-L-C-190,20.02.2020-13:04:21,2.10000000e+01,6.44581378e-01,8.85193920e+00,2.27359985e-03,1.36602554e+02,7.99290314e+01,1.85631180e+01,3.76975209e-01,1.07692993e+00
5345803-S04-156I3-A-L-C-190,20.02.2020-13:04:23,2.10000000e+01,6.42944574e-01,8.87881374e+00,1.88514462e-03,8.01530304e+01,7.99683685e+01,1.85813351e+01,2.96874821e-01,5.38276196e-01
5345803-S04-156I3-A-L-C-190,20.02.2020-13:04:25,1.00000000e+00,6.41289711e-01,8.88003445e+00,1.94168312e-03,2.38429443e+02,7.97546082e+01,1.84865093e+01,1.51896209e-01,1.82144433e-01
5345803-S04-156I3-A-L-C-190,20.02.2020-13:04:27,2.10000000e+01,6.42923415e-01,8.88430977e+00,1.93381903e-03,1.53049179e+02,7.99018631e+01,1.85767632e+01,2.80431062e-01,5.54459214e-01
5345803-S04-156I3-A-L-C-190,20.02.2020-13:04:29,2.00000000e+01,6.42248750e-01,8.89457798e+00,1.95779838e-03,1.84263077e+02,8.00365753e+01,1.86100388e+01,2.33906999e-01,3.59913170e-01
5345803-S04-156I3-A-L-C-190,20.02.2020-13:04:31,1.00000000e+00,6.41707897e-01,8.87008476e+00,2.26934277e-03,2.00720764e+02,7.97178802e+01,1.84693279e+01,2.20792755e-01,3.16327512e-01
5345803-S04-156I3-A-L-C-190,20.02.2020-13:04:33,2.00000000e+01,6.44003689e-01,8.90687370e+00,2.11688271e-03,1.37433517e+02,7.97133865e+01,1.86112309e+01,1.88301623e-01,2.34290376e-01
5345803-S04-156I3-A-L-C-190,20.02.2020-13:04:35,2.00000000e+01,6.43986046e-01,8.87506485e+00,2.37208419e-03,1.58821945e+02,8.00452881e+01,1.86214676e+01,2.57724464e-01,6.53679311e-01
5345803-S04-156I3-A-L-C-190,20.02.2020-13:04:38,2.00000000e+01,6.44574761e-01,8.87825394e+00,1.60733843e-03,1.79495407e+02,8.02601547e+01,1.86952400e+01,2.61598676e-01,6.34905040e-01
5345803-S04-156I3-A-L-C-190,20.02.2020-13:04:40,2.10000000e+01,6.42858624e-01,8.84269142e+00,1.69546483e-03,1.32798569e+02,8.03112640e+01,1.85826073e+01,2.75139779e-01,7.21615613e-01
5345803-S04-156I3-A-L-C-190,20.02.2020-13:04:42,2.10000000e+01,6.42927468e-01,8.85061264e+00,1.65700284e-03,9.32938385e+01,8.02431335e+01,1.85854645e+01,3.39716375e-01,7.96624660e-01
5345803-S04-156I3-A-L-C-190,20.02.2020-13:04:44,1.90000000e+01,6.43805802e-01,8.95234871e+00,1.99380424e-03,1.73592422e+02,7.98738556e+01,1.87381496e+01,1.51141420e-01,2.61493325e-01
5345803-S04-156I3-A-L-C-190,20.02.2020-13:04:46,8.00000000e+00,6.48012221e-01,8.97356510e+00,1.91305042e-03,1.39116394e+02,8.02911911e+01,1.90040569e+01,1.36228278e-01,2.23593757e-01
5345803-S04-156I3-A-L-C-190,20.02.2020-13:04:48,8.00000000e+00,6.46938562e-01,8.97285557e+00,1.86453259e-03,1.25701637e+02,8.02077713e+01,1.89513588e+01,1.05681300e-01,1.84073821e-01
5345803-S04-156I3-A-L-C-190,20.02.2020-13:04:50,8.00000000e+00,6.46481931e-01,8.95181847e+00,1.96341891e-03,1.67345825e+02,8.02831116e+01,1.89113274e+01,1.43790647e-01,2.56544769e-01
5345803-S04-156I3-A-L-C-190,20.02.2020-13:04:52,8.00000000e+00,6.47217989e-01,8.96786213e+00,2.03265506e-03,1.62965805e+02,8.03444061e+01,1.89812717e+01,1.22263528e-01,2.06808060e-01
5345803-S04-156I3-A-L-C-190,20.02.2020-13:04:54,1.90000000e+01,6.42858803e-01,8.95479774e+00,2.04466842e-03,3.17138367e+02,7.99120407e+01,1.87246532e+01,9.67485607e-02,1.76189139e-01
5345803-S04-156I3-A-L-C-190,20.02.2020-13:04:56,9.00000000e+00,6.46457434e-01,8.95264435e+00,1.86520698e-03,1.78009262e+02,8.02669601e+01,1.89085522e+01,1.25787705e-01,2.24650815e-01
5345803-S04-156I3-A-L-C-190,20.02.2020-13:04:59,8.00000000e+00,6.47833347e-01,8.96894836e+00,2.20085029e-03,2.16531845e+02,8.01230545e+01,1.89492702e+01,1.03110418e-01,1.63457289e-01
5345803-S04-156I3-A-L-C-190,20.02.2020-13:05:01,2.10000000e+01,6.43257916e-01,8.88284206e+00,1.78141473e-03,1.96445938e+02,7.98642044e+01,1.85746002e+01,1.33376494e-01,1.84388861e-01
5345803-S04-156I3-A-L-C-190,20.02.2020-13:05:03,2.10000000e+01,6.41583562e-01,8.86936474e+00,2.02695793e-03,5.33049622e+02,8.00829010e+01,1.85487957e+01,7.71318227e-02,6.53509915e-01
5345803-S04-156I3-A-L-C-190,20.02.2020-13:05:05,1.90000000e+01,6.43076301e-01,8.92091179e+00,1.84898882e-03,3.64789703e+02,8.01706314e+01,1.87204933e+01,7.28590712e-02,3.87456387e-01
5345803-S04-156I3-A-L-C-190,20.02.2020-13:05:49,2.00000000e+01,6.42764151e-01,8.87087250e+00,1.89964171e-03,4.36406036e+02,8.02728500e+01,1.86301708e+01,7.89302886e-02,9.25217867e-01
5345803-S04-156I3-A-L-C-190,20.02.2020-13:05:51,2.00000000e+01,6.42111957e-01,8.87053490e+00,1.87964190e-03,3.16472137e+02,8.03085938e+01,1.86188469e+01,1.29221886e-01,6.41659975e-01
5345803-S04-156I3-A-L-C-190,20.02.2020-13:05:53,9.00000000e+00,6.45864427e-01,8.93170166e+00,2.03367672e-03,2.71536896e+02,8.03096085e+01,1.88570309e+01,8.22928995e-02,1.70577809e-01
5345803-S04-156I3-A-L-C-190,20.02.2020-13:05:55,2.10000000e+01,6.42150223e-01,8.86451244e+00,1.89501618e-03,2.91070282e+02,8.01432571e+01,1.85690060e+01,1.01653703e-01,7.99510539e-01
5345803-S04-156I3-A-L-C-190,20.02.2020-13:05:57,2.10000000e+01,6.42821133e-01,8.85775661e+00,1.82354043e-03,2.78815491e+02,8.02009277e+01,1.85876064e+01,1.03625409e-01,8.13918352e-01
5345803-S04-156I3-A-L-C-190,20.02.2020-13:05:59,2.00000000e+01,6.43297374e-01,8.90861320e+00,1.92623644e-03,4.02160339e+02,8.01595993e+01,1.86985378e+01,9.59997475e-02,4.08133119e-01
5345803-S04-156I3-A-L-C-190,20.02.2020-13:06:01,2.00000000e+01,6.42498255e-01,8.87240410e+00,1.94822601e-03,1.38292908e+02,8.02074661e+01,1.86105099e+01,2.14562833e-01,1.07435727e+00
5345803-S04-156I3-A-L-C-190,20.02.2020-13:06:03,2.00000000e+01,6.41720593e-01,8.90652847e+00,1.67280808e-03,1.79627808e+02,8.02712173e+01,1.86743069e+01,1.25940412e-01,3.29995036e-01
5345803-S04-156I3-A-L-C-190,20.02.2020-13:06:06,1.00000000e+00,6.41942978e-01,8.84190083e+00,2.16993736e-03,1.26270477e+02,7.97326279e+01,1.84207935e+01,1.72202185e-01,4.51855451e-01
5345803-S04-156I3-A-L-C-190,20.02.2020-13:06:08,9.00000000e+00,6.45608306e-01,8.92700958e+00,1.81313674e-03,2.17445190e+02,8.03074112e+01,1.88391342e+01,1.58837661e-01,2.44243726e-01
5345803-S04-156I3-A-L-C-190,20.02.2020-13:06:10,1.90000000e+01,6.43814027e-01,8.95145893e+00,2.01928569e-03,3.24764465e+02,7.99886856e+01,1.87634621e+01,1.24130219e-01,1.95552006e-01
5345803-S04-156I3-A-L-C-190,20.02.2020-13:06:12,9.00000000e+00,6.46621704e-01,8.90618134e+00,1.77142187e-03,2.48785934e+01,8.03013840e+01,1.88232670e+01,8.96142304e-01,1.80960524e+00
5345803-S04-156I3-A-L-C-190,20.02.2020-13:06:14,8.00000000e+00,6.46755695e-01,8.95161629e+00,2.03265902e-03,4.11594330e+02,8.02756195e+01,1.89171429e+01,7.19315335e-02,1.47041425e-01
5345803-S04-156I3-A-L-C-190,20.02.2020-13:06:16,8.00000000e+00,6.47704601e-01,8.95303249e+00,1.79882161e-03,1.75251160e+02,8.04484940e+01,1.89887028e+01,1.32240176e-01,2.58310795e-01
5345803-S04-156I3-A-L-C-190,20.02.2020-13:06:18,8.00000000e+00,6.48098767e-01,8.96661091e+00,2.03249068e-03,9.55772629e+01,8.03411942e+01,1.90036926e+01,4.17054623e-01,5.37512541e-01
5345803-S04-156I3-A-L-C-190,20.02.2020-13:06:20,8.00000000e+00,6.46878362e-01,8.95229149e+00,1.46750768e-03,1.59492126e+02,8.03105392e+01,1.89303913e+01,1.28419429e-01,1.88754782e-01
5345803-S04-156I3-A-L-C-190,20.02.2020-13:06:23,9.00000000e+00,6.46549582e-01,8.94881630e+00,2.05495278e-03,1.77179123e+02,8.02460709e+01,1.88982430e+01,1.23968594e-01,2.04615414e-01
5345803-S04-156I3-A-L-C-190,20.02.2020-13:06:25,9.00000000e+00,6.45323634e-01,8.96101093e+00,2.05161632e-03,1.51423309e+02,8.01545868e+01,1.88665810e+01,1.58455566e-01,2.59245068e-01
5345803-S04-156I3-A-L-C-190,20.02.2020-13:06:27,8.00000000e+00,6.46464705e-01,8.95299530e+00,1.83605810e-03,3.66051239e+02,8.03223267e+01,1.89225483e+01,1.09112829e-01,1.98813304e-01
5345803-S04-156I3-A-L-C-190,20.02.2020-13:06:29,9.00000000e+00,6.46527171e-01,8.95292759e+00,1.87158165e-03,1.59448151e+02,8.02004776e+01,1.88955269e+01,1.51546493e-01,2.61739552e-01
5345803-S04-156I3-A-L-C-190,20.02.2020-13:06:31,9.00000000e+00,6.46102667e-01,8.95906639e+00,1.92413456e-03,5.49012329e+02,8.01011734e+01,1.88726730e+01,8.52831751e-02,1.39740273e-01
5345803-S04-156I3-A-L-C-190,20.02.2020-13:06:33,9.00000000e+00,6.44797623e-01,8.95892620e+00,1.74123002e-03,1.69704605e+02,7.99822845e+01,1.88063011e+01,1.69389948e-01,2.61845738e-01
5345803-S04-156I3-A-L-C-190,20.02.2020-13:06:36,9.00000000e+00,6.44066393e-01,8.96180439e+00,2.00244272e-03,2.01804337e+02,8.01539307e+01,1.88313370e+01,1.69690415e-01,2.50904709e-01
5345803-S04-156I3-A-L-C-190,20.02.2020-13:06:38,8.00000000e+00,6.46429658e-01,8.98705006e+00,1.84858846e-03,1.08883507e+02,8.01408386e+01,1.89505787e+01,2.56765664e-01,3.34017336e-01
5345803-S04-156I3-A-L-C-190,20.02.2020-13:06:40,9.00000000e+00,6.46258533e-01,8.96286869e+00,1.93192996e-03,2.15242859e+02,7.99235535e+01,1.88433590e+01,1.48122102e-01,2.65513778e-01
5345803-S04-156I3-A-L-C-190,20.02.2020-13:06:42,9.00000000e+00,6.44943416e-01,8.97091579e+00,2.03649933e-03,1.76920090e+02,7.99442902e+01,1.88267784e+01,1.48540631e-01,2.26598680e-01
5345803-S04-156I3-A-L-C-190,20.02.2020-13:06:44,8.00000000e+00,6.46389663e-01,8.98637104e+00,1.90558576e-03,1.02131287e+02,8.01601181e+01,1.89525356e+01,3.19243342e-01,4.14186448e-01
5345803-S04-156I3-A-L-C-190,20.02.2020-13:06:46,9.00000000e+00,6.48290992e-01,8.94350338e+00,1.90498028e-03,5.72328758e+01,8.00505676e+01,1.88917542e+01,6.12164855e-01,7.56919086e-01
5345803-S04-156I3-A-L-C-190,20.02.2020-13:06:48,2.00000000e+01,6.45155907e-01,8.91673565e+00,2.00472656e-03,6.33094978e+01,7.98236618e+01,1.86909943e+01,6.49576664e-01,9.30956364e-01
5345803-S04-156I3-A-L-C-190,20.02.2020-13:06:50,1.90000000e+01,6.43685579e-01,8.89377689e+00,1.68773090e-03,8.65705490e+01,8.02525940e+01,1.87003307e+01,3.94570202e-01,6.23116612e-01
5345803-S04-156I3-A-L-C-190,20.02.2020-13:06:52,9.00000000e+00,6.45319343e-01,8.94830513e+00,1.90506503e-03,5.14051819e+01,8.00227737e+01,1.88087196e+01,5.68096757e-01,7.43726432e-01
5345803-S04-156I3-A-L-C-190,20.02.2020-13:06:55,9.00000000e+00,6.45473599e-01,8.96374035e+00,1.84868148e-03,2.51078140e+02,8.02873306e+01,1.89079723e+01,1.99027359e-01,2.50635505e-01
5345803-S04-156I3-A-L-C-190,20.02.2020-13:06:57,2.00000000e+01,6.43284082e-01,8.90108490e+00,1.94670225e-03,1.91850235e+02,8.02086792e+01,1.86937866e+01,1.89430594e-01,4.00975227e-01
5345803-S04-156I3-A-L-C-190,20.02.2020-13:06:59,2.10000000e+01,6.41084313e-01,8.87679195e+00,1.87327119e-03,1.57526642e+02,7.99387436e+01,1.85164909e+01,2.18550056e-01,6.28375530e-01
5345803-S04-156I3-A-L-C-190,20.02.2020-13:07:01,1.90000000e+01,6.45332634e-01,8.92329979e+00,1.98391685e-03,1.91979584e+02,8.00201874e+01,1.87559414e+01,2.27987051e-01,3.70978504e-01
5345803-S04-156I3-A-L-C-190,20.02.2020-13:07:03,1.00000000e+00,6.41262412e-01,8.86224174e+00,1.74134120e-03,3.36978119e+02,7.99413071e+01,1.84918709e+01,1.61113054e-01,6.60683572e-01
5345803-S04-156I3-A-L-C-190,20.02.2020-13:07:05,9.00000000e+00,6.44643605e-01,8.95888233e+00,1.92278833e-03,1.92030945e+02,8.01010742e+01,1.88296413e+01,1.58821866e-01,2.23504692e-01
5345803-S04-156I3-A-L-C-190,20.02.2020-13:07:07,9.00000000e+00,6.46593511e-01,8.98445511e+00,2.19328771e-03,3.27928436e+02,7.99687729e+01,1.89092255e+01,1.02566011e-01,1.47009194e-01
5345803-S04-156I3-A-L-C-190,20.02.2020-13:07:09,9.00000000e+00,6.45027220e-01,8.97195721e+00,1.94715429e-03,2.99999115e+02,8.01603622e+01,1.88823090e+01,1.31128535e-01,2.17771202e-01
5345803-S04-156I3-A-L-C-190,20.02.2020-13:07:11,9.00000000e+00,6.43885195e-01,8.97022343e+00,1.84577203e-03,3.08272217e+02,8.00245819e+01,1.88133125e+01,1.36756882e-01,2.18427509e-01
5345803-S04-156I3-A-L-C-190,20.02.2020-13:07:14,9.00000000e+00,6.46009445e-01,8.96862125e+00,2.12904345e-03,1.67175354e+02,8.00250397e+01,1.88721180e+01,1.45938277e-01,2.31076866e-01
5345803-S04-156I3-A-L-C-190,20.02.2020-13:07:16,8.00000000e+00,6.45983815e-01,8.98136520e+00,1.94580585e-03,3.71069183e+02,8.02245865e+01,1.89453087e+01,7.53583983e-02,1.45275950e-01
5345803-S04-156I3-A-L-C-190,20.02.2020-13:07:18,9.00000000e+00,6.44872367e-01,8.97411919e+00,1.68181071e-03,1.42477249e+02,8.02450943e+01,1.89022846e+01,1.71654046e-01,2.75593609e-01
5345803-S04-156I3-A-L-C-190,20.02.2020-13:07:20,8.00000000e+00,6.45951211e-01,8.98459721e+00,2.05317978e-03,1.88821182e+02,8.01374512e+01,1.89305878e+01,1.34944052e-01,2.12504834e-01
5345803-S04-156I3-A-L-C-190,20.02.2020-13:07:22,9.00000000e+00,6.45611167e-01,8.96664429e+00,1.89025316e-03,2.15569595e+02,8.01652756e+01,1.88893700e+01,1.14506625e-01,1.75161883e-01
5345803-S04-156I3-A-L-C-190,20.02.2020-13:07:24,9.00000000e+00,6.45778775e-01,8.93809795e+00,1.84941874e-03,3.26017120e+02,8.01716919e+01,1.88356266e+01,8.94317478e-02,1.81451172e-01
5345803-S04-156I3-A-L-C-190,20.02.2020-13:07:26,2.10000000e+01,6.40744865e-01,8.86195755e+00,1.49256515e-03,1.46126602e+02,8.02030258e+01,1.85368423e+01,2.23356560e-01,8.27691078e-01
5345803-S04-156I3-A-L-C-190,20.02.2020-13:07:28,9.00000000e+00,6.44885004e-01,8.93323708e+00,1.87517388e-03,4.00876709e+02,8.02657700e+01,1.88213902e+01,8.35371614e-02,1.52771160e-01
5345803-S04-156I3-A-L-C-190,20.02.2020-13:07:30,2.00000000e+01,6.42959476e-01,8.89046955e+00,1.79503707e-03,2.40652054e+02,8.02491302e+01,1.86714840e+01,2.17366502e-01,6.32928729e-01
5345803-S04-156I3-A-L-C-190,20.02.2020-13:07:32,8.00000000e+00,6.46822870e-01,8.95173931e+00,1.76084542e-03,2.37561630e+02,8.02592316e+01,1.89155083e+01,1.19039118e-01,1.94084644e-01
5345803-S04-156I3-A-L-C-190,20.02.2020-13:07:35,2.00000000e+01,6.43132806e-01,8.89492989e+00,1.98188913e-03,2.15944061e+02,8.02162781e+01,1.86782360e+01,2.38722682e-01,7.39733279e-01
5345803-S04-156I3-A-L-C-190,20.02.2020-13:07:37,9.00000000e+00,6.45843685e-01,8.95066643e+00,1.99128897e-03,3.18834351e+02,8.01174393e+01,1.88512459e+01,1.24296799e-01,2.42115483e-01
5345803-S04-156I3-A-L-C-190,20.02.2020-13:07:39,2.00000000e+01,6.42702639e-01,8.89403915e+00,1.88282924e-03,2.19366837e+02,8.02517014e+01,1.86721153e+01,2.37923071e-01,7.19875753e-01
5345803-S04-156I3-A-L-C-190,20.02.2020-13:07:41,9.00000000e+00,6.45688653e-01,8.95107555e+00,1.97430258e-03,2.57428162e+02,8.01153336e+01,1.88470860e+01,1.28179714e-01,2.28074878e-01
5345803-S04-156I3-A-L-C-190-qa,20.02.2020-13:14:57,1.10000000e+01,6.45595372e-01,8.95925903e+00,1.76466978e-03,1.27309464e+02,8.00723343e+01,1.88514690e+01,2.01689050e-01,3.59573752e-01
5345803-S04-156I3-A-L-C-190-qa,20.02.2020-13:14:59,1.10000000e+01,6.45568073e-01,8.93878174e+00,1.86412293e-03,9.41721420e+01,8.00895233e+01,1.88116226e+01,2.51452029e-01,3.46189797e-01
5345803-S04-156I3-A-L-C-190-qa,20.02.2020-13:15:02,1.10000000e+01,6.46100402e-01,8.94410038e+00,2.09580478e-03,2.45330429e+02,8.00007782e+01,1.88174648e+01,1.64012596e-01,2.64773130e-01
5345803-S04-156I3-A-L-C-190-qa,20.02.2020-13:15:04,1.10000000e+01,6.46626174e-01,8.94240856e+00,1.77946861e-03,1.20537308e+02,8.01785202e+01,1.88710480e+01,2.97683924e-01,4.04072016e-01
5345803-S04-156I3-A-L-C-190-qa,20.02.2020-13:15:06,1.10000000e+01,6.46167815e-01,8.98121166e+00,2.27169087e-03,1.12209770e+02,7.98231964e+01,1.88555660e+01,2.40119621e-01,3.61516923e-01
5345803-S04-156I3-A-L-C-190-qa,20.02.2020-13:15:08,1.10000000e+01,6.47105992e-01,8.93585873e+00,2.08755000e-03,1.07896660e+02,8.00504379e+01,1.88410721e+01,3.46921355e-01,5.04167855e-01
5345803-S04-156I3-A-L-C-190-qa,20.02.2020-13:15:10,1.10000000e+01,6.46013796e-01,8.93464375e+00,1.84566656e-03,1.10495880e+02,8.02096710e+01,1.88441238e+01,3.37649792e-01,4.56366122e-01
5345803-S04-156I3-A-L-C-190-qa,20.02.2020-13:15:13,1.10000000e+01,6.47672713e-01,8.92592239e+00,1.93324930e-03,3.00984009e+02,8.02810364e+01,1.88908672e+01,1.58303425e-01,4.20995325e-01
5345803-S04-156I3-A-L-C-190-qa,20.02.2020-13:15:15,1.10000000e+01,6.47677958e-01,8.93649960e+00,1.74577918e-03,1.06186516e+02,8.01691818e+01,1.88870525e+01,3.16420943e-01,4.40654576e-01
5345803-S04-156I3-A-L-C-190-qa,20.02.2020-13:15:17,1.10000000e+01,6.44944847e-01,9.03056812e+00,1.92238600e-03,1.93825119e+02,7.97045135e+01,1.88951683e+01,1.52201250e-01,2.22915232e-01
5345803-S04-156I3-A-L-C-190-qa,20.02.2020-13:15:19,1.10000000e+01,6.47803783e-01,8.95942116e+00,1.91730994e-03,2.19085190e+02,7.99031830e+01,1.88763371e+01,2.20814794e-01,2.98686057e-01
5345803-S04-156I3-A-L-C-190-qa,20.02.2020-13:15:21,1.10000000e+01,6.46437287e-01,8.95777607e+00,1.96945155e-03,2.12473297e+02,7.99942856e+01,1.88545322e+01,1.91096723e-01,2.94742912e-01
5345803-S04-156I3-A-L-C-190-qa,20.02.2020-13:15:23,1.10000000e+01,6.46132290e-01,8.94542789e+00,2.00124527e-03,8.28524551e+01,8.01547165e+01,1.88574009e+01,4.58175987e-01,6.98735416e-01
5345803-S04-156I3-A-L-C-190-qa,20.02.2020-13:15:25,1.10000000e+01,6.46394312e-01,8.97695637e+00,2.05441238e-03,1.12102936e+02,7.95849457e+01,1.87969666e+01,2.49636531e-01,3.01417649e-01
5345803-S04-156I3-A-L-C-190-qa,20.02.2020-13:15:28,1.10000000e+01,6.45206809e-01,8.92996120e+00,1.65532378e-03,1.25799004e+02,8.04477768e+01,1.88665600e+01,1.67202011e-01,3.97506416e-01
5345803-S04-156I3-A-L-C-190-qa,20.02.2020-13:15:30,1.10000000e+01,6.46768034e-01,8.92883968e+00,1.80325995e-03,1.16077393e+02,8.02431946e+01,1.88617496e+01,1.53043792e-01,2.15360180e-01
5345803-S04-156I3-A-L-C-190-qa,20.02.2020-13:15:32,1.10000000e+01,6.44180536e-01,8.93252373e+00,2.03810749e-03,1.44321365e+02,8.02532578e+01,1.87963982e+01,1.15594842e-01,1.73453838e-01
5345803-S04-156I3-A-L-C-190-qa,20.02.2020-13:15:34,1.10000000e+01,6.46582842e-01,8.92487526e+00,1.88040291e-03,3.60611633e+02,8.03397446e+01,1.88706551e+01,6.00189678e-02,1.12296715e-01
5345803-S04-156I3-A-L-C-190-qa,20.02.2020-13:15:36,1.10000000e+01,6.46107554e-01,8.91079998e+00,1.91148825e-03,1.94168106e+02,8.02510300e+01,1.88062553e+01,9.67367291e-02,1.54370725e-01
5345803-S04-156I3-A-L-C-190-qa,20.02.2020-13:15:38,1.10000000e+01,6.46461546e-01,8.92031860e+00,1.73971616e-03,2.51135803e+02,8.03239975e+01,1.88537865e+01,8.25002939e-02,1.29404202e-01
5345803-S04-156I3-A-L-C-190-7-1,20.02.2020-13:21:29,2.10000000e+01,6.40835226e-01,8.87287998e+00,2.11509014e-03,2.81189331e+02,8.00933990e+01,1.85369320e+01,1.45956695e-01,3.25215012e-01
5345803-S04-156I3-A-L-C-190-7-1,20.02.2020-13:21:32,2.10000000e+01,6.38667524e-01,8.87450886e+00,1.87590974e-03,2.39250366e+02,8.05333405e+01,1.85791168e+01,1.47242412e-01,4.91949081e-01
5345803-S04-156I3-A-L-C-190-7-1,20.02.2020-13:21:34,2.10000000e+01,6.38393998e-01,8.91044331e+00,2.00571725e-03,1.19290787e+02,8.00099640e+01,1.85251789e+01,2.36546099e-01,2.90681839e-01
5345803-S04-156I3-A-L-C-190-7-1,20.02.2020-13:21:36,2.10000000e+01,6.38246536e-01,8.91473866e+00,1.93603011e-03,1.39603333e+02,7.99826279e+01,1.85234966e+01,1.56883508e-01,1.95542842e-01
5345803-S04-156I3-A-L-C-190-7-1,20.02.2020-13:21:38,2.00000000e+01,6.43157661e-01,8.89916801e+00,2.09931517e-03,7.38751678e+01,8.01011887e+01,1.86610470e+01,2.50085324e-01,3.46614689e-01
5345803-S04-156I3-A-L-C-190-7-1,20.02.2020-13:21:40,2.10000000e+01,6.41157508e-01,8.82976151e+00,1.63332815e-03,2.03791245e+02,8.03690109e+01,1.85196381e+01,1.16287924e-01,2.22096190e-01
5345803-S04-156I3-A-L-C-190-7-1,20.02.2020-13:21:42,2.00000000e+01,6.43338144e-01,8.87458038e+00,1.78911223e-03,5.08999138e+01,8.02056427e+01,1.86389847e+01,5.37239134e-01,6.56273842e-01
5345803-S04-156I3-A-L-C-190-7-1,20.02.2020-13:21:44,2.10000000e+01,6.39213920e-01,8.92470741e+00,1.81666610e-03,5.78112068e+01,7.98177872e+01,1.85340405e+01,3.34596813e-01,3.95258337e-01
5345803-S04-156I3-A-L-C-190-7-1,20.02.2020-13:21:46,1.90000000e+01,6.43838406e-01,8.88698006e+00,1.70571392e-03,2.01170609e+02,8.03375015e+01,1.87102509e+01,1.20948210e-01,1.94454029e-01
5345803-S04-156I3-A-L-C-190-7-1,20.02.2020-13:21:48,2.40000000e+01,6.43598199e-01,8.88959122e+00,2.35484820e-03,1.12509632e+01,7.93873138e+01,1.84874878e+01,2.47588992e+00,2.85364866e+00
5345803-S04-156I3-A-L-C-190-7-1,20.02.2020-13:21:51,2.10000000e+01,6.40740454e-01,8.87313080e+00,2.03938037e-03,3.45663605e+02,8.01776505e+01,1.85542145e+01,1.16207555e-01,2.79116273e-01
5345803-S04-156I3-A-L-C-190-7-1,20.02.2020-13:21:53,1.00000000e+00,6.40508890e-01,8.86963272e+00,1.87790021e-03,1.10077774e+02,7.99159851e+01,1.84796886e+01,2.61065692e-01,5.31441987e-01
5345803-S04-156I3-A-L-C-190-7-1,20.02.2020-13:21:55,2.00000000e+01,6.42583549e-01,8.87981892e+00,2.12034141e-03,3.66566467e+02,8.02899246e+01,1.86476860e+01,1.52178064e-01,3.97801816e-01
5345803-S04-156I3-A-L-C-190-7-1,20.02.2020-13:21:57,2.00000000e+01,6.43250644e-01,8.85978031e+00,1.62390573e-03,2.71120361e+02,8.01929779e+01,1.86024323e+01,1.10636964e-01,2.50957936e-01
5345803-S04-156I3-A-L-C-190-7-1,20.02.2020-13:21:59,2.00000000e+01,6.44517839e-01,8.86629391e+00,1.62840856e-03,3.22987640e+02,8.01536179e+01,1.86436272e+01,6.42490163e-02,1.22543991e-01
5345803-S04-156I3-A-L-C-190-7-1,20.02.2020-13:22:01,9.00000000e+00,6.45273387e-01,8.89763737e+00,1.80246530e-03,1.61806686e+02,8.05000153e+01,1.88124180e+01,1.76045924e-01,3.01640242e-01
5345803-S04-156I3-A-L-C-190-7-1,20.02.2020-13:22:03,2.00000000e+01,6.42611563e-01,8.86718845e+00,1.83172047e-03,2.21194870e+02,8.02454758e+01,1.86116657e+01,1.00014329e-01,2.32265979e-01
5345803-S04-156I3-A-L-C-190-7-1,20.02.2020-13:22:05,2.00000000e+01,6.44534647e-01,8.87922287e+00,1.69977651e-03,1.34974258e+02,8.01289062e+01,1.86655445e+01,1.56592026e-01,2.28753790e-01
5345803-S04-156I3-A-L-C-190-7-1,20.02.2020-13:22:07,1.00000000e+00,6.41723514e-01,8.83533859e+00,2.21391860e-03,9.69690933e+01,8.00153656e+01,1.84660816e+01,2.56855696e-01,4.76708323e-01
5345803-S04-156I3-A-L-C-190-7-1,20.02.2020-13:22:09,2.10000000e+01,6.42379642e-01,8.84988689e+00,2.02163076e-03,1.60868790e+02,8.00560303e+01,1.85248089e+01,2.07282260e-01,3.83293808e-01
5345803-S04-156I3-A-L-C-190-7-1,20.02.2020-13:22:12,2.10000000e+01,6.39909267e-01,8.90456104e+00,1.94733927e-03,1.47468811e+02,8.01714478e+01,1.85943432e+01,1.54401064e-01,1.85276017e-01
5345803-S04-156I3-A-L-C-190-7-1,20.02.2020-13:22:14,2.10000000e+01,6.40875101e-01,8.88905048e+00,1.63519324e-03,1.94335495e+02,8.00942154e+01,1.85720615e+01,1.26219094e-01,1.52063161e-01
5345803-S04-156I3-A-L-C-190-7-1,20.02.2020-13:22:16,1.90000000e+01,6.44134760e-01,8.87812519e+00,1.34779804e-03,2.06068375e+02,8.05416107e+01,1.87477226e+01,1.26025006e-01,2.45341733e-01
5345803-S04-156I3-A-L-C-190-7-1,20.02.2020-13:22:18,1.00000000e+00,6.40210152e-01,8.78372192e+00,1.78155687e-03,1.56408234e+02,8.04725266e+01,1.84195480e+01,2.74487108e-01,1.85576236e+00
5345803-S04-156I3-A-L-C-190-7-1,20.02.2020-13:22:20,2.10000000e+01,6.42794549e-01,8.85270309e+00,1.69981248e-03,2.11944626e+02,8.02671738e+01,1.85915775e+01,1.48688644e-01,2.80289412e-01
5345803-S04-156I3-A-L-C-190-7-1,20.02.2020-13:22:22,2.10000000e+01,6.42529249e-01,8.85480118e+00,1.78148481e-03,1.94228882e+02,8.02523041e+01,1.85848656e+01,1.68374106e-01,5.42956293e-01
5345803-S04-156I3-A-L-C-190-7-1,20.02.2020-13:22:24,1.00000000e+00,6.40798569e-01,8.78444767e+00,2.02522404e-03,1.99656021e+02,8.03630371e+01,1.84129143e+01,1.78723007e-01,1.87017751e+00
5345803-S04-156I3-A-L-C-190-7-1,20.02.2020-13:22:27,2.00000000e+01,6.43922925e-01,8.87312031e+00,2.09417311e-03,1.63934921e+02,8.02925034e+01,1.86730576e+01,1.66766852e-01,2.70124108e-01
5345803-S04-156I3-A-L-C-190-7-1,20.02.2020-13:22:29,1.00000000e+00,6.42124891e-01,8.89210892e+00,2.39267969e-03,2.76264404e+02,7.94608383e+01,1.84674797e+01,1.28170326e-01,1.57645673e-01
5345803-S04-156I3-A-L-C-190-7-1,20.02.2020-13:22:31,2.10000000e+01,6.42273724e-01,8.88412476e+00,2.14974768e-03,1.71292007e+02,7.96636200e+01,1.85022717e+01,1.76191002e-01,2.14509875e-01
5345803-S04-156I3-A-L-C-190-7-1,20.02.2020-13:22:33,2.10000000e+01,6.41771257e-01,8.89492512e+00,2.23745778e-03,1.73895996e+02,7.97427216e+01,1.85286503e+01,2.19092086e-01,2.64770389e-01
5345803-S04-156I3-A-L-C-190-7-1,20.02.2020-13:22:35,2.00000000e+01,6.43744469e-01,8.86801624e+00,2.08342168e-03,1.07146233e+02,8.02404175e+01,1.86450405e+01,4.00846779e-01,9.49036777e-01
5345803-S04-156I3-A-L-C-190-7-1,20.02.2020-13:22:37,2.10000000e+01,6.43847466e-01,8.84934711e+00,1.76060910e-03,1.04920151e+02,8.01944275e+01,1.85981007e+01,3.60269010e-01,1.23665249e+00
5345803-S04-156I3-A-L-C-190-7-1,20.02.2020-13:22:39,2.10000000e+01,6.42648160e-01,8.90011120e+00,2.18444085e-03,1.77727966e+02,7.96567383e+01,1.85447693e+01,1.59865528e-01,1.91319436e-01
5345803-S04-156I3-A-L-C-190-7-1,20.02.2020-13:22:41,2.10000000e+01,6.42700315e-01,8.89166355e+00,2.19451054e-03,1.30187683e+02,7.96125717e+01,1.85183964e+01,1.62601978e-01,1.96424812e-01
5345803-S04-156I3-A-L-C-190-7-1,20.02.2020-13:22:43,2.10000000e+01,6.41826034e-01,8.88317204e+00,2.13617762e-03,5.18790131e+01,7.97257080e+01,1.85017986e+01,6.23538673e-01,7.25609958e-01
5345803-S04-156I3-A-L-C-190-7-1,20.02.2020-13:22:46,2.10000000e+01,6.42216921e-01,8.89383125e+00,1.90921861e-03,5.25976028e+01,7.96954346e+01,1.85282440e+01,4.55054700e-01,5.32017291e-01
5345803-S04-156I3-A-L-C-190-7-1,20.02.2020-13:22:48,2.00000000e+00,6.40630722e-01,8.77620220e+00,1.97922578e-03,1.69313599e+02,8.02885132e+01,1.83737564e+01,2.21589193e-01,2.05019617e+00
5345803-S04-156I3-A-L-C-190-7-1,20.02.2020-13:22:50,1.90000000e+01,6.44302189e-01,8.87343788e+00,1.87501602e-03,1.42976624e+02,8.03696976e+01,1.87026901e+01,1.81962624e-01,2.85558909e-01
5345803-S04-156I3-A-L-C-190-7-1,20.02.2020-13:22:52,1.90000000e+01,6.43839598e-01,8.87534809e+00,1.81151694e-03,1.27423065e+02,8.04357452e+01,1.87086487e+01,2.44463354e-01,4.27075118e-01
5345803-S04-156I3-A-L-C-190-7-1,20.02.2020-13:22:54,2.00000000e+01,6.44610465e-01,8.86886883e+00,2.06939038e-03,6.05532608e+01,8.00354691e+01,1.86242275e+01,4.59105492e-01,6.28799736e-01
5345803-S04-156I3-A-L-C-190-7-1,20.02.2020-13:22:59,2.00000000e+01,6.42917693e-01,8.87802410e+00,1.96675141e-03,8.09775696e+01,8.04503708e+01,1.86908875e+01,2.30141744e-01,3.40904772e-01
5345803-S04-156I3-A-L-C-190-7-1,20.02.2020-13:23:01,2.10000000e+01,6.42200053e-01,8.82005882e+00,1.41828693e-03,8.44669800e+01,8.03725586e+01,1.85301876e+01,3.41857493e-01,5.62331080e-01
5345803-S04-156I3-A-L-C-190-7-1,20.02.2020-13:23:03,1.00000000e+00,6.40737236e-01,8.78346348e+00,1.71738525e-03,1.57265091e+02,8.03247147e+01,1.84003105e+01,3.49893212e-01,2.20990515e+00
5345803-S04-156I3-A-L-C-190-7-1,20.02.2020-13:23:05,9.00000000e+00,6.45224333e-01,8.90244961e+00,1.73879450e-03,4.55476456e+01,8.04336243e+01,1.88056393e+01,6.21370077e-01,9.04846668e-01
5345803-S04-156I3-A-L-C-190-7-1,20.02.2020-13:23:07,2.10000000e+01,6.42783225e-01,8.86944008e+00,2.04833876e-03,6.74368668e+01,8.01080551e+01,1.85894756e+01,3.50295007e-01,5.24479389e-01
5345803-S04-156I3-A-L-C-190-7-1,20.02.2020-13:23:09,9.00000000e+00,6.44859374e-01,8.90980339e+00,1.77897094e-03,4.28968124e+01,8.04676361e+01,1.88184814e+01,7.07657874e-01,9.29327071e-01
5345803-S04-156I3-A-L-C-190-7-1,20.02.2020-13:23:11,2.10000000e+01,6.42403603e-01,8.86766624e+00,1.90973654e-03,6.29095230e+01,8.01192551e+01,1.85773773e+01,3.28233123e-01,4.46327329e-01
5345803-S04-156I3-A-L-C-190-7-1,20.02.2020-13:23:13,2.10000000e+01,6.43088996e-01,8.86095905e+00,2.02572998e-03,2.75277466e+02,8.01597366e+01,1.85925217e+01,1.16860747e-01,1.62489578e-01
5345803-S04-156I3-A-L-C-190-7-1,20.02.2020-13:23:16,9.00000000e+00,6.45196676e-01,8.89920902e+00,1.92460383e-03,1.52232437e+02,8.05331192e+01,1.88212414e+01,1.44026980e-01,2.61568874e-01
5345803-S04-156I3-A-L-C-190-7-1,20.02.2020-13:23:18,2.00000000e+01,6.44188523e-01,8.87126541e+00,1.96691370e-03,2.71223114e+02,8.00899506e+01,1.86297379e+01,1.13532096e-01,1.60382569e-01
5345803-S04-156I3-A-L-C-190-7-1,20.02.2020-13:23:20,2.00000000e+01,6.42129719e-01,8.88349438e+00,2.17469642e-03,3.49016022e+02,8.04018326e+01,1.86682110e+01,8.71753469e-02,3.61301959e-01
5345803-S04-156I3-A-L-C-190-7-1,20.02.2020-13:23:22,2.00000000e+01,6.44370675e-01,8.86976910e+00,1.91145076e-03,1.45754196e+02,8.00418930e+01,1.86206837e+01,1.53251022e-01,2.28146762e-01
5345803-S04-156I3-A-L-C-190-7-1,20.02.2020-13:23:24,2.00000000e+01,6.41755223e-01,8.89206219e+00,2.20476673e-03,2.93037109e+02,8.02570572e+01,1.86416912e+01,1.27386689e-01,2.24475726e-01
5345803-S04-156I3-A-L-C-190-7-1,20.02.2020-13:23:26,2.00000000e+01,6.42565727e-01,8.88771534e+00,1.90627971e-03,2.77904388e+02,8.02812347e+01,1.86617317e+01,8.80544633e-02,1.97519839e-01
5345803-S04-156I3-A-L-C-190-7-1,20.02.2020-13:23:28,1.90000000e+01,6.43804312e-01,8.89963818e+00,1.91113120e-03,2.27711670e+02,8.02361374e+01,1.87122688e+01,1.22027963e-01,1.93515062e-01
5345803-S04-156I3-A-L-C-190-7-1,20.02.2020-13:23:30,1.00000000e+00,6.42929614e-01,8.80792522e+00,1.75642571e-03,4.72013817e+01,8.00760117e+01,1.84573631e+01,4.88000482e-01,5.84829569e-01
5345803-S04-156I3-A-L-C-190-7-1,20.02.2020-13:23:32,2.00000000e+01,6.44092321e-01,8.83730221e+00,1.88813068e-03,2.04817062e+02,8.03883591e+01,1.86247826e+01,1.80882454e-01,2.67292589e-01
5345803-S04-156I3-A-L-C-190-7-1,20.02.2020-13:23:35,2.10000000e+01,6.41118169e-01,8.89417648e+00,2.06186646e-03,2.33502823e+02,7.99577560e+01,1.85581455e+01,8.09081793e-02,9.93223861e-02
5345803-S04-156I3-A-L-C-190-7-1,20.02.2020-13:23:37,2.00000000e+01,6.43424511e-01,8.89031410e+00,1.67308655e-03,2.89170532e+02,8.02297440e+01,1.86801472e+01,1.02205440e-01,1.91640913e-01
5345803-S04-156I3-A-L-C-190-7-1,20.02.2020-13:23:39,2.00000000e+01,6.41502202e-01,8.90630341e+00,1.90723955e-03,3.22718628e+02,8.00548935e+01,1.86171722e+01,9.18237790e-02,1.13153875e-01
5345803-S04-156I3-A-L-C-190-7-1,20.02.2020-13:23:41,2.10000000e+01,6.40499353e-01,8.88270760e+00,2.16950499e-03,3.68626495e+02,7.99593887e+01,1.85167065e+01,4.79952507e-02,6.07535802e-02
5345803-S04-156I3-A-L-C-190-7-1,20.02.2020-13:23:43,1.00000000e+00,6.40590727e-01,8.84577560e+00,2.15338520e-03,4.47056366e+02,8.00262680e+01,1.84577732e+01,1.16842926e-01,2.68267512e-01
5345803-S04-156I3-A-L-C-190-7-1,20.02.2020-13:23:45,2.10000000e+01,6.39203668e-01,8.90868568e+00,1.70867960e-03,2.64764313e+02,7.98715134e+01,1.85129223e+01,1.15028389e-01,1.48489624e-01
5345803-S04-156I3-A-L-C-190-7-1,20.02.2020-13:23:47,2.10000000e+01,6.41427696e-01,8.86301708e+00,2.09772401e-03,2.87227570e+02,8.01200638e+01,1.85396175e+01,1.05041429e-01,1.91250712e-01
5345803-S04-156I3-A-L-C-190-7-1,20.02.2020-13:23:49,2.10000000e+01,6.41512990e-01,8.86123943e+00,1.89094327e-03,2.72550842e+02,8.02122879e+01,1.85597019e+01,1.28478318e-01,3.17576647e-01
5345803-S04-156I3-A-L-C-190-7-1,20.02.2020-13:23:52,2.00000000e+01,6.43758059e-01,8.89017296e+00,1.96821336e-03,4.29374420e+02,8.01875992e+01,1.86797161e+01,6.65246695e-02,1.17141850e-01
5345803-S04-156I3-A-L-C-190-7-1,20.02.2020-13:23:54,2.10000000e+01,6.38388157e-01,8.92736244e+00,2.16340064e-03,2.74544556e+02,7.97816620e+01,1.85072231e+01,8.13746378e-02,1.04676135e-01
5345803-S04-156I3-A-L-C-190-7-1,20.02.2020-13:23:56,1.90000000e+01,6.44557595e-01,8.85318947e+00,1.48249441e-03,2.30397644e+02,8.05783005e+01,1.87158604e+01,1.64670542e-01,2.33575538e-01
5345803-S04-156I3-A-L-C-190-7-1,20.02.2020-13:23:58,2.10000000e+01,6.43635571e-01,8.84487820e+00,2.04418413e-03,2.09557220e+02,8.02358932e+01,1.85922012e+01,1.33595005e-01,1.81506544e-01
5345803-S04-156I3-A-L-C-190-7-1,20.02.2020-13:24:00,2.10000000e+01,6.38244390e-01,8.92047691e+00,1.89061405e-03,1.51285843e+02,8.00318756e+01,1.85467701e+01,1.55460224e-01,1.97894007e-01
5345803-S04-156I3-A-L-C-190-7-1,20.02.2020-13:24:02,2.00000000e+01,6.43113673e-01,8.87974167e+00,1.90349482e-03,1.66517624e+02,8.01777802e+01,1.86368408e+01,1.88349426e-01,2.98153341e-01
5345803-S04-156I3-A-L-C-190-7-1,20.02.2020-13:24:04,2.10000000e+01,6.39065623e-01,8.89795685e+00,1.99340354e-03,7.92506104e+01,7.99623032e+01,1.85076485e+01,2.61095464e-01,3.21314007e-01
5345803-S04-156I3-A-L-C-190-7-1,20.02.2020-13:24:07,1.90000000e+01,6.43776476e-01,8.88548088e+00,1.92249159e-03,1.34588470e+02,8.06063766e+01,1.87679005e+01,2.13868678e-01,2.80333668e-01
5345803-S04-156I3-A-L-C-190-7-1,20.02.2020-13:24:09,3.00000000e+00,6.31241262e-01,8.70552921e+00,1.24584627e-03,1.32127747e+02,8.06062317e+01,1.80297356e+01,2.29600027e-01,3.36356997e-01
5345803-S04-156I3-A-L-C-190-7-1,20.02.2020-13:24:11,2.10000000e+01,6.40516698e-01,8.87934780e+00,1.85343821e-03,1.50146057e+02,7.99899063e+01,1.85172672e+01,1.63303375e-01,2.00208098e-01
5345803-S04-156I3-A-L-C-190-7-1,20.02.2020-13:24:13,1.00000000e+00,6.39485598e-01,8.87752914e+00,2.11846316e-03,1.92041107e+02,8.00191879e+01,1.84904385e+01,1.41710162e-01,1.69795260e-01
5345803-S04-156I3-A-L-C-190-7-1,20.02.2020-13:24:15,2.10000000e+01,6.43230021e-01,8.83582497e+00,2.15307763e-03,2.08760345e+02,8.02421646e+01,1.85629177e+01,1.21110305e-01,1.95114255e-01
5345803-S04-156I3-A-L-C-190-7-1,20.02.2020-13:24:17,1.00000000e+00,6.43256545e-01,8.81363964e+00,2.24666647e-03,1.63241333e+02,7.99932404e+01,1.84596291e+01,1.68897837e-01,2.18265772e-01
5345803-S04-156I3-A-L-C-190-7-1,20.02.2020-13:24:19,2.00000000e+01,6.44443572e-01,8.83898544e+00,1.81154895e-03,1.25605225e+02,8.02974472e+01,1.86174088e+01,1.87100634e-01,2.40910366e-01
5345803-S04-156I3-A-L-C-190-7-1,20.02.2020-13:24:21,2.10000000e+01,6.39080644e-01,8.91504383e+00,2.00847862e-03,2.66640015e+02,7.98338623e+01,1.85138397e+01,1.14738390e-01,1.49574384e-01
5345803-S04-156I3-A-L-C-190-7-1,20.02.2020-13:24:23,2.10000000e+01,6.42231226e-01,8.86389446e+00,1.78080169e-03,1.91640930e+02,8.02285004e+01,1.85898056e+01,1.86643541e-01,3.38718325e-01
5345803-S04-156I3-A-L-C-190-7-1,20.02.2020-13:24:26,2.00000000e+01,6.42517507e-01,8.88474274e+00,2.00179359e-03,4.03411530e+02,8.03284073e+01,1.86650524e+01,1.13728292e-01,2.13987052e-01
5345803-S04-156I3-A-L-C-190-7-1,20.02.2020-13:24:28,1.00000000e+00,6.39142096e-01,8.89030743e+00,2.05146684e-03,2.06150864e+02,7.98269730e+01,1.84626522e+01,1.06797285e-01,1.41125843e-01
5345803-S04-156I3-A-L-C-190-7-1,20.02.2020-13:24:30,2.10000000e+01,6.41740918e-01,8.86706161e+00,1.95650267e-03,1.96209976e+02,8.02024307e+01,1.85762138e+01,1.49555042e-01,2.94237554e-01
5345803-S04-156I3-A-L-C-190-7-1,20.02.2020-13:24:32,2.00000000e+01,6.42043531e-01,8.86574364e+00,1.95349450e-03,1.20805565e+02,8.02929764e+01,1.86031895e+01,2.07197785e-01,3.25135916e-01
5345803-S04-156I3-A-L-C-190-7-1,20.02.2020-13:24:34,2.10000000e+01,6.40596330e-01,8.89731121e+00,1.70490751e-03,1.26286629e+02,8.00662308e+01,1.85747433e+01,1.69483081e-01,2.02484369e-01
5345803-S04-156I3-A-L-C-190-7-1,20.02.2020-13:24:36,1.90000000e+01,6.44626379e-01,8.88977337e+00,2.14850740e-03,1.56259094e+02,8.04271317e+01,1.87599449e+01,1.85569510e-01,3.68513793e-01
5345803-S04-156I3-A-L-C-190-7-1,20.02.2020-13:24:38,2.10000000e+01,6.38758659e-01,8.89911842e+00,1.81411882e-03,2.29143707e+02,8.00623550e+01,1.85243225e+01,1.14821836e-01,1.48563713e-01
5345803-S04-156I3-A-L-C-190-7-1,20.02.2020-13:24:40,2.10000000e+01,6.39385998e-01,8.90312767e+00,1.86298939e-03,4.04220703e+02,8.00301208e+01,1.85434017e+01,7.67202675e-02,1.06512189e-01
5345803-S04-156I3-A-L-C-190-7-1,20.02.2020-13:24:42,1.00000000e+00,6.39009714e-01,8.87710953e+00,1.86892995e-03,1.90264938e+02,7.99865494e+01,1.84682674e+01,1.21233419e-01,1.60099238e-01
5345803-S04-156I3-A-L-C-190-7-1,20.02.2020-13:24:45,2.10000000e+01,6.40902340e-01,8.86444855e+00,1.84346840e-03,1.35292984e+02,8.01432648e+01,1.85327911e+01,2.25973710e-01,4.17264283e-01
5345803-S04-156I3-A-L-C-190-7-1,20.02.2020-13:24:47,2.10000000e+01,6.38993621e-01,8.91780090e+00,1.89475028e-03,1.50473679e+02,7.98526611e+01,1.85214024e+01,1.54822528e-01,1.98365644e-01
5345803-S04-156I3-A-L-C-190-7-1,20.02.2020-13:24:49,1.90000000e+01,6.45231843e-01,8.86103630e+00,1.66191277e-03,1.81394821e+02,8.05141754e+01,1.87371216e+01,1.51940748e-01,2.06763685e-01
5345803-S04-156I3-A-L-C-190-7-1,20.02.2020-13:24:51,1.90000000e+01,6.44430161e-01,8.85513878e+00,1.80583773e-03,3.11249939e+02,8.05791702e+01,1.87164841e+01,1.13283120e-01,1.59371972e-01
5345803-S04-156I3-A-L-C-190-7-1,20.02.2020-13:24:53,1.90000000e+01,6.45403922e-01,8.85688114e+00,1.63519243e-03,2.14753159e+02,8.05288010e+01,1.87367325e+01,1.41418308e-01,2.01486304e-01
5345803-S04-156I3-A-L-C-190-7-1,20.02.2020-13:24:55,2.10000000e+01,6.41462862e-01,8.90155029e+00,1.91206881e-03,3.26255219e+02,7.99931107e+01,1.85917377e+01,6.06663115e-02,7.62114897e-02
5345803-S04-156I3-A-L-C-190-7-1,20.02.2020-13:24:57,2.10000000e+01,6.40718639e-01,8.86279583e+00,2.12144596e-03,4.26380463e+02,8.00747757e+01,1.85081921e+01,1.45466223e-01,2.94050306e-01
5345803-S04-156I3-A-L-C-190-7-1,20.02.2020-13:25:00,2.10000000e+01,6.42085612e-01,8.87271214e+00,1.87356060e-03,1.59641251e+02,8.01846085e+01,1.85939026e+01,2.17189521e-01,3.57383013e-01
5345803-S04-156I3-A-L-C-190-7-1,20.02.2020-13:25:02,2.00000000e+01,6.42224371e-01,8.88174343e+00,2.08042958e-03,1.70769592e+02,8.02269363e+01,1.86266785e+01,1.39787406e-01,2.25505725e-01
5345803-S04-156I3-A-L-C-190-7-1,20.02.2020-13:25:04,2.10000000e+01,6.42006516e-01,8.86638451e+00,1.75126258e-03,1.93372482e+02,8.00941696e+01,1.85573978e+01,1.82340160e-01,3.14916909e-01
5345803-S04-156I3-A-L-C-190-7-1,20.02.2020-13:25:06,2.10000000e+01,6.41137421e-01,8.89064026e+00,1.97832100e-03,3.95311249e+02,7.99781647e+01,1.85560608e+01,7.20920116e-02,8.91200379e-02
5345803-S04-156I3-A-L-C-190-7-1,20.02.2020-13:25:08,2.10000000e+01,6.41018093e-01,8.88656616e+00,1.80420280e-03,3.76709808e+02,8.00748901e+01,1.85665321e+01,9.13554356e-02,1.10572092e-01
5345803-S04-156I3-A-L-C-190-7-1,20.02.2020-13:25:10,2.00000000e+01,6.42326832e-01,8.87508774e+00,1.74767419e-03,3.00309540e+02,8.02096405e+01,1.86116772e+01,8.27529579e-02,1.75387561e-01
5345803-S04-156I3-A-L-C-190-7-1,20.02.2020-13:25:12,2.00000000e+01,6.42946064e-01,8.88007641e+00,2.04071100e-03,1.80789230e+02,8.01494217e+01,1.86260948e+01,1.63517863e-01,2.56674349e-01
5345803-S04-156I3-A-L-C-190-7-1,20.02.2020-13:25:14,2.10000000e+01,6.41978323e-01,8.83288670e+00,1.94241665e-03,2.05988235e+02,8.02211227e+01,1.85157776e+01,1.52203754e-01,2.34961614e-01
5345803-S04-156I3-A-L-C-190-7-1,20.02.2020-13:25:16,2.10000000e+01,6.41912460e-01,8.88298321e+00,1.93303777e-03,2.25758026e+02,7.97767715e+01,1.85157490e+01,1.15464807e-01,1.47980675e-01
5345803-S04-156I3-A-L-C-190-7-1,20.02.2020-13:25:18,2.00000000e+01,6.43002987e-01,8.87611008e+00,1.87669671e-03,2.37789169e+02,8.04704590e+01,1.86940041e+01,1.30634129e-01,3.97704154e-01
5345803-S04-156I3-A-L-C-190-7-1,20.02.2020-13:25:21,2.10000000e+01,6.42495692e-01,8.85244274e+00,1.62910391e-03,1.67072998e+02,8.02862396e+01,1.85868015e+01,1.97206110e-01,3.53275388e-01
5345803-S04-156I3-A-L-C-190-7-1,20.02.2020-13:25:23,2.40000000e+01,6.45116627e-01,8.90691376e+00,2.11224868e-03,1.33105001e+01,7.99710999e+01,1.87037506e+01,2.54776740e+00,2.92204976e+00
5345803-S04-156I3-A-L-C-190-7-1,20.02.2020-13:25:25,2.00000000e+01,6.43198431e-01,8.88042927e+00,1.81532057e-03,4.29330292e+02,8.03745651e+01,1.86864910e+01,1.04349390e-01,2.81867146e-01
5345803-S04-156I3-A-L-C-190-7-1,20.02.2020-13:25:27,9.00000000e+00,6.45119727e-01,8.89978790e+00,1.84801943e-03,1.82275681e+02,8.05797882e+01,1.88311253e+01,1.28511608e-01,2.88522512e-01
5345803-S04-156I3-A-L-C-190-7-1,20.02.2020-13:25:29,2.00000000e+01,6.44455671e-01,8.85895252e+00,1.82499900e-03,3.36821289e+02,8.01008224e+01,1.86141243e+01,7.97816291e-02,1.35687977e-01
5345803-S04-156I3-A-L-C-190-7-1,20.02.2020-13:25:31,1.90000000e+01,6.44138098e-01,8.88421154e+00,1.91592285e-03,1.05632889e+02,8.06042557e+01,1.87752647e+01,2.06161097e-01,3.19255143e-01
5345803-S04-156I3-A-L-C-190-7-1,20.02.2020-13:25:33,3.00000000e+00,6.38247013e-01,8.75966835e+00,1.78784854e-03,1.95018326e+02,7.99028091e+01,1.81831322e+01,1.51508406e-01,1.89177677e-01
5345803-S04-156I3-A-L-C-190-7-1,20.02.2020-13:25:35,1.90000000e+01,6.45324826e-01,8.85803509e+00,1.56950788e-03,2.00628494e+02,8.04274597e+01,1.87132969e+01,1.81334585e-01,2.41239920e-01
5345803-S04-156I3-A-L-C-190-7-1,20.02.2020-13:25:37,2.10000000e+01,6.41280234e-01,8.93855381e+00,2.03683274e-03,1.97021545e+02,7.95482864e+01,1.85599213e+01,1.63666800e-01,2.12598294e-01
5345803-S04-156I3-A-L-C-190-7-1,20.02.2020-13:25:40,2.00000000e+01,6.43333316e-01,8.90779972e+00,1.84244139e-03,1.07726761e+02,8.00156479e+01,1.86642971e+01,2.56049246e-01,3.54025602e-01
5345803-S04-156I3-A-L-C-190-7-1,20.02.2020-13:25:42,2.00000000e+00,6.39355719e-01,8.82788849e+00,1.79654267e-03,6.82532425e+01,8.00344086e+01,1.83868084e+01,5.05018651e-01,8.51353049e-01
5345803-S04-156I3-A-L-C-190-7-1,20.02.2020-13:25:44,2.00000000e+01,6.43743873e-01,8.86655140e+00,1.76970789e-03,3.15530014e+01,8.02141342e+01,1.86358395e+01,8.50478768e-01,1.36571050e+00
5345803-S04-156I3-A-L-C-190-7-1,20.02.2020-13:25:46,1.40000000e+01,6.43804431e-01,8.84461212e+00,2.06254073e-03,1.55543795e+01,8.00772324e+01,1.85597458e+01,1.34989250e+00,1.89755678e+00
5345803-S04-156I3-A-L-C-190-7-1,20.02.2020-13:25:48,2.00000000e+01,6.44214869e-01,8.86009789e+00,1.94977154e-03,7.30540161e+01,8.01684570e+01,1.86252861e+01,4.19327557e-01,9.52656090e-01
5345803-S04-156I3-A-L-C-190-7-1,20.02.2020-13:25:50,2.00000000e+01,6.44931257e-01,8.85898781e+00,1.71064865e-03,6.58131256e+01,8.02224884e+01,1.86562290e+01,4.28313315e-01,8.69423449e-01
5345803-S04-156I3-A-L-C-190-7-1,20.02.2020-13:25:52,2.10000000e+01,6.40900612e-01,8.94455147e+00,2.17411108e-03,1.86019287e+02,7.96205902e+01,1.85782509e+01,1.72565848e-01,2.22250625e-01
5345803-S04-156I3-A-L-C-190-7-1,20.02.2020-13:25:54,2.10000000e+01,6.43789887e-01,8.84251690e+00,2.26079021e-03,5.05956306e+01,7.99156494e+01,1.85174885e+01,6.40913308e-01,1.57420278e+00
5345803-S04-156I3-A-L-C-190-7-1,20.02.2020-13:25:56,1.90000000e+01,6.45124614e-01,8.85779190e+00,1.87588332e-03,2.69166840e+02,8.04194870e+01,1.87051239e+01,1.44556001e-01,4.01660830e-01
5345803-S04-156I3-A-L-C-190-7-1,20.02.2020-13:25:59,2.10000000e+01,6.41754329e-01,8.89657784e+00,2.23053223e-03,5.59448204e+01,7.97088547e+01,1.85237350e+01,4.04822111e-01,4.76513356e-01
5345803-S04-156I3-A-L-C-190-7-1,20.02.2020-13:26:01,2.00000000e+01,6.44210458e-01,8.87696362e+00,1.88250351e-03,1.95679535e+02,8.03184204e+01,1.86955204e+01,1.65619180e-01,2.46310681e-01
5345803-S04-156I3-A-L-C-190-7-1,20.02.2020-13:26:03,9.00000000e+00,6.45137608e-01,8.95257854e+00,2.36131530e-03,1.94831360e+02,8.01038284e+01,1.88314610e+01,1.27181053e-01,1.85751230e-01
5345803-S04-156I3-A-L-C-190-7-1,20.02.2020-13:26:05,9.00000000e+00,6.44360602e-01,8.95279789e+00,1.86920003e-03,1.46586380e+02,8.05062408e+01,1.89037285e+01,1.49495631e-01,2.07342967e-01
5345803-S04-156I3-A-L-C-190-7-1,20.02.2020-13:26:07,9.00000000e+00,6.44503236e-01,8.92888355e+00,1.90151483e-03,2.94180328e+02,8.05295486e+01,1.88628674e+01,1.23797022e-01,2.96837389e-01
5345803-S04-156I3-A-L-C-190-7-1,20.02.2020-13:26:09,9.00000000e+00,6.45408690e-01,8.92964840e+00,1.67304534e-03,1.74888123e+02,8.03989639e+01,1.88603535e+01,1.37956753e-01,2.94162065e-01
5345803-S04-156I3-A-L-C-190-7-1,20.02.2020-13:26:11,2.00000000e+00,6.40013516e-01,8.81280994e+00,1.59355020e-03,2.11499847e+02,8.01446228e+01,1.83995914e+01,1.56396553e-01,4.06208366e-01
5345803-S04-156I3-A-L-C-190-7-1,20.02.2020-13:26:13,9.00000000e+00,6.46966398e-01,8.86735344e+00,1.74003281e-03,1.88220215e+02,8.06449661e+01,1.88314247e+01,1.20141208e-01,3.72723550e-01
5345803-S04-156I3-A-L-C-190-7-1,20.02.2020-13:26:16,2.00000000e+01,6.44135356e-01,8.89126301e+00,1.99886481e-03,5.38730713e+02,8.00162582e+01,1.86530151e+01,6.57515898e-02,1.23476535e-01
5345803-S04-156I3-A-L-C-190-7-1,20.02.2020-13:26:18,2.00000000e+01,6.44530833e-01,8.83325195e+00,1.53222226e-03,1.57364105e+02,8.03696747e+01,1.86245899e+01,1.37857690e-01,1.87138543e-01
5345803-S04-156I3-A-L-C-190-7-1,20.02.2020-13:26:20,2.10000000e+01,6.44209921e-01,8.82784843e+00,1.64869335e-03,2.62444580e+02,8.02951660e+01,1.85866814e+01,9.20122340e-02,1.35970771e-01
5345803-S04-156I3-A-L-C-190-7-1,20.02.2020-13:26:22,2.10000000e+01,6.40052021e-01,8.87522316e+00,1.64500577e-03,2.31667007e+02,8.01224823e+01,1.85258942e+01,1.11817710e-01,1.34159833e-01
5345803-S04-156I3-A-L-C-190-7-1,20.02.2020-13:26:24,1.00000000e+00,6.42264128e-01,8.81624413e+00,1.86185271e-03,1.68008301e+02,8.02668228e+01,1.84996510e+01,1.69975281e-01,5.30110836e-01
5345803-S04-156I3-A-L-C-190-7-1,20.02.2020-13:26:26,2.10000000e+01,6.42622948e-01,8.82030201e+00,1.67232472e-03,2.81505371e+02,8.02538528e+01,1.85155144e+01,1.33343160e-01,4.74763274e-01
5345803-S04-156I3-A-L-C-190-7-1,20.02.2020-13:26:28,2.00000000e+00,6.39291704e-01,8.80275631e+00,2.02448480e-03,2.43625565e+02,8.01835785e+01,1.83667946e+01,1.42980516e-01,4.73697186e-01
5345803-S04-156I3-A-L-C-190-7-1,20.02.2020-13:26:30,2.00000000e+00,6.38855219e-01,8.79393578e+00,2.14579119e-03,1.44515793e+02,8.00521164e+01,1.83058014e+01,1.33033514e-01,1.82514772e-01
5345803-S04-156I3-A-L-C-190-7-1,20.02.2020-13:26:33,1.00000000e+00,6.40441000e-01,8.83729458e+00,1.83665531e-03,1.92426865e+02,8.02701416e+01,1.84919472e+01,1.80910796e-01,3.40546548e-01
5345803-S04-156I3-A-L-C-190-7-1,20.02.2020-13:26:35,2.10000000e+01,6.41715944e-01,8.83338833e+00,1.80386531e-03,1.63663162e+02,8.03683929e+01,1.85432396e+01,1.57893285e-01,2.61050314e-01
5345803-S04-156I3-A-L-C-190-7-1,20.02.2020-13:26:37,1.90000000e+01,6.43884301e-01,8.85184097e+00,1.42379187e-03,2.45401321e+02,8.07546844e+01,1.87343807e+01,1.36202663e-01,3.83957177e-01
5345803-S04-156I3-A-L-C-190-7-1,20.02.2020-13:26:39,2.00000000e+01,6.42203927e-01,8.86707592e+00,1.66505657e-03,1.67861603e+02,8.03355484e+01,1.86205006e+01,1.51605651e-01,3.16524178e-01
5345803-S04-156I3-A-L-C-190-7-1,20.02.2020-13:26:41,2.00000000e+01,6.43907309e-01,8.85242271e+00,1.98582187e-03,1.69738312e+02,8.05137787e+01,1.86803875e+01,9.65561494e-02,1.52121574e-01
5345803-S04-156I3-A-L-C-190-7-1,20.02.2020-13:26:43,2.10000000e+01,6.44006908e-01,8.84056282e+00,1.76738563e-03,6.19193039e+01,8.01166763e+01,1.85662231e+01,3.94458801e-01,4.95111942e-01
5345803-S04-156I3-A-L-C-190-7-1,20.02.2020-13:26:45,2.00000000e+00,6.41293406e-01,8.78565025e+00,1.66720047e-03,1.68166809e+02,8.00622711e+01,1.83606796e+01,1.07027620e-01,1.43767104e-01
5345803-S04-156I3-A-L-C-190-7-1,20.02.2020-13:26:47,1.90000000e+01,6.46720827e-01,8.88378620e+00,1.99065520e-03,2.45660553e+02,8.02130890e+01,1.87581654e+01,1.21606797e-01,2.31107324e-01
5345803-S04-156I3-A-L-C-190-7-1,20.02.2020-13:26:49,3.00000000e+00,6.35207534e-01,8.68686676e+00,1.86177832e-03,5.36049133e+02,8.04018555e+01,1.80582256e+01,8.95404443e-02,4.25865233e-01
5345803-S04-156I3-A-L-C-190-7-1,20.02.2020-13:26:51,2.00000000e+01,6.44577146e-01,8.88065815e+00,1.88102445e-03,1.71173080e+02,8.02455597e+01,1.86969700e+01,2.04637736e-01,3.72904092e-01
5345803-S04-156I3-A-L-C-190-7-1,20.02.2020-13:26:54,1.90000000e+01,6.44858420e-01,8.90423584e+00,2.04143417e-03,1.90823151e+02,8.02175751e+01,1.87482510e+01,2.21460074e-01,3.02876860e-01
5345803-S04-156I3-A-L-C-190-7-1,20.02.2020-13:26:56,2.10000000e+01,6.42394364e-01,8.89955330e+00,2.18057097e-03,2.11647705e+02,7.98641815e+01,1.85845566e+01,1.69354826e-01,3.02915961e-01
5345803-S04-156I3-A-L-C-190-7-1,20.02.2020-13:26:58,2.00000000e+00,6.40554428e-01,8.83561707e+00,2.49078334e-03,3.51096680e+02,7.96527100e+01,1.83494778e+01,1.21299654e-01,2.66245097e-01
5345803-S04-156I3-A-L-C-190-7-1,20.02.2020-13:27:00,1.00000000e+00,6.40747607e-01,8.85011196e+00,2.23804684e-03,2.79165833e+02,7.97320938e+01,1.84034443e+01,2.20891461e-01,3.80156517e-01
5345803-S04-156I3-A-L-C-190-7-1,20.02.2020-13:27:02,2.10000000e+01,6.41542912e-01,8.89725876e+00,2.08990229e-03,2.49570419e+02,8.00476303e+01,1.85977573e+01,1.80160180e-01,3.08640271e-01
5345803-S04-156I3-A-L-C-190-7-1,20.02.2020-13:27:04,2.10000000e+01,6.42270148e-01,8.86060524e+00,2.27559544e-03,1.55022934e+02,8.01395416e+01,1.85634289e+01,1.95522681e-01,3.64762217e-01
5345803-S04-156I3-A-L-C-190-7-1,20.02.2020-13:27:07,1.00000000e+00,6.38536215e-01,8.88718605e+00,2.14744196e-03,3.28547394e+02,7.97851562e+01,1.84290123e+01,1.19632557e-01,1.80696338e-01
5345803-S04-156I3-A-L-C-190-7-1,20.02.2020-13:27:11,2.10000000e+01,6.43094599e-01,8.84984303e+00,1.66801736e-03,1.00572113e+02,8.00772934e+01,1.85502605e+01,2.70755500e-01,3.23630929e-01
5345803-S04-156I3-A-L-C-190-7-1,20.02.2020-13:27:13,1.00000000e+00,6.39532983e-01,8.82561970e+00,1.88940531e-03,4.40414764e+02,8.01598511e+01,1.84159966e+01,2.48995677e-01,1.10804176e+00
5345803-S04-156I3-A-L-C-190-7-1,20.02.2020-13:27:15,2.00000000e+01,6.43797815e-01,8.85581779e+00,2.05740402e-03,1.16733452e+02,8.02998123e+01,1.86347198e+01,2.94404715e-01,4.42857236e-01
5345803-S04-156I3-A-L-C-190-7-1,20.02.2020-13:27:17,2.00000000e+01,6.43935502e-01,8.85115623e+00,1.86048483e-03,1.59398880e+02,8.02845230e+01,1.86253471e+01,3.42115521e-01,4.72843081e-01
5345803-S04-156I3-A-L-C-190-7-1,20.02.2020-13:27:19,2.00000000e+01,6.44821286e-01,8.86027622e+00,2.15307530e-03,2.62701111e+02,8.01652603e+01,1.86424522e+01,1.93091780e-01,2.84512520e-01
5345803-S04-156I3-A-L-C-190-7-1,20.02.2020-13:27:21,1.90000000e+01,6.44699156e-01,8.87797737e+00,1.90987391e-03,4.84160156e+02,8.04658813e+01,1.87461929e+01,1.17408045e-01,1.89142883e-01
5345803-S04-156I3-A-L-C-190-7-1,20.02.2020-13:27:23,2.10000000e+01,6.41433775e-01,8.84324455e+00,1.91711320e-03,1.30621262e+02,8.02133713e+01,1.85199757e+01,2.57283866e-01,3.09163749e-01
5345803-S04-156I3-A-L-C-190-7-1,20.02.2020-13:27:25,1.40000000e+01,6.42479122e-01,8.86067486e+00,1.80712645e-03,2.23368149e+01,7.97929153e+01,1.84892921e+01,1.57131827e+00,1.88322651e+00
5345803-S04-156I3-A-L-C-190-7-1,20.02.2020-13:27:27,2.00000000e+01,6.43618822e-01,8.88744545e+00,2.19460088e-03,1.03614334e+02,7.99789810e+01,1.86213741e+01,3.19179356e-01,4.91818875e-01
5345803-S04-156I3-A-L-C-190-7-1,20.02.2020-13:27:30,1.00000000e+00,6.41775608e-01,8.86210537e+00,2.17264448e-03,1.34880554e+02,7.96710968e+01,1.84438305e+01,3.48172843e-01,6.90113246e-01
5345803-S04-156I3-A-L-C-190-7-1,20.02.2020-13:27:32,1.00000000e+00,6.44002199e-01,8.85107803e+00,2.42757704e-03,6.13312340e+01,7.97304306e+01,1.84985542e+01,6.06508672e-01,9.35234070e-01
5345803-S04-156I3-A-L-C-190-7-1,20.02.2020-13:27:34,1.90000000e+01,6.45876050e-01,8.89214706e+00,1.68036355e-03,8.06630325e+01,8.00919266e+01,1.87229710e+01,4.15546656e-01,5.61868250e-01
5345803-S04-156I3-A-L-C-190-7-1,20.02.2020-13:27:36,2.10000000e+01,6.41874611e-01,8.85582161e+00,1.91213551e-03,8.32391357e+01,8.00631638e+01,1.85243092e+01,3.39842051e-01,8.07811260e-01
5345803-S04-156I3-A-L-C-190-7-1,20.02.2020-13:27:38,2.10000000e+01,6.43049002e-01,8.88653660e+00,2.01467937e-03,6.08303299e+01,7.99126816e+01,1.85875645e+01,3.94695431e-01,6.26418114e-01
5345803-S04-156I3-A-L-C-190-7-1,20.02.2020-13:28:26,2.10000000e+01,6.44011080e-01,8.86092758e+00,2.13740999e-03,9.16262589e+01,7.98280640e+01,1.85420761e+01,2.87912250e-01,3.39658082e-01
5345803-S04-156I3-A-L-C-190-7-1,20.02.2020-13:28:28,1.00000000e+00,6.41736031e-01,8.82036114e+00,1.86149112e-03,9.09391861e+01,7.99798203e+01,1.84269466e+01,3.52210999e-01,5.13557315e-01
5345803-S04-156I3-A-L-C-190-7-1,20.02.2020-13:28:30,2.10000000e+01,6.44279897e-01,8.86673450e+00,2.28448887e-03,1.03423599e+02,7.97568207e+01,1.85454044e+01,4.01396364e-01,4.99318659e-01
5345803-S04-156I3-A-L-C-190-7-1,20.02.2020-13:28:32,1.00000000e+00,6.39668941e-01,8.81649303e+00,1.72875868e-03,1.14458351e+02,8.01610107e+01,1.84011326e+01,2.63464749e-01,4.76483375e-01
5345803-S04-156I3-A-L-C-190-7-1,20.02.2020-13:28:34,1.00000000e+00,6.38705194e-01,8.83334064e+00,1.81103882e-03,8.12567902e+01,8.01389694e+01,1.84034557e+01,2.81999618e-01,4.72836196e-01
5345803-S04-156I3-A-L-C-190-7-1,20.02.2020-13:28:36,2.00000000e+00,6.38965786e-01,8.78816032e+00,1.95474224e-03,8.51840744e+01,8.02773361e+01,1.83484211e+01,3.20238024e-01,5.94653428e-01
5345803-S04-156I3-A-L-C-190-7-1,20.02.2020-13:28:39,1.00000000e+00,6.41878724e-01,8.81493187e+00,1.55225187e-03,6.73821259e+01,8.01613235e+01,1.84615021e+01,3.75946611e-01,6.26636863e-01
5345803-S04-156I3-A-L-C-190-7-1,20.02.2020-13:28:41,2.10000000e+01,6.42446995e-01,8.86839294e+00,1.56380096e-03,7.78858185e+01,8.01198120e+01,1.85802841e+01,3.77403647e-01,5.47247171e-01
5345803-S04-156I3-A-L-C-190-7-1,20.02.2020-13:28:43,1.00000000e+00,6.41163290e-01,8.85589123e+00,1.95688405e-03,9.92098389e+01,7.99774857e+01,1.84841251e+01,2.88686335e-01,3.58943462e-01
5345803-S04-156I3-A-L-C-190-7-1,20.02.2020-13:28:45,2.00000000e+01,6.44207656e-01,8.85350609e+00,1.93818263e-03,9.26191483e+01,8.02296143e+01,1.86254196e+01,3.72069299e-01,8.03355098e-01
5345803-S04-156I3-A-L-C-190-7-1,20.02.2020-13:28:47,2.00000000e+01,6.43377781e-01,8.85651970e+00,1.95054268e-03,3.33382812e+02,8.03383408e+01,1.86329746e+01,1.32294267e-01,4.03938860e-01
5345803-S04-156I3-A-L-C-190-7-1,20.02.2020-13:28:49,2.10000000e+01,6.42322958e-01,8.83645725e+00,1.99191738e-03,2.96162201e+02,8.02445831e+01,1.85386276e+01,1.47618115e-01,4.79260981e-01
5345803-S04-156I3-A-L-C-190-7-1,20.02.2020-13:28:51,2.10000000e+01,6.43898368e-01,8.84720898e+00,2.03494309e-03,2.52370026e+02,8.01413040e+01,1.85827579e+01,1.46996349e-01,4.96996760e-01
5345803-S04-156I3-A-L-C-190-7-1,20.02.2020-13:28:53,2.10000000e+01,6.41846359e-01,8.82995510e+00,2.03697034e-03,2.16530655e+02,8.03067093e+01,1.85255699e+01,1.39219880e-01,4.99415487e-01
5345803-S04-156I3-A-L-C-190-7-1,20.02.2020-13:28:55,2.10000000e+01,6.43813610e-01,8.84272957e+00,1.88876968e-03,3.25144104e+02,8.02223587e+01,1.85896893e+01,1.03626385e-01,4.69714552e-01
5345803-S04-156I3-A-L-C-190-7-1,20.02.2020-13:28:58,2.00000000e+00,6.39121175e-01,8.86212444e+00,2.07224488e-03,3.52479645e+02,7.97852859e+01,1.83939095e+01,8.93400535e-02,1.35265648e-01
5345803-S04-156I3-A-L-C-190-7-1,20.02.2020-13:29:00,2.00000000e+00,6.41058803e-01,8.79207993e+00,2.25681020e-03,2.60289642e+02,7.97709198e+01,1.83005562e+01,2.32470915e-01,1.02119982e+00
5345803-S04-156I3-A-L-C-190-7-1,20.02.2020-13:29:02,1.00000000e+00,6.43317699e-01,8.85159874e+00,2.37734709e-03,1.23383080e+02,7.96636581e+01,1.84645042e+01,2.07318872e-01,5.64711034e-01
5345803-S04-156I3-A-L-C-190-7-1,20.02.2020-13:29:04,2.00000000e+01,6.46832526e-01,8.87259674e+00,2.14392366e-03,1.96670303e+02,8.00397949e+01,1.86972942e+01,1.47080496e-01,2.20224142e-01
5345803-S04-156I3-A-L-C-190-7-1,20.02.2020-13:29:06,2.00000000e+00,6.41001284e-01,8.81413364e+00,2.18050135e-03,1.41272461e+02,7.98029938e+01,1.83521919e+01,2.65727252e-01,9.62372899e-01
5345803-S04-156I3-A-L-C-190-7-1,20.02.2020-13:29:08,2.00000000e+00,6.41361296e-01,8.81346130e+00,2.27514631e-03,2.74381378e+02,7.96350403e+01,1.83224545e+01,1.96479023e-01,1.02340043e+00
5345803-S04-156I3-A-L-C-190-7-1,20.02.2020-13:29:10,2.00000000e+00,6.40882134e-01,8.78571320e+00,2.18005804e-03,3.17168640e+02,7.97450943e+01,1.82763462e+01,1.61267847e-01,1.14238977e+00
5345803-S04-156I3-A-L-C-190-7-1,20.02.2020-13:29:12,2.00000000e+01,6.41358316e-01,8.88664818e+00,1.87760952e-03,5.67193054e+02,8.01960373e+01,1.86046619e+01,8.07749704e-02,3.12758714e-01
5345803-S04-156I3-A-L-C-190-7-1,20.02.2020-13:29:15,2.00000000e+01,6.41337872e-01,8.90088463e+00,1.87672570e-03,2.98118561e+02,8.02394104e+01,1.86439533e+01,1.00500979e-01,3.17642778e-01
5345803-S04-156I3-A-L-C-190-7-1,20.02.2020-13:29:17,1.90000000e+01,6.43418789e-01,8.95073986e+00,1.96405547e-03,1.45862320e+02,8.00619659e+01,1.87676182e+01,1.36123016e-01,1.63083002e-01
5345803-S04-156I3-A-L-C-190-7-1,20.02.2020-13:29:19,2.10000000e+01,6.38824582e-01,8.98282814e+00,1.98093755e-03,2.16860794e+02,7.94718094e+01,1.85625687e+01,1.20519556e-01,1.60122871e-01
5345803-S04-156I3-A-L-C-190-7-1,20.02.2020-13:29:21,1.90000000e+01,6.43573642e-01,8.95326519e+00,1.77962380e-03,3.56795593e+02,8.01262589e+01,1.87925091e+01,1.10195890e-01,1.90719485e-01
5345803-S04-156I3-A-L-C-190-7-1,20.02.2020-13:29:23,1.90000000e+01,6.43643975e-01,8.94934464e+00,1.73659506e-03,3.26775452e+02,8.01099854e+01,1.87825165e+01,1.33299544e-01,2.39313766e-01
5345803-S04-156I3-A-L-C-190-7-1,20.02.2020-13:29:25,1.00000000e+00,6.38633847e-01,8.97577286e+00,2.28382228e-03,1.43261047e+02,7.92670212e+01,1.84946690e+01,1.81355491e-01,2.34942809e-01
5345803-S04-156I3-A-L-C-190-7-1,20.02.2020-13:29:27,2.10000000e+01,6.38888657e-01,8.97351837e+00,1.93279027e-03,1.08147301e+02,7.94779968e+01,1.85466309e+01,2.00212449e-01,2.49374956e-01
5345803-S04-156I3-A-L-C-190-7-1,20.02.2020-13:29:29,9.00000000e+00,6.44627690e-01,8.96577072e+00,2.02023913e-03,1.90265137e+02,8.01442871e+01,1.88538227e+01,1.32174611e-01,1.71380922e-01
5345803-S04-156I3-A-L-C-190-7-1,20.02.2020-13:29:31,9.00000000e+00,6.45801067e-01,8.94109726e+00,1.96375651e-03,5.44456848e+02,8.03262253e+01,1.88789177e+01,4.02129404e-02,5.49685545e-02
5345803-S04-156I3-A-L-C-190-7-1,20.02.2020-13:29:34,2.10000000e+01,6.38159037e-01,8.98453426e+00,2.20813928e-03,2.93548584e+02,7.92788010e+01,1.85017071e+01,6.14943989e-02,8.12126771e-02
5345803-S04-156I3-A-L-C-190-7-1,20.02.2020-13:29:36,1.90000000e+01,6.43408954e-01,8.93353176e+00,1.97792891e-03,3.39519989e+02,7.99486389e+01,1.87047348e+01,9.99707207e-02,1.85678050e-01
5345803-S04-156I3-A-L-C-190-7-1,20.02.2020-13:29:38,8.00000000e+00,6.47029102e-01,8.96174145e+00,1.73978414e-03,1.69327164e+02,8.02596512e+01,1.89427795e+01,1.82745785e-01,2.23086789e-01
5345803-S04-156I3-A-L-C-190-7-1,20.02.2020-13:29:40,2.10000000e+01,6.38962388e-01,8.99669075e+00,2.27741851e-03,5.51570618e+02,7.92569275e+01,1.85449409e+01,5.34491502e-02,7.75459856e-02
5345803-S04-156I3-A-L-C-190-7-1,20.02.2020-13:29:42,9.00000000e+00,6.44138694e-01,8.95856762e+00,1.80843356e-03,1.88082901e+02,8.01647873e+01,1.88291988e+01,1.40558928e-01,2.31254265e-01
5345803-S04-156I3-A-L-C-190-7-1,20.02.2020-13:29:44,9.00000000e+00,6.45427287e-01,8.94423962e+00,1.97160873e-03,1.64181152e+02,8.03715591e+01,1.88852749e+01,2.27039099e-01,3.26006532e-01
5345803-S04-156I3-A-L-C-190-7-1,20.02.2020-13:29:46,2.00000000e+01,6.44411147e-01,8.88353443e+00,1.77589094e-03,1.74592514e+02,8.00030441e+01,1.86417007e+01,2.10258231e-01,3.57676893e-01
5345803-S04-156I3-A-L-C-190-7-1,20.02.2020-13:29:48,8.00000000e+00,6.47382677e-01,8.97279072e+00,1.98117644e-03,3.30887421e+02,8.01889267e+01,1.89597759e+01,9.66677740e-02,1.21989518e-01
5345803-S04-156I3-A-L-C-190-7-1,20.02.2020-13:29:51,2.10000000e+01,6.38180435e-01,9.00541210e+00,2.28803372e-03,2.77764435e+02,7.93711548e+01,1.85669250e+01,6.37980178e-02,8.32511857e-02
5345803-S04-156I3-A-L-C-190-7-1,20.02.2020-13:29:53,8.00000000e+00,6.46469355e-01,8.97735786e+00,2.01748591e-03,4.13023041e+02,8.03182144e+01,1.89732056e+01,5.19471541e-02,7.33137950e-02
5345803-S04-156I3-A-L-C-190-7-1,20.02.2020-13:29:55,2.10000000e+01,6.38285458e-01,8.96908855e+00,2.09959387e-03,2.56453217e+02,7.94196548e+01,1.85063782e+01,1.15213439e-01,1.53881684e-01
5345803-S04-156I3-A-L-C-190-7-1,20.02.2020-13:29:57,9.00000000e+00,6.45159543e-01,8.96623611e+00,1.85671693e-03,3.51328705e+02,8.00785065e+01,1.88548660e+01,8.34424123e-02,1.16289750e-01
5345803-S04-156I3-A-L-C-190-7-1,20.02.2020-13:29:59,2.10000000e+01,6.38559282e-01,9.00525665e+00,2.00017868e-03,2.23896637e+02,7.92117844e+01,1.85403233e+01,8.04563835e-02,1.01930715e-01
5345803-S04-156I3-A-L-C-190-7-1,20.02.2020-13:30:01,2.10000000e+01,6.38197601e-01,8.99685383e+00,1.89820526e-03,1.98403046e+02,7.93509598e+01,1.85450573e+01,1.03289537e-01,1.27317145e-01
5345803-S04-156I3-A-L-C-190-7-1,20.02.2020-13:30:03,8.00000000e+00,6.47165239e-01,8.97174263e+00,1.90523639e-03,2.68663574e+02,8.02785797e+01,1.89723816e+01,9.36831832e-02,1.18476041e-01
5345803-S04-156I3-A-L-C-190-7-1,20.02.2020-13:30:08,8.00000000e+00,6.46115124e-01,8.97873306e+00,1.85328838e-03,1.68010574e+02,8.02893982e+01,1.89589081e+01,1.18111983e-01,1.49515226e-01
5345803-S04-156I3-A-L-C-190-7-1,20.02.2020-13:30:11,2.10000000e+01,6.38578773e-01,8.99766445e+00,1.98711781e-03,1.90800735e+02,7.94543915e+01,1.85819988e+01,1.05317108e-01,1.34269163e-01
5345803-S04-156I3-A-L-C-190-7-1,20.02.2020-13:30:13,9.00000000e+00,6.46381676e-01,8.91433048e+00,1.80942134e-03,3.13755188e+02,8.02738495e+01,1.88270397e+01,1.07604273e-01,4.19140309e-01
5345803-S04-156I3-A-L-C-190-7-1,20.02.2020-13:30:16,2.10000000e+01,6.38507009e-01,8.99737167e+00,1.98266725e-03,2.16291046e+02,7.95165634e+01,1.85938416e+01,9.61227715e-02,1.20930545e-01
5345803-S04-156I3-A-L-C-190-7-1,20.02.2020-13:30:18,2.00000000e+01,6.45299494e-01,8.90080643e+00,2.12451024e-03,2.97943665e+02,7.99206543e+01,1.86844330e+01,1.20810278e-01,2.75454044e-01
5345803-S04-156I3-A-L-C-190-7-1,20.02.2020-13:30:20,1.90000000e+01,6.44896269e-01,8.92831516e+00,2.09354935e-03,2.54477921e+02,8.00420303e+01,1.87589130e+01,9.42879692e-02,1.42185047e-01
5345803-S04-156I3-A-L-C-190-7-1,20.02.2020-13:30:22,1.90000000e+01,6.43218458e-01,8.94776917e+00,1.91187998e-03,2.51934204e+02,8.00659180e+01,1.87564716e+01,1.65804923e-01,3.71954083e-01
5345803-S04-156I3-A-L-C-190-7-1,20.02.2020-13:30:24,2.10000000e+01,6.38452888e-01,8.99189758e+00,2.06988468e-03,2.90325714e+02,7.95231857e+01,1.85825005e+01,7.16688037e-02,9.50464234e-02
5345803-S04-156I3-A-L-C-190-7-1,20.02.2020-13:30:26,9.00000000e+00,6.45566940e-01,8.96717548e+00,1.98591012e-03,3.44036011e+02,7.99953308e+01,1.88491497e+01,1.09657034e-01,1.48240402e-01
5345803-S04-156I3-A-L-C-190-7-1,20.02.2020-13:30:28,1.90000000e+01,6.43948257e-01,8.96493340e+00,2.14812462e-03,1.22105103e+02,7.99054794e+01,1.87760735e+01,2.26277396e-01,3.09516460e-01
5345803-S04-156I3-A-L-C-190-7-1,20.02.2020-13:30:30,2.10000000e+01,6.38273478e-01,8.97799301e+00,2.00087042e-03,1.57752609e+02,7.95860291e+01,1.85632095e+01,1.63769528e-01,2.09067732e-01
5345803-S04-156I3-A-L-C-190-7-1,20.02.2020-13:30:33,2.00000000e+01,6.42110705e-01,8.90314484e+00,1.58895308e-03,1.89021027e+02,8.02584457e+01,1.86755886e+01,2.01351658e-01,4.59934741e-01
5345803-S04-156I3-A-L-C-190-7-1,20.02.2020-13:30:35,2.10000000e+01,6.40297532e-01,8.87997437e+00,1.98404514e-03,8.98081970e+01,8.01641617e+01,1.85525646e+01,3.29354882e-01,5.62140822e-01
5345803-S04-156I3-A-L-C-190-7-1,20.02.2020-13:30:37,7.00000000e+00,6.46991313e-01,8.99206448e+00,1.85294123e-03,2.02209213e+02,8.04888077e+01,1.90600300e+01,1.19661309e-01,1.83002308e-01
5345803-S04-156I3-A-L-C-190-7-1,20.02.2020-13:30:39,1.90000000e+01,6.44473195e-01,8.90546227e+00,1.91820634e-03,3.35154266e+02,8.01055527e+01,1.87134609e+01,1.46518946e-01,3.27137291e-01
5345803-S04-156I3-A-L-C-190-7-1,20.02.2020-13:30:41,1.90000000e+01,6.45046949e-01,8.91246128e+00,1.76234450e-03,2.18857376e+02,8.00832367e+01,1.87396221e+01,1.47863910e-01,2.70223022e-01
5345803-S04-156I3-A-L-C-190-7-1,20.02.2020-13:30:43,7.00000000e+00,6.47713959e-01,8.98718166e+00,1.97838806e-03,3.64906128e+02,8.03256683e+01,1.90323009e+01,1.00773267e-01,1.46301121e-01
5345803-S04-156I3-A-L-C-190-7-1,20.02.2020-13:30:45,8.00000000e+00,6.47703171e-01,8.95838451e+00,2.20766081e-03,1.77852829e+02,8.02817230e+01,1.89606228e+01,2.14935198e-01,3.04966599e-01
5345803-S04-156I3-A-L-C-190-7-1,20.02.2020-13:30:48,7.00000000e+00,6.49369180e-01,8.96364212e+00,1.91161234e-03,5.43467957e+02,8.03143997e+01,1.90282917e+01,5.69806397e-02,1.20565102e-01
5345803-S04-156I3-A-L-C-190-7-1,20.02.2020-13:30:50,1.90000000e+01,6.42735779e-01,8.94004250e+00,2.08763639e-03,3.19417877e+02,8.00590439e+01,1.87246056e+01,1.24818727e-01,2.11903408e-01
5345803-S04-156I3-A-L-C-190-7-1,20.02.2020-13:30:52,1.90000000e+01,6.43631577e-01,8.95906544e+00,2.22740788e-03,2.84271606e+02,7.99445267e+01,1.87637215e+01,1.34135693e-01,1.95723951e-01
5345803-S04-156I3-A-L-C-190-7-1,20.02.2020-13:30:54,9.00000000e+00,6.44220948e-01,8.95866871e+00,1.84575806e-03,1.93290924e+02,8.01452103e+01,1.88272152e+01,1.81118265e-01,2.71674186e-01
5345803-S04-156I3-A-L-C-190-7-1,20.02.2020-13:30:56,2.10000000e+01,6.39284194e-01,8.98176861e+00,2.22347537e-03,2.33356400e+02,7.93470612e+01,1.85445747e+01,1.26415893e-01,1.64994702e-01
5345803-S04-156I3-A-L-C-190-7-1,20.02.2020-13:30:58,1.90000000e+01,6.44899130e-01,8.91682625e+00,1.88336661e-03,2.92814423e+02,8.00347824e+01,1.87331619e+01,1.06751241e-01,1.65917397e-01
5345803-S04-156I3-A-L-C-190-7-1,20.02.2020-13:31:00,1.90000000e+01,6.43656790e-01,8.95312023e+00,1.75951398e-03,2.61654022e+02,7.99107361e+01,1.87440777e+01,1.10838100e-01,1.87883273e-01
5345803-S04-156I3-A-L-C-190-7-1,20.02.2020-13:31:02,1.90000000e+01,6.44870520e-01,8.91909790e+00,1.62990566e-03,1.49260483e+02,8.01236343e+01,1.87579021e+01,1.58007130e-01,2.24800900e-01
5345803-S04-156I3-A-L-C-190-7-1,20.02.2020-13:31:04,9.00000000e+00,6.46563947e-01,8.91301537e+00,1.82344648e-03,2.83079315e+02,8.02333984e+01,1.88200817e+01,8.58200565e-02,3.38047028e-01
5345803-S04-156I3-A-L-C-190-7-1,20.02.2020-13:31:07,2.10000000e+01,6.38974309e-01,8.99852467e+00,2.03059916e-03,3.01082733e+02,7.93555603e+01,1.85721550e+01,8.76669288e-02,1.12165235e-01
5345803-S04-156I3-A-L-C-190-7-1,20.02.2020-13:31:09,1.90000000e+01,6.43799782e-01,8.95268726e+00,1.88250223e-03,1.22013527e+02,7.98946152e+01,1.87435532e+01,2.12034881e-01,2.99551219e-01
5345803-S04-156I3-A-L-C-190-7-1,20.02.2020-13:31:11,2.00000000e+01,6.42928839e-01,8.92455006e+00,1.94635382e-03,1.62757736e+02,8.00568924e+01,1.86972675e+01,1.99736521e-01,3.89127433e-01
5345803-S04-156I3-A-L-C-190-7-1,20.02.2020-13:31:13,2.10000000e+01,6.38977051e-01,9.00080490e+00,2.25002202e-03,1.40173401e+02,7.93190613e+01,1.85683956e+01,1.63692951e-01,2.05483153e-01
5345803-S04-156I3-A-L-C-190-7-1,20.02.2020-13:31:15,9.00000000e+00,6.45714641e-01,8.96809387e+00,1.80309825e-03,1.52138885e+02,8.00475845e+01,1.88677101e+01,1.48899153e-01,1.91184506e-01
5345803-S04-156I3-A-L-C-190-7-1,20.02.2020-13:31:17,8.00000000e+00,6.46808088e-01,8.96775913e+00,1.81931839e-03,1.22977158e+02,8.02973251e+01,1.89579182e+01,2.72598863e-01,3.36304218e-01
5345803-S04-156I3-A-L-C-190-7-1,20.02.2020-13:31:19,9.00000000e+00,6.45944417e-01,8.96540356e+00,2.15582154e-03,1.80099457e+02,8.00347366e+01,1.88657360e+01,1.10555023e-01,1.38141274e-01
5345803-S04-156I3-A-L-C-190-7-1,20.02.2020-13:31:21,2.10000000e+01,6.39294267e-01,8.98483562e+00,1.91896141e-03,1.28045578e+02,7.94431534e+01,1.85736656e+01,1.81606948e-01,2.30105296e-01
5345803-S04-156I3-A-L-C-190-7-1,20.02.2020-13:31:24,8.00000000e+00,6.46964848e-01,8.97025585e+00,1.81030750e-03,1.54438416e+02,8.02755737e+01,1.89626541e+01,1.38427392e-01,1.73080891e-01
5345803-S04-156I3-A-L-C-190-7-1,20.02.2020-13:31:26,2.10000000e+01,6.38749123e-01,9.00340462e+00,2.02216348e-03,4.17721313e+02,7.92945251e+01,1.85613918e+01,7.14571625e-02,9.06528309e-02
5345803-S04-156I3-A-L-C-190-7-1,20.02.2020-13:31:28,2.10000000e+01,6.38860226e-01,9.01115513e+00,2.04198016e-03,2.19854065e+02,7.92595749e+01,1.85724087e+01,8.58261809e-02,1.06814370e-01
5345803-S04-156I3-A-L-C-190-7-1,20.02.2020-13:31:30,2.10000000e+01,6.38398170e-01,8.99601173e+00,2.25242064e-03,3.03619720e+02,7.92360382e+01,1.85222855e+01,6.46445230e-02,8.45821425e-02
5345803-S04-156I3-A-L-C-190-7-1,20.02.2020-13:31:32,2.10000000e+01,6.39244497e-01,9.00268936e+00,2.29407358e-03,1.80683762e+02,7.91964264e+01,1.85513306e+01,1.29967332e-01,1.59022480e-01
5345803-S04-156I3-A-L-C-190-7-1,20.02.2020-13:31:34,8.00000000e+00,6.47479415e-01,8.98208809e+00,2.05133553e-03,1.15576996e+02,8.02133713e+01,1.89880447e+01,3.12675416e-01,3.97573620e-01
5345803-S04-156I3-A-L-C-190-7-1,20.02.2020-13:31:37,1.90000000e+01,6.43150687e-01,8.94706345e+00,2.01966497e-03,1.29359253e+02,8.00758362e+01,1.87553387e+01,2.45071217e-01,3.64527136e-01
5345803-S04-156I3-A-L-C-190-7-1,20.02.2020-13:31:39,1.00000000e+00,6.36247158e-01,8.98327541e+00,2.10816297e-03,2.43436630e+02,7.93351517e+01,1.84568005e+01,1.08997822e-01,1.35689184e-01
5345803-S04-156I3-A-L-C-190-7-1,20.02.2020-13:31:41,2.00000000e+01,6.41842663e-01,8.94309139e+00,2.10070587e-03,5.04549828e+01,7.98927002e+01,1.86660976e+01,6.78692818e-01,9.43378329e-01
5345803-S04-156I3-A-L-C-190-7-1,20.02.2020-13:31:43,1.90000000e+01,6.43656671e-01,8.94857025e+00,2.02849158e-03,2.27483768e+01,7.98406219e+01,1.87181129e+01,1.14393616e+00,1.32207787e+00
5345803-S04-156I3-A-L-C-190-7-1,20.02.2020-13:31:45,1.40000000e+01,6.46511137e-01,8.94478512e+00,1.77214993e-03,1.41125402e+01,8.00349808e+01,1.88389187e+01,1.89465725e+00,2.21346593e+00
5345803-S04-156I3-A-L-C-190-7-1,20.02.2020-13:31:47,2.40000000e+01,6.43914640e-01,8.89550495e+00,1.64861267e-03,5.27367067e+00,7.96754608e+01,1.85760612e+01,4.01103354e+00,4.64968634e+00
5345803-S04-156I3-A-L-C-190-7-1,20.02.2020-13:31:49,1.40000000e+01,6.43633664e-01,8.88306808e+00,1.75130297e-03,1.35384626e+01,7.98546982e+01,1.85837097e+01,1.75589788e+00,2.07077575e+00
5345803-S04-156I3-A-L-C-190-7-1,20.02.2020-13:31:51,7.00000000e+00,6.48186922e-01,8.97736168e+00,1.62891089e-03,1.34967636e+02,8.04895020e+01,1.90641918e+01,2.25074053e-01,3.33514184e-01
5345803-S04-156I3-A-L-C-190-7-1,20.02.2020-13:31:53,8.00000000e+00,6.48869634e-01,8.97099495e+00,2.04102905e-03,1.01500519e+02,8.02327576e+01,1.90099049e+01,2.85173118e-01,3.72007251e-01
5345803-S04-156I3-A-L-C-190-7-1,20.02.2020-13:32:04,1.00000000e+00,6.40134931e-01,8.83244705e+00,1.88738876e-03,8.51838226e+01,8.00625000e+01,1.84251881e+01,5.36583424e-01,1.45532453e+00
5345803-S04-156I3-A-L-C-190-7-1,20.02.2020-13:32:06,7.00000000e+00,6.48737669e-01,8.96255016e+00,1.85694825e-03,7.28125610e+01,8.04177933e+01,1.90319405e+01,5.40176749e-01,6.85004890e-01
5345803-S04-156I3-A-L-C-190-7-1,20.02.2020-13:32:08,8.00000000e+00,6.47513628e-01,8.94352818e+00,2.06528511e-03,2.14332794e+02,8.03078156e+01,1.89297886e+01,1.46553323e-01,2.55822122e-01
5345803-S04-156I3-A-L-C-190-7-1,20.02.2020-13:41:32,2.10000000e+01,6.41867518e-01,8.88247871e+00,2.07702746e-03,7.77348328e+01,8.00721741e+01,1.85819550e+01,3.36551130e-01,4.50791478e-01
5345803-S04-156I3-A-L-C-190-7-1,20.02.2020-13:41:34,9.00000000e+00,6.46807194e-01,8.91753101e+00,1.89826300e-03,1.00787132e+02,8.03819885e+01,1.88715858e+01,2.92571098e-01,5.17841101e-01
5345803-S04-156I3-A-L-C-190-7-1,20.02.2020-13:41:36,2.00000000e+01,6.41963422e-01,8.90135098e+00,2.08682008e-03,1.07876923e+02,8.00785904e+01,1.86257095e+01,2.35136792e-01,3.23102176e-01
5345803-S04-156I3-A-L-C-190-7-1,20.02.2020-13:41:38,8.00000000e+00,6.47059143e-01,8.94556236e+00,1.85171457e-03,1.09362587e+02,8.03550415e+01,1.89319305e+01,2.37999514e-01,3.83990645e-01
5345803-S04-156I3-A-L-C-190-7-1,20.02.2020-13:41:40,2.10000000e+01,6.40003681e-01,8.86996269e+00,1.93391892e-03,1.05109100e+02,8.02672043e+01,1.85469551e+01,2.43833706e-01,3.49797249e-01
5345803-S04-156I3-A-L-C-190-7-1,20.02.2020-13:41:42,1.90000000e+01,6.44202113e-01,8.92406273e+00,1.69849012e-03,1.13991615e+02,8.03100586e+01,1.87925148e+01,4.70357716e-01,7.29041219e-01
5345803-S04-156I3-A-L-C-190-7-1,20.02.2020-13:41:45,9.00000000e+00,6.45470679e-01,8.96117592e+00,1.85257650e-03,8.25001450e+01,8.01723404e+01,1.88754044e+01,3.72982204e-01,5.95458150e-01
5345803-S04-156I3-A-L-C-190-7-1,20.02.2020-13:41:47,9.00000000e+00,6.46823049e-01,8.95828342e+00,1.98189705e-03,1.34605438e+02,7.99257202e+01,1.88506813e+01,3.10609609e-01,3.96268815e-01
5345803-S04-156I3-A-L-C-190-7-1,20.02.2020-13:41:49,1.90000000e+01,6.45312846e-01,8.90832710e+00,1.74606266e-03,1.80686737e+02,7.99706345e+01,1.87123013e+01,2.83193350e-01,6.45680487e-01
5345803-S04-156I3-A-L-C-190-7-1,20.02.2020-13:41:51,9.00000000e+00,6.46815658e-01,8.96894073e+00,1.97699829e-03,9.57815552e+01,8.00202789e+01,1.88952217e+01,3.43217075e-01,4.06109810e-01
5345803-S04-156I3-A-L-C-190-7-1,20.02.2020-13:41:53,9.00000000e+00,6.45730495e-01,8.93847847e+00,1.97694427e-03,1.29629501e+02,8.00305405e+01,1.88018608e+01,3.03291172e-01,4.06524658e-01
5345803-S04-156I3-A-L-C-190-7-1,20.02.2020-13:41:55,1.90000000e+01,6.45488739e-01,8.91983795e+00,1.77765568e-03,1.13393814e+02,8.00952835e+01,1.87707977e+01,3.89661312e-01,4.95879948e-01
5345803-S04-156I3-A-L-C-190-7-1,20.02.2020-13:41:57,1.40000000e+01,6.35670483e-01,8.77631283e+00,1.68573472e-03,1.94046078e+01,7.90507278e+01,1.79506512e+01,1.45713997e+00,1.74869108e+00
5345803-S04-156I3-A-L-C-190-7-1,20.02.2020-13:41:59,1.40000000e+01,6.35851264e-01,8.79070759e+00,1.90145359e-03,1.34058332e+01,7.88151016e+01,1.79315987e+01,1.97747660e+00,2.37086034e+00
5345803-S04-156I3-A-L-C-190-7-1,20.02.2020-13:42:02,1.40000000e+01,6.37475669e-01,8.83485508e+00,1.86399044e-03,1.89936638e+01,7.93362732e+01,1.81871662e+01,1.69889212e+00,2.25088096e+00
5345803-S04-156I3-A-L-C-190-7-1,20.02.2020-13:42:04,1.40000000e+01,6.43739939e-01,8.91447258e+00,1.90268899e-03,1.61600475e+01,7.93297806e+01,1.85298786e+01,1.72538376e+00,2.08606076e+00
5345803-S04-156I3-A-L-C-190-7-1,20.02.2020-13:42:06,1.40000000e+01,6.43430293e-01,8.88064003e+00,1.91639038e-03,1.95468349e+01,7.91033707e+01,1.83980160e+01,1.42272747e+00,1.68872106e+00
5345803-S04-156I3-A-L-C-190-7-1,20.02.2020-13:42:08,1.40000000e+01,6.45402849e-01,8.94545555e+00,2.15458078e-03,1.86419258e+01,7.94089279e+01,1.86609135e+01,1.32530999e+00,1.52886820e+00
5345803-S04-156I3-A-L-C-190-7-1,20.02.2020-13:42:10,1.40000000e+01,6.37282193e-01,8.79801941e+00,1.67434837e-03,1.97255707e+01,7.88416824e+01,1.79929657e+01,1.42577600e+00,1.72100949e+00
5345803-S04-156I3-A-L-C-190-7-1,20.02.2020-13:42:12,1.40000000e+01,6.33945167e-01,8.75781250e+00,1.87450706e-03,2.30701237e+01,7.90373154e+01,1.78611603e+01,1.34977746e+00,1.63875425e+00
5345803-S04-156I3-A-L-C-190-7-1,20.02.2020-13:42:14,1.40000000e+01,6.44255042e-01,8.95790291e+00,1.91812078e-03,1.55080366e+01,7.94480362e+01,1.86628304e+01,1.67271030e+00,1.94765270e+00
5345803-S04-156I3-A-L-C-190-7-1,20.02.2020-13:42:16,2.00000000e+00,6.43179417e-01,8.82696152e+00,2.14017136e-03,2.47118702e+01,7.92989655e+01,1.83248768e+01,1.12527359e+00,1.48510027e+00
5345803-S04-156I3-A-L-C-190-7-1,20.02.2020-13:42:19,2.00000000e+01,6.42622471e-01,8.94938755e+00,1.66080287e-03,1.49147629e+02,7.98085327e+01,1.86822300e+01,1.43201202e-01,1.67146176e-01
5345803-S04-156I3-A-L-C-190-7-1,20.02.2020-13:42:21,2.00000000e+01,6.43069446e-01,8.89105415e+00,1.85727573e-03,1.99951309e+02,8.00652161e+01,1.86331043e+01,2.27694392e-01,4.55139190e-01
5345803-S04-156I3-A-L-C-190-7-1,20.02.2020-13:42:23,8.00000000e+00,6.47629917e-01,8.97841072e+00,2.01421813e-03,1.71619385e+02,8.00586243e+01,1.89480591e+01,1.31487980e-01,1.73661157e-01
5345803-S04-156I3-A-L-C-190-7-1,20.02.2020-13:42:25,8.00000000e+00,6.48234725e-01,8.99021530e+00,1.84133730e-03,2.62112885e+02,8.00671082e+01,1.89927006e+01,1.04754120e-01,1.40034169e-01
5345803-S04-156I3-A-L-C-190-7-1,20.02.2020-13:42:27,9.00000000e+00,6.45373583e-01,8.96399689e+00,1.95541466e-03,1.50878036e+02,7.99501724e+01,1.88261929e+01,2.49848559e-01,4.01405275e-01
5345803-S04-156I3-A-L-C-190-7-1,20.02.2020-13:42:29,9.00000000e+00,6.45531714e-01,8.95833588e+00,1.80366170e-03,2.11990570e+02,7.99415359e+01,1.88168774e+01,1.94060773e-01,3.37611198e-01
5345803-S04-156I3-A-L-C-190-7-1,20.02.2020-13:42:31,1.90000000e+01,6.45275533e-01,8.92592049e+00,1.91749213e-03,2.21295532e+02,8.00410690e+01,1.87646847e+01,1.51395902e-01,3.44628841e-01
5345803-S04-156I3-A-L-C-190-7-1,20.02.2020-13:42:33,8.00000000e+00,6.47876263e-01,8.96907234e+00,1.82732719e-03,1.59849075e+02,8.00593796e+01,1.89357281e+01,1.88602746e-01,2.47434035e-01
5345803-S04-156I3-A-L-C-190-7-1,20.02.2020-13:42:36,8.00000000e+00,6.47313297e-01,8.98863983e+00,2.15329975e-03,2.06350586e+02,8.01626434e+01,1.89850082e+01,1.36923179e-01,1.78084254e-01
5345803-S04-156I3-A-L-C-190-7-1,20.02.2020-13:42:38,8.00000000e+00,6.47694349e-01,8.97686386e+00,2.34226626e-03,2.89248505e+02,8.00011749e+01,1.89330826e+01,1.16257884e-01,1.61804736e-01
5345803-S04-156I3-A-L-C-190-7-1,20.02.2020-13:42:40,1.90000000e+01,6.44976556e-01,8.93718529e+00,2.29694694e-03,2.14701981e+02,7.98241730e+01,1.87287712e+01,1.66590720e-01,2.92982906e-01
5345803-S04-156I3-A-L-C-190-7-1,20.02.2020-13:42:42,2.10000000e+01,6.39203668e-01,9.00120831e+00,2.21457495e-03,1.56034744e+02,7.93202209e+01,1.85760841e+01,1.50126129e-01,1.78525269e-01
5345803-S04-156I3-A-L-C-190-7-1,20.02.2020-13:42:44,9.00000000e+00,6.44188166e-01,8.94172764e+00,1.93007535e-03,1.98684433e+02,8.01958160e+01,1.88025208e+01,1.07039027e-01,1.45063624e-01
5345803-S04-156I3-A-L-C-190-7-1,20.02.2020-13:42:46,2.10000000e+01,6.39974296e-01,9.00092125e+00,2.14473205e-03,1.55337418e+02,7.92819290e+01,1.85889091e+01,1.17330387e-01,1.41763702e-01
5345803-S04-156I3-A-L-C-190-7-1,20.02.2020-13:42:48,2.00000000e+01,6.42450333e-01,8.95413876e+00,1.70299970e-03,2.09973022e+02,7.98412933e+01,1.86948147e+01,1.03287384e-01,1.17965825e-01
5345803-S04-156I3-A-L-C-190-7-1,20.02.2020-13:42:50,9.00000000e+00,6.45679474e-01,8.98025322e+00,1.98772340e-03,1.28103622e+02,7.99618454e+01,1.88720284e+01,2.03663379e-01,3.30400944e-01
5345803-S04-156I3-A-L-C-190-7-1,20.02.2020-13:42:53,1.90000000e+01,6.43780231e-01,8.92942333e+00,1.88797526e-03,2.53683563e+02,8.00289001e+01,1.87257004e+01,1.46143779e-01,4.00624961e-01
5345803-S04-156I3-A-L-C-190-7-1,20.02.2020-13:42:55,7.00000000e+00,6.47967696e-01,9.00364590e+00,1.94192899e-03,1.64016922e+02,8.01033859e+01,1.90218544e+01,1.77863732e-01,2.35359430e-01
5345803-S04-156I3-A-L-C-190-7-1,20.02.2020-13:42:57,2.00000000e+01,6.42955363e-01,8.92004204e+00,1.79312588e-03,8.77187042e+01,8.00154877e+01,1.86789284e+01,3.10177326e-01,5.14275193e-01
5345803-S04-156I3-A-L-C-190-7-1,20.02.2020-13:42:59,2.10000000e+01,6.42257869e-01,8.88781834e+00,1.95442815e-03,8.70487289e+01,7.99969711e+01,1.85869579e+01,3.33580405e-01,6.20611072e-01
5345803-S04-156I3-A-L-C-190-7-1,20.02.2020-13:43:01,9.00000000e+00,6.45939350e-01,8.98525047e+00,1.92960887e-03,1.69244308e+02,8.00120316e+01,1.89019852e+01,1.60149530e-01,2.78749853e-01
5345803-S04-156I3-A-L-C-190-7-1,20.02.2020-13:43:03,8.00000000e+00,6.47449851e-01,8.98281860e+00,2.05298839e-03,1.51218460e+02,8.00838318e+01,1.89580555e+01,1.93227842e-01,2.40290940e-01
5345803-S04-156I3-A-L-C-190-7-1,20.02.2020-13:43:05,9.00000000e+00,6.44644141e-01,8.96442986e+00,2.16627051e-03,1.86677872e+02,8.01486664e+01,1.88525124e+01,1.76200554e-01,3.34068477e-01
5345803-S04-156I3-A-L-C-190-7-1,20.02.2020-13:43:07,7.00000000e+00,6.48118913e-01,9.00876904e+00,2.28388049e-03,1.71526459e+02,8.00528488e+01,1.90251083e+01,1.47131458e-01,1.94179162e-01
5345803-S04-156I3-A-L-C-190-7-1,20.02.2020-13:43:10,8.00000000e+00,6.46456242e-01,8.98349190e+00,2.04160903e-03,1.43110916e+02,8.02239609e+01,1.89635048e+01,1.68420598e-01,2.16726169e-01
5345803-S04-156I3-A-L-C-190-7-1,20.02.2020-13:43:12,1.90000000e+01,6.43817604e-01,8.93407440e+00,2.02518399e-03,2.27067871e+02,8.02407913e+01,1.87861519e+01,1.72703683e-01,3.08383018e-01
5345803-S04-156I3-A-L-C-190-7-1,20.02.2020-13:43:14,1.90000000e+01,6.43790305e-01,8.93001842e+00,2.12260406e-03,2.14270752e+02,8.01597214e+01,1.87578564e+01,1.60539642e-01,3.18532586e-01
5345803-S04-156I3-A-L-C-190-7-1,20.02.2020-13:43:16,8.00000000e+00,6.47551417e-01,8.99371338e+00,2.05185125e-03,1.08768532e+02,8.00837784e+01,1.89840145e+01,2.23525554e-01,2.76203215e-01
5345803-S04-156I3-A-L-C-190-7-1,20.02.2020-13:43:18,8.00000000e+00,6.46695137e-01,8.97944450e+00,2.02292507e-03,1.28325775e+02,8.01359406e+01,1.89411602e+01,1.88603714e-01,2.32724950e-01
5345803-S04-156I3-A-L-C-190-7-1,20.02.2020-13:43:20,8.00000000e+00,6.46814942e-01,8.99765682e+00,2.15485995e-03,1.09643791e+02,8.01534958e+01,1.89872532e+01,2.61005342e-01,3.15531015e-01
5345803-S04-156I3-A-L-C-190-7-1,20.02.2020-13:43:22,1.90000000e+01,6.44889176e-01,8.94181824e+00,1.95049727e-03,1.47513382e+02,8.00450745e+01,1.87877922e+01,1.63146093e-01,2.84525037e-01
5345803-S04-156I3-A-L-C-190-7-1,20.02.2020-13:43:24,2.00000000e+01,6.42379045e-01,8.91230774e+00,2.05925829e-03,1.10931625e+02,8.00625687e+01,1.86569767e+01,3.03626448e-01,5.27924359e-01
5345803-S04-156I3-A-L-C-190-7-1,20.02.2020-13:43:27,8.00000000e+00,6.47734106e-01,9.00431061e+00,1.90155348e-03,1.54568909e+02,8.01019897e+01,1.90160675e+01,1.90106645e-01,2.41464362e-01
5345803-S04-156I3-A-L-C-190-7-1,20.02.2020-13:43:29,8.00000000e+00,6.45575643e-01,8.99531078e+00,1.93029013e-03,9.26146393e+01,8.00306473e+01,1.89168949e+01,2.54422814e-01,3.77603620e-01
5345803-S04-156I3-A-L-C-190-7-1,20.02.2020-13:43:31,1.90000000e+01,6.45261824e-01,8.94709015e+00,2.09571444e-03,1.83189911e+02,7.99590073e+01,1.87895069e+01,2.13893443e-01,4.11056459e-01
5345803-S04-156I3-A-L-C-190-7-1,20.02.2020-13:43:33,2.00000000e+01,6.40756786e-01,9.01708794e+00,1.97103037e-03,9.76667862e+01,7.94052353e+01,1.86740627e+01,1.93940639e-01,2.31542692e-01
5345803-S04-156I3-A-L-C-190-7-1,20.02.2020-13:43:35,1.90000000e+01,6.42437160e-01,8.95833206e+00,1.74477603e-03,1.92922791e+02,7.98692474e+01,1.87097321e+01,9.81989056e-02,1.12656936e-01
5345803-S04-156I3-A-L-C-190-7-1,20.02.2020-13:43:37,9.00000000e+00,6.45914853e-01,8.94732761e+00,2.16961745e-03,2.26523529e+02,8.00222702e+01,1.88239021e+01,1.17569104e-01,1.59607857e-01
5345803-S04-156I3-A-L-C-190-7-1,20.02.2020-13:43:39,2.10000000e+01,6.40591741e-01,8.94037533e+00,2.44755228e-03,1.66277176e+02,7.95018005e+01,1.85329361e+01,1.37408912e-01,1.56223625e-01
5345803-S04-156I3-A-L-C-190-7-1,20.02.2020-13:43:41,1.90000000e+01,6.44719183e-01,8.95405865e+00,2.27013510e-03,1.15189308e+02,7.98136978e+01,1.87541828e+01,2.34049171e-01,3.52466613e-01
5345803-S04-156I3-A-L-C-190-7-1,20.02.2020-13:43:44,8.00000000e+00,6.47454202e-01,8.98833084e+00,2.13213451e-03,1.70533264e+02,8.01100769e+01,1.89760342e+01,1.25680134e-01,1.64473414e-01
5345803-S04-156I3-A-L-C-190-7-1,20.02.2020-13:43:46,8.00000000e+00,6.47455275e-01,8.99024487e+00,2.00076355e-03,1.43918915e+02,8.02161407e+01,1.90052376e+01,2.35635787e-01,2.89125085e-01
5345803-S04-156I3-A-L-C-190-7-1,20.02.2020-13:43:48,9.00000000e+00,6.45644844e-01,8.97005844e+00,1.68521458e-03,2.51877136e+02,7.98966217e+01,1.88342171e+01,1.64842710e-01,2.87696660e-01
5345803-S04-156I3-A-L-C-190-7-1,20.02.2020-13:43:50,8.00000000e+00,6.47297323e-01,8.96890736e+00,1.90473476e-03,2.07852921e+02,8.00487213e+01,1.89159412e+01,1.41393110e-01,1.85422271e-01
5345803-S04-156I3-A-L-C-190-7-1,20.02.2020-13:43:52,2.00000000e+01,6.41470671e-01,8.92013741e+00,2.27749278e-03,2.11970596e+02,7.98742828e+01,1.86031075e+01,2.00885862e-01,4.85404670e-01
5345803-S04-156I3-A-L-C-190-7-1,20.02.2020-13:43:54,9.00000000e+00,6.47503674e-01,8.96533680e+00,1.95570919e-03,1.70059769e+02,8.00218735e+01,1.89080925e+01,2.31032163e-01,2.93625742e-01
5345803-S04-156I3-A-L-C-190-7-1,20.02.2020-13:43:56,2.00000000e+01,6.42716050e-01,8.88928509e+00,1.84355909e-03,1.29428482e+02,8.00204391e+01,1.86087456e+01,2.43970945e-01,5.02032816e-01
5345803-S04-156I3-A-L-C-190-7-1,20.02.2020-13:43:58,8.00000000e+00,6.47685409e-01,8.98687840e+00,2.00645276e-03,1.71363724e+02,8.02232819e+01,1.90065632e+01,1.55851617e-01,2.00828761e-01
5345803-S04-156I3-A-L-C-190-7-1,20.02.2020-13:44:00,8.00000000e+00,6.47686839e-01,8.98582745e+00,1.98753620e-03,2.01008942e+02,8.01273117e+01,1.89816494e+01,1.49621844e-01,1.91370264e-01
5345803-S04-156I3-A-L-C-190-7-1,20.02.2020-13:44:03,1.40000000e+01,6.43497348e-01,8.93779373e+00,1.95340416e-03,1.96793823e+01,7.99119110e+01,1.87076302e+01,1.44402087e+00,1.78227270e+00
5345803-S04-156I3-A-L-C-190-7-1,20.02.2020-13:44:05,8.00000000e+00,6.48451686e-01,8.97673512e+00,2.02300167e-03,1.71218735e+02,8.00816727e+01,1.89740200e+01,1.50236994e-01,1.89356700e-01
5345803-S04-156I3-A-L-C-190-7-1,20.02.2020-13:44:07,7.00000000e+00,6.47913873e-01,9.00177097e+00,1.96213182e-03,1.89368958e+02,8.01728058e+01,1.90327930e+01,1.04515240e-01,1.32109925e-01
5345803-S04-156I3-A-L-C-190-7-1,20.02.2020-13:44:09,8.00000000e+00,6.47496879e-01,8.99881840e+00,1.73012249e-03,1.49842636e+02,8.00577393e+01,1.89870148e+01,1.57918155e-01,1.97583929e-01
5345803-S04-156I3-A-L-C-190-7-1,20.02.2020-13:44:11,7.00000000e+00,6.47582471e-01,9.00325108e+00,1.75766950e-03,1.50960800e+02,8.02088394e+01,1.90347366e+01,9.71280709e-02,1.20797157e-01
5345803-S04-156I3-A-L-C-190-7-1,20.02.2020-13:44:13,7.00000000e+00,6.47255123e-01,9.00189781e+00,1.82229746e-03,1.42050308e+02,8.02718048e+01,1.90371876e+01,1.16954863e-01,1.44764036e-01
5345803-S04-156I3-A-L-C-190-7-1,20.02.2020-13:44:15,8.00000000e+00,6.46859765e-01,8.99856091e+00,2.07919092e-03,2.77112427e+02,8.02647018e+01,1.90168247e+01,5.80573082e-02,7.62538463e-02
5345803-S04-156I3-A-L-C-190-7-1,20.02.2020-13:44:17,2.00000000e+01,6.41855776e-01,8.86604500e+00,1.89653900e-03,1.38281143e+02,8.03196106e+01,1.86045513e+01,3.89390469e-01,1.79130781e+00
5345803-S04-156I3-A-L-C-190-7-1,20.02.2020-13:44:19,7.00000000e+00,6.50803268e-01,8.94497108e+00,1.63883483e-03,4.81813324e+02,8.04929581e+01,1.90729027e+01,8.02227929e-02,3.65501225e-01
5345803-S04-156I3-A-L-C-190-7-1,20.02.2020-13:44:22,2.10000000e+01,6.40441239e-01,8.89370441e+00,1.98427914e-03,1.56672562e+02,7.99536743e+01,1.85366230e+01,2.76875049e-01,9.52911973e-01
5345803-S04-156I3-A-L-C-190-7-1,20.02.2020-13:44:24,1.90000000e+01,6.44543469e-01,8.95063400e+00,2.00567371e-03,2.11052124e+02,8.00301666e+01,1.87927322e+01,1.76161319e-01,4.61639643e-01
5345803-S04-156I3-A-L-C-190-7-1,20.02.2020-13:44:26,8.00000000e+00,6.47507906e-01,8.99385357e+00,2.24518171e-03,3.77845001e+02,8.00435944e+01,1.89735088e+01,1.12288162e-01,1.71295434e-01
5345803-S04-156I3-A-L-C-190-7-1,20.02.2020-13:44:28,2.10000000e+01,6.42954767e-01,8.91404057e+00,1.98128587e-03,2.35859589e+02,7.97298508e+01,1.85997105e+01,1.96117967e-01,5.63242018e-01
5345803-S04-156I3-A-L-C-190-7-1,20.02.2020-13:44:30,2.00000000e+01,6.43711507e-01,8.93798733e+00,2.02010316e-03,1.93962234e+02,7.98094864e+01,1.86902752e+01,2.18456671e-01,6.23579025e-01
5345803-S04-156I3-A-L-C-190-7-1,20.02.2020-13:44:32,8.00000000e+00,6.48573101e-01,8.99238491e+00,1.93170388e-03,2.94295380e+02,8.00338211e+01,1.89992981e+01,1.08020723e-01,1.60970092e-01
5345803-S04-156I3-A-L-C-190-7-1,20.02.2020-13:44:34,8.00000000e+00,6.48408890e-01,8.99343586e+00,2.18785089e-03,1.70031677e+02,7.99776230e+01,1.89833698e+01,1.57548890e-01,2.13561296e-01
5345803-S04-156I3-A-L-C-190-7-1,20.02.2020-13:44:37,1.90000000e+01,6.44681334e-01,8.95184708e+00,1.97165646e-03,8.76970749e+01,7.99135895e+01,1.87719135e+01,2.43246108e-01,5.51159799e-01
5345803-S04-156I3-A-L-C-190-7-1,20.02.2020-13:44:39,1.90000000e+01,6.43023610e-01,8.98917961e+00,2.03836290e-03,1.21691246e+02,7.96607208e+01,1.87422371e+01,1.88785985e-01,2.33757392e-01
5345803-S04-156I3-A-L-C-190-7-1,20.02.2020-13:44:41,2.10000000e+01,6.43069565e-01,8.89348221e+00,2.41766311e-03,1.53755020e+02,7.98635483e+01,1.85912495e+01,3.06237310e-01,1.34672570e+00
5345803-S04-156I3-A-L-C-190-7-1,20.02.2020-13:44:43,1.90000000e+01,6.43421471e-01,9.00322056e+00,2.11613090e-03,1.52734741e+02,7.97074127e+01,1.87941341e+01,1.40642777e-01,1.72418907e-01
5345803-S04-156I3-A-L-C-190-7-1,20.02.2020-13:44:45,2.00000000e+01,6.43841982e-01,8.89177799e+00,1.72343582e-03,1.60343994e+02,8.01462021e+01,1.86758804e+01,2.61940747e-01,1.22821772e+00
5345803-S04-156I3-A-L-C-190-7-1,20.02.2020-13:44:47,1.90000000e+01,6.42686963e-01,8.97660065e+00,1.93795084e-03,2.41298172e+02,7.98883057e+01,1.87596531e+01,1.05419517e-01,1.34762228e-01
5345803-S04-156I3-A-L-C-190-7-1,20.02.2020-13:44:49,9.00000000e+00,6.43093526e-01,8.99660110e+00,1.89333095e-03,1.84869095e+02,7.99298172e+01,1.88231201e+01,9.85533074e-02,1.26389846e-01
5345803-S04-156I3-A-L-C-190-7-1,20.02.2020-13:44:51,1.90000000e+01,6.42286837e-01,8.93170166e+00,1.77398440e-03,1.86765869e+02,8.01603165e+01,1.87177162e+01,1.64599270e-01,3.12982559e-01
5345803-S04-156I3-A-L-C-190-7-1,20.02.2020-13:44:54,1.90000000e+01,6.42289937e-01,8.97665787e+00,2.05964805e-03,2.51993652e+02,7.98881149e+01,1.87481403e+01,9.37994346e-02,1.21612713e-01
5345803-S04-156I3-A-L-C-190-7-1,20.02.2020-13:44:56,1.90000000e+01,6.43737376e-01,8.93550587e+00,1.91861193e-03,3.58616791e+02,7.98917923e+01,1.87051067e+01,1.86191618e-01,4.81653571e-01
5345803-S04-156I3-A-L-C-190-7-1,20.02.2020-13:44:58,7.00000000e+00,6.50154233e-01,8.96203423e+00,2.15866766e-03,1.76348770e+02,8.04731293e+01,1.90855236e+01,1.56044140e-01,4.28871274e-01
5345803-S04-156I3-A-L-C-190-7-1,20.02.2020-13:45:00,1.90000000e+01,6.43629611e-01,8.92528629e+00,2.10693222e-03,1.75740219e+02,8.00019608e+01,1.87063465e+01,1.13760330e-01,1.85156524e-01
5345803-S04-156I3-A-L-C-190-7-1,20.02.2020-13:45:02,7.00000000e+00,6.50494277e-01,8.94786167e+00,1.76618411e-03,1.20503853e+02,8.05290833e+01,1.90785637e+01,1.68485403e-01,4.20544386e-01
5345803-S04-156I3-A-L-C-190-7-1,20.02.2020-13:45:04,8.00000000e+00,6.47550285e-01,8.97530365e+00,1.93432241e-03,1.33941147e+02,8.00696564e+01,1.89417801e+01,1.80551052e-01,2.33293816e-01
5345803-S04-156I3-A-L-C-190-7-1,20.02.2020-13:45:06,1.00000000e+00,6.39086723e-01,8.95448494e+00,2.13745935e-03,1.67131714e+02,7.92085419e+01,1.84502659e+01,1.24280974e-01,1.69422552e-01
5345803-S04-156I3-A-L-C-190-7-1,20.02.2020-13:45:08,1.90000000e+01,6.43324852e-01,8.98926544e+00,2.11447314e-03,1.14939186e+02,7.96854401e+01,1.87570152e+01,1.89058885e-01,2.30322480e-01
5345803-S04-156I3-A-L-C-190-7-1,20.02.2020-13:45:11,1.90000000e+01,6.42658591e-01,8.99319458e+00,1.99313229e-03,2.34745346e+02,7.98831100e+01,1.87922802e+01,1.05392538e-01,1.34033948e-01
5345803-S04-156I3-A-L-C-190-7-1,20.02.2020-13:45:13,1.90000000e+01,6.44155145e-01,8.94290638e+00,2.24667462e-03,1.41407333e+02,7.99855194e+01,1.87547283e+01,2.25307047e-01,5.10826647e-01
5345803-S04-156I3-A-L-C-190-7-1,20.02.2020-13:45:15,1.90000000e+01,6.44796848e-01,8.94050503e+00,1.89893181e-03,1.63643646e+02,8.00421066e+01,1.87816486e+01,2.17391700e-01,4.79748458e-01
5345803-S04-156I3-A-L-C-190-7-1,20.02.2020-13:45:17,8.00000000e+00,6.49196923e-01,8.95177364e+00,2.36849417e-03,3.15220642e+02,7.99881210e+01,1.89208775e+01,1.11958578e-01,4.07856852e-01
5345803-S04-156I3-A-L-C-190-7-1,20.02.2020-13:45:19,2.00000000e+01,6.41933024e-01,8.91650867e+00,2.06037774e-03,8.26966324e+01,7.99090271e+01,1.86170387e+01,3.28911364e-01,9.30621326e-01
5345803-S04-156I3-A-L-C-190-7-1,20.02.2020-13:45:21,1.90000000e+01,6.44407690e-01,8.95257282e+00,2.27169739e-03,1.42433044e+02,7.99109726e+01,1.87648544e+01,2.36444697e-01,5.04511416e-01
5345803-S04-156I3-A-L-C-190-7-1,20.02.2020-13:45:23,8.00000000e+00,6.47187829e-01,8.97402668e+00,1.95316900e-03,1.73517822e+02,8.01463547e+01,1.89466171e+01,1.34899169e-01,2.02139199e-01
5345803-S04-156I3-A-L-C-190-7-1,20.02.2020-13:45:25,8.00000000e+00,6.48227632e-01,8.99027157e+00,1.88409875e-03,1.13832344e+02,8.00883102e+01,1.89976387e+01,2.28437290e-01,2.99817622e-01
5345803-S04-156I3-A-L-C-190-7-1,20.02.2020-13:45:27,2.00000000e+01,6.43049121e-01,8.93443966e+00,2.10834784e-03,9.53622513e+01,7.99418564e+01,1.86945877e+01,3.43044460e-01,7.45238125e-01
5345803-S04-156I3-A-L-C-190-7-1,20.02.2020-13:45:29,7.00000000e+00,6.50375247e-01,8.97651482e+00,2.11173831e-03,1.85075851e+02,8.04152985e+01,1.91091156e+01,1.84600338e-01,3.33104938e-01
5345803-S04-156I3-A-L-C-190-7-1,20.02.2020-13:45:32,7.00000000e+00,6.50657535e-01,8.95596886e+00,1.81999442e-03,1.85799286e+02,8.05277557e+01,1.91003265e+01,1.80032820e-01,4.75064009e-01
5345803-S04-156I3-A-L-C-190-7-1,20.02.2020-13:45:34,1.90000000e+01,6.43196583e-01,8.98534775e+00,1.66218192e-03,1.55304855e+02,7.98106537e+01,1.87745552e+01,1.23068079e-01,1.53477788e-01
5345803-S04-156I3-A-L-C-190-7-1,20.02.2020-13:45:36,8.00000000e+00,6.47079408e-01,9.00296021e+00,2.07692245e-03,1.52394135e+02,8.00923233e+01,1.89917068e+01,1.35022134e-01,1.62437499e-01
5345803-S04-156I3-A-L-C-190-7-1,20.02.2020-13:45:38,8.00000000e+00,6.47882819e-01,9.00405025e+00,1.99945690e-03,1.91567749e+02,8.00647736e+01,1.90110474e+01,1.24016650e-01,1.49866432e-01
5345803-S04-156I3-A-L-C-190-7-1,20.02.2020-13:45:40,8.00000000e+00,6.47259951e-01,9.00366020e+00,2.27056234e-03,1.17141396e+02,8.00186386e+01,1.89810047e+01,1.59585118e-01,1.93042710e-01
5345803-S04-156I3-A-L-C-190-7-1,20.02.2020-13:45:42,8.00000000e+00,6.46878958e-01,8.98345947e+00,2.37145438e-03,2.19619766e+02,8.00291748e+01,1.89297619e+01,8.66410285e-02,1.11426972e-01
5345803-S04-156I3-A-L-C-190-7-1,20.02.2020-13:45:44,7.00000000e+00,6.47978127e-01,8.99692822e+00,1.94640213e-03,2.09931549e+02,8.01953659e+01,1.90297928e+01,1.18588664e-01,1.45797133e-01
5345803-S04-156I3-A-L-C-190-7-1,20.02.2020-13:45:46,8.00000000e+00,6.47517383e-01,9.00956631e+00,2.17504450e-03,1.96133270e+02,7.99784012e+01,1.89914551e+01,1.51144922e-01,1.82466939e-01
5345803-S04-156I3-A-L-C-190-7-1,20.02.2020-13:45:49,8.00000000e+00,6.48014009e-01,8.97490501e+00,2.01938231e-03,5.52714310e+01,8.02677231e+01,1.90013905e+01,4.95850682e-01,6.16608560e-01
5345803-S04-156I3-A-L-C-190-7-1,20.02.2020-13:45:51,8.00000000e+00,6.48520350e-01,8.98464489e+00,1.94062525e-03,3.35591553e+02,8.01635590e+01,1.90121708e+01,8.30846280e-02,1.32740334e-01
5345803-S04-156I3-A-L-C-190-7-1,20.02.2020-13:45:53,2.00000000e+00,6.38464272e-01,8.81184769e+00,1.58688135e-03,4.92038765e+01,8.01966782e+01,1.83649654e+01,5.75045943e-01,1.65455151e+00
5345803-S04-156I3-A-L-C-190-7-1,20.02.2020-13:45:55,2.00000000e+01,6.43650413e-01,8.89188862e+00,2.09637010e-03,1.85138138e+02,8.01228180e+01,1.86651058e+01,1.84264496e-01,4.32716638e-01
5345803-S04-156I3-A-L-C-190-7-1,20.02.2020-13:45:57,2.00000000e+00,6.37658715e-01,8.81509209e+00,1.97442109e-03,1.12349113e+02,8.02447510e+01,1.83595486e+01,4.00054038e-01,1.39398873e+00
5345803-S04-156I3-A-L-C-190-7-1,20.02.2020-13:45:59,9.00000000e+00,6.46216154e-01,8.92517757e+00,1.75204827e-03,2.64441254e+02,8.03826981e+01,1.88706760e+01,1.28165349e-01,2.24294707e-01
5345803-S04-156I3-A-L-C-190-7-1,20.02.2020-13:46:01,1.90000000e+01,6.44410789e-01,8.89923286e+00,1.76496862e-03,1.60406616e+02,8.01520538e+01,1.87094154e+01,1.54275015e-01,2.84587830e-01
5345803-S04-156I3-A-L-C-190-7-1,20.02.2020-13:46:03,2.10000000e+01,6.42396092e-01,8.88915825e+00,2.03032093e-03,3.76658630e+02,7.96388550e+01,1.85105228e+01,7.01835230e-02,1.44352511e-01
5345803-S04-156I3-A-L-C-190-7-1,20.02.2020-13:46:05,2.10000000e+01,6.43130302e-01,8.91361523e+00,2.36155139e-03,2.35495728e+02,7.95281219e+01,1.85568314e+01,1.16035223e-01,1.80181518e-01
5345803-S04-156I3-A-L-C-190-7-1,20.02.2020-13:46:07,9.00000000e+00,6.45372987e-01,8.94765186e+00,2.09695101e-03,1.10346519e+02,8.01325302e+01,1.88347092e+01,2.05080613e-01,3.43975514e-01
5345803-S04-156I3-A-L-C-190-7-1,20.02.2020-13:46:10,9.00000000e+00,6.46306753e-01,8.94036388e+00,1.66124292e-03,1.55000336e+02,8.01534042e+01,1.88515072e+01,1.66310504e-01,2.99484998e-01
5345803-S04-156I3-A-L-C-190-7-1,20.02.2020-13:46:12,9.00000000e+00,6.43802762e-01,8.93507004e+00,2.14394392e-03,1.74236771e+02,8.03989258e+01,1.88248367e+01,1.66351244e-01,3.55354577e-01
5345803-S04-156I3-A-L-C-190-7-1,20.02.2020-13:46:14,2.00000000e+00,6.37546718e-01,8.82854462e+00,1.98012800e-03,1.48159592e+02,8.02707138e+01,1.83902836e+01,3.32155675e-01,1.21572971e+00
5345803-S04-156I3-A-L-C-190-7-1,20.02.2020-13:46:16,2.00000000e+00,6.38777435e-01,8.82500839e+00,1.69578008e-03,1.04874870e+02,8.01832123e+01,1.83983288e+01,3.76966149e-01,1.33647883e+00
5345803-S04-156I3-A-L-C-190-7-1,20.02.2020-13:46:18,2.00000000e+01,6.43885970e-01,8.89775085e+00,2.29258509e-03,1.19741798e+02,7.97857361e+01,1.86056423e+01,1.87714174e-01,2.40809843e-01
5345803-S04-156I3-A-L-C-190-7-1,20.02.2020-13:46:20,2.00000000e+01,6.43717706e-01,8.89589310e+00,2.07061600e-03,2.42401154e+02,8.01303711e+01,1.86772270e+01,1.18576594e-01,1.64215311e-01
5345803-S04-156I3-A-L-C-190-7-1,20.02.2020-13:46:22,2.00000000e+00,6.38700008e-01,8.81298923e+00,1.92331022e-03,1.70903030e+02,8.00711517e+01,1.83453674e+01,2.56676823e-01,1.12583268e+00
5345803-S04-156I3-A-L-C-190-7-1,20.02.2020-13:46:24,2.00000000e+00,6.35404766e-01,8.76349354e+00,1.61518645e-03,2.17662415e+02,8.03065033e+01,1.82015629e+01,2.45611921e-01,1.35663342e+00
5345803-S04-156I3-A-L-C-190-7-1,20.02.2020-13:46:26,2.00000000e+01,6.44017041e-01,8.89456272e+00,2.01747892e-03,2.58099091e+02,7.99572525e+01,1.86427498e+01,1.32898837e-01,1.74455211e-01
5345803-S04-156I3-A-L-C-190-7-1,20.02.2020-13:46:28,1.90000000e+01,6.44222617e-01,8.93675804e+00,2.37407233e-03,1.65141098e+02,7.98450546e+01,1.87108784e+01,1.81830764e-01,4.32868838e-01
5345803-S04-156I3-A-L-C-190-7-1,20.02.2020-13:46:31,9.00000000e+00,6.45696044e-01,8.91552448e+00,2.00601807e-03,2.05047150e+02,8.02635345e+01,1.88071728e+01,1.81771740e-01,4.14125174e-01
5345803-S04-156I3-A-L-C-190-7-1,20.02.2020-13:46:33,9.00000000e+00,6.45552099e-01,8.94604111e+00,1.82606222e-03,3.62252441e+02,8.04200592e+01,1.89041328e+01,1.41121835e-01,3.74428183e-01
5345803-S04-156I3-A-L-C-190-7-1,20.02.2020-13:46:35,9.00000000e+00,6.46827281e-01,8.93635559e+00,1.91411807e-03,3.50926453e+02,8.03654556e+01,1.89081211e+01,1.36281028e-01,2.89688110e-01
5345803-S04-156I3-A-L-C-190-7-1,20.02.2020-13:46:37,9.00000000e+00,6.45281672e-01,8.91310024e+00,1.94490294e-03,1.92135254e+02,8.03442078e+01,1.88088779e+01,1.26858786e-01,3.87356251e-01
5345803-S04-156I3-A-L-C-190-7-1,20.02.2020-13:46:39,9.00000000e+00,6.45835698e-01,8.91927719e+00,1.70883304e-03,2.03643875e+02,8.03496094e+01,1.88393421e+01,1.52734980e-01,3.28693658e-01
5345803-S04-156I3-A-L-C-190-7-1,20.02.2020-13:46:41,9.00000000e+00,6.46686971e-01,8.92739105e+00,1.92372221e-03,1.65136337e+02,8.03911972e+01,1.88911057e+01,1.79397047e-01,3.61778826e-01
5345803-S04-156I3-A-L-C-190-7-1,20.02.2020-13:46:43,1.90000000e+01,6.45372212e-01,8.91774559e+00,1.96257187e-03,3.86413513e+02,8.01527710e+01,1.87764759e+01,1.01194717e-01,2.05592752e-01
5345803-S04-156I3-A-L-C-190-7-1,20.02.2020-13:46:45,2.00000000e+01,6.44172847e-01,8.88777733e+00,1.79576094e-03,1.76991180e+02,8.01034927e+01,1.86671162e+01,1.37469172e-01,1.79369092e-01
5345803-S04-156I3-A-L-C-190-7-1,20.02.2020-13:46:47,1.90000000e+01,6.44600153e-01,8.89238739e+00,1.70264672e-03,3.39396790e+02,8.04230881e+01,1.87637539e+01,1.16830990e-01,3.68115664e-01
5345803-S04-156I3-A-L-C-190-7-1,20.02.2020-13:46:49,1.90000000e+01,6.42534435e-01,8.97274113e+00,1.89000787e-03,2.02937256e+02,7.98876419e+01,1.87469826e+01,9.09995064e-02,1.16820328e-01
5345803-S04-156I3-A-L-C-190-7-1,20.02.2020-13:46:52,2.00000000e+01,6.44051313e-01,8.88324165e+00,1.89636648e-03,3.18664124e+02,8.00511169e+01,1.86418724e+01,1.23727880e-01,1.64116904e-01
5345803-S04-156I3-A-L-C-190-7-1,20.02.2020-13:46:54,2.00000000e+01,6.43080533e-01,8.89386654e+00,1.97777478e-03,2.45308975e+02,8.01527634e+01,1.86597004e+01,1.35775134e-01,1.77844524e-01
5345803-S04-156I3-A-L-C-190-7-1,20.02.2020-13:46:56,1.90000000e+01,6.44481897e-01,8.89626122e+00,1.65714882e-03,1.58076248e+02,8.02504272e+01,1.87281895e+01,1.93764716e-01,4.61832404e-01
5345803-S04-156I3-A-L-C-190-7-1,20.02.2020-13:46:58,2.00000000e+01,6.44395709e-01,8.89191437e+00,1.54253049e-03,2.12306961e+02,8.01669312e+01,1.86970634e+01,1.40582800e-01,1.85930893e-01
5345803-S04-156I3-A-L-C-190-7-1,20.02.2020-13:47:00,1.90000000e+01,6.45375013e-01,8.90379429e+00,1.76239351e-03,2.92105042e+02,8.00873032e+01,1.87318687e+01,1.26137063e-01,2.27269426e-01
5345803-S04-156I3-A-L-C-190-7-1,20.02.2020-13:47:02,1.90000000e+01,6.44614160e-01,8.91039658e+00,2.04195734e-03,1.80280319e+02,8.01940918e+01,1.87486267e+01,1.76722154e-01,2.90826291e-01
5345803-S04-156I3-A-L-C-190-7-1,20.02.2020-13:47:04,9.00000000e+00,6.46308184e-01,8.93541527e+00,2.12738453e-03,2.66337036e+02,8.01312561e+01,1.88359070e+01,1.70751929e-01,2.92580545e-01
5345803-S04-156I3-A-L-C-190-7-1,20.02.2020-13:47:06,9.00000000e+00,6.45513594e-01,8.92240047e+00,1.68324879e-03,2.05363678e+02,8.02485352e+01,1.88128414e+01,1.46901473e-01,2.60549277e-01
5345803-S04-156I3-A-L-C-190-7-1,20.02.2020-13:47:08,9.00000000e+00,6.45807505e-01,8.94425392e+00,1.58228679e-03,2.46810623e+02,8.03028488e+01,1.88802757e+01,1.15825877e-01,3.23785812e-01
5345803-S04-156I3-A-L-C-190-7-1,20.02.2020-13:47:11,1.00000000e+00,6.42706752e-01,8.87055111e+00,1.90689880e-03,1.91447189e+02,7.95286789e+01,1.84551430e+01,1.56784803e-01,2.21303180e-01
5345803-S04-156I3-A-L-C-190-7-1,20.02.2020-13:47:13,9.00000000e+00,6.46017611e-01,8.94693661e+00,1.99083122e-03,1.43216385e+02,8.01408691e+01,1.88539753e+01,1.73724383e-01,3.75210911e-01
5345803-S04-156I3-A-L-C-190-7-1,20.02.2020-13:47:15,2.10000000e+01,6.43686473e-01,8.90332317e+00,2.02051899e-03,2.32943344e+02,7.96974030e+01,1.85909195e+01,1.27655119e-01,2.11258039e-01
5345803-S04-156I3-A-L-C-190-7-1,20.02.2020-13:47:17,9.00000000e+00,6.45613730e-01,8.94856071e+00,2.11698771e-03,3.03030151e+02,8.01940613e+01,1.88581181e+01,1.16515428e-01,3.38631600e-01
5345803-S04-156I3-A-L-C-190-7-1,20.02.2020-13:47:19,1.00000000e+00,6.42650127e-01,8.86912060e+00,1.95750664e-03,2.68597931e+02,7.95844727e+01,1.84634857e+01,1.18980683e-01,1.98903441e-01
5345803-S04-156I3-A-L-C-190-7-1,20.02.2020-13:47:21,1.90000000e+01,6.44205093e-01,8.89315033e+00,1.67665514e-03,3.27624512e+02,8.02439575e+01,1.87120914e+01,1.22956835e-01,3.83621961e-01
5345803-S04-156I3-A-L-C-190-7-1,20.02.2020-13:47:23,9.00000000e+00,6.45946383e-01,8.92774200e+00,1.98663305e-03,1.33923523e+02,8.02870255e+01,1.88457603e+01,2.44417131e-01,3.52241337e-01
5345803-S04-156I3-A-L-C-190-7-1,20.02.2020-13:47:25,2.00000000e+00,6.36747777e-01,8.79691219e+00,1.99504453e-03,2.33177017e+02,8.01795273e+01,1.82806396e+01,2.87871748e-01,1.60712373e+00
5345803-S04-156I3-A-L-C-190-7-1,20.02.2020-13:47:27,1.90000000e+01,6.45414174e-01,8.92040253e+00,1.96283008e-03,1.22743813e+02,8.01412659e+01,1.87805958e+01,1.80098072e-01,3.03340793e-01
5345803-S04-156I3-A-L-C-190-7-1,20.02.2020-13:47:30,1.90000000e+01,6.45792067e-01,8.92998600e+00,2.01444235e-03,3.83135376e+01,8.00320511e+01,1.87861423e+01,5.54403305e-01,8.25712979e-01
5345803-S04-156I3-A-L-C-190-7-1,20.02.2020-13:47:32,2.00000000e+01,6.43511355e-01,8.92347717e+00,1.94699154e-03,8.44098816e+01,7.98933792e+01,1.86737385e+01,3.70332658e-01,7.71477222e-01
5345803-S04-156I3-A-L-C-190-7-1,20.02.2020-13:47:34,9.00000000e+00,6.43965960e-01,8.94023991e+00,1.69674109e-03,1.12714973e+02,8.02657776e+01,1.88093033e+01,1.95302963e-01,3.77606094e-01
5345803-S04-156I3-A-L-C-190-7-1,20.02.2020-13:47:50,8.00000000e+00,6.45819485e-01,8.93583298e+00,1.89219345e-03,1.07742325e+02,8.05057220e+01,1.89105053e+01,2.13890254e-01,3.49240690e-01
5345803-S04-156I3-A-L-C-190-7-1,20.02.2020-13:47:52,9.00000000e+00,6.46309555e-01,8.93007755e+00,1.72438694e-03,1.41905121e+02,8.04727707e+01,1.89049263e+01,1.66374296e-01,2.56717712e-01
5345803-S04-156I3-A-L-C-190-7-1,20.02.2020-13:47:54,1.90000000e+01,6.43557250e-01,8.88739204e+00,1.97339826e-03,1.43206955e+02,8.03557281e+01,1.87071915e+01,1.81045085e-01,5.20743608e-01
5345803-S04-156I3-A-L-C-190-7-1,20.02.2020-13:47:56,1.90000000e+01,6.44137383e-01,8.90350246e+00,1.71066809e-03,1.10567917e+02,8.03372345e+01,1.87536774e+01,2.51559258e-01,6.85057461e-01
5345803-S04-156I3-A-L-C-190-7-1,20.02.2020-13:47:58,2.00000000e+01,6.41187727e-01,8.88219738e+00,1.71489164e-03,1.63833588e+02,8.03166046e+01,1.86183491e+01,2.02697381e-01,7.51567483e-01
5345803-S04-156I3-A-L-C-190-7-1,20.02.2020-13:48:00,2.10000000e+01,6.40783668e-01,8.83969116e+00,1.86203723e-03,1.75891876e+02,8.05043106e+01,1.85608482e+01,1.86980456e-01,1.25427890e+00
5345803-S04-156I3-A-L-C-190-7-1,20.02.2020-13:48:02,9.00000000e+00,6.46409214e-01,8.94329739e+00,1.92789629e-03,3.06182831e+02,8.03559265e+01,1.89083347e+01,9.47811604e-02,1.61243528e-01
5345803-S04-156I3-A-L-C-190-7-1,20.02.2020-13:48:04,2.10000000e+01,6.41920626e-01,8.84266663e+00,1.69021648e-03,2.37213165e+02,8.04462433e+01,1.85866241e+01,2.10478708e-01,9.77904320e-01
5345803-S04-156I3-A-L-C-190-7-1,20.02.2020-13:48:07,8.00000000e+00,6.46864831e-01,8.94954014e+00,1.68659503e-03,1.46595917e+02,8.04493332e+01,1.89568806e+01,1.28881961e-01,2.29965523e-01
5345803-S04-156I3-A-L-C-190-7-1,20.02.2020-13:48:09,8.00000000e+00,6.46960199e-01,8.92900944e+00,1.44978135e-03,1.28810913e+02,8.04237442e+01,1.89101658e+01,1.73917174e-01,2.74961263e-01
5345803-S04-156I3-A-L-C-190-7-1,20.02.2020-13:48:11,9.00000000e+00,6.46137774e-01,8.95554352e+00,1.71264133e-03,1.50025696e+02,8.02473450e+01,1.89007015e+01,1.56654581e-01,2.39496231e-01
5345803-S04-156I3-A-L-C-190-7-1,20.02.2020-13:48:13,9.00000000e+00,6.45014703e-01,8.92021179e+00,1.88246695e-03,1.89563644e+02,8.03287964e+01,1.88124886e+01,1.12232827e-01,1.75883755e-01
5345803-S04-156I3-A-L-C-190-7-1,20.02.2020-13:48:15,9.00000000e+00,6.45535767e-01,8.92115974e+00,1.73038768e-03,8.05533066e+01,8.03249283e+01,1.88287792e+01,3.20965737e-01,4.14717764e-01
5345803-S04-156I3-A-L-C-190-7-1,20.02.2020-13:48:17,2.00000000e+01,6.43990397e-01,8.87852478e+00,1.76847156e-03,1.22955681e+02,8.00174484e+01,1.86223793e+01,1.94047511e-01,2.54031152e-01
5345803-S04-156I3-A-L-C-190-7-1,20.02.2020-13:48:19,2.10000000e+01,6.40834689e-01,8.85585308e+00,1.91746186e-03,1.73174942e+02,8.01589966e+01,1.85164986e+01,2.02247724e-01,9.79534209e-01
5345803-S04-156I3-A-L-C-190-7-1,20.02.2020-13:48:21,1.00000000e+00,6.39601648e-01,8.82854271e+00,1.69465900e-03,1.20207443e+02,8.03489075e+01,1.84675293e+01,2.43595362e-01,8.96837652e-01
5345803-S04-156I3-A-L-C-190-7-1,20.02.2020-13:48:23,1.90000000e+01,6.44454718e-01,8.90538597e+00,1.70792558e-03,2.21214172e+02,8.03376617e+01,1.87669888e+01,1.01186275e-01,2.13169485e-01
5345803-S04-156I3-A-L-C-190-7-1,20.02.2020-13:48:26,1.90000000e+01,6.44214928e-01,8.90783405e+00,1.72546937e-03,1.60641754e+02,8.04098206e+01,1.87820148e+01,1.52523860e-01,2.35031977e-01
5345803-S04-156I3-A-L-C-190-7-1,20.02.2020-13:48:28,1.90000000e+01,6.44245744e-01,8.90605354e+00,1.86435157e-03,1.57565033e+02,8.02483215e+01,1.87414417e+01,1.42047301e-01,2.68118799e-01
5345803-S04-156I3-A-L-C-190-7-1,20.02.2020-13:48:30,8.00000000e+00,6.46100760e-01,8.96571159e+00,1.97303854e-03,1.79284622e+02,8.05091782e+01,1.89828148e+01,1.61197335e-01,3.49217921e-01
5345803-S04-156I3-A-L-C-190-7-1,20.02.2020-13:48:32,9.00000000e+00,6.45900071e-01,8.95095348e+00,1.77908048e-03,1.56996399e+02,8.03316574e+01,1.89039078e+01,1.25314623e-01,1.91778734e-01
5345803-S04-156I3-A-L-C-190-7-1,20.02.2020-13:48:34,9.00000000e+00,6.43529892e-01,8.94334412e+00,1.72185746e-03,1.41716034e+02,8.03237076e+01,1.88166618e+01,2.22113997e-01,4.09596175e-01
5345803-S04-156I3-A-L-C-190-7-1,20.02.2020-13:48:36,9.00000000e+00,6.43424034e-01,8.95096207e+00,1.73129991e-03,8.20923157e+01,8.02656555e+01,1.88159828e+01,2.86537260e-01,4.62371528e-01
5345803-S04-156I3-A-L-C-190-7-1,20.02.2020-13:48:38,1.90000000e+01,6.43404603e-01,8.95627213e+00,2.13976088e-03,1.03926270e+02,8.01223297e+01,1.87929592e+01,2.33128801e-01,4.04020369e-01
5345803-S04-156I3-A-L-C-190-7-1,20.02.2020-13:48:40,9.00000000e+00,6.43641412e-01,8.95953465e+00,1.98682141e-03,2.65812164e+02,8.02081985e+01,1.88268814e+01,9.82410610e-02,2.20564142e-01
5345803-S04-156I3-A-L-C-190-7-1,20.02.2020-13:48:43,3.00000000e+00,6.31992638e-01,8.76391888e+00,1.63738313e-03,1.76639877e+02,8.04358292e+01,1.81338520e+01,1.71144739e-01,2.04444170e-01
5345803-S04-156I3-A-L-C-190-7-1,20.02.2020-13:48:45,1.90000000e+01,6.43602133e-01,8.90210629e+00,1.75901130e-03,1.46121002e+02,8.05633545e+01,1.87878895e+01,1.48765519e-01,2.83300132e-01
5345803-S04-156I3-A-L-C-190-7-1,20.02.2020-13:48:47,1.90000000e+01,6.44311786e-01,8.91663647e+00,1.75145525e-03,1.12239777e+02,8.03567352e+01,1.87909889e+01,2.20319167e-01,3.33275199e-01
5345803-S04-156I3-A-L-C-190-7-1,20.02.2020-13:48:49,1.90000000e+01,6.44258261e-01,8.91560268e+00,1.65546837e-03,6.69155426e+01,8.03113556e+01,1.87766399e+01,2.97673434e-01,4.35281277e-01
5345803-S04-156I3-A-L-C-190-7-1,20.02.2020-13:48:51,8.00000000e+00,6.48600340e-01,8.95663357e+00,1.85119070e-03,7.17530823e+01,8.03191299e+01,1.89920216e+01,3.70601207e-01,5.89687049e-01
5345803-S04-156I3-A-L-C-190-7-1,20.02.2020-13:48:53,1.90000000e+01,6.46490216e-01,8.91532993e+00,1.90166826e-03,6.13257637e+01,8.01034012e+01,1.87923260e+01,5.02858400e-01,7.59653568e-01
5345803-S04-156I3-A-L-C-190-7-1,20.02.2020-13:48:55,1.90000000e+01,6.46065474e-01,8.90618706e+00,1.76648295e-03,8.55085678e+01,8.01314087e+01,1.87672787e+01,3.01803857e-01,4.88462597e-01
5345803-S04-156I3-A-L-C-190-7-1,20.02.2020-13:48:57,8.00000000e+00,6.47821784e-01,8.96138668e+00,1.58355350e-03,9.27480850e+01,8.01150818e+01,1.89310741e+01,2.31684089e-01,2.93520421e-01
5345803-S04-156I3-A-L-C-190-7-1,20.02.2020-13:48:59,8.00000000e+00,6.46169960e-01,8.97435951e+00,1.73097383e-03,1.08728188e+02,8.02791748e+01,1.89488697e+01,2.58872658e-01,3.35898459e-01
5345803-S04-156I3-A-L-C-190-7-1,20.02.2020-13:49:01,2.00000000e+01,6.43678963e-01,8.90716457e+00,1.83547265e-03,1.17709976e+02,7.99575424e+01,1.86594353e+01,2.95898676e-01,4.60797966e-01
5345803-S04-156I3-A-L-C-190-7-1,20.02.2020-13:49:04,2.00000000e+01,6.44221246e-01,8.90324783e+00,1.77783857e-03,8.39002838e+01,7.98719711e+01,1.86469631e+01,2.79232174e-01,3.40024769e-01
5345803-S04-156I3-A-L-C-190-7-1,20.02.2020-13:49:06,8.00000000e+00,6.46540225e-01,8.96695137e+00,1.82188593e-03,5.55398750e+01,8.03579102e+01,1.89626560e+01,4.91028577e-01,6.39146268e-01
5345803-S04-156I3-A-L-C-190-7-1,20.02.2020-13:49:08,1.90000000e+01,6.42913759e-01,8.93149662e+00,1.90991454e-03,9.19372711e+01,8.01221466e+01,1.87266331e+01,4.02605265e-01,5.08932471e-01
5345803-S04-156I3-A-L-C-190-7-1,20.02.2020-13:49:10,8.00000000e+00,6.48020685e-01,8.96919155e+00,1.80786825e-03,8.29115219e+01,8.02953644e+01,1.89960308e+01,3.54934514e-01,4.77467269e-01
5345803-S04-156I3-A-L-C-190-7-1,20.02.2020-13:49:12,2.00000000e+00,6.38450205e-01,8.75538063e+00,1.36756711e-03,1.76338852e+02,8.04383926e+01,1.83018780e+01,2.52333820e-01,4.70657170e-01
5345803-S04-156I3-A-L-C-190-7-1,20.02.2020-13:49:14,2.00000000e+01,6.44798458e-01,8.91497231e+00,1.76155870e-03,1.06621201e+02,7.99184494e+01,1.86991253e+01,2.73434669e-01,4.24031079e-01
5345803-S04-156I3-A-L-C-190-7-1,20.02.2020-13:49:24,1.90000000e+01,6.44529223e-01,8.93075848e+00,1.78704609e-03,9.81819229e+01,7.99952545e+01,1.87424068e+01,2.26712480e-01,3.60248208e-01
5345803-S04-156I3-A-L-C-190-7-1,20.02.2020-13:49:26,8.00000000e+00,6.47392869e-01,8.99042988e+00,2.37023481e-03,8.95622635e+01,8.00873642e+01,1.89732895e+01,3.19709390e-01,4.11041468e-01
5345803-S04-156I3-A-L-C-190-7-1,20.02.2020-13:49:28,8.00000000e+00,6.46583200e-01,8.98263168e+00,1.91628432e-03,6.46290741e+01,8.03602829e+01,1.89976406e+01,5.56130230e-01,6.66905880e-01
5345803-S04-156I3-A-L-C-190-7-1,20.02.2020-13:49:30,8.00000000e+00,6.47617996e-01,8.94871807e+00,1.81396387e-03,3.80722618e+01,8.02843933e+01,1.89383030e+01,8.14216912e-01,1.03475821e+00
5345803-S04-156I3-A-L-C-190-7-1,20.02.2020-13:49:32,2.00000000e+01,6.44445658e-01,8.90911770e+00,1.63421442e-03,5.59821167e+01,7.98259506e+01,1.86550026e+01,5.33694208e-01,7.53530741e-01
5345803-S04-156I3-A-L-C-190-7-1,20.02.2020-13:49:34,1.90000000e+01,6.45069778e-01,8.92431736e+00,1.80246297e-03,9.23872147e+01,8.01756439e+01,1.87868671e+01,2.14374661e-01,4.28753525e-01
5345803-S04-156I3-A-L-C-190-7-1,20.02.2020-13:49:37,1.90000000e+01,6.42596960e-01,8.89468002e+00,1.75015919e-03,1.00394638e+02,8.04522552e+01,1.87170486e+01,2.49308914e-01,6.53540015e-01
5345803-S04-156I3-A-L-C-190-7-1,20.02.2020-13:49:39,1.90000000e+01,6.43002748e-01,8.90986443e+00,1.98263465e-03,2.75886444e+02,8.02108841e+01,1.87045574e+01,1.10545635e-01,3.83157402e-01
5345803-S04-156I3-A-L-C-190-7-1,20.02.2020-13:49:41,2.00000000e+01,6.43015623e-01,8.89926720e+00,1.79158291e-03,2.21649460e+02,8.01987839e+01,1.86798668e+01,8.80203024e-02,1.34481922e-01
5345803-S04-156I3-A-L-C-190-7-1,20.02.2020-13:49:43,2.00000000e+01,6.43326104e-01,8.90353489e+00,1.92010438e-03,2.32091934e+02,8.01857758e+01,1.86948128e+01,1.11355402e-01,3.76676470e-01
5345803-S04-156I3-A-L-C-190-7-1,20.02.2020-13:49:45,2.00000000e+01,6.44248009e-01,8.89653301e+00,1.87122915e-03,5.31605110e+01,8.01526413e+01,1.86991501e+01,3.90820533e-01,4.97496635e-01
5345803-S04-156I3-A-L-C-190-7-1,20.02.2020-13:49:47,1.90000000e+01,6.44597352e-01,8.91586399e+00,1.77742983e-03,4.28315216e+02,8.02657776e+01,1.87764091e+01,7.14388266e-02,2.65624791e-01
5345803-S04-156I3-A-L-C-190-7-1,20.02.2020-13:49:58,1.40000000e+01,6.42526269e-01,8.86916733e+00,1.67292811e-03,1.92090683e+01,7.99768143e+01,1.85510311e+01,6.63093090e-01,1.38390505e+00
5345803-S04-156I3-A-L-C-190-7-1,20.02.2020-13:50:00,9.00000000e+00,6.46569729e-01,8.92963886e+00,1.74658804e-03,4.44612061e+02,8.03042221e+01,1.88719959e+01,5.28050996e-02,1.31520018e-01
5345803-S04-156I3-A-L-C-190-7-1,20.02.2020-13:50:02,1.90000000e+01,6.43603623e-01,8.90907192e+00,1.85882568e-03,1.73382004e+02,8.02920761e+01,1.87393188e+01,1.46478921e-01,4.62886393e-01
5345803-S04-156I3-A-L-C-190-7-1,20.02.2020-13:50:04,1.90000000e+01,6.43217087e-01,8.91167450e+00,1.86259672e-03,6.19096497e+02,8.02916031e+01,1.87334270e+01,6.85092360e-02,3.18838686e-01
5345803-S04-156I3-A-L-C-190-7-1,20.02.2020-13:50:06,9.00000000e+00,6.46281004e-01,8.94450283e+00,2.15362804e-03,2.15772461e+02,8.01092072e+01,1.88490849e+01,8.88463557e-02,1.83146909e-01
5345803-S04-156I3-A-L-C-190-7-1,20.02.2020-13:50:08,9.00000000e+00,6.46500111e-01,8.94289112e+00,1.76487933e-03,1.32521713e+02,8.03042603e+01,1.88979778e+01,1.40935794e-01,2.71968395e-01
5345803-S04-156I3-A-L-C-190-7-1,20.02.2020-13:50:11,9.00000000e+00,6.46246433e-01,8.93369102e+00,1.94044097e-03,1.74977356e+02,8.03741379e+01,1.88875484e+01,1.28959104e-01,2.36690804e-01
5345803-S04-156I3-A-L-C-190-7-1,20.02.2020-13:50:13,1.90000000e+01,6.43978000e-01,8.90785217e+00,1.73619925e-03,5.22659058e+02,8.02815475e+01,1.87451935e+01,4.48248424e-02,3.07013661e-01
5345803-S04-156I3-A-L-C-190-7-1,20.02.2020-13:50:15,1.90000000e+01,6.44427121e-01,8.91680431e+00,1.68783159e-03,3.77443604e+02,8.01560211e+01,1.87477608e+01,5.41963428e-02,2.54049420e-01
5345803-S04-156I3-A-L-C-190-7-1,20.02.2020-13:50:17,2.00000000e+01,6.43369436e-01,8.89990044e+00,2.05274881e-03,3.71656281e+02,8.00324707e+01,1.86527138e+01,9.44477692e-02,4.13124949e-01
5345803-S04-156I3-A-L-C-190-7-1,20.02.2020-13:50:19,1.90000000e+01,6.44332647e-01,8.90546799e+00,1.78228994e-03,2.25725296e+02,8.03594437e+01,1.87686920e+01,1.10427283e-01,3.31708759e-01
5345803-S04-156I3-A-L-C-190-7-1,20.02.2020-13:50:21,1.90000000e+01,6.43940866e-01,8.90890598e+00,1.78918242e-03,2.24209915e+02,8.03923569e+01,1.87722054e+01,9.62760523e-02,3.08825225e-01
5345803-S04-156I3-A-L-C-190-7-1,20.02.2020-13:50:23,2.00000000e+01,6.43239379e-01,8.87834740e+00,1.83837430e-03,4.28735413e+02,8.03989792e+01,1.86889763e+01,4.62555811e-02,1.25357240e-01
5345803-S04-156I3-A-L-C-190-7-1,20.02.2020-13:50:25,9.00000000e+00,6.44759774e-01,8.92265224e+00,1.82725373e-03,2.04916290e+02,8.04687500e+01,1.88429699e+01,1.22504376e-01,3.14547688e-01
5345803-S04-156I3-A-L-C-190-7-1,20.02.2020-13:50:28,9.00000000e+00,6.44756436e-01,8.91584969e+00,1.71549618e-03,3.05243652e+02,8.03837814e+01,1.88086262e+01,8.69576037e-02,2.99792588e-01
5345803-S04-156I3-A-L-C-190-7-1,20.02.2020-13:50:30,2.10000000e+01,6.40055060e-01,8.85120773e+00,1.67731347e-03,1.07669853e+02,8.02875366e+01,1.85139103e+01,2.58991390e-01,6.69821382e-01
5345803-S04-156I3-A-L-C-190-7-1,20.02.2020-13:50:32,2.00000000e+01,6.43740654e-01,8.87789154e+00,1.23309041e-03,6.60479126e+01,8.03724747e+01,1.86964130e+01,3.27697754e-01,7.59397626e-01
5345803-S04-156I3-A-L-C-190-7-1,20.02.2020-13:50:34,8.00000000e+00,6.46574676e-01,8.92579937e+00,1.91415893e-03,5.59818649e+01,8.06576080e+01,1.89470406e+01,3.75178099e-01,6.21729910e-01
5345803-S04-156I3-A-L-C-190-7-1,20.02.2020-13:50:36,1.40000000e+01,6.41003788e-01,8.94802570e+00,1.98707217e-03,1.33217411e+01,7.96632385e+01,1.85984154e+01,1.45219028e+00,1.68272007e+00
5345803-S04-156I3-A-L-C-190-7-1,20.02.2020-13:50:38,9.00000000e+00,6.45563841e-01,8.94276142e+00,2.05233414e-03,1.26202789e+02,8.02705383e+01,1.88624115e+01,2.64316142e-01,3.67033005e-01
5345803-S04-156I3-A-L-C-190-7-1,20.02.2020-13:50:40,2.00000000e+01,6.42147601e-01,8.96322536e+00,1.90302648e-03,2.12081284e+02,7.97571106e+01,1.86852436e+01,1.28781229e-01,1.78610459e-01
5345803-S04-156I3-A-L-C-190-7-1,20.02.2020-13:51:01,2.00000000e+01,6.41900063e-01,8.96905994e+00,1.99234043e-03,1.59168900e+02,7.96879425e+01,1.86739941e+01,1.85494930e-01,2.55686194e-01
5345803-S04-156I3-A-L-C-190-7-1,20.02.2020-13:51:03,2.00000000e+01,6.42156303e-01,8.88677406e+00,1.81833282e-03,2.40762924e+02,8.00852280e+01,1.86023369e+01,2.23273441e-01,7.86101103e-01
5345803-S04-156I3-A-L-C-190-7-1,20.02.2020-13:51:05,2.00000000e+01,6.41750515e-01,8.94698811e+00,1.94376952e-03,2.36972214e+02,7.97973404e+01,1.86492634e+01,1.40910462e-01,2.01490611e-01
5345803-S04-156I3-A-L-C-190-7-1,20.02.2020-13:51:07,2.00000000e+01,6.41695917e-01,8.95839596e+00,2.08843686e-03,1.09961060e+02,7.97191315e+01,1.86531525e+01,2.74912655e-01,3.59957665e-01
5345803-S04-156I3-A-L-C-190-7-1,20.02.2020-13:51:10,2.00000000e+01,6.41810417e-01,8.89903736e+00,1.93308352e-03,1.42558258e+02,8.01335678e+01,1.86292114e+01,3.93202633e-01,1.08111811e+00
5345803-S04-156I3-A-L-C-190-7-1,20.02.2020-13:51:12,2.00000000e+01,6.41299725e-01,8.98514271e+00,2.21536122e-03,1.46457352e+02,7.94392395e+01,1.86316490e+01,1.73290178e-01,2.23633558e-01
5345803-S04-156I3-A-L-C-190-7-1,20.02.2020-13:51:14,2.00000000e+01,6.45556211e-01,8.89477062e+00,2.05249479e-03,1.86215897e+02,7.98945389e+01,1.86730862e+01,2.11867183e-01,3.90177727e-01
5345803-S04-156I3-A-L-C-190-7-1,20.02.2020-13:51:16,9.00000000e+00,6.48147821e-01,8.91822147e+00,2.10596342e-03,1.77423050e+02,8.00696945e+01,1.88386879e+01,1.31415427e-01,2.28971973e-01
5345803-S04-156I3-A-L-C-190-7-1,20.02.2020-13:51:18,2.10000000e+01,6.41393185e-01,8.95601749e+00,2.07484025e-03,1.28789612e+02,7.93954468e+01,1.85637245e+01,1.76318333e-01,2.26753891e-01
5345803-S04-156I3-A-L-C-190-7-1,20.02.2020-13:51:20,2.00000000e+01,6.41647637e-01,8.95800114e+00,1.96635677e-03,1.44567535e+02,7.97972336e+01,1.86692028e+01,1.87154964e-01,2.64666080e-01
5345803-S04-156I3-A-L-C-190-7-1,20.02.2020-13:51:22,2.00000000e+01,6.41833544e-01,8.89232254e+00,1.79972756e-03,9.86454849e+01,8.01287384e+01,1.86147022e+01,3.85895222e-01,9.40508425e-01
5345803-S04-156I3-A-L-C-190-7-1,20.02.2020-13:51:24,2.00000000e+01,6.42302454e-01,8.90493965e+00,1.92934508e-03,1.11990952e+02,7.99889679e+01,1.86221943e+01,3.18705648e-01,8.45133126e-01
5345803-S04-156I3-A-L-C-190-7-1,20.02.2020-13:51:26,2.00000000e+01,6.41676962e-01,8.88876629e+00,1.77858851e-03,7.94736786e+01,8.01486740e+01,1.86073475e+01,4.64779973e-01,1.12889934e+00
5345803-S04-156I3-A-L-C-190-7-1,20.02.2020-13:51:29,2.10000000e+01,6.40983403e-01,8.93808079e+00,2.17056461e-03,1.64508148e+02,7.96576309e+01,1.85758495e+01,2.10905686e-01,2.81602770e-01
5345803-S04-156I3-A-L-C-190-7-1,20.02.2020-13:51:31,2.00000000e+01,6.41684532e-01,8.97061157e+00,2.04140972e-03,1.08296494e+02,7.94516754e+01,1.86155930e+01,2.25099564e-01,2.82225192e-01
5345803-S04-156I3-A-L-C-190-7-1,20.02.2020-13:51:33,2.00000000e+01,6.42042994e-01,8.89814758e+00,1.95948198e-03,1.41900711e+02,8.00445557e+01,1.86133995e+01,3.50905329e-01,8.66239429e-01
5345803-S04-156I3-A-L-C-190-7-1,20.02.2020-13:51:35,2.10000000e+01,6.41886294e-01,8.88879108e+00,1.86699233e-03,1.61409866e+02,8.00676422e+01,1.85946522e+01,2.61313289e-01,8.79361808e-01
5345803-S04-156I3-A-L-C-190-7-1,20.02.2020-13:51:37,2.00000000e+01,6.41706407e-01,8.98611641e+00,2.01767008e-03,9.12785797e+01,7.95760803e+01,1.86776047e+01,2.92075396e-01,3.57980460e-01
5345803-S04-156I3-A-L-C-190-7-1,20.02.2020-13:51:39,1.90000000e+01,6.45708859e-01,8.92476177e+00,2.16450216e-03,7.28250504e+01,7.99362946e+01,1.87502728e+01,4.53823805e-01,5.30244112e-01
5345803-S04-156I3-A-L-C-190-7-1,20.02.2020-13:51:41,9.00000000e+00,6.44314468e-01,8.93342972e+00,1.72715588e-03,1.99740906e+02,8.03594437e+01,1.88270912e+01,1.35166407e-01,1.88572600e-01
5345803-S04-156I3-A-L-C-190-7-1,20.02.2020-13:51:43,1.90000000e+01,6.41710699e-01,8.96207523e+00,1.80396379e-03,1.16803680e+02,7.99240417e+01,1.87092133e+01,2.48000607e-01,3.32921356e-01
5345803-S04-156I3-A-L-C-190-7-1,20.02.2020-13:51:45,2.10000000e+01,6.41213119e-01,8.89482021e+00,2.06483179e-03,8.85319519e+01,8.00099945e+01,1.85743675e+01,3.78563821e-01,9.27762151e-01
5345803-S04-156I3-A-L-C-190-7-1,20.02.2020-13:51:48,2.00000000e+01,6.45397484e-01,8.87092972e+00,2.25019222e-03,1.28178925e+02,7.99379959e+01,1.86285858e+01,2.38633782e-01,4.24603492e-01
5345803-S04-156I3-A-L-C-190-7-1,20.02.2020-13:51:50,9.00000000e+00,6.46342635e-01,8.91339207e+00,2.00696243e-03,1.37622055e+02,8.02212601e+01,1.88115902e+01,2.42502391e-01,4.21623200e-01
5345803-S04-156I3-A-L-C-190-7-1,20.02.2020-13:51:52,2.10000000e+01,6.41175747e-01,8.87345791e+00,2.08125007e-03,1.27852509e+02,7.98993912e+01,1.85030632e+01,2.35030800e-01,5.63980520e-01
5345803-S04-156I3-A-L-C-190-7-1,20.02.2020-13:51:54,9.00000000e+00,6.46424115e-01,8.95002842e+00,1.90077373e-03,1.37917313e+02,7.99503937e+01,1.88275051e+01,1.97285816e-01,3.17072839e-01
5345803-S04-156I3-A-L-C-190-7-1,20.02.2020-14:01:23,1.00000000e+00,6.43570542e-01,8.85467815e+00,2.56643142e-03,2.24562454e+02,7.97118759e+01,1.84893742e+01,2.45246544e-01,8.36140037e-01
5345803-S04-156I3-A-L-C-190-7-1,20.02.2020-14:01:25,2.10000000e+01,6.43878937e-01,8.85487652e+00,2.01724330e-03,4.61265167e+02,7.99886551e+01,1.85628777e+01,1.14392988e-01,6.03235662e-01
5345803-S04-156I3-A-L-C-190-7-1,20.02.2020-14:01:27,2.10000000e+01,6.43320560e-01,8.84562874e+00,2.18431000e-03,3.25397644e+02,7.99312439e+01,1.85141125e+01,1.47097468e-01,6.59286678e-01
5345803-S04-156I3-A-L-C-190-7-1,20.02.2020-14:01:29,2.10000000e+01,6.44092441e-01,8.85908318e+00,2.50594271e-03,1.30996964e+02,7.97999725e+01,1.85340328e+01,1.98475987e-01,6.22354388e-01
5345803-S04-156I3-A-L-C-190-7-1,20.02.2020-14:01:31,1.90000000e+01,6.47215068e-01,8.90814590e+00,2.25555548e-03,3.43597504e+02,8.00937042e+01,1.87959595e+01,9.99444202e-02,1.60732448e-01
5345803-S04-156I3-A-L-C-190-7-1,20.02.2020-14:01:34,1.00000000e+00,6.42634869e-01,8.82032108e+00,2.40215217e-03,1.81652237e+02,7.99625626e+01,1.84486923e+01,2.13821396e-01,7.63439596e-01
5345803-S04-156I3-A-L-C-190-7-1,20.02.2020-14:01:36,9.00000000e+00,6.45485818e-01,8.91437721e+00,2.00381712e-03,1.42769012e+02,8.03057480e+01,1.88085155e+01,2.20286891e-01,3.14804018e-01
5345803-S04-156I3-A-L-C-190-7-1,20.02.2020-14:01:38,1.90000000e+01,6.45123303e-01,8.90970039e+00,2.22840440e-03,2.10075806e+02,8.02127533e+01,1.87663364e+01,1.32872596e-01,2.51770645e-01
5345803-S04-156I3-A-L-C-190-7-1,20.02.2020-14:01:40,2.00000000e+01,6.44226432e-01,8.87312031e+00,2.01572524e-03,3.42112793e+02,8.00348206e+01,1.86219025e+01,1.51688620e-01,3.10498327e-01
5345803-S04-156I3-A-L-C-190-7-1,20.02.2020-14:01:42,2.00000000e+01,6.44735575e-01,8.89179230e+00,1.90718449e-03,3.52622345e+02,8.00982742e+01,1.86906452e+01,1.32030979e-01,2.28073016e-01
5345803-S04-156I3-A-L-C-190-7-1,20.02.2020-14:01:44,2.00000000e+01,6.44190609e-01,8.86807156e+00,1.96029921e-03,2.00501633e+02,8.00632172e+01,1.86168747e+01,1.88309819e-01,3.34157288e-01
5345803-S04-156I3-A-L-C-190-7-1,20.02.2020-14:01:46,9.00000000e+00,6.46181881e-01,8.92584991e+00,2.12074094e-03,4.14400970e+02,8.01148376e+01,1.88082123e+01,1.25960812e-01,2.68277228e-01
5345803-S04-156I3-A-L-C-190-7-1,20.02.2020-14:01:48,2.00000000e+01,6.45735621e-01,8.87424088e+00,1.80444855e-03,2.26885590e+02,7.99374542e+01,1.86451740e+01,2.06754670e-01,3.40760440e-01
5345803-S04-156I3-A-L-C-190-7-1,20.02.2020-14:01:51,1.90000000e+01,6.47008538e-01,8.90838528e+00,2.40484881e-03,3.48363983e+02,7.98356857e+01,1.87299347e+01,1.03575349e-01,1.43938363e-01
5345803-S04-156I3-A-L-C-190-7-1,20.02.2020-14:01:53,2.00000000e+01,6.44179225e-01,8.89024544e+00,2.43647816e-03,3.48466248e+02,7.98995056e+01,1.86249352e+01,1.21476963e-01,2.44011283e-01
5345803-S04-156I3-A-L-C-190-7-1,20.02.2020-14:01:55,2.10000000e+01,6.44686162e-01,8.88313007e+00,2.18536099e-03,3.55138214e+02,7.97350235e+01,1.85863323e+01,1.20901883e-01,2.76155323e-01
5345803-S04-156I3-A-L-C-190-7-1,20.02.2020-14:01:57,1.90000000e+01,6.47383630e-01,8.91837692e+00,2.45732325e-03,2.82283264e+02,7.97432404e+01,1.87400894e+01,1.22188225e-01,1.71174735e-01
5345803-S04-156I3-A-L-C-190-7-1,20.02.2020-14:01:59,2.00000000e+01,6.44563079e-01,8.88096523e+00,2.27125641e-03,4.83811157e+02,7.98907013e+01,1.86145287e+01,1.08132087e-01,2.37515524e-01
5345803-S04-156I3-A-L-C-190-7-1,20.02.2020-14:02:01,1.90000000e+01,6.47299945e-01,8.91890430e+00,1.85387360e-03,2.05174088e+02,7.97473907e+01,1.87397480e+01,1.99977323e-01,2.52434820e-01
5345803-S04-156I3-A-L-C-190-7-1,20.02.2020-14:02:03,2.00000000e+01,6.44600034e-01,8.85997963e+00,1.72000076e-03,1.90934555e+02,8.03686523e+01,1.86827145e+01,1.78177997e-01,8.04592907e-01
5345803-S04-156I3-A-L-C-190-7-1,20.02.2020-14:02:06,2.00000000e+01,6.43986583e-01,8.89024544e+00,2.15769908e-03,2.24108276e+02,7.99652863e+01,1.86346931e+01,1.45719752e-01,2.55028009e-01
5345803-S04-156I3-A-L-C-190-7-1,20.02.2020-14:02:08,1.90000000e+01,6.45697296e-01,8.89189816e+00,2.01367307e-03,2.97367218e+02,8.00784378e+01,1.87141113e+01,1.08808741e-01,2.08004817e-01
5345803-S04-156I3-A-L-C-190-7-1,20.02.2020-14:02:10,1.90000000e+01,6.45202160e-01,8.89184666e+00,1.89092429e-03,2.04069489e+02,8.02205353e+01,1.87328358e+01,1.98890880e-01,4.21570480e-01
5345803-S04-156I3-A-L-C-190-7-1,20.02.2020-14:02:12,2.10000000e+01,6.40252471e-01,8.86454964e+00,1.84688182e-03,1.53206467e+02,8.03520737e+01,1.85624466e+01,2.16977134e-01,4.79492515e-01
5345803-S04-156I3-A-L-C-190-7-1,20.02.2020-14:02:14,2.00000000e+01,6.42988563e-01,8.87126446e+00,1.96117349e-03,9.96283112e+01,8.03351898e+01,1.86519756e+01,3.43778998e-01,1.02511084e+00
5345803-S04-156I3-A-L-C-190-7-1,20.02.2020-14:02:16,2.00000000e+01,6.45209730e-01,8.87618542e+00,1.75761012e-03,2.51338272e+02,8.00927353e+01,1.86702709e+01,1.64650574e-01,2.74018675e-01
5345803-S04-156I3-A-L-C-190-7-1,20.02.2020-14:02:18,2.10000000e+01,6.42794967e-01,8.82869530e+00,1.62526837e-03,2.09797684e+02,8.02284088e+01,1.85322170e+01,3.00209463e-01,1.18544662e+00
5345803-S04-156I3-A-L-C-190-7-1,20.02.2020-14:02:20,2.00000000e+01,6.43616676e-01,8.84776497e+00,1.77505950e-03,1.85246979e+02,8.03813629e+01,1.86314411e+01,2.14398921e-01,8.05562854e-01
5345803-S04-156I3-A-L-C-190-7-1,20.02.2020-14:02:41,1.90000000e+01,6.44548714e-01,8.86240768e+00,1.72244478e-03,1.59422897e+02,8.04379959e+01,1.87024670e+01,2.27051795e-01,8.60424697e-01
5345803-S04-156I3-A-L-C-190-7-1,20.02.2020-14:02:43,2.00000000e+00,6.40360415e-01,8.78551960e+00,2.26109684e-03,2.38966217e+02,7.96562729e+01,1.82407265e+01,1.23543300e-01,2.21060663e-01
5345803-S04-156I3-A-L-C-190-7-1,20.02.2020-14:02:46,2.10000000e+01,6.43570185e-01,8.81503010e+00,1.72894308e-03,3.14646820e+02,8.03153152e+01,1.85459156e+01,1.27873942e-01,1.97201833e-01
5345803-S04-156I3-A-L-C-190-7-1,20.02.2020-14:02:48,2.00000000e+00,6.41353488e-01,8.79026985e+00,2.10685632e-03,4.50108826e+02,7.95551071e+01,1.82556763e+01,1.58680186e-01,2.61182368e-01
5345803-S04-156I3-A-L-C-190-7-1,20.02.2020-14:02:50,2.10000000e+01,6.40986085e-01,8.87507820e+00,2.00217310e-03,2.33906372e+02,7.99848022e+01,1.85207443e+01,1.56011418e-01,2.40457982e-01
5345803-S04-156I3-A-L-C-190-7-1,20.02.2020-14:02:52,1.00000000e+00,6.41084790e-01,8.85407639e+00,2.16193683e-03,1.92699097e+02,7.99083633e+01,1.84621029e+01,1.77569464e-01,5.05616128e-01
5345803-S04-156I3-A-L-C-190-7-1,20.02.2020-14:02:54,2.10000000e+01,6.41291142e-01,8.88384819e+00,1.91435905e-03,5.73201660e+02,7.98736267e+01,1.85220890e+01,1.11582890e-01,1.82009637e-01
5345803-S04-156I3-A-L-C-190-7-1,20.02.2020-14:02:56,1.00000000e+00,6.40724719e-01,8.86362362e+00,1.98565819e-03,3.59770599e+02,7.99208298e+01,1.84745121e+01,1.52525231e-01,2.50494063e-01
5345803-S04-156I3-A-L-C-190-7-1,20.02.2020-14:02:58,2.10000000e+01,6.42046571e-01,8.83229828e+00,2.10123020e-03,3.70340027e+02,8.02257996e+01,1.85175915e+01,1.66122377e-01,8.81865680e-01
5345803-S04-156I3-A-L-C-190-7-1,20.02.2020-14:03:00,2.10000000e+01,6.41882420e-01,8.89619732e+00,2.05650646e-03,2.55777908e+02,7.98536530e+01,1.85602932e+01,1.34737194e-01,2.38875464e-01
5345803-S04-156I3-A-L-C-190-7-1,20.02.2020-14:03:03,2.00000000e+00,6.41800463e-01,8.81319046e+00,2.11134180e-03,3.11901825e+02,7.96479874e+01,1.83374176e+01,1.47238284e-01,2.55725145e-01
5345803-S04-156I3-A-L-C-190-7-1,20.02.2020-14:03:05,1.90000000e+01,6.45877481e-01,8.94713593e+00,2.27767439e-03,1.45375046e+02,7.99149857e+01,1.87971764e+01,1.76624060e-01,2.17082396e-01
5345803-S04-156I3-A-L-C-190-7-1,20.02.2020-14:03:07,2.00000000e+01,6.43439710e-01,8.91662216e+00,2.01053475e-03,2.13447983e+02,8.00023041e+01,1.86827545e+01,1.21366881e-01,1.98338762e-01
5345803-S04-156I3-A-L-C-190-7-1,20.02.2020-14:03:09,9.00000000e+00,6.45843744e-01,8.93267632e+00,1.89694238e-03,1.09841011e+02,8.02183456e+01,1.88370533e+01,2.93269396e-01,3.47491890e-01
5345803-S04-156I3-A-L-C-190-7-1,20.02.2020-14:03:11,2.00000000e+01,6.44851506e-01,8.87193489e+00,2.34400993e-03,1.96737686e+02,8.00097656e+01,1.86316490e+01,1.54567227e-01,2.60609448e-01
5345803-S04-156I3-A-L-C-190-7-1,20.02.2020-14:03:13,2.10000000e+01,6.42190695e-01,8.86939812e+00,2.13492289e-03,2.84634277e+02,8.01209793e+01,1.85752487e+01,1.32408202e-01,4.39623386e-01
5345803-S04-156I3-A-L-C-190-7-1,20.02.2020-14:03:15,2.00000000e+01,6.43086314e-01,8.88279438e+00,2.01929454e-03,2.12226364e+02,8.03405838e+01,1.86803093e+01,1.55915409e-01,4.58833337e-01
5345803-S04-156I3-A-L-C-190-7-1,20.02.2020-14:03:18,2.10000000e+01,6.42909706e-01,8.86990929e+00,1.93888973e-03,2.49375565e+02,8.00006180e+01,1.85691814e+01,1.46919295e-01,4.03987497e-01
5345803-S04-156I3-A-L-C-190-7-1,20.02.2020-14:03:20,2.00000000e+01,6.43853843e-01,8.84110641e+00,1.93345256e-03,2.09984116e+02,8.02916565e+01,1.86034946e+01,1.93203539e-01,7.80525148e-01
5345803-S04-156I3-A-L-C-190-7-1,20.02.2020-14:03:22,2.10000000e+01,6.42643511e-01,8.86148739e+00,1.90092716e-03,3.49199860e+02,7.99401855e+01,1.85298576e+01,1.32563740e-01,3.99862289e-01
5345803-S04-156I3-A-L-C-190-7-1,20.02.2020-14:03:24,2.00000000e+00,6.41185403e-01,8.79547691e+00,2.01055012e-03,1.42419556e+02,7.97543640e+01,1.83074436e+01,1.98007867e-01,5.78905165e-01
5345803-S04-156I3-A-L-C-190-7-1,20.02.2020-14:03:26,2.10000000e+01,6.43525422e-01,8.88217449e+00,2.15863157e-03,3.38255005e+02,7.98682709e+01,1.85818710e+01,1.38144180e-01,2.68683076e-01
5345803-S04-156I3-A-L-C-190-7-1,20.02.2020-14:03:28,2.00000000e+01,6.44235730e-01,8.84118271e+00,2.01178552e-03,2.56809326e+02,8.03861847e+01,1.86366024e+01,2.31529355e-01,1.39707935e+00
5345803-S04-156I3-A-L-C-190-7-1,20.02.2020-14:03:30,2.10000000e+01,6.40609741e-01,8.93412971e+00,2.18233862e-03,3.76138275e+02,7.96543503e+01,1.85560493e+01,8.30828175e-02,1.10560343e-01
5345803-S04-156I3-A-L-C-190-7-1,20.02.2020-14:03:33,9.00000000e+00,6.45803332e-01,8.91527939e+00,1.75118237e-03,1.93869522e+02,8.02534180e+01,1.88074074e+01,1.44773960e-01,2.19774604e-01
5345803-S04-156I3-A-L-C-190-7-1,20.02.2020-14:03:35,2.00000000e+00,6.41552985e-01,8.81744289e+00,2.09239754e-03,2.45311478e+02,7.97446365e+01,1.83614445e+01,1.36948660e-01,2.85389572e-01
5345803-S04-156I3-A-L-C-190-7-1,20.02.2020-14:03:37,1.00000000e+00,6.42128944e-01,8.83175278e+00,1.91893033e-03,1.78277023e+02,7.98119049e+01,1.84232845e+01,2.04457834e-01,4.75923210e-01
5345803-S04-156I3-A-L-C-190-7-1,20.02.2020-14:03:39,2.00000000e+00,6.44017875e-01,8.84501362e+00,2.62704655e-03,1.20399239e+02,7.91843491e+01,1.83597164e+01,2.49313310e-01,4.70937997e-01
5345803-S04-156I3-A-L-C-190-7-1,20.02.2020-14:03:41,1.90000000e+01,6.44235611e-01,8.92112255e+00,2.22498900e-03,3.43500824e+02,8.00091171e+01,1.87168999e+01,1.08461894e-01,1.71741858e-01
5345803-S04-156I3-A-L-C-190-7-1,20.02.2020-14:03:43,1.00000000e+00,6.41333878e-01,8.86649132e+00,2.13152915e-03,9.64216614e+02,7.97281418e+01,1.84534607e+01,6.83166161e-02,1.93571404e-01
5345803-S04-156I3-A-L-C-190-7-1,20.02.2020-14:03:45,1.00000000e+00,6.40961051e-01,8.85812569e+00,2.22659833e-03,4.95291168e+02,7.97391815e+01,1.84278831e+01,5.66768572e-02,1.50433615e-01
5345803-S04-156I3-A-L-C-190-7-1,20.02.2020-14:03:48,3.00000000e+00,6.36951566e-01,8.77915382e+00,2.02266057e-03,3.31156708e+02,7.95769806e+01,1.81124287e+01,1.16157025e-01,3.29879880e-01
5345803-S04-156I3-A-L-C-190-7-1,20.02.2020-14:03:50,1.00000000e+00,6.43502593e-01,8.83698463e+00,2.12576985e-03,2.31910675e+02,7.96296463e+01,1.84314442e+01,1.21995635e-01,2.56524593e-01
5345803-S04-156I3-A-L-C-190-7-1,20.02.2020-14:03:52,1.00000000e+00,6.40904784e-01,8.86336708e+00,2.18375609e-03,1.80777420e+02,7.96859131e+01,1.84248524e+01,1.33808374e-01,2.49874800e-01
5345803-S04-156I3-A-L-C-190-7-1,20.02.2020-14:03:54,2.10000000e+01,6.44403577e-01,8.87694836e+00,2.56255665e-03,4.41418640e+02,7.98272934e+01,1.85867405e+01,7.12413117e-02,2.56201029e-01
5345803-S04-156I3-A-L-C-190-7-1,20.02.2020-14:03:56,1.00000000e+00,6.42639220e-01,8.85952759e+00,2.31131469e-03,1.12077927e+02,7.94048767e+01,1.84015808e+01,2.47625798e-01,4.48686868e-01
5345803-S04-156I3-A-L-C-190-7-1,20.02.2020-14:03:58,1.00000000e+00,6.41590238e-01,8.87166500e+00,2.45050946e-03,1.99274994e+02,7.96702805e+01,1.84582024e+01,8.49127024e-02,1.59815311e-01
5345803-S04-156I3-A-L-C-190-7-1,20.02.2020-14:04:00,2.10000000e+01,6.45697594e-01,8.88269806e+00,3.02820583e-03,1.47816772e+02,7.93212585e+01,1.85179901e+01,1.86874136e-01,2.50329822e-01
5345803-S04-156I3-A-L-C-190-7-1,20.02.2020-14:04:03,2.00000000e+01,6.46429598e-01,8.90400028e+00,2.43608397e-03,2.37309998e+02,7.95319519e+01,1.86328068e+01,1.64809793e-01,2.28199363e-01
5345803-S04-156I3-A-L-C-190-7-1,20.02.2020-14:04:05,2.10000000e+01,6.44343197e-01,8.85587692e+00,2.18137237e-03,1.65847977e+02,7.98497620e+01,1.85461006e+01,1.84025362e-01,3.95337522e-01
5345803-S04-156I3-A-L-C-190-7-1,20.02.2020-14:04:07,1.00000000e+00,6.43439174e-01,8.84462070e+00,2.31799716e-03,2.63152039e+02,7.98302841e+01,1.84920292e+01,2.52033323e-01,5.43183446e-01
5345803-S04-156I3-A-L-C-190-7-1,20.02.2020-14:04:09,2.00000000e+00,6.42517984e-01,8.84808064e+00,2.82842037e-03,1.99435745e+02,7.91885986e+01,1.83242931e+01,2.28860363e-01,4.67065156e-01
5345803-S04-156I3-A-L-C-190-7-1,20.02.2020-14:04:11,1.00000000e+00,6.42763734e-01,8.88934135e+00,2.30462966e-03,9.12572250e+01,7.93151855e+01,1.84462242e+01,2.41963148e-01,3.90863270e-01
5345803-S04-156I3-A-L-C-190-7-1,20.02.2020-14:04:13,2.10000000e+01,6.43637121e-01,8.88937378e+00,2.30688741e-03,1.73999130e+02,7.97655106e+01,1.85762310e+01,2.04594776e-01,3.09253395e-01
5345803-S04-156I3-A-L-C-190-7-1,20.02.2020-14:04:15,1.00000000e+00,6.42620802e-01,8.88150978e+00,2.47026631e-03,4.07809143e+02,7.96068344e+01,1.84936275e+01,6.29089773e-02,1.31189629e-01
5345803-S04-156I3-A-L-C-190-7-1,20.02.2020-14:04:17,1.00000000e+00,6.40937507e-01,8.86903286e+00,2.27803946e-03,3.82452759e+02,7.97077942e+01,1.84426346e+01,8.23764205e-02,1.72823489e-01
5345803-S04-156I3-A-L-C-190-7-1,20.02.2020-14:04:20,2.00000000e+01,6.44838452e-01,8.92380905e+00,2.30238819e-03,1.77431030e+02,7.98131027e+01,1.86941433e+01,1.17165983e-01,1.59149691e-01
5345803-S04-156I3-A-L-C-190-7-1,20.02.2020-14:04:22,2.10000000e+01,6.41968668e-01,8.88544750e+00,2.27464573e-03,2.72518036e+02,7.98633118e+01,1.85426025e+01,9.37051103e-02,1.98220044e-01
5345803-S04-156I3-A-L-C-190-7-1,20.02.2020-14:04:24,2.00000000e+01,6.45801187e-01,8.88934708e+00,2.32195575e-03,8.14858032e+02,7.99340973e+01,1.86780243e+01,4.50580344e-02,1.06802732e-01
5345803-S04-156I3-A-L-C-190-7-1,20.02.2020-14:04:26,2.00000000e+01,6.45044148e-01,8.87261105e+00,2.17285240e-03,2.87771606e+02,7.99596558e+01,1.86269608e+01,9.14641321e-02,1.90860331e-01
5345803-S04-156I3-A-L-C-190-7-1,20.02.2020-14:04:28,1.00000000e+00,6.41362727e-01,8.87338543e+00,2.16281693e-03,2.24903214e+02,7.97181778e+01,1.84663334e+01,9.22167897e-02,2.27471396e-01
5345803-S04-156I3-A-L-C-190-7-1,20.02.2020-14:04:30,2.10000000e+01,6.43883824e-01,8.91217709e+00,2.61788280e-03,2.00234711e+02,7.95386200e+01,1.85780258e+01,9.00126770e-02,1.48427129e-01
5345803-S04-156I3-A-L-C-190-7-1,20.02.2020-14:04:32,2.10000000e+01,6.44392967e-01,8.90597057e+00,2.49686372e-03,1.42690704e+02,7.96164780e+01,1.85979557e+01,1.69894293e-01,2.64754117e-01
5345803-S04-156I3-A-L-C-190-7-1,20.02.2020-14:04:34,2.10000000e+01,6.41839862e-01,8.87813759e+00,2.25594081e-03,2.98621887e+02,7.98740921e+01,1.85261307e+01,1.00967266e-01,2.22439259e-01
5345803-S04-156I3-A-L-C-190-7-1,20.02.2020-14:04:37,2.00000000e+01,6.46286905e-01,8.90813828e+00,2.58235470e-03,9.33963699e+01,7.95628815e+01,1.86445961e+01,3.03770334e-01,3.82944375e-01
5345803-S04-156I3-A-L-C-190-7-1,20.02.2020-14:04:39,2.10000000e+01,6.42475486e-01,8.87353134e+00,1.97993196e-03,2.79059357e+02,7.97291946e+01,1.85012302e+01,1.23173907e-01,2.95381069e-01
5345803-S04-156I3-A-L-C-190-7-1,20.02.2020-14:04:41,1.00000000e+00,6.43095732e-01,8.86133289e+00,2.52585509e-03,3.48748840e+02,7.93469467e+01,1.84049702e+01,1.65809169e-01,3.16265970e-01
5345803-S04-156I3-A-L-C-190-7-1,20.02.2020-14:04:43,1.00000000e+00,6.43571198e-01,8.86511898e+00,2.58582574e-03,2.71568909e+02,7.94116821e+01,1.84414787e+01,1.21942014e-01,2.33903795e-01
5345803-S04-156I3-A-L-C-190-7-1,20.02.2020-14:04:45,2.00000000e+00,6.43519521e-01,8.85425186e+00,2.56893667e-03,1.40536621e+02,7.93077316e+01,1.83932858e+01,1.49044231e-01,2.51963049e-01
5345803-S04-156I3-A-L-C-190-7-1,20.02.2020-14:04:48,2.00000000e+00,6.40466750e-01,8.86597157e+00,2.40270165e-03,1.90836044e+02,7.93892593e+01,1.83491039e+01,1.70918778e-01,3.51855338e-01
5345803-S04-156I3-A-L-C-190-7-1,20.02.2020-14:04:50,2.00000000e+00,6.40021086e-01,8.85200214e+00,2.30574165e-03,1.29395340e+02,7.90712891e+01,1.82341213e+01,2.31362402e-01,4.52223182e-01
5345803-S04-156I3-A-L-C-190-7-1,20.02.2020-14:04:52,1.00000000e+00,6.42310441e-01,8.85026836e+00,2.19102739e-03,1.07286240e+02,7.95270081e+01,1.84012051e+01,2.87524372e-01,4.89738941e-01
5345803-S04-156I3-A-L-C-190-7-1,20.02.2020-14:04:54,2.00000000e+00,6.41811132e-01,8.83449554e+00,3.01266694e-03,5.39365051e+02,7.89109344e+01,1.82119465e+01,9.69767198e-02,2.57595450e-01
5345803-S04-156I3-A-L-C-190-7-1,20.02.2020-14:04:56,1.00000000e+00,6.43504858e-01,8.86145210e+00,2.16148701e-03,2.20327362e+02,7.96515503e+01,1.84876251e+01,1.61636233e-01,2.82919168e-01
5345803-S04-156I3-A-L-C-190-7-1,20.02.2020-14:04:58,2.00000000e+00,6.40624702e-01,8.86491680e+00,2.42167502e-03,1.55630264e+02,7.92928391e+01,1.83291588e+01,2.11293221e-01,3.95041555e-01
5345803-S04-156I3-A-L-C-190-7-1,20.02.2020-14:05:00,2.00000000e+00,6.40428722e-01,8.84930325e+00,2.49925698e-03,6.61207352e+01,7.95743027e+01,1.83562050e+01,4.34608608e-01,6.95100188e-01
5345803-S04-156I3-A-L-C-190-7-1,20.02.2020-14:05:03,2.10000000e+01,6.43771470e-01,8.89612579e+00,2.18474446e-03,8.80607147e+01,7.94537201e+01,1.85215378e+01,3.90444130e-01,4.95985240e-01
5345803-S04-156I3-A-L-C-190-7-1,20.02.2020-14:05:05,1.00000000e+00,6.41125143e-01,8.87346554e+00,2.23165657e-03,1.59065414e+02,7.98496628e+01,1.84901028e+01,1.48437232e-01,2.97957361e-01
5345803-S04-156I3-A-L-C-190-7-1,20.02.2020-14:05:07,9.00000000e+00,6.46880031e-01,8.92842865e+00,2.03078636e-03,3.54142395e+02,8.02840958e+01,1.88737640e+01,7.32062086e-02,1.06503271e-01
5345803-S04-156I3-A-L-C-190-7-1,20.02.2020-14:05:09,2.00000000e+01,6.43535674e-01,8.90109825e+00,1.98848196e-03,4.39783325e+02,7.98606415e+01,1.86199799e+01,8.09486061e-02,1.09697841e-01
5345803-S04-156I3-A-L-C-190-7-1,20.02.2020-14:05:11,2.10000000e+01,6.44984901e-01,8.85672665e+00,1.87091716e-03,1.96654572e+02,7.99869003e+01,1.85982399e+01,9.56410319e-02,2.64722168e-01
5345803-S04-156I3-A-L-C-190-7-1,20.02.2020-14:05:13,2.10000000e+01,6.42759740e-01,8.85269833e+00,1.76247826e-03,5.21720459e+02,8.01633606e+01,1.85665169e+01,9.45235491e-02,2.66851753e-01
5345803-S04-156I3-A-L-C-190-7-1,20.02.2020-14:05:15,2.10000000e+01,6.43236279e-01,8.84521770e+00,1.88246020e-03,1.94382278e+02,8.01250305e+01,1.85557060e+01,8.19233954e-02,1.18454717e-01
5345803-S04-156I3-A-L-C-190-7-1,20.02.2020-14:05:18,1.00000000e+00,6.42107189e-01,8.86105251e+00,2.43638409e-03,1.59043518e+02,7.97310028e+01,1.84650402e+01,1.83774427e-01,2.62453616e-01
5345803-S04-156I3-A-L-C-190-7-1,20.02.2020-14:05:20,1.00000000e+00,6.42025769e-01,8.86149597e+00,2.28087953e-03,6.41223221e+01,7.97887878e+01,1.84770050e+01,4.38248873e-01,5.68141222e-01
5345803-S04-156I3-A-L-C-190-7-1,20.02.2020-14:05:22,2.10000000e+01,6.42102838e-01,8.86872768e+00,2.16675946e-03,5.32787743e+01,7.98572617e+01,1.85101738e+01,5.41135132e-01,6.93242908e-01
5345803-S04-156I3-A-L-C-190-7-1,20.02.2020-14:05:24,1.00000000e+00,6.42896116e-01,8.87816715e+00,2.49023875e-03,5.16341438e+01,7.95630493e+01,1.84844151e+01,5.52056193e-01,7.27607727e-01
5345803-S04-156I3-A-L-C-190-7-1,20.02.2020-14:05:26,2.10000000e+01,6.42958164e-01,8.88656998e+00,2.21534795e-03,2.64819870e+01,7.98544922e+01,1.85714760e+01,8.41186523e-01,9.88832712e-01
5345803-S04-156I3-A-L-C-190-7-1,20.02.2020-14:05:28,2.00000000e+01,6.44193828e-01,8.87935448e+00,1.83793053e-03,1.00392120e+02,8.01157227e+01,1.86528797e+01,2.71114826e-01,3.80841047e-01
5345803-S04-156I3-A-L-C-190-7-1,20.02.2020-14:05:31,1.00000000e+00,6.41304553e-01,8.87409782e+00,2.33662617e-03,6.75552902e+01,7.98094635e+01,1.84872837e+01,3.82742524e-01,5.91841221e-01
5345803-S04-156I3-A-L-C-190-7-1,20.02.2020-14:05:33,2.00000000e+00,6.41908228e-01,8.85846424e+00,2.53459485e-03,9.25236893e+01,7.93676910e+01,1.83698368e+01,1.98701233e-01,2.64588714e-01
5345803-S04-156I3-A-L-C-190-7-1,20.02.2020-14:05:35,2.00000000e+00,6.40194833e-01,8.81405354e+00,2.20900006e-03,1.16899750e+02,7.98717575e+01,1.83447266e+01,2.56648749e-01,4.19502944e-01
5345803-S04-156I3-A-L-C-190-7-1,20.02.2020-14:05:37,1.00000000e+00,6.42175615e-01,8.84961319e+00,1.88855128e-03,8.03495789e+01,7.99076004e+01,1.84840164e+01,2.50504732e-01,2.90509462e-01
5345803-S04-156I3-A-L-C-190-7-1,20.02.2020-14:05:39,2.10000000e+01,6.42097771e-01,8.87412357e+00,2.02628062e-03,2.37333588e+02,7.99073029e+01,1.85328960e+01,1.30612388e-01,1.97105691e-01
5345803-S04-156I3-A-L-C-190-7-1,20.02.2020-14:05:41,2.10000000e+01,6.42408490e-01,8.84370232e+00,2.09943647e-03,3.56368286e+02,8.03705292e+01,1.85854225e+01,1.41832918e-01,5.35400629e-01
5345803-S04-156I3-A-L-C-190-7-1,20.02.2020-14:05:43,1.00000000e+00,6.39124036e-01,8.86379814e+00,1.59649085e-03,2.98053253e+02,7.99837723e+01,1.84432335e+01,6.61135763e-02,7.88373798e-02
5345803-S04-156I3-A-L-C-190-7-1,20.02.2020-14:05:45,1.00000000e+00,6.39025748e-01,8.88833904e+00,2.04177201e-03,1.49218857e+02,7.99389343e+01,1.84810886e+01,1.66236848e-01,1.91719726e-01
5345803-S04-156I3-A-L-C-190-7-1,20.02.2020-14:05:48,2.00000000e+01,6.45084739e-01,8.87963104e+00,1.78713037e-03,1.91717636e+02,7.99067993e+01,1.86305485e+01,1.42699063e-01,2.76178688e-01
5345803-S04-156I3-A-L-C-190-7-1,20.02.2020-14:05:50,2.10000000e+01,6.43242896e-01,8.85026741e+00,2.38346332e-03,7.61548706e+02,7.98632507e+01,1.85058289e+01,8.42938647e-02,4.88721341e-01
5345803-S04-156I3-A-L-C-190-7-1,20.02.2020-14:05:52,2.00000000e+01,6.44538641e-01,8.89731884e+00,2.34115985e-03,3.92180389e+02,8.00277481e+01,1.86800900e+01,1.13565341e-01,1.67715281e-01
5345803-S04-156I3-A-L-C-190-7-1,20.02.2020-14:05:54,2.00000000e+00,6.39244437e-01,8.80943012e+00,2.01616110e-03,1.99308014e+02,8.01540527e+01,1.83725929e+01,1.61867157e-01,9.32371199e-01
5345803-S04-156I3-A-L-C-190-7-1,20.02.2020-14:05:56,2.00000000e+01,6.43425167e-01,8.88707924e+00,1.84592826e-03,1.60761093e+02,8.00453644e+01,1.86304569e+01,1.70347437e-01,2.54718632e-01
5345803-S04-156I3-A-L-C-190-7-1,20.02.2020-14:05:58,1.00000000e+00,6.42219722e-01,8.88050652e+00,2.41872529e-03,1.54175232e+02,7.96837234e+01,1.84978466e+01,1.63379297e-01,2.58829713e-01
5345803-S04-156I3-A-L-C-190-7-1,20.02.2020-14:06:01,1.00000000e+00,6.44114852e-01,8.85681820e+00,2.47155875e-03,2.00090942e+02,7.96052017e+01,1.84847107e+01,1.05650082e-01,1.59108520e-01
5345803-S04-156I3-A-L-C-190-7-1,20.02.2020-14:06:03,1.00000000e+00,6.41832888e-01,8.87733555e+00,2.21958477e-03,3.16752930e+01,7.95184860e+01,1.84417820e+01,7.34637976e-01,9.13007975e-01
5345803-S04-156I3-A-L-C-190-7-1,20.02.2020-14:06:05,2.00000000e+00,6.39070690e-01,8.81696033e+00,2.39862991e-03,2.47652283e+02,7.96519470e+01,1.82681408e+01,2.18884841e-01,8.53170693e-01
5345803-S04-156I3-A-L-C-190-7-1,20.02.2020-14:06:07,1.90000000e+01,6.45638585e-01,8.87330723e+00,2.03592819e-03,2.75376160e+02,8.03146973e+01,1.87283802e+01,1.21708512e-01,2.49027193e-01
5345803-S04-156I3-A-L-C-190-7-1,20.02.2020-14:06:09,2.00000000e+00,6.40348554e-01,8.84460449e+00,2.37603532e-03,2.20815018e+02,7.96353073e+01,1.83582249e+01,1.18203148e-01,1.41539529e-01
5345803-S04-156I3-A-L-C-190-7-1,20.02.2020-14:06:11,1.90000000e+01,6.46163166e-01,8.88751316e+00,2.21630093e-03,7.15752335e+01,8.04223785e+01,1.87987747e+01,4.98860329e-01,6.15697443e-01
5345803-S04-156I3-A-L-C-190-7-1,20.02.2020-14:06:13,2.00000000e+01,6.43938065e-01,8.88437271e+00,2.12044921e-03,1.69231003e+02,8.01632919e+01,1.86670914e+01,9.94063988e-02,1.59329340e-01
5345803-S04-156I3-A-L-C-190-7-1,20.02.2020-14:06:16,2.10000000e+01,6.42934740e-01,8.84391212e+00,2.06586462e-03,2.58955566e+02,8.03407211e+01,1.85941868e+01,1.34797692e-01,2.18642652e-01
5345803-S04-156I3-A-L-C-190-7-1,20.02.2020-14:06:18,2.00000000e+01,6.44670725e-01,8.90854645e+00,2.12962832e-03,2.11938004e+02,7.98710098e+01,1.86708546e+01,1.03864543e-01,1.45552322e-01
5345803-S04-156I3-A-L-C-190-7-1,20.02.2020-14:06:20,2.00000000e+01,6.43741429e-01,8.89508820e+00,2.44795904e-03,4.12947327e+02,7.98503799e+01,1.86109638e+01,7.04115555e-02,1.26850724e-01
5345803-S04-156I3-A-L-C-190-7-1,20.02.2020-14:06:22,2.00000000e+01,6.44377828e-01,8.91030884e+00,1.97007949e-03,4.53480469e+02,7.99268417e+01,1.86791096e+01,7.48068243e-02,1.22546934e-01
5345803-S04-156I3-A-L-C-190-7-1,20.02.2020-14:06:24,2.00000000e+01,6.43764615e-01,8.90132236e+00,1.83687778e-03,4.27170624e+02,7.99442368e+01,1.86465721e+01,8.58940408e-02,1.80977076e-01
5345803-S04-156I3-A-L-C-190-7-1,20.02.2020-14:06:26,2.00000000e+00,6.39366448e-01,8.89524460e+00,2.44347216e-03,3.18017303e+02,7.92930984e+01,1.83558006e+01,6.22250475e-02,7.81207606e-02
5345803-S04-156I3-A-L-C-190-7-1,20.02.2020-14:06:28,2.10000000e+01,6.41350865e-01,8.87023258e+00,1.94043107e-03,2.86325714e+02,8.00085220e+01,1.85266609e+01,7.84946606e-02,1.62440658e-01
5345803-S04-156I3-A-L-C-190-7-1,20.02.2020-14:06:30,2.00000000e+00,6.41253173e-01,8.81910992e+00,1.93207187e-03,2.98136597e+02,7.99047928e+01,1.83932018e+01,8.26879963e-02,3.27175915e-01
5345803-S04-156I3-A-L-C-190-7-1,20.02.2020-14:06:33,2.00000000e+01,6.43727660e-01,8.86987114e+00,2.05689366e-03,1.78477280e+02,8.01054840e+01,1.86170940e+01,3.05577576e-01,4.05362099e-01
5345803-S04-156I3-A-L-C-190-7-1,20.02.2020-14:06:35,2.10000000e+01,6.42140210e-01,8.84787083e+00,2.30487622e-03,4.07610321e+02,8.00659256e+01,1.85159740e+01,8.57054517e-02,4.28298652e-01
5345803-S04-156I3-A-L-C-190-7-1,20.02.2020-14:06:37,2.00000000e+01,6.44086421e-01,8.89034557e+00,2.37568328e-03,4.88294464e+02,7.99980240e+01,1.86454220e+01,7.31388107e-02,1.19102716e-01
5345803-S04-156I3-A-L-C-190-7-1,20.02.2020-14:06:39,2.00000000e+01,6.44203544e-01,8.88336849e+00,1.94979820e-03,3.39494141e+02,8.00154953e+01,1.86382504e+01,7.40316883e-02,1.38627931e-01
5345803-S04-156I3-A-L-C-190-7-1,20.02.2020-14:06:41,2.10000000e+01,6.44234896e-01,8.86965466e+00,2.01228564e-03,1.46019165e+02,7.98447800e+01,1.85706749e+01,1.72146171e-01,2.72255212e-01
5345803-S04-156I3-A-L-C-190-7-1,20.02.2020-14:06:43,2.00000000e+00,6.40210390e-01,8.81217289e+00,2.01538322e-03,2.86266296e+02,7.99696045e+01,1.83637295e+01,1.40673488e-01,5.07761359e-01
5345803-S04-156I3-A-L-C-190-7-1,20.02.2020-14:06:46,2.00000000e+00,6.40007913e-01,8.79058266e+00,2.32365960e-03,1.74544678e+02,7.95379333e+01,1.82140903e+01,1.50338337e-01,3.89696032e-01
5345803-S04-156I3-A-L-C-190-7-1,20.02.2020-14:06:48,1.00000000e+00,6.39469147e-01,8.89081192e+00,2.12618941e-03,3.47998596e+02,7.98050919e+01,1.84680843e+01,7.62232095e-02,9.91857052e-02
5345803-S04-156I3-A-L-C-190-7-1,20.02.2020-14:06:52,2.10000000e+01,6.43401563e-01,8.85740852e+00,1.98389613e-03,2.86744934e+02,8.00253906e+01,1.85629406e+01,9.14948136e-02,2.77538389e-01
5345803-S04-156I3-A-L-C-190-7-1,20.02.2020-14:06:54,1.00000000e+00,6.41031384e-01,8.81391621e+00,1.67264475e-03,1.83570114e+02,8.00363312e+01,1.84062614e+01,1.54682979e-01,4.90150303e-01
5345803-S04-156I3-A-L-C-190-7-1,20.02.2020-14:06:56,2.00000000e+00,6.40721679e-01,8.81015873e+00,2.05469760e-03,1.99287033e+02,7.99817963e+01,1.83769970e+01,1.54162079e-01,5.53824186e-01
5345803-S04-156I3-A-L-C-190-7-1,20.02.2020-14:06:58,2.00000000e+01,6.45438850e-01,8.88765621e+00,1.96690648e-03,2.14662201e+02,8.00619202e+01,1.86938400e+01,1.24315560e-01,2.27646321e-01
5345803-S04-156I3-A-L-C-190-7-1,20.02.2020-14:07:00,2.10000000e+01,6.42978609e-01,8.87253475e+00,2.09829025e-03,2.19014389e+02,7.97517624e+01,1.85188789e+01,1.06216788e-01,1.39242262e-01
5345803-S04-156I3-A-L-C-190-7-1,20.02.2020-14:07:02,1.00000000e+00,6.42526746e-01,8.85067749e+00,2.25507864e-03,2.04028183e+02,7.98054733e+01,1.84727097e+01,2.64791638e-01,4.43734974e-01
5345803-S04-156I3-A-L-C-190-7-1,20.02.2020-14:07:05,2.00000000e+01,6.43905520e-01,8.90117359e+00,2.29130569e-03,1.36241898e+02,8.01152115e+01,1.86902275e+01,2.36529663e-01,3.42777461e-01
5345803-S04-156I3-A-L-C-190-7-1,20.02.2020-14:07:07,2.10000000e+01,6.42425954e-01,8.86597443e+00,2.19067023e-03,2.17156464e+02,8.00145874e+01,1.85502148e+01,1.60143062e-01,5.01150012e-01
5345803-S04-156I3-A-L-C-190-7-1,20.02.2020-14:07:09,3.00000000e+00,6.38640761e-01,8.74551105e+00,2.16345745e-03,4.90046326e+02,7.95233002e+01,1.80786686e+01,1.38046101e-01,8.40702355e-01
5345803-S04-156I3-A-L-C-190-7-1,20.02.2020-14:07:11,2.00000000e+01,6.42922997e-01,8.87597656e+00,2.03239406e-03,2.77887512e+02,8.01617126e+01,1.86196842e+01,1.10454395e-01,2.73762912e-01
5345803-S04-156I3-A-L-C-190-7-1,20.02.2020-14:07:13,1.00000000e+00,6.41073585e-01,8.82221889e+00,1.91876444e-03,2.01986038e+02,7.99976273e+01,1.84159031e+01,1.28050730e-01,3.04961771e-01
5345803-S04-156I3-A-L-C-190-7-1,20.02.2020-14:07:15,1.00000000e+00,6.41312182e-01,8.80623627e+00,1.40648172e-03,4.40741791e+02,8.02061462e+01,1.84373150e+01,9.11301598e-02,3.08386594e-01
5345803-S04-156I3-A-L-C-190-7-1,20.02.2020-14:07:17,1.30000000e+01,6.38148725e-01,8.72579193e+00,2.08564103e-03,2.55104355e+02,7.93099518e+01,1.79756508e+01,1.26035810e-01,7.15221345e-01
5345803-S04-156I3-A-L-C-190-7-1,20.02.2020-14:07:19,1.00000000e+00,6.42455339e-01,8.88404942e+00,2.50134757e-03,1.83642502e+02,7.96272964e+01,1.84989071e+01,1.59686089e-01,2.54251510e-01
5345803-S04-156I3-A-L-C-190-7-1,20.02.2020-14:07:22,3.00000000e+00,6.32524788e-01,8.68481159e+00,1.54255610e-03,3.89097412e+02,8.09144592e+01,1.80923195e+01,1.45513564e-01,7.24374890e-01
5345803-S04-156I3-A-L-C-190-7-1,20.02.2020-14:07:24,2.10000000e+01,6.41472697e-01,8.88268280e+00,2.45335489e-03,2.42183411e+02,7.98617325e+01,1.85221443e+01,8.07523951e-02,1.05177544e-01
5345803-S04-156I3-A-L-C-190-7-1,20.02.2020-14:07:26,2.00000000e+00,6.37586474e-01,8.77794170e+00,2.07347074e-03,1.24355698e+02,8.01650848e+01,1.82619553e+01,1.97391629e-01,3.58942956e-01
5345803-S04-156I3-A-L-C-190-7-1,20.02.2020-14:07:28,2.10000000e+01,6.42220438e-01,8.87652397e+00,2.20987946e-03,2.04020782e+02,7.99034882e+01,1.85405674e+01,1.06294200e-01,1.52896881e-01
5345803-S04-156I3-A-L-C-190-7-1,20.02.2020-14:07:38,2.00000000e+01,6.45061970e-01,8.85863209e+00,1.66657625e-03,1.84089996e+02,8.02266846e+01,1.86602364e+01,1.06128283e-01,1.79609999e-01
5345803-S04-156I3-A-L-C-190-7-1,20.02.2020-14:07:40,2.10000000e+01,6.43448889e-01,8.85613346e+00,2.05168943e-03,1.86620193e+02,8.01446457e+01,1.85892944e+01,1.47678077e-01,2.18983412e-01
5345803-S04-156I3-A-L-C-190-7-1,20.02.2020-14:07:42,9.00000000e+00,6.45290494e-01,8.90716553e+00,1.87264266e-03,2.17727875e+02,8.06038513e+01,1.88573532e+01,9.81801078e-02,1.60314322e-01
5345803-S04-156I3-A-L-C-190-7-1,20.02.2020-14:07:44,2.10000000e+01,6.39384508e-01,8.88488579e+00,1.73406419e-03,1.42613480e+02,8.02651062e+01,1.85597000e+01,1.34813666e-01,1.57153010e-01
5345803-S04-156I3-A-L-C-190-7-1,20.02.2020-14:07:46,2.00000000e+01,6.43665016e-01,8.88479519e+00,2.21306598e-03,1.61118820e+02,8.01089706e+01,1.86474190e+01,1.63675919e-01,3.19252878e-01
5345803-S04-156I3-A-L-C-190-7-1,20.02.2020-14:07:48,2.10000000e+01,6.42397523e-01,8.88433266e+00,1.91364472e-03,1.97928070e+02,7.97412186e+01,1.85242958e+01,1.38390854e-01,2.24356309e-01
5345803-S04-156I3-A-L-C-190-7-1,20.02.2020-14:07:50,2.10000000e+01,6.42428637e-01,8.83729172e+00,1.95307680e-03,1.28305817e+02,8.02235565e+01,1.85385685e+01,1.36018917e-01,1.68124184e-01
5345803-S04-156I3-A-L-C-190-7-1,20.02.2020-14:07:52,1.00000000e+00,6.42409563e-01,8.84626579e+00,2.01313640e-03,6.79975739e+01,7.96717682e+01,1.84292068e+01,5.76041043e-01,8.81168127e-01
5345803-S04-156I3-A-L-C-190-7-1,20.02.2020-14:07:55,2.10000000e+01,6.42049968e-01,8.86636829e+00,1.88790227e-03,1.72142242e+02,8.00006256e+01,1.85369453e+01,1.55361727e-01,3.00203443e-01
5345803-S04-156I3-A-L-C-190-7-1,20.02.2020-14:07:57,1.90000000e+01,6.45428360e-01,8.89071083e+00,2.06777523e-03,2.40086334e+02,8.03528061e+01,1.87679043e+01,1.48289293e-01,2.67135680e-01
5345803-S04-156I3-A-L-C-190-7-1,20.02.2020-14:07:59,1.90000000e+01,6.43909514e-01,8.88529778e+00,1.68367696e-03,3.09556549e+02,8.03098145e+01,1.87023277e+01,1.10560454e-01,2.21503317e-01
5345803-S04-156I3-A-L-C-190-7-1,20.02.2020-14:08:01,2.00000000e+00,6.40930295e-01,8.81292915e+00,1.84414512e-03,1.38479904e+02,7.98934631e+01,1.83684483e+01,2.21812323e-01,4.75652128e-01
5345803-S04-156I3-A-L-C-190-7-1,20.02.2020-14:08:03,1.00000000e+00,6.39772654e-01,8.82025242e+00,2.05274462e-03,1.15913330e+02,8.02154770e+01,1.84244709e+01,1.92122936e-01,3.41621965e-01
5345803-S04-156I3-A-L-C-190-7-1,20.02.2020-14:08:05,2.00000000e+01,6.46389663e-01,8.87520218e+00,2.11032806e-03,1.69175201e+02,8.00616837e+01,1.86950912e+01,1.35491386e-01,2.73739457e-01
5345803-S04-156I3-A-L-C-190-7-1,20.02.2020-14:08:07,1.00000000e+00,6.39700353e-01,8.89646530e+00,2.18320568e-03,9.60011139e+01,7.95996857e+01,1.84389267e+01,2.62462944e-01,3.07334602e-01
5345803-S04-156I3-A-L-C-190-7-1,20.02.2020-14:08:10,2.00000000e+01,6.44319236e-01,8.86493683e+00,1.87102577e-03,1.31279114e+02,8.04122009e+01,1.86951466e+01,1.79180577e-01,3.56544018e-01
5345803-S04-156I3-A-L-C-190-7-1,20.02.2020-14:08:12,2.10000000e+01,6.42861485e-01,8.89583969e+00,2.56426306e-03,1.22410530e+02,7.98323288e+01,1.85828934e+01,2.37521887e-01,2.86596030e-01
5345803-S04-156I3-A-L-C-190-7-1,20.02.2020-14:08:14,2.00000000e+01,6.44234598e-01,8.89690781e+00,2.33751209e-03,9.11487808e+01,7.97500687e+01,1.86056309e+01,2.60578185e-01,3.37035567e-01
5345803-S04-156I3-A-L-C-190-7-1,20.02.2020-14:08:16,2.10000000e+01,6.42470658e-01,8.87836075e+00,2.30059493e-03,8.04496384e+01,7.97748489e+01,1.85217609e+01,3.45976353e-01,4.77953583e-01
5345803-S04-156I3-A-L-C-190-7-1,20.02.2020-14:08:18,1.00000000e+00,6.42537177e-01,8.87177467e+00,2.41731829e-03,8.79820328e+01,7.96595230e+01,1.84831772e+01,2.19654813e-01,3.24211657e-01
5345803-S04-156I3-A-L-C-190-7-1,20.02.2020-14:08:20,2.00000000e+01,6.43834412e-01,8.85983086e+00,1.88455265e-03,1.05885429e+02,8.02692108e+01,1.86371193e+01,3.36410344e-01,6.05863214e-01
5345803-S04-156I3-A-L-C-190-7-1,20.02.2020-14:08:22,2.00000000e+00,6.37206018e-01,8.79699707e+00,1.89875322e-03,2.42122841e+01,8.00047836e+01,1.82541027e+01,1.16979182e+00,1.74697232e+00
5345803-S04-156I3-A-L-C-190-7-1,20.02.2020-14:08:24,2.10000000e+01,6.43051445e-01,8.87631893e+00,1.96767529e-03,1.45528870e+02,7.99724960e+01,1.85801582e+01,1.44211933e-01,1.86804339e-01
5345803-S04-156I3-A-L-C-190-7-1,20.02.2020-14:08:27,2.10000000e+01,6.45027220e-01,8.85881138e+00,2.16565956e-03,4.62590790e+02,7.98788452e+01,1.85787067e+01,7.89662376e-02,1.45018309e-01
5345803-S04-156I3-A-L-C-190-7-1,20.02.2020-14:08:29,2.00000000e+01,6.43795967e-01,8.85595322e+00,1.66176038e-03,5.40393311e+02,8.02445984e+01,1.86221390e+01,9.77511182e-02,2.54814625e-01
5345803-S04-156I3-A-L-C-190-7-1,20.02.2020-14:08:31,2.00000000e+00,6.38650537e-01,8.79918194e+00,1.86655717e-03,1.87854431e+02,8.01101074e+01,1.83241177e+01,1.21921316e-01,2.71592319e-01
5345803-S04-156I3-A-L-C-190-7-1,20.02.2020-14:08:33,2.10000000e+01,6.42776847e-01,8.87764931e+00,1.97341247e-03,1.36574387e+02,7.99130173e+01,1.85611954e+01,1.46321863e-01,1.92616090e-01
5345803-S04-156I3-A-L-C-190-7-1,20.02.2020-14:08:35,2.00000000e+01,6.43976748e-01,8.87363338e+00,1.84047257e-03,3.95765076e+02,8.00507431e+01,1.86194649e+01,9.41098928e-02,1.42415509e-01
5345803-S04-156I3-A-L-C-190-7-1,20.02.2020-14:08:37,1.90000000e+01,6.44840658e-01,8.89776039e+00,1.90266361e-03,3.74226257e+02,8.00960541e+01,1.87057209e+01,9.62713733e-02,1.30149528e-01
5345803-S04-156I3-A-L-C-190-7-1,20.02.2020-14:08:39,2.10000000e+01,6.41845226e-01,8.86738968e+00,2.20888620e-03,3.50091064e+02,8.00180283e+01,1.85371990e+01,9.14128721e-02,1.46971732e-01
5345803-S04-156I3-A-L-C-190-7-1,20.02.2020-14:08:42,2.00000000e+01,6.43172801e-01,8.89651394e+00,2.05316627e-03,2.33298050e+02,8.00653763e+01,1.86475830e+01,1.13761537e-01,1.81628108e-01
5345803-S04-156I3-A-L-C-190-7-1,20.02.2020-14:08:44,2.10000000e+01,6.42599165e-01,8.87239838e+00,2.34012562e-03,3.01942352e+02,7.99083557e+01,1.85440063e+01,8.45143124e-02,1.50382921e-01
5345803-S04-156I3-A-L-C-190-7-1,20.02.2020-14:08:46,2.00000000e+01,6.42698288e-01,8.87344837e+00,1.92967337e-03,3.29559753e+02,8.01833725e+01,1.86129017e+01,9.82864723e-02,1.60493821e-01
5345803-S04-156I3-A-L-C-190-7-1,20.02.2020-14:08:48,2.00000000e+01,6.42214000e-01,8.85760689e+00,1.58626912e-03,3.80205322e+02,8.04029007e+01,1.86165028e+01,1.14857957e-01,2.12361336e-01
5345803-S04-156I3-A-L-C-190-7-1,20.02.2020-14:08:50,2.00000000e+01,6.44610345e-01,8.89904022e+00,2.17007240e-03,7.92507874e+02,8.00298615e+01,1.86862736e+01,5.57970330e-02,9.67015773e-02
5345803-S04-156I3-A-L-C-190-7-1,20.02.2020-14:08:52,2.00000000e+00,6.38456941e-01,8.81538677e+00,1.91427232e-03,6.21239563e+02,7.97157898e+01,1.82619667e+01,4.97293100e-02,6.55480027e-02
5345803-S04-156I3-A-L-C-190-7-1,20.02.2020-14:08:54,2.10000000e+01,6.43096626e-01,8.85901165e+00,1.98655576e-03,1.58277969e+02,8.02007294e+01,1.85981617e+01,1.19688317e-01,1.68234423e-01
5345803-S04-156I3-A-L-C-190-7-1,20.02.2020-14:08:56,1.00000000e+00,6.42677784e-01,8.87514019e+00,2.38238182e-03,1.99748093e+02,7.96084366e+01,1.84823761e+01,1.16484731e-01,1.38617069e-01
5345803-S04-156I3-A-L-C-190-7-1,20.02.2020-14:08:58,2.10000000e+01,6.42997801e-01,8.86543179e+00,2.12365901e-03,2.26794418e+02,7.98901138e+01,1.85367088e+01,1.32214516e-01,1.64039031e-01
5345803-S04-156I3-A-L-C-190-7-1,20.02.2020-14:09:01,1.30000000e+01,6.37836874e-01,8.71878242e+00,2.20681331e-03,1.73653702e+02,7.92825470e+01,1.79462299e+01,1.60751581e-01,4.44770336e-01
5345803-S04-156I3-A-L-C-190-7-1,20.02.2020-14:09:03,1.00000000e+00,6.42677665e-01,8.86508083e+00,2.44039833e-03,1.16998520e+02,7.95240097e+01,1.84418449e+01,2.65720040e-01,3.38784486e-01
5345803-S04-156I3-A-L-C-190-7-1,20.02.2020-14:09:05,1.00000000e+00,6.42348349e-01,8.86543369e+00,2.36914400e-03,1.51023514e+02,7.96546783e+01,1.84634171e+01,2.02337444e-01,3.07244271e-01
5345803-S04-156I3-A-L-C-190-7-1,20.02.2020-14:09:07,1.30000000e+01,6.37833297e-01,8.71426296e+00,2.31605885e-03,1.98868240e+02,7.92247086e+01,1.79237423e+01,1.85795724e-01,4.45978492e-01
5345803-S04-156I3-A-L-C-190-7-1,20.02.2020-14:09:09,2.00000000e+01,6.45340025e-01,8.86239624e+00,2.39372556e-03,9.52086792e+01,7.98997879e+01,1.86001129e+01,2.32529223e-01,3.78376752e-01
5345803-S04-156I3-A-L-C-190-7-1,20.02.2020-14:09:11,2.00000000e+01,6.43387854e-01,8.88067150e+00,1.82587281e-03,2.33367874e+02,8.01168594e+01,1.86325703e+01,1.12739339e-01,1.79227486e-01
5345803-S04-156I3-A-L-C-190-7-1,20.02.2020-14:09:13,2.10000000e+01,6.42284572e-01,8.86662388e+00,2.21207808e-03,2.04300049e+02,7.99070969e+01,1.85225735e+01,1.14473261e-01,2.10549682e-01
5345803-S04-156I3-A-L-C-190-7-1,20.02.2020-14:09:16,2.10000000e+01,6.42971814e-01,8.88178158e+00,2.26075482e-03,7.28009338e+02,7.99670868e+01,1.85880337e+01,5.19309789e-02,1.23309121e-01
5345803-S04-156I3-A-L-C-190-7-1,20.02.2020-14:09:18,2.00000000e+01,6.45169079e-01,8.88888073e+00,2.26958236e-03,5.34911804e+02,8.00390930e+01,1.86832752e+01,6.74635842e-02,1.30777270e-01
5345803-S04-156I3-A-L-C-190-7-1,20.02.2020-14:09:20,2.10000000e+01,6.43988073e-01,8.87545300e+00,1.79143890e-03,3.13451660e+02,7.99386215e+01,1.85975285e+01,8.41041356e-02,1.41161278e-01
5345803-S04-156I3-A-L-C-190-7-1,20.02.2020-14:09:22,2.10000000e+01,6.42451584e-01,8.86024189e+00,2.05285009e-03,3.22114655e+02,8.01871338e+01,1.85789375e+01,1.63884908e-01,3.10507685e-01
5345803-S04-156I3-A-L-C-190-7-1,20.02.2020-14:09:24,1.90000000e+01,6.44378603e-01,8.90802479e+00,2.29525776e-03,3.94497833e+02,8.00988846e+01,1.87145405e+01,6.55587688e-02,9.67418924e-02
5345803-S04-156I3-A-L-C-190-7-1,20.02.2020-14:09:26,1.00000000e+00,6.41145945e-01,8.84275913e+00,1.66927523e-03,7.13918457e+01,8.00198975e+01,1.84660034e+01,2.88468003e-01,3.83019626e-01
5345803-S04-156I3-A-L-C-190-7-1,20.02.2020-14:09:28,1.00000000e+00,6.40903115e-01,8.82929230e+00,1.81938335e-03,9.98422165e+01,8.01164246e+01,1.84531307e+01,2.74991721e-01,3.92949700e-01
5345803-S04-156I3-A-L-C-190-7-1,20.02.2020-14:09:30,2.10000000e+01,6.42099142e-01,8.86280537e+00,2.06897873e-03,8.37329636e+01,7.99728622e+01,1.85244827e+01,2.10096449e-01,2.83339918e-01
5345803-S04-156I3-A-L-C-190-7-1,20.02.2020-14:09:33,1.90000000e+01,6.45621181e-01,8.86995411e+00,2.03193212e-03,2.08419525e+02,8.02711945e+01,1.87106571e+01,1.12851717e-01,2.23704726e-01
5345803-S04-156I3-A-L-C-190-7-1,20.02.2020-14:09:35,2.00000000e+01,6.45968676e-01,8.86660480e+00,1.90993608e-03,1.78956818e+02,8.02121124e+01,1.86998844e+01,1.07192405e-01,2.29914114e-01
5345803-S04-156I3-A-L-C-190-7-1,20.02.2020-14:09:37,1.90000000e+01,6.44172728e-01,8.89676857e+00,2.02076440e-03,6.19342896e+02,8.02719040e+01,1.87252827e+01,6.89310431e-02,1.02925822e-01
5345803-S04-156I3-A-L-C-190-7-1,20.02.2020-14:09:39,2.00000000e+01,6.42720759e-01,8.88975525e+00,2.06860853e-03,2.12319229e+02,8.01818542e+01,1.86474056e+01,1.14795640e-01,1.69854090e-01
5345803-S04-156I3-A-L-C-190-7-1,20.02.2020-14:09:41,2.00000000e+00,6.42531693e-01,8.86090755e+00,2.55152909e-03,3.41090118e+02,7.93607941e+01,1.83911533e+01,1.07523784e-01,1.88759029e-01
5345803-S04-156I3-A-L-C-190-7-1,20.02.2020-14:09:43,1.00000000e+00,6.41826153e-01,8.86389542e+00,2.14461959e-03,2.74777344e+02,7.98209610e+01,1.84837132e+01,7.38362893e-02,9.02564824e-02
5345803-S04-156I3-A-L-C-190-7-1,20.02.2020-14:09:45,2.10000000e+01,6.42098725e-01,8.86734962e+00,1.93688751e-03,3.34473633e+02,7.99569931e+01,1.85302925e+01,8.70635659e-02,1.06260605e-01
5345803-S04-156I3-A-L-C-190-7-1,20.02.2020-14:09:48,1.30000000e+01,6.38149977e-01,8.71871471e+00,2.22820020e-03,2.20681473e+02,7.93024292e+01,1.79594021e+01,1.63431570e-01,4.38013047e-01
5345803-S04-156I3-A-L-C-190-7-1,20.02.2020-14:09:50,1.30000000e+01,6.38416946e-01,8.70960712e+00,2.02289433e-03,2.84748566e+02,7.91963654e+01,1.79241409e+01,1.42524987e-01,3.89609039e-01
5345803-S04-156I3-A-L-C-190-7-1,20.02.2020-14:09:52,2.10000000e+01,6.43541098e-01,8.86585522e+00,2.03544577e-03,3.12451447e+02,7.99152222e+01,1.85590858e+01,9.37565342e-02,1.17136933e-01
5345803-S04-156I3-A-L-C-190-7-1,20.02.2020-14:09:54,2.10000000e+01,6.43784463e-01,8.86975193e+00,2.24319939e-03,4.64821320e+02,7.98465195e+01,1.85582962e+01,5.66495396e-02,7.74067640e-02
5345803-S04-156I3-A-L-C-190-7-1,20.02.2020-14:09:56,2.10000000e+01,6.42424226e-01,8.87394047e+00,2.06422736e-03,2.37668259e+02,7.98610153e+01,1.85311947e+01,1.01730488e-01,1.23880476e-01
5345803-S04-156I3-A-L-C-190-7-1,20.02.2020-14:09:58,1.00000000e+00,6.42546594e-01,8.85730076e+00,2.06273049e-03,1.69490341e+02,7.95836639e+01,1.84357224e+01,1.01745903e-01,1.54009700e-01
5345803-S04-156I3-A-L-C-190-7-1,20.02.2020-14:10:00,2.00000000e+00,6.41924739e-01,8.84608364e+00,2.73604388e-03,3.35683563e+02,7.93475113e+01,1.83399715e+01,9.83134136e-02,1.83403447e-01
5345803-S04-156I3-A-L-C-190-7-1,20.02.2020-14:10:03,2.00000000e+01,6.42718375e-01,8.86874294e+00,1.73900858e-03,5.68852661e+02,8.02993088e+01,1.86305122e+01,6.67122006e-02,1.22629270e-01
5345803-S04-156I3-A-L-C-190-7-1,20.02.2020-14:10:05,2.00000000e+01,6.42787516e-01,8.87444878e+00,1.86200836e-03,3.91370422e+02,8.02656937e+01,1.86366997e+01,7.63074160e-02,1.39363497e-01
5345803-S04-156I3-A-L-C-190-7-1,20.02.2020-14:10:07,2.00000000e+01,6.42475843e-01,8.86819458e+00,1.91352679e-03,5.99272400e+02,8.02319412e+01,1.86067066e+01,8.64909440e-02,1.36353180e-01
5345803-S04-156I3-A-L-C-190-7-1,20.02.2020-14:10:09,2.00000000e+01,6.42099023e-01,8.88108349e+00,1.90178107e-03,4.38832336e+02,8.03262558e+01,1.86447124e+01,6.94836006e-02,1.25924945e-01
5345803-S04-156I3-A-L-C-190-7-1,20.02.2020-14:10:11,1.90000000e+01,6.44796908e-01,8.89622498e+00,1.67086045e-03,6.80005310e+02,8.02082825e+01,1.87274284e+01,5.51844537e-02,9.72994566e-02
5345803-S04-156I3-A-L-C-190-7-1,20.02.2020-14:10:13,2.10000000e+01,6.43465579e-01,8.88568687e+00,2.40131910e-03,2.41208481e+02,7.98328857e+01,1.85792561e+01,1.45723045e-01,2.19294295e-01
5345803-S04-156I3-A-L-C-190-7-1,20.02.2020-14:10:15,2.00000000e+01,6.43724620e-01,8.88652611e+00,1.89227459e-03,2.95574310e+02,8.01415863e+01,1.86603737e+01,1.02964908e-01,1.49157941e-01
5345803-S04-156I3-A-L-C-190-7-1,20.02.2020-14:10:17,1.00000000e+00,6.40817285e-01,8.83974457e+00,1.88482390e-03,1.22591957e+02,7.99349594e+01,1.84306602e+01,2.05850288e-01,3.28119963e-01
5345803-S04-156I3-A-L-C-190-7-1,20.02.2020-14:10:20,1.90000000e+01,6.44690394e-01,8.86427498e+00,1.71063747e-03,9.98044067e+02,8.04062576e+01,1.87031384e+01,3.78817022e-02,2.57980853e-01
5345803-S04-156I3-A-L-C-190-7-1,20.02.2020-14:10:22,2.00000000e+01,6.42161012e-01,8.86793041e+00,1.95377995e-03,2.87796539e+02,8.03621902e+01,1.86272259e+01,1.17161788e-01,2.50498801e-01
5345803-S04-156I3-A-L-C-190-7-1,20.02.2020-14:10:24,1.90000000e+01,6.42913759e-01,8.88743591e+00,1.87141518e-03,2.85051422e+02,8.04531097e+01,1.87112255e+01,7.44607300e-02,1.41907662e-01
5345803-S04-156I3-A-L-C-190-7-1,20.02.2020-14:10:26,2.00000000e+01,6.43519998e-01,8.89567661e+00,1.99779053e-03,1.84395187e+02,8.02367554e+01,1.86958237e+01,1.21308550e-01,1.89896300e-01
5345803-S04-156I3-A-L-C-190-7-1,20.02.2020-14:10:28,1.90000000e+01,6.43228829e-01,8.89720249e+00,2.06073490e-03,1.33617111e+02,8.03773117e+01,1.87233105e+01,1.31695151e-01,2.09000766e-01
5345803-S04-156I3-A-L-C-190-7-1,20.02.2020-14:10:30,2.00000000e+01,6.42872036e-01,8.87404156e+00,1.60313002e-03,5.28249702e+01,8.04345551e+01,1.86775055e+01,3.22753727e-01,4.47427779e-01
5345803-S04-156I3-A-L-C-190-7-1,20.02.2020-14:10:33,2.00000000e+01,6.42831862e-01,8.87891865e+00,1.91271037e-03,5.10997467e+01,8.02782135e+01,1.86502800e+01,3.48391563e-01,4.44200307e-01
5345803-S04-156I3-A-L-C-190-7-1,20.02.2020-14:10:35,1.90000000e+01,6.43865526e-01,8.89144039e+00,1.89923646e-03,9.91897354e+01,8.03819885e+01,1.87307968e+01,2.57661045e-01,3.48022580e-01
5345803-S04-156I3-A-L-C-190-7-1,20.02.2020-14:10:37,1.90000000e+01,6.44041181e-01,8.89111614e+00,1.82443799e-03,2.17470261e+02,8.03166733e+01,1.87199993e+01,1.24430001e-01,2.12294087e-01
5345803-S04-156I3-A-L-C-190-7-1,20.02.2020-14:10:39,2.00000000e+01,6.43807292e-01,8.88511086e+00,2.00678082e-03,1.43989655e+02,8.02189636e+01,1.86778107e+01,1.70541123e-01,2.42398679e-01
5345803-S04-156I3-A-L-C-190-7-1,20.02.2020-14:10:41,2.10000000e+01,6.43441737e-01,8.89194679e+00,2.01047515e-03,2.26150970e+02,7.98143845e+01,1.85873470e+01,7.86103755e-02,9.85926092e-02
5345803-S04-156I3-A-L-C-190-7-1,20.02.2020-14:10:43,2.10000000e+01,6.41001582e-01,8.86652470e+00,1.75400148e-03,5.29174072e+02,8.03458862e+01,1.85868759e+01,7.14162216e-02,2.97381580e-01
5345803-S04-156I3-A-L-C-190-7-1,20.02.2020-14:10:45,1.90000000e+01,6.45430446e-01,8.88010216e+00,1.98175060e-03,2.29120117e+02,8.03544846e+01,1.87459621e+01,8.65777656e-02,2.31266275e-01
5345803-S04-156I3-A-L-C-190-7-1,20.02.2020-14:10:47,1.90000000e+01,6.45280838e-01,8.87544537e+00,1.89488078e-03,6.11551575e+02,8.03977737e+01,1.87418804e+01,1.01566426e-01,2.66196609e-01
5345803-S04-156I3-A-L-C-190-7-1,20.02.2020-14:10:49,2.10000000e+01,6.41919315e-01,8.85047531e+00,1.93802733e-03,1.79581390e+02,8.03786697e+01,1.85873756e+01,1.21754058e-01,2.39615604e-01
5345803-S04-156I3-A-L-C-190-7-1,20.02.2020-14:10:52,2.10000000e+01,6.41141593e-01,8.86260223e+00,1.93649135e-03,1.94028152e+02,8.02275696e+01,1.85553474e+01,1.43257961e-01,3.65693092e-01
5345803-S04-156I3-A-L-C-190-7-1,20.02.2020-14:10:54,2.10000000e+01,6.42699838e-01,8.82195282e+00,1.87904446e-03,4.90774078e+02,8.02277451e+01,1.85151672e+01,6.97852746e-02,2.55373180e-01
5345803-S04-156I3-A-L-C-190-7-1,20.02.2020-14:10:56,2.10000000e+01,6.41216397e-01,8.85169029e+00,1.55984121e-03,4.89825409e+02,8.03521729e+01,1.85634499e+01,1.04877517e-01,3.48211467e-01
5345803-S04-156I3-A-L-C-190-7-1,20.02.2020-14:10:58,2.00000000e+01,6.43411040e-01,8.87304306e+00,1.82092050e-03,5.61016907e+02,8.00509262e+01,1.86019135e+01,8.04687366e-02,1.16256312e-01
5345803-S04-156I3-A-L-C-190-7-1,20.02.2020-14:11:00,2.00000000e+01,6.43088698e-01,8.86967182e+00,1.61791989e-03,2.51882629e+02,8.03280182e+01,1.86498642e+01,7.11053908e-02,2.32310444e-01
5345803-S04-156I3-A-L-C-190-7-1,20.02.2020-14:11:02,2.00000000e+01,6.44135594e-01,8.85256672e+00,1.78223115e-03,1.67225906e+02,8.03862381e+01,1.86577129e+01,1.15570754e-01,3.24709892e-01
5345803-S04-156I3-A-L-C-190-7-1,20.02.2020-14:11:06,1.90000000e+01,6.43948257e-01,8.87945271e+00,1.71044725e-03,1.21772751e+02,8.03885651e+01,1.87094784e+01,2.00316578e-01,3.17236096e-01
5345803-S04-156I3-A-L-C-190-7-1,20.02.2020-14:11:08,2.00000000e+01,6.43409073e-01,8.87256908e+00,1.83283933e-03,7.32034454e+01,8.03043900e+01,1.86597595e+01,2.76282072e-01,3.78951907e-01
5345803-S04-156I3-A-L-C-190-7-1,20.02.2020-14:11:10,2.00000000e+01,6.43239796e-01,8.86742973e+00,2.10358505e-03,6.59610291e+01,8.01726990e+01,1.86134720e+01,3.52570862e-01,4.50436562e-01
5345803-S04-156I3-A-L-C-190-7-1,20.02.2020-14:11:12,2.00000000e+01,6.43954396e-01,8.88343906e+00,1.91630109e-03,1.08510506e+02,8.02098618e+01,1.86764450e+01,1.87471673e-01,2.98174798e-01
5345803-S04-156I3-A-L-C-190-7-1,20.02.2020-14:11:15,2.00000000e+01,6.42538607e-01,8.87255669e+00,1.67999440e-03,1.78474060e+02,8.01919022e+01,1.86083870e+01,1.40450507e-01,1.87206194e-01
5345803-S04-156I3-A-L-C-190-7-1,20.02.2020-14:11:17,1.90000000e+01,6.44083738e-01,8.89924145e+00,1.77158799e-03,1.77703033e+02,8.03582458e+01,1.87480450e+01,1.38013825e-01,2.44770288e-01
5345803-S04-156I3-A-L-C-190-7-1,20.02.2020-14:11:19,2.10000000e+01,6.42205358e-01,8.86976624e+00,1.90523046e-03,1.29848953e+02,8.01844406e+01,1.85911560e+01,1.94419503e-01,2.45960623e-01
5345803-S04-156I3-A-L-C-190-7-1,20.02.2020-14:11:21,2.10000000e+01,6.41122103e-01,8.85472298e+00,2.27236538e-03,3.68775421e+02,8.00782166e+01,1.85037746e+01,9.35206637e-02,3.01668823e-01
5345803-S04-156I3-A-L-C-190-7-1,20.02.2020-14:11:23,2.00000000e+01,6.44435644e-01,8.86345863e+00,1.97720597e-03,1.98204849e+02,8.04192200e+01,1.86970367e+01,1.15188770e-01,3.11244726e-01
5345803-S04-156I3-A-L-C-190-7-1,20.02.2020-14:11:25,2.00000000e+01,6.44033611e-01,8.88985634e+00,2.44414853e-03,1.05391495e+02,7.98312225e+01,1.86039963e+01,2.05623239e-01,2.64049828e-01
5345803-S04-156I3-A-L-C-190-7-1,20.02.2020-14:11:27,1.00000000e+00,6.41283333e-01,8.85125732e+00,2.55242991e-03,2.69403748e+02,7.96631775e+01,1.84052944e+01,7.72099271e-02,2.10219458e-01
5345803-S04-156I3-A-L-C-190-7-1,20.02.2020-14:11:29,2.10000000e+01,6.42235160e-01,8.86742687e+00,2.03184597e-03,1.96590485e+02,8.00487595e+01,1.85556641e+01,1.69218466e-01,2.56468266e-01
5345803-S04-156I3-A-L-C-190-7-1,20.02.2020-14:11:32,1.90000000e+01,6.44707561e-01,8.90151978e+00,1.62422622e-03,2.29917114e+02,8.02647247e+01,1.87491627e+01,1.30708545e-01,1.97723418e-01
5345803-S04-156I3-A-L-C-190-7-1,20.02.2020-14:11:34,1.90000000e+01,6.43702745e-01,8.90804482e+00,2.10791081e-03,2.44609299e+02,8.02783813e+01,1.87368507e+01,1.10921681e-01,1.67843580e-01
5345803-S04-156I3-A-L-C-190-7-1,20.02.2020-14:11:36,1.90000000e+01,6.43559694e-01,8.89100456e+00,1.65760284e-03,1.99403076e+02,8.03980255e+01,1.87247181e+01,1.41405120e-01,1.98179021e-01
5345803-S04-156I3-A-L-C-190-7-1,20.02.2020-14:11:38,2.00000000e+01,6.43035710e-01,8.88531685e+00,2.16936623e-03,1.99599884e+02,8.01598129e+01,1.86421013e+01,1.60085499e-01,2.36708343e-01
5345803-S04-156I3-A-L-C-190-7-1,20.02.2020-14:11:40,1.90000000e+01,6.44691646e-01,8.90080547e+00,2.09967513e-03,2.55178574e+02,8.02694321e+01,1.87482929e+01,1.13612063e-01,1.73575208e-01
5345803-S04-156I3-A-L-C-190-7-1,20.02.2020-14:11:42,2.00000000e+01,6.43717229e-01,8.88559246e+00,1.79416290e-03,2.55548080e+02,8.01987686e+01,1.86715107e+01,1.43160567e-01,2.14683235e-01
5345803-S04-156I3-A-L-C-190-7-1,20.02.2020-14:11:44,2.00000000e+01,6.44252658e-01,8.89621353e+00,1.92912098e-03,2.15738464e+02,8.01178970e+01,1.86905117e+01,1.21897891e-01,1.79609030e-01
5345803-S04-156I3-A-L-C-190-7-1,20.02.2020-14:11:47,2.00000000e+01,6.44128740e-01,8.89649963e+00,1.85858796e-03,1.41178787e+02,8.01512451e+01,1.86952953e+01,1.78627029e-01,2.50334054e-01
5345803-S04-156I3-A-L-C-190-7-1,20.02.2020-14:11:49,2.00000000e+01,6.44304812e-01,8.89771557e+00,2.15355586e-03,4.31693176e+02,7.99037476e+01,1.86452084e+01,8.23408887e-02,1.44465119e-01
5345803-S04-156I3-A-L-C-190-7-1,20.02.2020-14:11:51,2.00000000e+01,6.43353224e-01,8.89470291e+00,2.23496370e-03,2.54314651e+02,8.00309830e+01,1.86410027e+01,1.24133319e-01,1.97611481e-01
5345803-S04-156I3-A-L-C-190-7-1,20.02.2020-14:11:53,2.10000000e+01,6.43686712e-01,8.88668060e+00,2.63488246e-03,1.66859909e+02,7.97211380e+01,1.85617027e+01,1.46037325e-01,2.29239166e-01
5345803-S04-156I3-A-L-C-190-7-1,20.02.2020-14:11:55,2.00000000e+00,6.40706062e-01,8.82977009e+00,2.03420571e-03,1.75143143e+02,7.98716812e+01,1.83920975e+01,1.68369174e-01,2.94324100e-01
5345803-S04-156I3-A-L-C-190-7-1,20.02.2020-14:11:57,2.10000000e+01,6.45628214e-01,8.90443897e+00,2.78034457e-03,3.27060486e+02,7.91153946e+01,1.85131454e+01,5.74049652e-02,7.49953240e-02
5345803-S04-156I3-A-L-C-190-7-1,20.02.2020-14:11:59,2.00000000e+00,6.42024279e-01,8.85475063e+00,2.85416399e-03,4.40857208e+02,7.93207855e+01,1.83546028e+01,6.62319958e-02,1.88950017e-01
5345803-S04-156I3-A-L-C-190-7-1,20.02.2020-14:12:02,2.00000000e+00,6.41734719e-01,8.85252476e+00,3.21134180e-03,2.92599854e+02,7.91014023e+01,1.82909832e+01,1.30252108e-01,2.36937821e-01
5345803-S04-156I3-A-L-C-190-7-1,20.02.2020-14:12:04,2.00000000e+00,6.42862797e-01,8.87026691e+00,3.20509775e-03,4.06902618e+02,7.89311142e+01,1.83203335e+01,1.14268206e-01,1.97854012e-01
5345803-S04-156I3-A-L-C-190-7-1,20.02.2020-14:12:06,2.00000000e+00,6.42023802e-01,8.85319424e+00,2.67604226e-03,2.73427368e+02,7.93464661e+01,1.83573055e+01,1.04898810e-01,2.47187555e-01
5345803-S04-156I3-A-L-C-190-7-1,20.02.2020-14:12:08,2.00000000e+00,6.42096579e-01,8.85457897e+00,3.23236501e-03,4.01861603e+02,7.90388794e+01,1.82910748e+01,6.23184405e-02,1.72123089e-01
5345803-S04-156I3-A-L-C-190-7-1,20.02.2020-14:12:10,2.00000000e+00,6.42055035e-01,8.86451912e+00,2.96941563e-03,2.25542465e+02,7.93599625e+01,1.83848076e+01,1.24113828e-01,2.16126114e-01
5345803-S04-156I3-A-L-C-190-7-1,20.02.2020-14:12:12,3.00000000e+00,6.38788044e-01,8.78338528e+00,2.74516689e-03,5.16819702e+02,7.90070419e+01,1.80432491e+01,1.07755728e-01,3.53457272e-01
5345803-S04-156I3-A-L-C-190-7-1,20.02.2020-14:12:14,2.00000000e+00,6.43065691e-01,8.86062622e+00,2.68183136e-03,4.58250336e+02,7.91273193e+01,1.83517036e+01,8.35746676e-02,1.90371498e-01
5345803-S04-156I3-A-L-C-190-7-1,20.02.2020-14:12:16,3.00000000e+00,6.39297426e-01,8.78756905e+00,2.73572328e-03,2.56459778e+02,7.88769608e+01,1.80364914e+01,1.35269344e-01,4.41346198e-01
5345803-S04-156I3-A-L-C-190-7-1,20.02.2020-14:12:19,1.00000000e+00,6.43130958e-01,8.87858295e+00,2.69612484e-03,3.97443939e+02,7.91896057e+01,1.84052410e+01,6.66294694e-02,1.90407351e-01
5345803-S04-156I3-A-L-C-190-7-1,20.02.2020-14:12:21,1.00000000e+00,6.43414259e-01,8.88923454e+00,2.99370126e-03,6.49946716e+02,7.93369217e+01,1.84697323e+01,3.48203667e-02,4.82230559e-02
5345803-S04-156I3-A-L-C-190-7-1,20.02.2020-14:12:27,3.00000000e+00,6.39431655e-01,8.78768158e+00,2.98612891e-03,2.92751007e+02,7.88050461e+01,1.80240631e+01,1.46850646e-01,2.99732327e-01
5345803-S04-156I3-A-L-C-190-7-1,20.02.2020-14:12:30,2.00000000e+00,6.42052531e-01,8.83981800e+00,2.91645457e-03,2.64720795e+02,7.91446838e+01,1.82837753e+01,1.19058155e-01,2.33597010e-01
5345803-S04-156I3-A-L-C-190-7-1,20.02.2020-14:12:32,1.00000000e+00,6.45020664e-01,8.88824463e+00,2.77480390e-03,2.61329163e+02,7.92218628e+01,1.84869328e+01,8.88100415e-02,1.12817228e-01
5345803-S04-156I3-A-L-C-190-7-1,20.02.2020-14:12:34,2.00000000e+00,6.42747343e-01,8.85665703e+00,2.95451633e-03,5.33224365e+02,7.91281204e+01,1.83345871e+01,9.61519405e-02,2.18797982e-01
5345803-S04-156I3-A-L-C-190-7-1,20.02.2020-14:12:36,2.00000000e+00,6.43085241e-01,8.87650490e+00,2.94412114e-03,3.06590088e+02,7.91035995e+01,1.83796406e+01,1.24319255e-01,2.45772719e-01
5345803-S04-156I3-A-L-C-190-7-1,20.02.2020-14:12:38,2.10000000e+01,6.44625604e-01,8.88960648e+00,2.49278359e-03,2.56413055e+02,7.93197861e+01,1.85012836e+01,1.77303568e-01,2.14823395e-01
5345803-S04-156I3-A-L-C-190-7-1,20.02.2020-14:12:40,2.00000000e+00,6.40584171e-01,8.83789825e+00,2.56239530e-03,9.84511948e+01,7.95377045e+01,1.83285637e+01,2.02991813e-01,3.54429513e-01
5345803-S04-156I3-A-L-C-190-7-1,20.02.2020-14:12:42,2.10000000e+01,6.41766906e-01,8.86911201e+00,2.27117119e-03,1.35504288e+02,7.98644104e+01,1.85029488e+01,2.04830199e-01,3.20845276e-01
5345803-S04-156I3-A-L-C-190-7-1,20.02.2020-14:12:44,2.10000000e+01,6.42531097e-01,8.87014484e+00,2.38217507e-03,1.58955170e+02,7.97625809e+01,1.85035152e+01,1.91052243e-01,3.05992931e-01
5345803-S04-156I3-A-L-C-190-7-1,20.02.2020-14:12:47,2.00000000e+01,6.44761384e-01,8.89518833e+00,1.87259587e-03,2.62984924e+02,8.00564728e+01,1.86887741e+01,1.16593398e-01,1.70626536e-01
5345803-S04-156I3-A-L-C-190-7-1,20.02.2020-14:12:49,1.90000000e+01,6.44697368e-01,8.91080475e+00,1.77034689e-03,1.30629242e+02,8.01982803e+01,1.87528858e+01,1.52774990e-01,2.04068914e-01
5345803-S04-156I3-A-L-C-190-7-1,20.02.2020-14:12:51,2.10000000e+01,6.40950918e-01,8.87512970e+00,2.14573788e-03,1.15001839e+02,8.02132263e+01,1.85727272e+01,1.72416791e-01,2.60669082e-01
5345803-S04-156I3-A-L-C-190-7-1,20.02.2020-14:12:53,2.00000000e+01,6.44255817e-01,8.89674091e+00,2.32614926e-03,2.19182617e+02,7.99384537e+01,1.86498470e+01,1.39261097e-01,2.25856349e-01
5345803-S04-156I3-A-L-C-190-7-1,20.02.2020-14:12:55,2.00000000e+01,6.43673599e-01,8.89729595e+00,2.30060634e-03,1.43271133e+02,8.00148087e+01,1.86519508e+01,1.58330217e-01,2.34718636e-01
5345803-S04-156I3-A-L-C-190-7-1,20.02.2020-14:12:57,2.00000000e+01,6.43876374e-01,8.89332199e+00,1.76583440e-03,1.91887833e+02,8.01875534e+01,1.86897583e+01,1.48750037e-01,2.02915847e-01
5345803-S04-156I3-A-L-C-190-7-1,20.02.2020-14:12:59,2.00000000e+01,6.43576086e-01,8.88539219e+00,1.62569899e-03,1.74232635e+02,8.03268585e+01,1.86968098e+01,1.91279396e-01,2.80278057e-01
5345803-S04-156I3-A-L-C-190-7-1,20.02.2020-14:13:01,1.90000000e+01,6.44367933e-01,8.89740372e+00,1.87191018e-03,7.42526245e+01,8.02603836e+01,1.87296047e+01,3.64280164e-01,4.48579371e-01
5345803-S04-156I3-A-L-C-190-7-1,20.02.2020-14:13:03,2.10000000e+01,6.43292487e-01,8.87704849e+00,2.16730009e-03,6.72253647e+01,8.00133057e+01,1.85981369e+01,3.73704135e-01,4.79758948e-01
5345803-S04-156I3-A-L-C-190-7-1,20.02.2020-14:13:07,2.00000000e+01,6.43935621e-01,8.90257263e+00,2.10815365e-03,5.35996857e+01,8.00143585e+01,1.86705055e+01,5.18890381e-01,6.31718159e-01
5345803-S04-156I3-A-L-C-190-7-1,20.02.2020-14:13:10,2.00000000e+01,6.43519878e-01,8.87691879e+00,1.95358926e-03,1.51904999e+02,8.01040649e+01,1.86255436e+01,1.78088784e-01,2.52191037e-01
5345803-S04-156I3-A-L-C-190-7-1,20.02.2020-14:13:12,3.00000000e+00,6.39133632e-01,8.77409363e+00,2.31367769e-03,1.28893829e+02,7.92307587e+01,1.80849762e+01,2.84633875e-01,5.06235719e-01
5345803-S04-156I3-A-L-C-190-7-1,20.02.2020-14:13:14,2.10000000e+01,6.45031154e-01,8.85652637e+00,2.24009203e-03,8.06326752e+01,7.96790009e+01,1.85275574e+01,4.32562590e-01,6.68312550e-01
5345803-S04-156I3-A-L-C-190-7-1,20.02.2020-14:13:16,1.00000000e+00,6.39885843e-01,8.82971668e+00,2.34276731e-03,1.04716660e+02,8.03489761e+01,1.84782066e+01,2.85539478e-01,4.01047319e-01
5345803-S04-156I3-A-L-C-190-7-1,20.02.2020-14:13:18,1.00000000e+00,6.42720640e-01,8.81805420e+00,2.17915699e-03,1.26504768e+02,7.99389877e+01,1.84409733e+01,2.48487324e-01,3.69877875e-01
5345803-S04-156I3-A-L-C-190-7-1,20.02.2020-14:13:20,2.10000000e+01,6.42465174e-01,8.84902000e+00,2.49094726e-03,1.90895248e+02,8.00104904e+01,1.85149231e+01,1.85361683e-01,2.62814879e-01
5345803-S04-156I3-A-L-C-190-7-1,20.02.2020-14:13:22,2.10000000e+01,6.42435193e-01,8.82859802e+00,1.92576286e-03,9.89135132e+01,8.01790009e+01,1.85102348e+01,2.77447969e-01,3.92755955e-01
5345803-S04-156I3-A-L-C-190-7-1,20.02.2020-14:13:24,2.00000000e+00,6.41122818e-01,8.78977013e+00,1.95159693e-03,1.59364441e+02,8.00584946e+01,1.83635387e+01,2.15439290e-01,5.13676822e-01
5345803-S04-156I3-A-L-C-190-7-1,20.02.2020-14:13:27,1.00000000e+00,6.41386747e-01,8.83408928e+00,2.27620103e-03,8.51076355e+01,8.01164246e+01,1.84770889e+01,3.35712165e-01,4.55193251e-01
5345803-S04-156I3-A-L-C-190-7-1,20.02.2020-14:13:29,2.10000000e+01,6.44177139e-01,8.84364510e+00,2.33726646e-03,1.32679688e+02,8.00167694e+01,1.85544395e+01,2.20183074e-01,3.17431003e-01
5345803-S04-156I3-A-L-C-190-7-1,20.02.2020-14:13:31,2.00000000e+01,6.44013286e-01,8.86646938e+00,2.03546952e-03,9.11680984e+01,8.02081451e+01,1.86420746e+01,3.64589572e-01,5.24128973e-01
5345803-S04-156I3-A-L-C-190-7-1,20.02.2020-14:13:33,2.00000000e+01,6.44772649e-01,8.91214085e+00,2.45821988e-03,7.07228699e+01,7.96195221e+01,1.86225185e+01,3.70972097e-01,4.34356630e-01
5345803-S04-156I3-A-L-C-190-7-1,20.02.2020-14:13:35,1.30000000e+01,6.33036017e-01,8.66347218e+00,1.82837679e-03,9.16534576e+01,8.04777603e+01,1.79649696e+01,3.54978323e-01,9.81955707e-01
5345803-S04-156I3-A-L-C-190-7-1,20.02.2020-14:13:37,2.10000000e+01,6.42428756e-01,8.88040066e+00,2.41944520e-03,6.49416046e+01,7.97160034e+01,1.85111446e+01,4.54980880e-01,5.62488854e-01
5345803-S04-156I3-A-L-C-190-7-1,20.02.2020-14:13:39,2.10000000e+01,6.42482579e-01,8.88725948e+00,2.60553439e-03,6.20516472e+01,7.96469650e+01,1.85109482e+01,4.36094642e-01,5.35161495e-01
5345803-S04-156I3-A-L-C-190-7-1,20.02.2020-14:13:41,2.00000000e+00,6.43801272e-01,8.84838295e+00,2.46161618e-03,8.09324265e+01,7.92689362e+01,1.83801460e+01,4.54117566e-01,6.46838903e-01
5345803-S04-156I3-A-L-C-190-7-1,20.02.2020-14:13:44,2.10000000e+01,6.40186787e-01,8.87517834e+00,2.18741223e-03,5.73361931e+01,8.02831955e+01,1.85668697e+01,4.47283804e-01,5.54714739e-01
5345803-S04-156I3-A-L-C-190-7-1,20.02.2020-14:13:46,2.10000000e+01,6.42894089e-01,8.87524223e+00,2.05774396e-03,4.65118408e+01,7.97952118e+01,1.85321865e+01,5.69575250e-01,6.98571086e-01
5345803-S04-156I3-A-L-C-190-7-1,20.02.2020-14:13:48,2.10000000e+01,6.41973376e-01,8.88274384e+00,2.40487349e-03,6.18420219e+01,7.98101349e+01,1.85247517e+01,5.51012993e-01,6.96661234e-01
5345803-S04-156I3-A-L-C-190-7-1,20.02.2020-14:13:50,2.10000000e+01,6.43079758e-01,8.83839607e+00,1.69801863e-03,8.12472000e+01,8.00981674e+01,1.85306683e+01,3.67277980e-01,8.96455824e-01
5345803-S04-156I3-A-L-C-190-7-1,20.02.2020-14:13:52,2.10000000e+01,6.43389523e-01,8.85093212e+00,2.17820751e-03,8.02438583e+01,8.00649185e+01,1.85581837e+01,4.64456946e-01,9.03499067e-01
5345803-S04-156I3-A-L-C-190-7-1,20.02.2020-14:13:54,2.10000000e+01,6.43374205e-01,8.84064102e+00,2.12294306e-03,9.50042191e+01,7.99864349e+01,1.85179920e+01,4.31807518e-01,9.34135199e-01
5345803-S04-156I3-A-L-C-190-7-1,20.02.2020-14:13:56,2.10000000e+01,6.42803848e-01,8.88326931e+00,2.10430240e-03,6.13442039e+01,7.97556305e+01,1.85371437e+01,5.15474558e-01,6.46937370e-01
5345803-S04-156I3-A-L-C-190-7-1,20.02.2020-14:13:58,2.10000000e+01,6.43472970e-01,8.89791870e+00,2.12116539e-03,9.02215042e+01,7.97056122e+01,1.85753841e+01,4.02441055e-01,5.04182339e-01
5345803-S04-156I3-A-L-C-190-7-1,20.02.2020-14:14:01,2.10000000e+01,6.42966211e-01,8.89545155e+00,2.56863376e-03,5.57241020e+01,7.95007706e+01,1.85079231e+01,5.52218914e-01,6.60436988e-01
5345803-S04-156I3-A-L-C-190-7-1,20.02.2020-14:14:03,2.10000000e+01,6.42898977e-01,8.89288044e+00,2.40745791e-03,6.67676163e+01,7.96914520e+01,1.85450134e+01,5.13112903e-01,6.24160767e-01
5345803-S04-156I3-A-L-C-190-7-1,20.02.2020-14:14:05,1.00000000e+00,6.42994106e-01,8.85626698e+00,2.08281795e-03,4.79858360e+01,7.96034927e+01,1.84510059e+01,6.58558726e-01,7.94540823e-01
5345803-S04-156I3-A-L-C-190-7-1,20.02.2020-14:14:07,1.00000000e+00,6.43601358e-01,8.87416553e+00,2.49353098e-03,4.99544792e+01,7.92363281e+01,1.84203987e+01,6.69984162e-01,7.98770547e-01
5345803-S04-156I3-A-L-C-190-7-1,20.02.2020-14:14:09,2.00000000e+00,6.41638041e-01,8.85275936e+00,2.66287080e-03,5.23186378e+01,7.94223251e+01,1.83629131e+01,5.89505255e-01,7.10831463e-01
5345803-S04-156I3-A-L-C-190-7-1,20.02.2020-14:14:11,2.10000000e+01,6.45201027e-01,8.87625504e+00,2.66267289e-03,5.02960281e+01,7.96042328e+01,1.85562916e+01,6.80551291e-01,9.67501223e-01
5345803-S04-156I3-A-L-C-190-7-1,20.02.2020-14:14:13,1.00000000e+00,6.42974794e-01,8.89018250e+00,2.55998573e-03,7.34959030e+01,7.94301987e+01,1.84807873e+01,4.30816531e-01,5.27380705e-01
5345803-S04-156I3-A-L-C-190-7-1,20.02.2020-14:14:15,1.00000000e+00,6.43112779e-01,8.88901043e+00,2.50564888e-03,4.54176102e+01,7.93755875e+01,1.84696102e+01,6.27310455e-01,7.46336758e-01
5345803-S04-156I3-A-L-C-190-7-1,20.02.2020-14:14:18,1.00000000e+00,6.43073380e-01,8.84645939e+00,2.35937256e-03,5.25464401e+01,7.98747101e+01,1.84956455e+01,6.94669902e-01,1.31144845e+00
5345803-S04-156I3-A-L-C-190-7-1,20.02.2020-14:14:20,2.00000000e+00,6.41250372e-01,8.80578423e+00,2.18305294e-03,4.44887352e+01,8.00333557e+01,1.83948765e+01,7.46761560e-01,1.37214661e+00
5345803-S04-156I3-A-L-C-190-7-1,20.02.2020-14:14:22,2.00000000e+00,6.39379799e-01,8.79051399e+00,1.97478384e-03,4.71933823e+01,7.96828232e+01,1.82292213e+01,6.08346879e-01,7.47031629e-01
5345803-S04-156I3-A-L-C-190-7-1,20.02.2020-14:14:24,1.00000000e+00,6.42836452e-01,8.87519932e+00,2.10413197e-03,3.77006454e+01,7.96203613e+01,1.84898338e+01,6.69113100e-01,7.88515091e-01
5345803-S04-156I3-A-L-C-190-7-1,20.02.2020-14:14:26,1.00000000e+00,6.41642094e-01,8.85776234e+00,2.46249652e-03,7.01077499e+01,7.96996231e+01,1.84375553e+01,4.21736509e-01,5.16102135e-01
5345803-S04-156I3-A-L-C-190-7-1,20.02.2020-14:14:28,2.10000000e+01,6.42447174e-01,8.86377716e+00,1.88009825e-03,6.10590630e+01,7.98958893e+01,1.85187149e+01,4.74011034e-01,6.00185573e-01
5345803-S04-156I3-A-L-C-190-7-1,20.02.2020-14:14:30,1.00000000e+00,6.44248962e-01,8.86589813e+00,2.76705017e-03,6.13807030e+01,7.94266205e+01,1.84659958e+01,4.76104528e-01,5.85650802e-01
5345803-S04-156I3-A-L-C-190-7-1,20.02.2020-14:14:33,1.00000000e+00,6.42653167e-01,8.87941551e+00,2.30639079e-03,3.98047142e+01,7.94760208e+01,1.84598160e+01,7.89988637e-01,9.30549562e-01
5345803-S04-156I3-A-L-C-190-7-1,20.02.2020-14:14:35,2.00000000e+01,6.45676732e-01,8.90422058e+00,2.25739437e-03,7.72522736e+01,7.96070404e+01,1.86291370e+01,4.36821729e-01,5.50704718e-01
5345803-S04-156I3-A-L-C-190-7-1,20.02.2020-14:14:37,1.00000000e+00,6.44168496e-01,8.82792282e+00,2.18537590e-03,8.64062729e+01,7.95541382e+01,1.84141197e+01,4.07088369e-01,5.48723221e-01
5345803-S04-156I3-A-L-C-190-7-1,20.02.2020-14:14:39,2.00000000e+01,6.45094573e-01,8.87137318e+00,2.10237876e-03,8.65942230e+01,8.01007996e+01,1.86586952e+01,3.55544925e-01,4.77662951e-01
5345803-S04-156I3-A-L-C-190-7-1,20.02.2020-14:14:41,2.10000000e+01,6.43746257e-01,8.84194565e+00,2.38348381e-03,7.11621933e+01,8.00028763e+01,1.85352459e+01,3.94717842e-01,5.09640992e-01
5345803-S04-156I3-A-L-C-190-7-1,20.02.2020-14:14:43,1.00000000e+00,6.41710579e-01,8.83871078e+00,2.66158348e-03,1.26571945e+02,8.00893707e+01,1.84898415e+01,2.97579795e-01,3.97246122e-01
5345803-S04-156I3-A-L-C-190-7-1,20.02.2020-14:14:45,1.00000000e+00,6.40945911e-01,8.80714130e+00,2.03959504e-03,1.17572548e+02,8.00974503e+01,1.84037018e+01,2.77755827e-01,6.17877960e-01
5345803-S04-156I3-A-L-C-190-7-1,20.02.2020-14:14:47,2.10000000e+01,6.43488348e-01,8.85254192e+00,2.25783652e-03,8.10651550e+01,8.00897522e+01,1.85701694e+01,3.87632430e-01,4.89674926e-01
5345803-S04-156I3-A-L-C-190-7-1,20.02.2020-14:14:50,2.10000000e+01,6.42025769e-01,8.85191536e+00,2.35994672e-03,8.30970764e+01,8.00755234e+01,1.85233574e+01,3.94857854e-01,5.20400643e-01
5345803-S04-156I3-A-L-C-190-7-1,20.02.2020-14:14:53,1.00000000e+00,6.41578138e-01,8.83154964e+00,2.55099265e-03,8.82752762e+01,7.99022675e+01,1.84278965e+01,3.49004716e-01,4.98660296e-01
5345803-S04-156I3-A-L-C-190-7-1,20.02.2020-14:14:56,2.00000000e+00,6.40414059e-01,8.78624725e+00,2.59065395e-03,1.35371536e+02,7.98576813e+01,1.82898922e+01,3.63760173e-01,6.58293426e-01
5345803-S04-156I3-A-L-C-190-7-1,20.02.2020-14:14:58,2.40000000e+01,6.42195523e-01,8.85337830e+00,2.68718414e-03,6.79986525e+00,7.86394119e+01,1.81989670e+01,4.36531878e+00,5.00169373e+00
5345803-S04-156I3-A-L-C-190-7-1,20.02.2020-14:15:00,2.00000000e+00,6.41203165e-01,8.85587978e+00,2.48846062e-03,3.06643085e+01,7.91277161e+01,1.82888412e+01,8.45451653e-01,1.01939023e+00
5345803-S04-156I3-A-L-C-190-7-1,20.02.2020-14:15:02,3.00000000e+00,6.39128327e-01,8.78833580e+00,1.92479137e-03,3.66817741e+01,7.92659607e+01,1.81222305e+01,5.77741265e-01,6.98040068e-01
5345803-S04-156I3-A-L-C-190-7-1,20.02.2020-14:15:04,2.10000000e+01,6.41848147e-01,8.87288380e+00,2.16703420e-03,4.15508156e+01,7.98978195e+01,1.85209045e+01,6.20110452e-01,7.66764939e-01
5345803-S04-156I3-A-L-C-190-7-1,20.02.2020-14:15:06,2.00000000e+00,6.40483379e-01,8.84597206e+00,2.23683356e-03,5.76060448e+01,7.97533264e+01,1.83921471e+01,6.86586857e-01,9.21460807e-01
5345803-S04-156I3-A-L-C-190-7-1,20.02.2020-14:15:08,1.00000000e+00,6.41045094e-01,8.86121178e+00,2.31640716e-03,9.58268051e+01,7.97674103e+01,1.84432468e+01,2.51677126e-01,3.38664502e-01
5345803-S04-156I3-A-L-C-190-7-1,20.02.2020-14:15:10,1.00000000e+00,6.41652584e-01,8.86336899e+00,2.30040308e-03,4.93582382e+01,7.96538620e+01,1.84389343e+01,4.50769156e-01,5.73414087e-01
5345803-S04-156I3-A-L-C-190-7-1,20.02.2020-14:15:13,2.00000000e+00,6.41393781e-01,8.83479118e+00,2.50489078e-03,5.89406357e+01,7.93118439e+01,1.82931843e+01,3.75522017e-01,4.68693137e-01
5345803-S04-156I3-A-L-C-190-7-1,20.02.2020-14:15:15,1.00000000e+00,6.42658591e-01,8.86161804e+00,2.09514238e-03,6.47427292e+01,7.96235428e+01,1.84571686e+01,3.61801893e-01,5.05824089e-01
5345803-S04-156I3-A-L-C-190-7-1,20.02.2020-14:15:17,1.00000000e+00,6.42683327e-01,8.86707687e+00,2.55062943e-03,5.85350761e+01,7.95022736e+01,1.84411182e+01,3.74172419e-01,5.32278955e-01
5345803-S04-156I3-A-L-C-190-7-1,20.02.2020-14:15:19,1.00000000e+00,6.45521879e-01,8.93529320e+00,3.42521677e-03,8.99139557e+01,7.86730270e+01,1.84703808e+01,3.06800365e-01,3.61168355e-01
5345803-S04-156I3-A-L-C-190-7-1,20.02.2020-14:15:21,2.00000000e+00,6.40749753e-01,8.82227516e+00,2.60073435e-03,2.71108437e+01,7.94561768e+01,1.82821350e+01,1.07293403e+00,1.40400422e+00
5345803-S04-156I3-A-L-C-190-7-1,20.02.2020-14:15:23,3.00000000e+00,6.38080597e-01,8.88047600e+00,2.48545664e-03,2.92711735e+01,7.87127838e+01,1.81546249e+01,7.38098443e-01,8.62375796e-01
5345803-S04-156I3-A-L-C-190-7-1,20.02.2020-14:15:25,2.00000000e+00,6.38311088e-01,8.89618206e+00,2.67699175e-03,3.74948807e+01,7.90710526e+01,1.82761097e+01,6.55853987e-01,7.65629590e-01
5345803-S04-156I3-A-L-C-190-7-1,20.02.2020-14:15:27,3.00000000e+00,6.38415337e-01,8.78263664e+00,2.46106111e-03,4.27910957e+01,7.94067383e+01,1.81224022e+01,7.83936620e-01,1.16364682e+00
5345803-S04-156I3-A-L-C-190-7-1,20.02.2020-14:15:30,2.00000000e+00,6.39960766e-01,8.80228233e+00,1.94658223e-03,3.45049438e+01,7.94604568e+01,1.82192249e+01,9.12576079e-01,1.37640643e+00
5345803-S04-156I3-A-L-C-190-7-1,20.02.2020-14:15:32,2.00000000e+00,6.39910877e-01,8.80975628e+00,2.06896663e-03,4.38686485e+01,7.96719360e+01,1.82818012e+01,7.58216560e-01,1.31667078e+00
5345803-S04-156I3-A-L-C-190-7-1,20.02.2020-14:15:34,2.00000000e+00,6.41359031e-01,8.84603024e+00,2.36931397e-03,6.12493935e+01,7.96350784e+01,1.83901081e+01,5.43429077e-01,7.18755126e-01
5345803-S04-156I3-A-L-C-190-7-1,20.02.2020-14:15:36,1.00000000e+00,6.41055405e-01,8.83930111e+00,1.95338577e-03,4.05731163e+01,7.99313660e+01,1.84357548e+01,6.87885463e-01,1.32301140e+00
5345803-S04-156I3-A-L-C-190-7-1,20.02.2020-14:15:38,2.00000000e+00,6.39604151e-01,8.86224937e+00,2.37447931e-03,3.71839485e+01,7.94872208e+01,1.83393002e+01,7.91756213e-01,1.16168773e+00
5345803-S04-156I3-A-L-C-190-7-1,20.02.2020-14:15:40,2.00000000e+00,6.41274512e-01,8.94472694e+00,3.46698775e-03,5.72668648e+01,7.82383347e+01,1.82667332e+01,3.75606179e-01,4.38225925e-01
5345803-S04-156I3-A-L-C-190-7-1,20.02.2020-14:15:42,2.00000000e+00,6.42370284e-01,8.83128643e+00,2.64854543e-03,4.12917099e+01,7.92768860e+01,1.83056946e+01,6.55438721e-01,1.07437670e+00
5345803-S04-156I3-A-L-C-190-7-1,20.02.2020-14:15:45,2.00000000e+00,6.40335202e-01,8.83137989e+00,2.89012934e-03,2.68840866e+01,7.90806656e+01,1.82027264e+01,9.59257722e-01,1.28094351e+00
5345803-S04-156I3-A-L-C-190-7-1,20.02.2020-14:15:47,2.10000000e+01,6.43745780e-01,8.93879700e+00,2.60949507e-03,3.63667183e+01,7.92762451e+01,1.85680714e+01,6.46946728e-01,7.55045295e-01
5345803-S04-156I3-A-L-C-190-7-1,20.02.2020-14:15:49,2.00000000e+00,6.40426695e-01,8.82133770e+00,1.93029945e-03,3.26624908e+01,7.99951401e+01,1.83949089e+01,8.13392043e-01,1.04363406e+00
5345803-S04-156I3-A-L-C-190-7-1,20.02.2020-14:15:51,2.00000000e+00,6.39627576e-01,8.81340981e+00,2.38303165e-03,1.10699669e+02,7.95476074e+01,1.82527580e+01,6.72287703e-01,1.13180828e+00
5345803-S04-156I3-A-L-C-190-7-1,20.02.2020-14:15:53,2.00000000e+00,6.42396629e-01,8.82813835e+00,3.15558887e-03,1.06149857e+02,7.90359879e+01,1.82443104e+01,4.72812355e-01,8.77300441e-01
5345803-S04-156I3-A-L-C-190-7-1,20.02.2020-14:15:55,2.00000000e+00,6.41962886e-01,8.86030960e+00,2.93784286e-03,5.70556717e+01,7.90544052e+01,1.83026962e+01,4.90038157e-01,6.14845335e-01
5345803-S04-156I3-A-L-C-190-7-1,20.02.2020-14:15:57,2.00000000e+00,6.40154183e-01,8.85972595e+00,2.40397314e-03,5.79995613e+01,7.94378433e+01,1.83384457e+01,4.95188922e-01,8.56223345e-01
5345803-S04-156I3-A-L-C-190-7-1,20.02.2020-14:16:00,2.00000000e+00,6.41773164e-01,8.82191372e+00,2.27364921e-03,5.09835548e+01,7.97067719e+01,1.83683338e+01,6.17151856e-01,1.11038482e+00
5345803-S04-156I3-A-L-C-190-7-1,20.02.2020-14:16:02,1.40000000e+01,6.40610933e-01,8.83648968e+00,2.98758503e-03,1.41687832e+01,7.88297806e+01,1.81632957e+01,1.10082018e+00,1.47892463e+00
5345803-S04-156I3-A-L-C-190-7-1,20.02.2020-14:16:04,3.00000000e+00,6.39434636e-01,8.78579617e+00,2.32762890e-03,4.64685020e+01,7.94823303e+01,1.81751518e+01,6.79257572e-01,1.02612472e+00
5345803-S04-156I3-A-L-C-190-7-1,20.02.2020-14:16:06,2.00000000e+00,6.39205277e-01,8.78661633e+00,2.17165682e-03,5.52625618e+01,7.96802979e+01,1.82155857e+01,6.17118597e-01,9.95487034e-01
5345803-S04-156I3-A-L-C-190-7-1,20.02.2020-14:16:08,3.00000000e+00,6.38421655e-01,8.78849125e+00,2.33304990e-03,4.13304634e+01,7.94450073e+01,1.81434021e+01,8.61030638e-01,1.27009118e+00
5345803-S04-156I3-A-L-C-190-7-1,20.02.2020-14:16:10,2.00000000e+00,6.41703129e-01,8.83631039e+00,2.80818017e-03,5.83800430e+01,7.90636520e+01,1.82478695e+01,6.26535058e-01,8.96108150e-01
5345803-S04-156I3-A-L-C-190-7-1,20.02.2020-14:16:12,2.00000000e+00,6.41889095e-01,8.85609436e+00,2.69453251e-03,3.90271568e+01,7.90812988e+01,1.82981110e+01,6.93718433e-01,8.49741876e-01
5345803-S04-156I3-A-L-C-190-7-1,20.02.2020-14:16:15,1.00000000e+00,6.44021034e-01,8.93523693e+00,3.15634487e-03,4.54693108e+01,7.89373779e+01,1.84892387e+01,5.04313827e-01,5.85603476e-01
5345803-S04-156I3-A-L-C-190-7-1,20.02.2020-14:16:17,2.00000000e+00,6.41486824e-01,8.84937286e+00,2.50391220e-03,1.41219360e+02,7.95992279e+01,1.83924370e+01,5.15574038e-01,7.76057363e-01
5345803-S04-156I3-A-L-C-190-7-1,20.02.2020-14:16:19,2.00000000e+00,6.41908169e-01,8.84513283e+00,2.51380936e-03,1.04274460e+02,7.92738266e+01,1.83204975e+01,2.90340275e-01,3.89537275e-01
5345803-S04-156I3-A-L-C-190-7-1,20.02.2020-14:16:21,2.00000000e+00,6.41677976e-01,8.83811092e+00,2.46406184e-03,7.04945450e+01,7.93939056e+01,1.83271084e+01,3.00899655e-01,3.86582017e-01
5345803-S04-156I3-A-L-C-190-7-1,20.02.2020-14:16:23,1.00000000e+00,6.42424285e-01,8.86181450e+00,2.12392211e-03,6.14540672e+01,7.96824646e+01,1.84644985e+01,3.55456561e-01,4.69841808e-01
5345803-S04-156I3-A-L-C-190-7-1,20.02.2020-14:16:25,2.00000000e+00,6.40006840e-01,8.80607700e+00,2.30382383e-03,8.94454651e+01,7.93842468e+01,1.82109089e+01,2.73566902e-01,3.70759696e-01
5345803-S04-156I3-A-L-C-190-7-1,20.02.2020-14:16:29,2.10000000e+01,6.42296374e-01,8.86939049e+00,2.29013106e-03,9.21195984e+01,7.98194733e+01,1.85083752e+01,3.14515948e-01,4.14370537e-01
5345803-S04-156I3-A-L-C-190-7-1,20.02.2020-14:16:31,1.00000000e+00,6.42518997e-01,8.83937740e+00,2.40297639e-03,3.54849205e+01,7.96789780e+01,1.84196587e+01,6.13976300e-01,8.04113925e-01
5345803-S04-156I3-A-L-C-190-7-1,20.02.2020-14:16:33,2.00000000e+01,6.45079374e-01,8.89471531e+00,2.16558180e-03,3.82612114e+01,7.99557495e+01,1.86734734e+01,6.43887162e-01,7.45312333e-01
5345803-S04-156I3-A-L-C-190-7-1,20.02.2020-14:16:36,1.90000000e+01,6.45198345e-01,8.87156296e+00,1.90652453e-03,2.45461899e+02,8.03155365e+01,1.87121258e+01,1.30862460e-01,3.97389084e-01
5345803-S04-156I3-A-L-C-190-7-1,20.02.2020-14:16:38,1.00000000e+00,6.42050266e-01,8.83699894e+00,2.32510571e-03,1.10728218e+02,7.98500290e+01,1.84407730e+01,3.18591237e-01,6.63007796e-01
5345803-S04-156I3-A-L-C-190-7-1,20.02.2020-14:16:41,1.00000000e+00,6.41024530e-01,8.84078789e+00,2.16477225e-03,1.12365662e+02,8.00084457e+01,1.84557457e+01,2.85303593e-01,6.48227572e-01
5345803-S04-156I3-A-L-C-190-7-1,20.02.2020-14:16:43,1.00000000e+00,6.41289294e-01,8.81057072e+00,1.81905203e-03,1.29253021e+02,8.00149078e+01,1.84017506e+01,2.54298508e-01,5.34007967e-01
5345803-S04-156I3-A-L-C-190-7-1,20.02.2020-14:16:45,1.00000000e+00,6.40361726e-01,8.82202244e+00,2.03442620e-03,1.02910011e+02,8.00760651e+01,1.84130802e+01,3.34419489e-01,5.92651188e-01
5345803-S04-156I3-A-L-C-190-7-1,20.02.2020-14:16:48,2.00000000e+00,6.40609324e-01,8.84502792e+00,2.01924099e-03,5.21112022e+01,7.97174225e+01,1.83855190e+01,6.77693725e-01,9.24923658e-01
5345803-S04-156I3-A-L-C-190-7-1,20.02.2020-14:16:50,1.00000000e+00,6.41605437e-01,8.84317303e+00,2.12963694e-03,1.04244499e+02,7.98854523e+01,1.84490528e+01,2.84477770e-01,3.99423659e-01
5345803-S04-156I3-A-L-C-190-7-1,20.02.2020-14:16:52,2.10000000e+01,6.43784523e-01,8.84757614e+00,2.18701805e-03,7.55879211e+01,7.98336182e+01,1.85089092e+01,3.71708214e-01,5.10051847e-01
5345803-S04-156I3-A-L-C-190-7-1,20.02.2020-14:16:54,2.00000000e+01,6.44810200e-01,8.87481689e+00,2.03275238e-03,1.11246193e+02,7.99375153e+01,1.86196766e+01,2.58805126e-01,3.42863828e-01
5345803-S04-156I3-A-L-C-190-7-1,20.02.2020-14:16:56,2.00000000e+00,6.40501082e-01,8.85230541e+00,1.99432066e-03,8.80359726e+01,7.96893692e+01,1.83910637e+01,3.04979235e-01,4.30276036e-01
5345803-S04-156I3-A-L-C-190-7-1,20.02.2020-14:16:58,1.00000000e+00,6.40236557e-01,8.86242485e+00,2.50339694e-03,7.57130432e+01,7.96792526e+01,1.84021473e+01,3.36402029e-01,5.09473145e-01
5345803-S04-156I3-A-L-C-190-7-1,20.02.2020-14:17:00,2.00000000e+01,6.43499672e-01,8.89871979e+00,2.08841520e-03,6.01228981e+01,7.98182831e+01,1.86040916e+01,3.80845934e-01,4.61939692e-01
5345803-S04-156I3-A-L-C-190-7-1,20.02.2020-14:17:02,2.00000000e+00,6.41442537e-01,8.86423492e+00,2.36518239e-03,8.39210892e+01,7.92725067e+01,1.83464394e+01,4.66722161e-01,5.98007321e-01
5345803-S04-156I3-A-L-C-190-7-1,20.02.2020-14:17:05,2.00000000e+00,6.41922772e-01,8.85405540e+00,2.68113706e-03,1.59363815e+02,7.93304443e+01,1.83524952e+01,2.24209592e-01,3.34276050e-01
5345803-S04-156I3-A-L-C-190-7-1,20.02.2020-14:17:07,3.00000000e+00,6.37980223e-01,8.79919338e+00,2.53768801e-03,9.23468628e+01,7.91984329e+01,1.80965958e+01,3.97034138e-01,8.01911235e-01
5345803-S04-156I3-A-L-C-190-7-1,20.02.2020-14:17:09,2.00000000e+00,6.42313659e-01,8.83398628e+00,2.32158648e-03,8.27724991e+01,7.95783920e+01,1.83793125e+01,3.96486908e-01,7.53066480e-01
5345803-S04-156I3-A-L-C-190-7-1,20.02.2020-14:17:11,1.00000000e+00,6.41688466e-01,8.90047741e+00,2.55712704e-03,7.96136398e+01,7.93795242e+01,1.84533920e+01,3.38860095e-01,4.19833094e-01
5345803-S04-156I3-A-L-C-190-7-1,20.02.2020-14:17:13,1.00000000e+00,6.41856611e-01,8.90783501e+00,2.88134743e-03,7.00809555e+01,7.90916061e+01,1.84064827e+01,3.83156717e-01,4.65964466e-01
5345803-S04-156I3-A-L-C-190-7-1,20.02.2020-14:17:15,2.00000000e+00,6.40877128e-01,8.86096859e+00,2.65314453e-03,4.61236916e+01,7.93440857e+01,1.83400593e+01,5.99586964e-01,7.68359303e-01
5345803-S04-156I3-A-L-C-190-7-1,20.02.2020-14:17:17,2.00000000e+00,6.42963290e-01,8.84284782e+00,2.73177424e-03,2.83969898e+01,7.93110199e+01,1.83544807e+01,7.21645653e-01,1.17885375e+00
5345803-S04-156I3-A-L-C-190-7-1,20.02.2020-14:17:19,3.00000000e+00,6.39898062e-01,8.82600975e+00,2.72313622e-03,1.00256538e+02,7.91212463e+01,1.81885681e+01,3.48599851e-01,6.01710379e-01
5345803-S04-156I3-A-L-C-190-7-1,20.02.2020-14:17:21,2.10000000e+01,6.43517137e-01,8.86851406e+00,1.96056138e-03,7.46266251e+01,7.99737778e+01,1.85775661e+01,3.73192340e-01,4.93942559e-01
5345803-S04-156I3-A-L-C-190-7-1,20.02.2020-14:17:24,2.10000000e+01,6.42703354e-01,8.87220669e+00,2.10347190e-03,5.11361198e+01,7.97211609e+01,1.85031643e+01,4.28556740e-01,5.41793704e-01
5345803-S04-156I3-A-L-C-190-7-1,20.02.2020-14:17:26,1.40000000e+01,6.39972746e-01,8.81399727e+00,2.03440036e-03,1.38575241e+02,8.00343475e+01,1.83755760e+01,1.47539461e+00,2.02078152e+00
5345803-S04-156I3-A-L-C-190-7-1,20.02.2020-14:17:28,2.00000000e+01,6.44023657e-01,8.90853596e+00,2.28860276e-03,6.94044876e+01,7.98854218e+01,1.86554565e+01,5.24033427e-01,6.28379405e-01
5345803-S04-156I3-A-L-C-190-7-1,20.02.2020-14:17:30,2.10000000e+01,6.44423306e-01,8.85568714e+00,2.26499210e-03,7.88867950e+01,7.97265472e+01,1.85193901e+01,3.53108883e-01,4.84855503e-01
5345803-S04-156I3-A-L-C-190-7-1,20.02.2020-14:17:32,1.00000000e+00,6.44090295e-01,8.85068035e+00,2.20301608e-03,3.33149529e+01,7.96449432e+01,1.84804192e+01,7.23116517e-01,9.00566101e-01
5345803-S04-156I3-A-L-C-190-7-1,20.02.2020-14:17:34,2.00000000e+01,6.44928277e-01,8.87845707e+00,2.06114654e-03,6.93705673e+01,7.99330139e+01,1.86296749e+01,3.85995597e-01,5.34258366e-01
5345803-S04-156I3-A-L-C-190-7-1,20.02.2020-14:17:36,2.00000000e+00,6.39058292e-01,8.80732536e+00,2.12712307e-03,1.16988594e+02,7.97860641e+01,1.82785530e+01,2.81001002e-01,3.92026752e-01
5345803-S04-156I3-A-L-C-190-7-1,20.02.2020-14:17:39,1.00000000e+00,6.41662180e-01,8.84239388e+00,1.82869122e-03,1.62686584e+02,7.99581604e+01,1.84658489e+01,2.03517362e-01,3.13415438e-01
5345803-S04-156I3-A-L-C-190-7-1,20.02.2020-14:17:41,2.00000000e+00,6.38063252e-01,8.78429699e+00,1.85542437e-03,7.35444794e+01,7.99504776e+01,1.82398815e+01,4.16023731e-01,5.47548592e-01
5345803-S04-156I3-A-L-C-190-7-1,20.02.2020-14:17:43,1.00000000e+00,6.41344845e-01,8.83362103e+00,1.94917491e-03,9.89862137e+01,7.99401245e+01,1.84342461e+01,3.24463367e-01,4.87101167e-01
5345803-S04-156I3-A-L-C-190-7-1,20.02.2020-14:17:45,2.00000000e+00,6.39388025e-01,8.80742455e+00,1.89381430e-03,7.46929169e+01,7.99750900e+01,1.83315163e+01,6.36942327e-01,1.20317650e+00
5345803-S04-156I3-A-L-C-190-7-1,20.02.2020-14:17:47,1.00000000e+00,6.40963435e-01,8.84230232e+00,1.93640369e-03,6.23773804e+01,7.99762115e+01,1.84497147e+01,4.69955117e-01,6.37266457e-01
5345803-S04-156I3-A-L-C-190-7-1,20.02.2020-14:17:49,1.00000000e+00,6.41053677e-01,8.83626652e+00,1.80666160e-03,1.00914093e+02,8.00670853e+01,1.84606686e+01,6.30101860e-01,9.48523521e-01
5345803-S04-156I3-A-L-C-190-7-1,20.02.2020-14:17:51,1.00000000e+00,6.38689101e-01,8.81190586e+00,1.71291060e-03,1.34565338e+02,8.06395340e+01,1.84730034e+01,3.01604152e-01,6.45200491e-01
5345803-S04-156I3-A-L-C-190-7-1,20.02.2020-14:17:53,2.00000000e+00,6.39293849e-01,8.76684475e+00,1.81492069e-03,9.60239868e+01,8.03494949e+01,1.83297787e+01,3.14548284e-01,6.49911761e-01
5345803-S04-156I3-A-L-C-190-7-1,20.02.2020-14:17:56,2.00000000e+01,6.44253373e-01,8.87378883e+00,2.20590853e-03,1.29831497e+02,8.01942825e+01,1.86611919e+01,2.44982198e-01,4.60117728e-01
5345803-S04-156I3-A-L-C-190-7-1,20.02.2020-14:17:58,1.00000000e+00,6.41791344e-01,8.84521484e+00,1.88574789e-03,8.93446045e+01,8.00431137e+01,1.84950905e+01,3.79922986e-01,7.92497873e-01
5345803-S04-156I3-A-L-C-190-7-1,20.02.2020-14:18:00,2.00000000e+01,6.43824875e-01,8.87353706e+00,2.01571174e-03,1.40055008e+02,8.02030563e+01,1.86502895e+01,2.21865520e-01,4.31553304e-01
5345803-S04-156I3-A-L-C-190-7-1,20.02.2020-14:18:02,2.00000000e+01,6.44146323e-01,8.86396217e+00,2.21210392e-03,1.44349503e+02,8.01079102e+01,1.86173553e+01,1.87957019e-01,4.50787514e-01
5345803-S04-156I3-A-L-C-190-7-1,20.02.2020-14:18:04,1.90000000e+01,6.45304918e-01,8.87030983e+00,1.95169100e-03,1.62687698e+02,8.02645874e+01,1.87007027e+01,2.32073590e-01,5.47988355e-01
5345803-S04-156I3-A-L-C-190-7-1,20.02.2020-14:18:06,1.40000000e+01,6.43101871e-01,8.88968849e+00,2.32575485e-03,1.50923882e+01,7.94182281e+01,1.84806290e+01,1.82529211e+00,2.11761737e+00
5345803-S04-156I3-A-L-C-190-7-1,20.02.2020-14:18:08,2.00000000e+00,6.38702869e-01,8.80124474e+00,2.33298307e-03,5.58890190e+01,7.95722961e+01,1.82068596e+01,6.56504512e-01,1.49436212e+00
5345803-S04-156I3-A-L-C-190-7-1,20.02.2020-14:18:10,2.10000000e+01,6.43519104e-01,8.90225506e+00,2.09762226e-03,1.16679482e+02,7.97540283e+01,1.85970592e+01,3.16696078e-01,3.76436651e-01
5345803-S04-156I3-A-L-C-190-7-1,20.02.2020-14:18:13,2.00000000e+01,6.46970749e-01,8.92355442e+00,2.76245060e-03,1.80272278e+02,7.95207596e+01,1.86867275e+01,1.89668745e-01,2.67255783e-01
5345803-S04-156I3-A-L-C-190-7-1,20.02.2020-14:18:15,2.10000000e+01,6.43241465e-01,8.88486671e+00,2.21678149e-03,6.73859634e+01,7.99315186e+01,1.85940170e+01,4.01155472e-01,5.02554417e-01
5345803-S04-156I3-A-L-C-190-7-1,20.02.2020-14:18:17,1.00000000e+00,6.42158806e-01,8.85807896e+00,2.18905811e-03,1.92886139e+02,7.98891296e+01,1.84969387e+01,1.61648020e-01,4.46867377e-01
5345803-S04-156I3-A-L-C-190-7-1,20.02.2020-14:18:19,2.10000000e+01,6.42665505e-01,8.86021900e+00,1.89691782e-03,9.65025101e+01,8.00805969e+01,1.85603848e+01,2.62858182e-01,5.92622161e-01
5345803-S04-156I3-A-L-C-190-7-1,20.02.2020-14:18:21,2.00000000e+01,6.44687355e-01,8.87362766e+00,2.09849607e-03,2.87490601e+02,8.01704330e+01,1.86678696e+01,1.29665330e-01,2.30208963e-01
5345803-S04-156I3-A-L-C-190-7-1,20.02.2020-14:18:23,2.00000000e+01,6.44972801e-01,8.86517715e+00,1.96024054e-03,2.88461639e+02,8.00727844e+01,1.86356239e+01,1.34845182e-01,4.68349874e-01
5345803-S04-156I3-A-L-C-190-7-1,20.02.2020-14:18:25,2.00000000e+01,6.43891633e-01,8.92551231e+00,2.32966570e-03,3.25937500e+02,7.98511200e+01,1.86791515e+01,1.21704660e-01,1.85965896e-01
5345803-S04-156I3-A-L-C-190-7-1,20.02.2020-14:18:27,9.00000000e+00,6.45489395e-01,8.95351028e+00,2.28526909e-03,1.83029663e+02,7.99756622e+01,1.88135395e+01,1.38651863e-01,1.67513087e-01
5345803-S04-156I3-A-L-C-190-7-1,20.02.2020-14:18:30,1.00000000e+00,6.40093505e-01,8.94237804e+00,2.01246422e-03,3.44362640e+02,7.93996811e+01,1.84988785e+01,1.14444934e-01,1.60082772e-01
5345803-S04-156I3-A-L-C-190-7-1,20.02.2020-14:18:32,2.10000000e+01,6.42046690e-01,8.88066769e+00,2.14114343e-03,1.58551453e+02,7.98100128e+01,1.85225086e+01,1.54784605e-01,2.44736880e-01
5345803-S04-156I3-A-L-C-190-7-1,20.02.2020-14:18:34,2.00000000e+00,6.42141283e-01,8.82538223e+00,1.76878064e-03,1.99326111e+02,7.97181854e+01,1.83887272e+01,1.90315142e-01,3.12623858e-01
5345803-S04-156I3-A-L-C-190-7-1,20.02.2020-14:18:36,2.10000000e+01,6.43734276e-01,8.83289051e+00,1.70922803e-03,2.93411011e+02,8.01008682e+01,1.85385971e+01,9.00475532e-02,1.38758168e-01
5345803-S04-156I3-A-L-C-190-7-1,20.02.2020-14:18:38,2.10000000e+01,6.42009377e-01,8.88619423e+00,2.17573880e-03,3.59725250e+02,7.98462372e+01,1.85413704e+01,1.24282308e-01,2.12533042e-01
5345803-S04-156I3-A-L-C-190-7-1,20.02.2020-14:18:40,2.00000000e+01,6.43062890e-01,8.89471626e+00,2.12561805e-03,3.38532410e+02,7.99741974e+01,1.86194000e+01,1.51090756e-01,2.15297043e-01
5345803-S04-156I3-A-L-C-190-7-1,20.02.2020-14:18:42,2.10000000e+01,6.42719090e-01,8.83503914e+00,1.98542373e-03,3.17757660e+02,8.00911331e+01,1.85116158e+01,1.62263051e-01,4.16909754e-01
5345803-S04-156I3-A-L-C-190-7-1,20.02.2020-14:18:44,2.00000000e+00,6.41472995e-01,8.79154587e+00,2.03897851e-03,1.76601852e+02,7.95368271e+01,1.82575321e+01,1.93795234e-01,3.50281835e-01
5345803-S04-156I3-A-L-C-190-7-1,20.02.2020-14:18:47,2.10000000e+01,6.42887294e-01,8.83559513e+00,2.10094149e-03,2.86205078e+02,8.00251617e+01,1.85023708e+01,1.60314500e-01,7.49098301e-01
5345803-S04-156I3-A-L-C-190-7-1,20.02.2020-14:18:49,2.10000000e+01,6.42694414e-01,8.82269287e+00,1.82930066e-03,3.63703156e+02,8.02400970e+01,1.85194187e+01,1.24023780e-01,7.78174758e-01
5345803-S04-156I3-A-L-C-190-7-1,20.02.2020-14:18:51,2.00000000e+00,6.40543938e-01,8.78771496e+00,2.32509570e-03,3.96658600e+02,7.95609436e+01,1.82286720e+01,1.13926329e-01,2.36802757e-01
5345803-S04-156I3-A-L-C-190-7-1,20.02.2020-14:18:53,2.00000000e+01,6.43523335e-01,8.85589886e+00,1.94788584e-03,4.13018303e+01,8.02568207e+01,1.86169720e+01,7.39633024e-01,1.53686166e+00
5345803-S04-156I3-A-L-C-190-7-1,20.02.2020-14:18:55,1.90000000e+01,6.44297242e-01,8.95494747e+00,2.27934448e-03,9.09533157e+01,7.97238846e+01,1.87226772e+01,2.52640486e-01,2.92677850e-01
5345803-S04-156I3-A-L-C-190-7-1,20.02.2020-14:18:57,1.90000000e+01,6.46443367e-01,8.91794682e+00,2.23219162e-03,1.05271011e+02,7.98450241e+01,1.87358513e+01,2.15932429e-01,2.75947690e-01
5345803-S04-156I3-A-L-C-190-7-1,20.02.2020-14:18:59,2.10000000e+01,6.41016006e-01,8.87716293e+00,2.12148973e-03,7.77839584e+01,7.99431686e+01,1.85163174e+01,3.46981198e-01,4.86429751e-01
5345803-S04-156I3-A-L-C-190-7-1,20.02.2020-14:19:03,1.00000000e+00,6.41137540e-01,8.87353325e+00,2.17118626e-03,3.99494057e+01,7.96244888e+01,1.84384613e+01,6.37772799e-01,8.10623348e-01
5345803-S04-156I3-A-L-C-190-7-1,20.02.2020-14:19:05,2.00000000e+01,6.42543793e-01,8.89352512e+00,2.03396240e-03,1.35809097e+02,7.99720917e+01,1.86013889e+01,1.90486386e-01,3.14504623e-01
5345803-S04-156I3-A-L-C-190-7-1,20.02.2020-14:19:08,2.00000000e+01,6.45402491e-01,8.91047668e+00,2.32361606e-03,4.17773132e+02,7.97219849e+01,1.86612148e+01,8.19852278e-02,1.03788882e-01
5345803-S04-156I3-A-L-C-190-7-1,20.02.2020-14:19:10,2.10000000e+01,6.41609907e-01,8.93915653e+00,1.97753496e-03,2.66060364e+02,7.95323868e+01,1.85670033e+01,9.91167575e-02,1.29661202e-01
5345803-S04-156I3-A-L-C-190-7-1,20.02.2020-14:19:12,2.00000000e+00,6.41890585e-01,8.80031300e+00,2.08750647e-03,3.58425232e+02,7.94879456e+01,1.82763977e+01,1.33227766e-01,2.71806180e-01
5345803-S04-156I3-A-L-C-190-7-1,20.02.2020-14:19:14,1.00000000e+00,6.39626920e-01,8.89761353e+00,2.27016164e-03,2.78062408e+02,7.96035156e+01,1.84400768e+01,9.09216702e-02,1.10286869e-01
5345803-S04-156I3-A-L-C-190-7-1,20.02.2020-14:19:16,9.00000000e+00,6.47559941e-01,8.90864849e+00,1.91129895e-03,5.91383606e+02,8.01571045e+01,1.88219242e+01,8.15398768e-02,1.14788681e-01
5345803-S04-156I3-A-L-C-190-7-1,20.02.2020-14:19:18,2.10000000e+01,6.42075837e-01,8.91982651e+00,2.33651022e-03,4.09629272e+02,7.95230103e+01,1.85381222e+01,8.93663988e-02,1.07340679e-01
5345803-S04-156I3-A-L-C-190-7-1,20.02.2020-14:19:20,1.90000000e+01,6.47515178e-01,8.91862965e+00,2.21926812e-03,2.32871201e+02,7.99729462e+01,1.87984238e+01,1.36766776e-01,2.09909827e-01
5345803-S04-156I3-A-L-C-190-7-1,20.02.2020-14:19:23,1.90000000e+01,6.46692693e-01,8.90805912e+00,2.49228906e-03,1.25034348e+02,7.99206848e+01,1.87400360e+01,2.99314290e-01,3.94639224e-01
5345803-S04-156I3-A-L-C-190-7-1,20.02.2020-14:19:25,1.90000000e+01,6.47094667e-01,8.90283585e+00,2.21341010e-03,1.88668549e+02,7.98195190e+01,1.87169666e+01,2.24517927e-01,3.10271412e-01
5345803-S04-156I3-A-L-C-190-7-1,20.02.2020-14:19:27,1.90000000e+01,6.46639109e-01,8.89463043e+00,1.63058739e-03,5.07965279e+01,7.99935608e+01,1.87272987e+01,5.69164038e-01,6.77495480e-01
5345803-S04-156I3-A-L-C-190-7-1,20.02.2020-14:19:29,2.00000000e+01,6.43877208e-01,8.90543175e+00,2.37318873e-03,4.88514282e+02,7.98826904e+01,1.86440773e+01,9.55590233e-02,1.27849728e-01
5345803-S04-156I3-A-L-C-190-7-1,20.02.2020-14:19:31,1.90000000e+01,6.46768451e-01,8.89826012e+00,1.86126167e-03,2.58868286e+02,8.00170135e+01,1.87441826e+01,1.26751840e-01,1.62920088e-01
5345803-S04-156I3-A-L-C-190-7-1,20.02.2020-14:19:33,1.90000000e+01,6.44787133e-01,8.90162086e+00,2.01978977e-03,2.43237152e+02,8.00976257e+01,1.87126484e+01,1.45242900e-01,2.04181299e-01
5345803-S04-156I3-A-L-C-190-7-1,20.02.2020-14:19:35,1.90000000e+01,6.45231366e-01,8.88544464e+00,2.03393633e-03,2.48337265e+02,8.01707687e+01,1.87085838e+01,1.37325600e-01,2.50623882e-01
5345803-S04-156I3-A-L-C-190-7-1,20.02.2020-14:19:37,2.00000000e+01,6.44023895e-01,8.90770245e+00,2.29991833e-03,2.18738281e+02,7.99779282e+01,1.86753178e+01,2.00378358e-01,2.79595375e-01
5345803-S04-156I3-A-L-C-190-7-1,20.02.2020-14:19:40,1.90000000e+01,6.45475924e-01,8.88638592e+00,1.87913852e-03,2.46474564e+02,8.02813492e+01,1.87434731e+01,1.37418687e-01,2.37187862e-01
5345803-S04-156I3-A-L-C-190-7-1,20.02.2020-14:19:42,2.00000000e+00,6.40735209e-01,8.81360054e+00,2.01487867e-03,3.72991791e+02,7.98076172e+01,1.83445263e+01,1.99417204e-01,7.94050217e-01
5345803-S04-156I3-A-L-C-190-7-1,20.02.2020-14:19:44,1.90000000e+01,6.44640505e-01,8.89652824e+00,2.18126597e-03,1.96664566e+02,8.02084732e+01,1.87235661e+01,1.45273000e-01,1.93226978e-01
5345803-S04-156I3-A-L-C-190-7-1,20.02.2020-14:19:46,2.10000000e+01,6.43603206e-01,8.86160564e+00,2.26748758e-03,2.75826172e+02,8.00542984e+01,1.85842686e+01,1.55546412e-01,1.98116079e-01
5345803-S04-156I3-A-L-C-190-7-1,20.02.2020-14:19:48,1.90000000e+01,6.45581365e-01,8.88481331e+00,1.93559506e-03,2.56628845e+02,8.02166748e+01,1.87281189e+01,1.35884628e-01,2.29657575e-01
5345803-S04-156I3-A-L-C-190-7-1,20.02.2020-14:19:50,2.00000000e+01,6.46473706e-01,8.88042927e+00,1.96760823e-03,4.61390869e+02,8.00030289e+01,1.86948299e+01,9.51272845e-02,1.24225713e-01
5345803-S04-156I3-A-L-C-190-7-1,20.02.2020-14:19:53,2.00000000e+01,6.43746257e-01,8.88229179e+00,2.23798002e-03,7.14429932e+01,8.00166321e+01,1.86230240e+01,3.72733474e-01,5.02258956e-01
5345803-S04-156I3-A-L-C-190-7-1,20.02.2020-14:19:55,2.40000000e+01,6.46787405e-01,8.88701344e+00,1.66552432e-03,1.50970688e+01,7.96898727e+01,1.86444969e+01,2.67639017e+00,3.46890092e+00
5345803-S04-156I3-A-L-C-190-7-1,20.02.2020-14:19:57,1.00000000e+00,6.41947806e-01,8.85126209e+00,2.23405124e-03,2.94719360e+02,7.98150635e+01,1.84595013e+01,1.71531990e-01,4.57594782e-01
5345803-S04-156I3-A-L-C-190-7-1,20.02.2020-14:19:59,2.00000000e+00,6.41471446e-01,8.82449722e+00,1.97450723e-03,2.89829346e+02,7.97142868e+01,1.83668060e+01,1.24979936e-01,1.80468723e-01
5345803-S04-156I3-A-L-C-190-7-1,20.02.2020-14:20:01,2.10000000e+01,6.43473566e-01,8.84658432e+00,2.03482783e-03,3.60276215e+02,8.02256165e+01,1.85887222e+01,8.21466222e-02,1.37813345e-01
5345803-S04-156I3-A-L-C-190-7-1,20.02.2020-14:20:03,1.00000000e+00,6.42119706e-01,8.84281540e+00,1.95825682e-03,2.90416870e+02,7.97243423e+01,1.84258595e+01,1.28570959e-01,1.81691781e-01
5345803-S04-156I3-A-L-C-190-7-1,20.02.2020-14:20:05,2.00000000e+00,6.41684175e-01,8.81470299e+00,1.69761153e-03,5.83107361e+02,7.97945786e+01,1.83709927e+01,7.45682269e-02,1.23766921e-01
5345803-S04-156I3-A-L-C-190-7-1,20.02.2020-14:20:07,2.00000000e+00,6.34994745e-01,8.72924519e+00,1.50066603e-03,2.76700531e+02,8.07217484e+01,1.82124176e+01,1.17206410e-01,7.10569918e-01
5345803-S04-156I3-A-L-C-190-7-1,20.02.2020-14:20:10,2.10000000e+01,6.42813623e-01,8.83871365e+00,1.96004449e-03,2.46291870e+02,8.00506287e+01,1.85126724e+01,9.77449566e-02,1.62260771e-01
5345803-S04-156I3-A-L-C-190-7-1,20.02.2020-14:20:12,2.00000000e+00,6.41602218e-01,8.81593704e+00,1.87705411e-03,3.43621887e+02,7.98827362e+01,1.83915157e+01,1.15045190e-01,1.67867929e-01
5345803-S04-156I3-A-L-C-190-7-1,20.02.2020-14:20:14,2.00000000e+01,6.44541085e-01,8.86333370e+00,1.87175057e-03,2.09407898e+02,8.00795975e+01,1.86208630e+01,1.17505498e-01,2.26898983e-01
5345803-S04-156I3-A-L-C-190-7-1,20.02.2020-14:20:16,2.10000000e+01,6.44195378e-01,8.85022354e+00,2.13116175e-03,2.71809387e+02,8.01490173e+01,1.85994549e+01,1.61322430e-01,2.33319953e-01
5345803-S04-156I3-A-L-C-190-7-1,20.02.2020-14:20:18,2.00000000e+00,6.40521228e-01,8.81895828e+00,2.25001224e-03,3.92282074e+02,7.97689285e+01,1.83406525e+01,1.62774548e-01,5.62999189e-01
5345803-S04-156I3-A-L-C-190-7-1,20.02.2020-14:21:27,2.00000000e+00,6.40968204e-01,8.81221676e+00,2.04297062e-03,4.05439453e+02,7.97208252e+01,1.83283634e+01,1.46635681e-01,4.78724122e-01
5345803-S04-156I3-A-L-C-190-7-1,20.02.2020-14:21:29,2.10000000e+01,6.43428743e-01,8.85441685e+00,2.12776312e-03,3.31426605e+02,8.00676727e+01,1.85672588e+01,9.96094197e-02,1.61184013e-01
5345803-S04-156I3-A-L-C-190-7-1,20.02.2020-14:21:31,2.00000000e+01,6.44032896e-01,8.86528587e+00,1.88049977e-03,3.49574707e+02,8.03172455e+01,1.86655064e+01,1.93586811e-01,5.05653977e-01
5345803-S04-156I3-A-L-C-190-7-1,20.02.2020-14:21:33,2.10000000e+01,6.43778324e-01,8.85692501e+00,2.08860263e-03,2.22347900e+02,7.98628387e+01,1.85350704e+01,1.05976492e-01,1.60396382e-01
5345803-S04-156I3-A-L-C-190-7-1,20.02.2020-14:21:35,2.10000000e+01,6.42167032e-01,8.87723064e+00,2.23216019e-03,2.77443787e+02,7.98228378e+01,1.85217857e+01,1.51663378e-01,2.80881613e-01
5345803-S04-156I3-A-L-C-190-7-1,20.02.2020-14:21:37,2.00000000e+01,6.43753469e-01,8.85956764e+00,2.11674045e-03,3.30853973e+02,8.02580643e+01,1.86316357e+01,1.64648265e-01,5.79293966e-01
5345803-S04-156I3-A-L-C-190-7-1,20.02.2020-14:21:40,2.00000000e+01,6.43972337e-01,8.86481380e+00,2.00433703e-03,3.28455750e+02,8.01685715e+01,1.86282120e+01,1.45126328e-01,4.37116593e-01
5345803-S04-156I3-A-L-C-190-7-1,20.02.2020-14:21:42,1.90000000e+01,6.45885646e-01,8.90867710e+00,2.26759934e-03,2.52411270e+02,8.01913605e+01,1.87813416e+01,1.30825788e-01,2.01082945e-01
5345803-S04-156I3-A-L-C-190-7-1,20.02.2020-14:21:46,1.00000000e+00,6.41916275e-01,8.84790230e+00,2.01903074e-03,8.25761261e+01,7.96424255e+01,1.84116783e+01,6.79668844e-01,8.29536259e-01
5345803-S04-156I3-A-L-C-190-7-1,20.02.2020-14:21:48,1.90000000e+01,6.45638585e-01,8.94351196e+00,2.11729342e-03,5.96066704e+01,7.98045883e+01,1.87566643e+01,6.40418470e-01,7.65504181e-01
5345803-S04-156I3-A-L-C-190-7-1,20.02.2020-14:21:50,3.00000000e+00,6.34236455e-01,8.77659416e+00,2.04702211e-03,6.04249802e+01,7.99017258e+01,1.81035423e+01,6.08503282e-01,8.72720957e-01
5345803-S04-156I3-A-L-C-190-7-1,20.02.2020-14:21:52,2.00000000e+01,6.45320654e-01,8.90673447e+00,2.28118943e-03,2.95334091e+01,7.95308151e+01,1.86062851e+01,1.27670801e+00,1.48899639e+00
5345803-S04-156I3-A-L-C-190-7-1,20.02.2020-14:21:55,2.10000000e+01,6.43304288e-01,8.88680077e+00,1.95294339e-03,4.27820168e+01,7.96777802e+01,1.85408363e+01,8.10202241e-01,9.49853480e-01
5345803-S04-156I3-A-L-C-190-7-1,20.02.2020-14:21:57,2.00000000e+00,6.37958229e-01,8.93177605e+00,2.43345229e-03,2.38997631e+01,7.89068069e+01,1.83009949e+01,1.09046626e+00,1.26783788e+00
5345803-S04-156I3-A-L-C-190-7-1,20.02.2020-14:21:59,2.10000000e+01,6.43835485e-01,8.87957764e+00,2.02545058e-03,2.54429276e+02,7.97329559e+01,1.85539036e+01,1.98421299e-01,3.52869570e-01
5345803-S04-156I3-A-L-C-190-7-1,20.02.2020-14:22:01,1.00000000e+00,6.44336343e-01,8.84729099e+00,2.16359971e-03,2.48802856e+02,7.96560974e+01,1.84829865e+01,1.42688856e-01,2.07413539e-01
5345803-S04-156I3-A-L-C-190-7-1,20.02.2020-14:22:03,2.10000000e+01,6.43556476e-01,8.89288998e+00,2.23695044e-03,1.83324677e+02,7.97240067e+01,1.85715809e+01,2.62479007e-01,4.73699749e-01
5345803-S04-156I3-A-L-C-190-7-1,20.02.2020-14:22:05,1.40000000e+01,6.45476520e-01,8.91485405e+00,2.28443439e-03,2.02110863e+01,7.96813354e+01,1.86630020e+01,1.43532622e+00,1.64773440e+00
5345803-S04-156I3-A-L-C-190-7-1,20.02.2020-14:22:08,2.30000000e+01,7.50862539e-01,2.77499743e-02,1.69412174e+01,6.02610840e+02,8.09895172e+01,6.86881766e-02,3.95248234e-02,4.74182889e-02
5345803-S04-156I3-A-L-C-190-7-1,20.02.2020-14:22:10,9.00000000e+00,6.46647453e-01,8.95633221e+00,1.96019094e-03,2.21486252e+02,8.00934219e+01,1.88809910e+01,8.99300352e-02,1.16019107e-01
5345803-S04-156I3-A-L-C-190-7-1,20.02.2020-14:22:12,9.00000000e+00,6.46113396e-01,8.94433689e+00,2.22197571e-03,4.75419220e+02,8.00756454e+01,1.88359489e+01,6.56961426e-02,9.42698270e-02
5345803-S04-156I3-A-L-C-190-7-1,20.02.2020-14:22:14,1.90000000e+01,6.44396245e-01,8.89246655e+00,2.12766952e-03,1.75743500e+02,8.02521667e+01,1.87181206e+01,1.44770816e-01,3.07546586e-01
5345803-S04-156I3-A-L-C-190-7-1,20.02.2020-14:22:16,1.90000000e+01,6.44973934e-01,8.90093422e+00,2.11534905e-03,1.86248383e+02,8.01802292e+01,1.87359295e+01,1.15157612e-01,2.55110264e-01
5345803-S04-156I3-A-L-C-190-7-1,20.02.2020-14:22:18,1.90000000e+01,6.45474017e-01,8.89786720e+00,2.12691864e-03,4.03190674e+02,8.01979141e+01,1.87481289e+01,1.10987097e-01,3.43804181e-01
5345803-S04-156I3-A-L-C-190-7-1,20.02.2020-14:22:20,2.00000000e+01,6.44461930e-01,8.88343143e+00,2.09740084e-03,2.69641724e+02,8.01184692e+01,1.86698494e+01,1.17702581e-01,3.45207125e-01
5345803-S04-156I3-A-L-C-190-7-1,20.02.2020-14:22:23,2.10000000e+01,6.42300129e-01,8.85760784e+00,1.98477576e-03,1.87165192e+02,8.00951996e+01,1.85477467e+01,1.63534075e-01,5.09984791e-01
5345803-S04-156I3-A-L-C-190-7-1,20.02.2020-14:22:25,2.00000000e+01,6.44486129e-01,8.88091660e+00,2.40411866e-03,3.68761383e+02,8.00982437e+01,1.86605549e+01,6.98642433e-02,2.98168808e-01
5345803-S04-156I3-A-L-C-190-7-1,20.02.2020-14:22:27,2.10000000e+01,6.41402125e-01,8.88291931e+00,2.26037158e-03,1.91076080e+02,7.98548813e+01,1.85190086e+01,1.56727389e-01,2.14003697e-01
5345803-S04-156I3-A-L-C-190-7-1,20.02.2020-14:22:29,2.00000000e+00,6.41806483e-01,8.80175686e+00,2.29873578e-03,8.93903732e+01,7.99101334e+01,1.83740768e+01,2.52837270e-01,6.68401420e-01
5345803-S04-156I3-A-L-C-190-7-1,20.02.2020-14:22:31,2.00000000e+00,6.40863895e-01,8.82828045e+00,1.98129821e-03,1.65731918e+02,7.98619308e+01,1.83912792e+01,1.66922987e-01,3.92160714e-01
5345803-S04-156I3-A-L-C-190-7-1,20.02.2020-14:22:33,1.00000000e+00,6.41871631e-01,8.85397339e+00,2.28472543e-03,2.30030945e+02,7.98700867e+01,1.84756947e+01,1.42659411e-01,2.85386711e-01
5345803-S04-156I3-A-L-C-190-7-1,20.02.2020-14:22:35,2.00000000e+00,6.40512288e-01,8.81306267e+00,1.98022788e-03,2.54887283e+02,7.95998383e+01,1.82892838e+01,6.72852173e-02,1.11533761e-01
5345803-S04-156I3-A-L-C-190-7-1,20.02.2020-14:22:37,1.00000000e+00,6.42382085e-01,8.84698105e+00,2.48692394e-03,5.52520203e+02,7.96590805e+01,1.84269753e+01,7.23257214e-02,1.96824059e-01
5345803-S04-156I3-A-L-C-190-7-1,20.02.2020-14:22:40,2.00000000e+00,6.39308870e-01,8.80189037e+00,2.21885392e-03,3.08244415e+02,7.97684174e+01,1.82703915e+01,1.20627597e-01,5.15344560e-01
5345803-S04-156I3-A-L-C-190-7-1,20.02.2020-14:22:42,1.00000000e+00,6.42110705e-01,8.85322475e+00,2.27063079e-03,3.94317291e+02,7.98404007e+01,1.84741440e+01,1.03637904e-01,2.32765734e-01
5345803-S04-156I3-A-L-C-190-7-1,20.02.2020-14:22:44,2.00000000e+00,6.39358103e-01,8.79983425e+00,2.24125362e-03,1.87723663e+02,7.97829971e+01,1.82708683e+01,1.47298962e-01,5.62494934e-01
5345803-S04-156I3-A-L-C-190-7-1,20.02.2020-14:22:46,2.00000000e+01,6.42472088e-01,8.87363911e+00,1.83583400e-03,2.04030060e+02,8.02192078e+01,1.86150684e+01,1.96104005e-01,4.50818866e-01
5345803-S04-156I3-A-L-C-190-7-1,20.02.2020-14:22:48,1.90000000e+01,6.45210385e-01,8.91732979e+00,1.97249348e-03,1.44949905e+02,8.00092773e+01,1.87372875e+01,1.57222003e-01,1.95940822e-01
5345803-S04-156I3-A-L-C-190-7-1,20.02.2020-14:22:50,2.00000000e+00,6.39890432e-01,8.80852890e+00,1.78277679e-03,2.01193665e+02,7.99616547e+01,1.83451347e+01,1.17175542e-01,2.00677574e-01
5345803-S04-156I3-A-L-C-190-7-1,20.02.2020-14:22:52,1.00000000e+00,6.41412497e-01,8.82877254e+00,2.16643070e-03,1.70466476e+02,7.99977570e+01,1.84393559e+01,1.69337004e-01,2.90873826e-01
5345803-S04-156I3-A-L-C-190-7-1,20.02.2020-14:22:55,1.00000000e+00,6.41595900e-01,8.87530327e+00,2.29268684e-03,1.51933884e+02,7.95420837e+01,1.84362221e+01,2.23014697e-01,3.06741506e-01
5345803-S04-156I3-A-L-C-190-7-1,20.02.2020-14:22:57,1.00000000e+00,6.41725123e-01,8.88485813e+00,2.45301891e-03,1.94539886e+02,7.95747833e+01,1.84673748e+01,1.29423603e-01,1.95427090e-01
5345803-S04-156I3-A-L-C-190-7-1,20.02.2020-14:22:59,2.00000000e+00,6.41356587e-01,8.83355999e+00,1.98981632e-03,2.92345459e+02,7.95511322e+01,1.83447533e+01,1.32461369e-01,1.85579494e-01
5345803-S04-156I3-A-L-C-190-7-1,20.02.2020-14:23:01,1.00000000e+00,6.42472088e-01,8.85506630e+00,2.12253537e-03,2.58636017e+02,7.98081741e+01,1.84809227e+01,8.76415819e-02,1.89291775e-01
5345803-S04-156I3-A-L-C-190-7-1,20.02.2020-14:23:03,1.00000000e+00,6.42205477e-01,8.85521126e+00,2.41187238e-03,7.86819946e+02,7.97256393e+01,1.84544525e+01,6.57900050e-02,1.74758151e-01
5345803-S04-156I3-A-L-C-190-7-1,20.02.2020-14:23:05,2.00000000e+00,6.40901744e-01,8.81272221e+00,2.17480958e-03,2.16027939e+02,7.95932083e+01,1.82981720e+01,8.50024000e-02,1.25169381e-01
5345803-S04-156I3-A-L-C-190-7-1,20.02.2020-14:23:07,2.00000000e+00,6.40870273e-01,8.81748486e+00,2.06430582e-03,2.09588409e+02,7.95757980e+01,1.83031578e+01,1.17926642e-01,1.66081607e-01
5345803-S04-156I3-A-L-C-190-7-1,20.02.2020-14:23:09,1.00000000e+00,6.41718686e-01,8.84488201e+00,2.48623895e-03,2.42432281e+02,7.97656403e+01,1.84281940e+01,1.15032256e-01,2.29880840e-01
5345803-S04-156I3-A-L-C-190-7-1,20.02.2020-14:23:12,2.00000000e+00,6.40517473e-01,8.82050800e+00,2.04335782e-03,3.71287018e+02,7.96855621e+01,1.83245945e+01,7.83320144e-02,1.19365253e-01
5345803-S04-156I3-A-L-C-190-7-1,20.02.2020-14:23:14,2.00000000e+00,6.38828039e-01,8.81197071e+00,2.13597878e-03,1.53812958e+02,7.99977493e+01,1.83301048e+01,2.63685942e-01,7.52456307e-01
5345803-S04-156I3-A-L-C-190-7-1,20.02.2020-14:23:16,1.00000000e+00,6.41194880e-01,8.84470367e+00,2.15835567e-03,1.26842224e+02,8.00125732e+01,1.84697819e+01,2.15153679e-01,3.66346896e-01
5345803-S04-156I3-A-L-C-190-7-1,20.02.2020-14:23:18,2.00000000e+00,6.40732765e-01,8.81290531e+00,1.79499586e-03,8.91041489e+01,7.97749176e+01,1.83354931e+01,2.68883288e-01,5.75964093e-01
5345803-S04-156I3-A-L-C-190-7-1,20.02.2020-14:23:20,2.10000000e+01,6.41438425e-01,8.84010220e+00,2.03340710e-03,4.44531097e+02,8.02284775e+01,1.85170174e+01,9.56750214e-02,2.20935076e-01
5345803-S04-156I3-A-L-C-190-7-1,20.02.2020-14:23:22,9.00000000e+00,6.46786392e-01,8.90245533e+00,1.88650424e-03,1.33675308e+02,8.02718582e+01,1.88132648e+01,1.32604942e-01,2.41578296e-01
5345803-S04-156I3-A-L-C-190-7-1,20.02.2020-14:23:24,2.00000000e+01,6.44779265e-01,8.87828159e+00,2.25082040e-03,2.75216644e+02,8.01417618e+01,1.86736431e+01,8.88119936e-02,4.10726696e-01
5345803-S04-156I3-A-L-C-190-7-1,20.02.2020-14:23:27,1.90000000e+01,6.46005988e-01,8.89603424e+00,1.50487293e-03,1.45273209e+02,8.02855682e+01,1.87802219e+01,1.63807407e-01,2.82071233e-01
5345803-S04-156I3-A-L-C-190-7-1,20.02.2020-14:23:29,1.90000000e+01,6.44522369e-01,8.88558769e+00,2.27559544e-03,3.00578888e+02,8.02295609e+01,1.87020302e+01,9.20579433e-02,2.04479009e-01
5345803-S04-156I3-A-L-C-190-7-1,20.02.2020-14:23:31,1.90000000e+01,6.44952297e-01,8.89321232e+00,2.07358808e-03,3.63529663e+02,8.01640015e+01,1.87152596e+01,1.02221042e-01,3.27854961e-01
5345803-S04-156I3-A-L-C-190-7-1,20.02.2020-14:23:33,1.90000000e+01,6.45856440e-01,8.88371658e+00,1.94134086e-03,2.47745956e+02,8.02202301e+01,1.87346153e+01,1.28903627e-01,2.54972756e-01
5345803-S04-156I3-A-L-C-190-7-1,20.02.2020-14:23:35,2.10000000e+01,6.41646147e-01,8.86956787e+00,1.86252361e-03,1.47008347e+02,8.00995636e+01,1.85548916e+01,2.10662156e-01,5.52655876e-01
5345803-S04-156I3-A-L-C-190-7-1,20.02.2020-14:23:37,1.00000000e+00,6.40613019e-01,8.85981274e+00,1.99547573e-03,1.54642776e+02,7.99597092e+01,1.84723320e+01,1.40056744e-01,1.73670471e-01
5345803-S04-156I3-A-L-C-190-7-1,20.02.2020-14:23:39,1.90000000e+01,6.44927979e-01,8.90947819e+00,2.15361058e-03,1.10444153e+02,8.02760468e+01,1.87749863e+01,1.75370127e-01,2.73089349e-01
5345803-S04-156I3-A-L-C-190-7-1,20.02.2020-14:23:41,9.00000000e+00,6.44877076e-01,8.93918324e+00,2.19654548e-03,1.63967407e+02,8.02008362e+01,1.88184509e+01,1.34532213e-01,1.65788367e-01
5345803-S04-156I3-A-L-C-190-7-1,20.02.2020-14:23:44,2.00000000e+00,6.36807203e-01,8.92987251e+00,2.45023635e-03,4.74089165e+01,7.92385025e+01,1.83408585e+01,4.22074735e-01,5.12182355e-01
5345803-S04-156I3-A-L-C-190-7-1,20.02.2020-14:23:46,2.10000000e+01,6.44169509e-01,8.89833736e+00,2.44002300e-03,1.01986435e+02,7.97132187e+01,1.85981445e+01,3.90421897e-01,5.19532502e-01
5345803-S04-156I3-A-L-C-190-7-1,20.02.2020-14:23:48,1.00000000e+00,6.40656590e-01,8.86336994e+00,2.02321704e-03,1.24272247e+02,7.97561798e+01,1.84339638e+01,4.73589599e-01,7.95154572e-01
5345803-S04-156I3-A-L-C-190-7-1,20.02.2020-14:23:50,2.00000000e+00,6.39214218e-01,8.82896233e+00,1.89344841e-03,7.64999771e+01,7.97874298e+01,1.83282413e+01,4.77289826e-01,8.63736451e-01
5345803-S04-156I3-A-L-C-190-7-1,20.02.2020-14:23:52,2.00000000e+01,6.43713117e-01,8.92258930e+00,1.99036323e-03,1.12637848e+02,7.97969437e+01,1.86551933e+01,3.47913027e-01,4.06886756e-01
5345803-S04-156I3-A-L-C-190-7-1,20.02.2020-14:23:54,1.00000000e+00,6.39787376e-01,8.87315941e+00,1.72211637e-03,1.23775391e+02,7.99054031e+01,1.84637661e+01,3.74507308e-01,5.92656016e-01
5345803-S04-156I3-A-L-C-190-7-1,20.02.2020-14:23:56,2.10000000e+01,6.41441584e-01,8.88620949e+00,2.32516741e-03,1.33022156e+02,7.97541351e+01,1.85036335e+01,4.47392851e-01,6.44818246e-01
5345803-S04-156I3-A-L-C-190-7-1,20.02.2020-14:23:59,2.00000000e+01,6.43651962e-01,8.89878178e+00,2.22316780e-03,9.68963470e+01,8.00039749e+01,1.86519146e+01,4.46259439e-01,5.82495034e-01
5345803-S04-156I3-A-L-C-190-7-1,20.02.2020-14:24:01,2.10000000e+01,6.40745699e-01,8.91552830e+00,1.73682638e-03,9.99531555e+01,7.97411728e+01,1.85415325e+01,2.97111511e-01,3.39917332e-01
5345803-S04-156I3-A-L-C-190-7-1,20.02.2020-14:24:03,1.00000000e+00,6.40173733e-01,8.90220451e+00,2.13698042e-03,1.11636696e+02,7.95428848e+01,1.84512997e+01,3.56615335e-01,4.09650832e-01
5345803-S04-156I3-A-L-C-190-7-1,20.02.2020-14:24:05,2.10000000e+01,6.42010987e-01,8.90244865e+00,2.35954789e-03,1.38767868e+02,7.97057419e+01,1.85426464e+01,4.72020417e-01,6.36284173e-01
5345803-S04-156I3-A-L-C-190-7-1,20.02.2020-14:24:07,2.00000000e+00,6.39387429e-01,8.83590889e+00,2.22670985e-03,9.24981308e+01,7.96658707e+01,1.83196754e+01,6.95854962e-01,1.03277290e+00
5345803-S04-156I3-A-L-C-190-7-1,20.02.2020-14:24:09,2.10000000e+01,6.43205881e-01,8.88559532e+00,2.46593589e-03,1.23046082e+02,7.96375275e+01,1.85261211e+01,4.61872965e-01,5.79356790e-01
5345803-S04-156I3-A-L-C-190-7-1,20.02.2020-14:24:11,2.10000000e+01,6.44346416e-01,8.88908672e+00,2.43191677e-03,8.20037689e+01,7.95304260e+01,1.85412960e+01,5.16646385e-01,6.38822377e-01
5345803-S04-156I3-A-L-C-190-7-1,20.02.2020-14:24:13,2.00000000e+01,6.44450426e-01,8.93769836e+00,2.25368794e-03,7.50015869e+01,7.93920288e+01,1.86132526e+01,4.98248845e-01,5.85278988e-01
5345803-S04-156I3-A-L-C-190-7-1,20.02.2020-14:24:15,1.00000000e+00,6.40641391e-01,8.92101860e+00,2.16811732e-03,5.19693336e+01,7.95000305e+01,1.84938316e+01,6.04349315e-01,6.99327588e-01
5345803-S04-156I3-A-L-C-190-7-1,20.02.2020-14:24:18,2.10000000e+01,6.43930256e-01,8.92966652e+00,2.45772325e-03,9.30529327e+01,7.93772888e+01,1.85780678e+01,3.70893031e-01,4.38789099e-01
5345803-S04-156I3-A-L-C-190-7-1,20.02.2020-14:24:20,2.10000000e+01,6.46175325e-01,8.87783146e+00,2.73834122e-03,6.64769211e+01,7.92903671e+01,1.85143261e+01,6.09399378e-01,7.26484120e-01
5345803-S04-156I3-A-L-C-190-7-1,20.02.2020-14:24:22,1.00000000e+00,6.43139124e-01,8.87590313e+00,2.37328047e-03,7.84479141e+01,7.93181992e+01,1.84297962e+01,5.64669371e-01,7.33008504e-01
5345803-S04-156I3-A-L-C-190-7-1,20.02.2020-14:24:24,1.90000000e+01,6.45837665e-01,8.97086620e+00,2.44498206e-03,6.50012436e+01,7.96077423e+01,1.87734146e+01,5.00199258e-01,5.70798397e-01
5345803-S04-156I3-A-L-C-190-7-1,20.02.2020-14:24:26,9.00000000e+00,6.47745728e-01,8.96287918e+00,2.27984088e-03,7.63943558e+01,7.97734604e+01,1.88512745e+01,3.70932728e-01,4.25941855e-01
5345803-S04-156I3-A-L-C-190-7-1,20.02.2020-14:24:28,2.10000000e+01,6.43120885e-01,8.88379574e+00,2.26581329e-03,6.15787697e+01,7.97749634e+01,1.85518837e+01,6.77061737e-01,8.41870308e-01
5345803-S04-156I3-A-L-C-190-7-1,20.02.2020-14:24:30,1.40000000e+01,6.42872810e-01,8.87098598e+00,2.26026680e-03,1.54896660e+01,7.96069489e+01,1.84789848e+01,1.92073882e+00,3.23425698e+00
5345803-S04-156I3-A-L-C-190-7-1,20.02.2020-14:24:33,9.00000000e+00,6.47264838e-01,8.94926453e+00,2.31826003e-03,8.52673035e+01,7.98232880e+01,1.88204136e+01,3.43699306e-01,3.99105996e-01
5345803-S04-156I3-A-L-C-190-7-1,20.02.2020-14:24:35,1.90000000e+01,6.45754695e-01,8.90189743e+00,1.96850579e-03,3.48077049e+01,8.01455994e+01,1.87525387e+01,9.65404630e-01,1.10741448e+00
5345803-S04-156I3-A-L-C-190-7-1,20.02.2020-14:24:37,2.10000000e+01,6.42457187e-01,8.94309711e+00,2.14171270e-03,4.59058075e+01,7.95177460e+01,1.85962925e+01,6.67203665e-01,7.69760907e-01
5345803-S04-156I3-A-L-C-190-7-1,20.02.2020-14:24:39,2.00000000e+01,6.42971456e-01,8.88731384e+00,2.09078216e-03,5.84419327e+01,8.00166397e+01,1.86111279e+01,5.87823689e-01,7.51739979e-01
5345803-S04-156I3-A-L-C-190-7-1,20.02.2020-14:24:41,2.10000000e+01,6.43809676e-01,8.88280678e+00,2.23439862e-03,6.34525261e+01,7.96873093e+01,1.85492802e+01,5.41673005e-01,6.80862069e-01
5345803-S04-156I3-A-L-C-190-7-1,20.02.2020-14:24:43,1.90000000e+01,6.46487296e-01,8.94552135e+00,2.42377142e-03,9.66565857e+01,7.98028564e+01,1.87851334e+01,3.55965436e-01,4.08860385e-01
5345803-S04-156I3-A-L-C-190-7-1,20.02.2020-14:24:45,1.00000000e+00,6.42227590e-01,8.88978291e+00,2.59769382e-03,5.96968918e+01,7.95540237e+01,1.84872570e+01,6.34202957e-01,8.01281929e-01
5345803-S04-156I3-A-L-C-190-7-1,20.02.2020-14:24:47,1.90000000e+01,6.45115674e-01,8.96661472e+00,2.61736661e-03,8.43636398e+01,7.95805969e+01,1.87371483e+01,4.30014014e-01,4.91598308e-01
5345803-S04-156I3-A-L-C-190-7-1,20.02.2020-14:24:50,2.10000000e+01,6.43187642e-01,8.90895653e+00,2.55692098e-03,4.59425278e+01,7.94909210e+01,1.85401058e+01,8.72764587e-01,1.03468871e+00
5345803-S04-156I3-A-L-C-190-7-1,20.02.2020-14:24:52,1.90000000e+01,6.45236135e-01,8.95984745e+00,2.42608762e-03,9.47702103e+01,7.96071396e+01,1.87327499e+01,4.32391167e-01,4.96375382e-01
5345803-S04-156I3-A-L-C-190-7-1,20.02.2020-14:24:54,2.10000000e+01,6.42972946e-01,8.88859367e+00,2.38168146e-03,6.71051788e+01,7.95553818e+01,1.85065517e+01,5.04975855e-01,6.38118804e-01
5345803-S04-156I3-A-L-C-190-7-1,20.02.2020-14:24:56,2.10000000e+01,6.42968416e-01,8.88371372e+00,2.59274058e-03,7.99421005e+01,7.96284256e+01,1.85132446e+01,4.80576426e-01,6.45445406e-01
5345803-S04-156I3-A-L-C-190-7-1,20.02.2020-14:24:58,2.00000000e+01,6.44102216e-01,8.94093800e+00,2.60573113e-03,9.72132034e+01,7.94669113e+01,1.86274910e+01,3.27008426e-01,3.86010677e-01
5345803-S04-156I3-A-L-C-190-7-1,20.02.2020-14:25:00,2.00000000e+01,6.43975139e-01,8.88523293e+00,2.01441161e-03,9.71105728e+01,7.99043350e+01,1.86096611e+01,4.72722173e-01,6.23964667e-01
5345803-S04-156I3-A-L-C-190-7-1,20.02.2020-14:25:02,2.10000000e+01,6.43332958e-01,8.89268208e+00,2.40478292e-03,1.19784035e+02,7.98121185e+01,1.85852165e+01,4.36067820e-01,5.70001841e-01
5345803-S04-156I3-A-L-C-190-7-1,20.02.2020-14:25:04,2.00000000e+01,6.43801808e-01,8.90691662e+00,1.80000428e-03,9.61007767e+01,8.00020905e+01,1.86728706e+01,3.41164321e-01,4.36534882e-01
5345803-S04-156I3-A-L-C-190-7-1,20.02.2020-14:25:07,9.00000000e+00,6.45262539e-01,8.95913506e+00,2.19605397e-03,1.08003792e+02,7.99148483e+01,1.88044319e+01,3.24053615e-01,3.71126205e-01
5345803-S04-156I3-A-L-C-190-7-1,20.02.2020-14:25:09,2.10000000e+01,6.42165005e-01,8.88107872e+00,2.27186177e-03,1.51054291e+02,7.97735367e+01,1.85183125e+01,3.18016499e-01,4.83988941e-01
5345803-S04-156I3-A-L-C-190-7-1,20.02.2020-14:25:11,2.00000000e+01,6.44893169e-01,8.91353512e+00,2.26692599e-03,8.78235397e+01,7.98431473e+01,1.86812363e+01,3.84451091e-01,4.58632290e-01
5345803-S04-156I3-A-L-C-190-7-1,20.02.2020-14:25:13,2.00000000e+01,6.42526805e-01,8.89066887e+00,2.34687584e-03,7.53332596e+01,8.00149307e+01,1.86048813e+01,5.01103997e-01,6.18665278e-01
5345803-S04-156I3-A-L-C-190-7-1,20.02.2020-14:25:15,2.00000000e+01,6.43184543e-01,8.89309406e+00,1.96827063e-03,8.90938110e+01,8.03086548e+01,1.86973896e+01,4.33180958e-01,5.56923568e-01
5345803-S04-156I3-A-L-C-190-7-1,20.02.2020-14:25:17,2.00000000e+01,6.43687844e-01,8.88934612e+00,2.08291668e-03,1.02307198e+02,8.00797424e+01,1.86508217e+01,3.74924541e-01,5.08228600e-01
5345803-S04-156I3-A-L-C-190-7-1,20.02.2020-14:25:19,1.00000000e+00,6.40486896e-01,8.85308552e+00,1.89899374e-03,6.46640091e+01,8.00663528e+01,1.84792843e+01,6.26816213e-01,9.37270164e-01
5345803-S04-156I3-A-L-C-190-7-1,20.02.2020-14:25:21,2.10000000e+01,6.41987145e-01,8.88163567e+00,1.88961835e-03,4.04807434e+01,7.98453751e+01,1.85310173e+01,9.47795153e-01,1.20090353e+00
5345803-S04-156I3-A-L-C-190-7-1,20.02.2020-14:25:23,2.10000000e+01,6.42031670e-01,8.88498116e+00,1.95686053e-03,7.34825745e+01,7.99134445e+01,1.85550880e+01,5.15629351e-01,7.57686198e-01
5345803-S04-156I3-A-L-C-190-7-1,20.02.2020-14:25:26,2.00000000e+00,6.39470696e-01,8.83191967e+00,2.21299892e-03,6.85595856e+01,7.96894684e+01,1.83192158e+01,5.98542750e-01,9.24611032e-01
5345803-S04-156I3-A-L-C-190-7-1,20.02.2020-14:25:28,2.40000000e+01,6.43105268e-01,8.90091991e+00,2.18610489e-03,1.09632893e+01,7.95871124e+01,1.85434227e+01,3.82567954e+00,4.40466547e+00
5345803-S04-156I3-A-L-C-190-7-1,20.02.2020-14:25:30,1.90000000e+01,6.45812094e-01,8.93673611e+00,2.23818608e-03,1.24325752e+02,8.00231018e+01,1.87988243e+01,3.32295060e-01,4.02278811e-01
5345803-S04-156I3-A-L-C-190-7-1,20.02.2020-14:25:32,2.10000000e+01,6.43517673e-01,8.87579632e+00,1.82522298e-03,1.07542923e+02,7.99651794e+01,1.85908356e+01,2.79543042e-01,3.44678193e-01
5345803-S04-156I3-A-L-C-190-7-1,20.02.2020-14:25:34,9.00000000e+00,6.46047235e-01,8.95571804e+00,2.07352615e-03,8.72608795e+01,8.00674744e+01,1.88560619e+01,4.02794540e-01,4.77350146e-01
5345803-S04-156I3-A-L-C-190-7-1,20.02.2020-14:25:36,2.10000000e+01,6.43339097e-01,8.87979889e+00,1.96774374e-03,7.29101486e+01,7.98687744e+01,1.85716400e+01,4.79527086e-01,5.72655618e-01
5345803-S04-156I3-A-L-C-190-7-1,20.02.2020-14:25:38,1.90000000e+01,6.44754708e-01,8.91699886e+00,1.99856726e-03,1.15269135e+02,8.01679001e+01,1.87604790e+01,3.69411111e-01,4.45653349e-01
5345803-S04-156I3-A-L-C-190-7-1,20.02.2020-14:25:41,2.10000000e+01,6.41883075e-01,8.87520218e+00,2.10975925e-03,1.12828529e+02,8.00684280e+01,1.85663147e+01,3.17129135e-01,3.79627883e-01
5345803-S04-156I3-A-L-C-190-7-1,20.02.2020-14:25:43,1.90000000e+01,6.45601630e-01,8.92222023e+00,2.05877563e-03,8.95169830e+01,7.99206161e+01,1.87381439e+01,4.14739281e-01,4.92000401e-01
5345803-S04-156I3-A-L-C-190-7-1,20.02.2020-14:25:45,1.90000000e+01,6.45884335e-01,8.92507553e+00,2.06888421e-03,1.22378998e+02,8.00223923e+01,1.87762280e+01,2.93072879e-01,3.61256301e-01
5345803-S04-156I3-A-L-C-190-7-1,20.02.2020-14:25:47,2.10000000e+01,6.43606722e-01,8.88327980e+00,2.10190308e-03,1.01834396e+02,7.98848343e+01,1.85903873e+01,3.72612417e-01,4.42065001e-01
5345803-S04-156I3-A-L-C-190-7-1,20.02.2020-14:25:49,2.00000000e+01,6.43487990e-01,8.88731670e+00,2.05594068e-03,9.97741013e+01,7.99503937e+01,1.86106644e+01,3.89369845e-01,4.73630369e-01
5345803-S04-156I3-A-L-C-190-7-1,20.02.2020-14:25:51,1.90000000e+01,6.46157503e-01,8.93666363e+00,1.93874433e-03,8.45748901e+01,7.99810562e+01,1.87988434e+01,4.65593576e-01,5.55428386e-01
5345803-S04-156I3-A-L-C-190-7-1,20.02.2020-14:25:53,1.00000000e+00,6.44031584e-01,8.85926151e+00,2.34868401e-03,1.40394806e+02,7.92764435e+01,1.84110718e+01,3.44045401e-01,4.04170960e-01
5345803-S04-156I3-A-L-C-190-7-1,20.02.2020-14:25:56,1.00000000e+00,6.44424379e-01,8.86291981e+00,2.22682883e-03,9.25634079e+01,7.91869965e+01,1.84091129e+01,4.43457484e-01,5.19142866e-01
5345803-S04-156I3-A-L-C-190-7-1,20.02.2020-14:25:58,1.90000000e+01,6.46596014e-01,8.93680000e+00,2.33077724e-03,5.62413177e+01,7.97671280e+01,1.87615719e+01,5.71297407e-01,6.66618109e-01
5345803-S04-156I3-A-L-C-190-7-1,20.02.2020-14:26:00,1.00000000e+00,6.44413590e-01,8.86747837e+00,2.40466208e-03,9.47443619e+01,7.92186966e+01,1.84256458e+01,3.76870900e-01,4.43050086e-01
5345803-S04-156I3-A-L-C-190-7-1,20.02.2020-14:26:02,1.90000000e+01,6.47070587e-01,8.93819237e+00,2.22708960e-03,5.15556908e+01,7.98199921e+01,1.87907124e+01,6.88599348e-01,8.06265652e-01
5345803-S04-156I3-A-L-C-190-7-1,20.02.2020-14:26:04,2.00000000e+00,6.43597245e-01,8.84887886e+00,2.18077586e-03,8.98132553e+01,7.93520432e+01,1.83946152e+01,5.77505827e-01,6.70744836e-01
5345803-S04-156I3-A-L-C-190-7-1,20.02.2020-14:26:06,2.00000000e+01,6.43656313e-01,8.88472939e+00,2.00854731e-03,1.35773972e+02,7.99581223e+01,1.86119118e+01,3.52969319e-01,4.28038716e-01
5345803-S04-156I3-A-L-C-190-7-1,20.02.2020-14:26:08,9.00000000e+00,6.46540344e-01,8.94511414e+00,1.88027031e-03,7.46989136e+01,8.00076523e+01,1.88340302e+01,4.63628650e-01,5.47148705e-01
5345803-S04-156I3-A-L-C-190-7-1,20.02.2020-14:26:10,1.90000000e+01,6.45224452e-01,8.90393257e+00,2.08875211e-03,8.13392105e+01,8.00901489e+01,1.87284546e+01,4.82457757e-01,5.74774265e-01
5345803-S04-156I3-A-L-C-190-7-1,20.02.2020-14:26:13,9.00000000e+00,6.46386921e-01,8.95093632e+00,2.01688521e-03,6.53670654e+01,7.99890900e+01,1.88374424e+01,4.80597913e-01,5.64588070e-01
5345803-S04-156I3-A-L-C-190-7-1,20.02.2020-14:26:15,1.90000000e+01,6.44378006e-01,8.90528584e+00,1.86534657e-03,5.00466843e+01,8.00945816e+01,1.87077618e+01,7.24093914e-01,8.45746696e-01
5345803-S04-156I3-A-L-C-190-7-1,20.02.2020-14:26:17,2.00000000e+01,6.44253373e-01,8.89345169e+00,2.00222898e-03,3.49022156e+02,8.01428223e+01,1.86905422e+01,6.25687838e-02,7.72727057e-02
5345803-S04-156I3-A-L-C-190-7-1,20.02.2020-14:26:19,2.10000000e+01,6.42798066e-01,8.87713146e+00,1.75704632e-03,2.99824799e+02,8.00736465e+01,1.85980339e+01,1.58265606e-01,2.58118957e-01
5345803-S04-156I3-A-L-C-190-7-1,20.02.2020-14:26:21,1.90000000e+01,6.45403445e-01,8.89753246e+00,1.90918776e-03,6.15810364e+02,8.02024841e+01,1.87464428e+01,5.23840226e-02,7.21195489e-02
5345803-S04-156I3-A-L-C-190-7-1,20.02.2020-14:26:23,2.00000000e+01,6.43083513e-01,8.88534927e+00,1.89092662e-03,4.48462860e+02,8.00968552e+01,1.86289158e+01,1.08068168e-01,1.72433481e-01
5345803-S04-156I3-A-L-C-190-7-1,20.02.2020-14:26:25,2.10000000e+01,6.42111599e-01,8.83937931e+00,1.84552954e-03,1.21159920e+02,8.01997147e+01,1.85282879e+01,2.72161275e-01,3.29023302e-01
5345803-S04-156I3-A-L-C-190-7-1,20.02.2020-14:26:27,2.00000000e+01,6.43629670e-01,8.86341953e+00,1.97469769e-03,2.20266373e+02,8.02051086e+01,1.86238537e+01,1.34707227e-01,1.89344943e-01
5345803-S04-156I3-A-L-C-190-7-1,20.02.2020-14:26:30,2.10000000e+01,6.44331336e-01,8.84185219e+00,2.09692447e-03,2.12318893e+02,7.97872238e+01,1.85018883e+01,2.41448611e-01,3.09234470e-01
5345803-S04-156I3-A-L-C-190-7-1,20.02.2020-14:26:32,2.00000000e+00,6.43247485e-01,8.79942131e+00,1.78503199e-03,2.56823792e+02,7.97032623e+01,1.83627834e+01,1.30536079e-01,1.95291504e-01
5345803-S04-156I3-A-L-C-190-7-1,20.02.2020-14:26:34,1.00000000e+00,6.43403172e-01,8.82517147e+00,1.68136891e-03,2.64531830e+02,7.99053574e+01,1.84676838e+01,1.09033920e-01,1.51270479e-01
5345803-S04-156I3-A-L-C-190-7-1,20.02.2020-14:26:36,2.00000000e+00,6.43443465e-01,8.80451202e+00,1.75527320e-03,1.62458603e+02,7.97940369e+01,1.83999367e+01,1.49015054e-01,2.20363021e-01
5345803-S04-156I3-A-L-C-190-7-1,20.02.2020-14:26:38,2.10000000e+01,6.44134521e-01,8.84453869e+00,1.59999740e-03,3.57763824e+02,8.01036453e+01,1.85752316e+01,9.22397822e-02,1.35793030e-01
5345803-S04-156I3-A-L-C-190-7-1,20.02.2020-14:26:40,2.10000000e+01,6.43248379e-01,8.85693741e+00,2.10008281e-03,3.08484253e+02,8.01470108e+01,1.85857372e+01,1.15923800e-01,1.48162469e-01
5345803-S04-156I3-A-L-C-190-7-1,20.02.2020-14:26:42,2.10000000e+01,6.42487764e-01,8.83904648e+00,1.71233434e-03,1.90393661e+02,8.01082306e+01,1.85172977e+01,2.20449120e-01,2.64936507e-01
5345803-S04-156I3-A-L-C-190-7-1,20.02.2020-14:26:45,2.00000000e+01,6.45313203e-01,8.85816097e+00,2.09878525e-03,1.27485321e+02,8.00993195e+01,1.86368771e+01,3.30599070e-01,4.50494081e-01
5345803-S04-156I3-A-L-C-190-7-1,20.02.2020-14:26:47,1.00000000e+00,6.42225623e-01,8.83607101e+00,1.84036396e-03,3.84029961e+01,8.00547485e+01,1.84911575e+01,7.12387145e-01,8.40909123e-01
5345803-S04-156I3-A-L-C-190-7-1,20.02.2020-14:26:49,2.00000000e+01,6.45252168e-01,8.86978817e+00,1.78742560e-03,2.17974808e+02,8.02727737e+01,1.86999798e+01,1.91984132e-01,2.68186629e-01
5345803-S04-156I3-A-L-C-190-7-1,20.02.2020-14:26:51,2.10000000e+01,6.44363165e-01,8.83468151e+00,1.71869202e-03,1.52204849e+02,7.99474411e+01,1.85249214e+01,2.15792090e-01,2.87985444e-01
5345803-S04-156I3-A-L-C-190-7-1,20.02.2020-14:26:53,2.00000000e+01,6.45070255e-01,8.86660194e+00,2.02329131e-03,1.55750610e+02,8.02338562e+01,1.86789322e+01,2.70417571e-01,3.73899788e-01
5345803-S04-156I3-A-L-C-190-7-1,20.02.2020-14:26:55,1.00000000e+00,6.43932223e-01,8.83736897e+00,1.98414852e-03,9.77513046e+01,7.97919998e+01,1.84821568e+01,4.36748117e-01,5.51823974e-01
5345803-S04-156I3-A-L-C-190-7-1,20.02.2020-14:26:57,8.00000000e+00,6.47731602e-01,8.92557812e+00,1.92943297e-03,2.04529297e+02,8.04325562e+01,1.89275093e+01,1.37327805e-01,1.94645494e-01
5345803-S04-156I3-A-L-C-190-7-1,20.02.2020-14:26:59,2.00000000e+01,6.42855227e-01,8.88545704e+00,1.78985321e-03,3.35201294e+02,8.01373520e+01,1.86319427e+01,1.29851222e-01,2.09470972e-01
5345803-S04-156I3-A-L-C-190-7-1,20.02.2020-14:27:02,2.00000000e+01,6.42285526e-01,8.88140774e+00,2.00282107e-03,2.49936066e+02,8.01817780e+01,1.86172619e+01,1.87431231e-01,2.87231743e-01
5345803-S04-156I3-A-L-C-190-7-1,20.02.2020-14:27:04,1.90000000e+01,6.45323455e-01,8.89017200e+00,1.90944818e-03,4.36737976e+02,8.00966263e+01,1.87038937e+01,7.13532418e-02,9.85835344e-02
5345803-S04-156I3-A-L-C-190-7-1,20.02.2020-14:27:06,2.00000000e+01,6.42742753e-01,8.89088058e+00,1.99571112e-03,3.64155731e+02,8.00608215e+01,1.86222515e+01,1.32384852e-01,2.29126632e-01
5345803-S04-156I3-A-L-C-190-7-1,20.02.2020-14:27:08,1.90000000e+01,6.45194709e-01,8.89497375e+00,1.70073146e-03,2.12282364e+02,8.02283096e+01,1.87410221e+01,1.44218057e-01,1.75481543e-01
5345803-S04-156I3-A-L-C-190-7-1,20.02.2020-14:27:10,8.00000000e+00,6.48474276e-01,8.93342018e+00,1.80672179e-03,2.80935669e+02,8.03513412e+01,1.89467125e+01,1.31633729e-01,1.65929228e-01
5345803-S04-156I3-A-L-C-190-7-1,20.02.2020-14:27:12,2.00000000e+00,6.39904857e-01,8.79796886e+00,1.63939630e-03,2.30624496e+02,7.98660049e+01,1.83016396e+01,2.67543137e-01,8.16368163e-01
5345803-S04-156I3-A-L-C-190-7-1,20.02.2020-14:27:14,1.90000000e+01,6.44948363e-01,8.90905476e+00,2.01977068e-03,2.40564758e+02,8.01253357e+01,1.87394390e+01,1.13323882e-01,1.39878258e-01
5345803-S04-156I3-A-L-C-190-7-1,20.02.2020-14:27:16,2.00000000e+01,6.43233716e-01,8.87261295e+00,2.01336737e-03,3.27053101e+02,8.01801071e+01,1.86258945e+01,1.62657201e-01,5.26762247e-01
5345803-S04-156I3-A-L-C-190-7-1,20.02.2020-14:27:19,2.10000000e+01,6.42286062e-01,8.84222698e+00,1.92161417e-03,1.76363724e+02,8.01624374e+01,1.85306759e+01,2.66637385e-01,6.38650537e-01
5345803-S04-156I3-A-L-C-190-7-1,20.02.2020-14:27:21,2.00000000e+01,6.45206511e-01,8.86154556e+00,2.22224696e-03,1.32752686e+02,7.99760132e+01,1.86122189e+01,2.78215677e-01,4.23742443e-01
5345803-S04-156I3-A-L-C-190-7-1,20.02.2020-14:27:23,2.00000000e+01,6.44438505e-01,8.88981342e+00,2.02953769e-03,2.32243729e+02,8.00813980e+01,1.86739407e+01,1.74009085e-01,4.23689812e-01
5345803-S04-156I3-A-L-C-190-7-1,20.02.2020-14:27:25,2.00000000e+01,6.45116091e-01,8.88667870e+00,2.11898563e-03,1.31795502e+02,8.00732727e+01,1.86850872e+01,2.11528808e-01,3.10002685e-01
5345803-S04-156I3-A-L-C-190-7-1,20.02.2020-14:27:27,1.90000000e+01,6.46161020e-01,8.90714931e+00,1.66406482e-03,1.64119247e+02,8.01817169e+01,1.87838707e+01,2.17063457e-01,3.17202598e-01
5345803-S04-156I3-A-L-C-190-7-1,20.02.2020-14:27:29,2.00000000e+01,6.46583617e-01,8.88477421e+00,1.99385104e-03,1.39103027e+02,7.98826904e+01,1.86790142e+01,2.34338164e-01,3.49128097e-01
5345803-S04-156I3-A-L-C-190-7-1,20.02.2020-14:27:31,2.00000000e+01,6.42988145e-01,8.89569569e+00,1.98697019e-03,3.89842773e+02,8.00286179e+01,1.86319523e+01,1.10387929e-01,1.94606423e-01
5345803-S04-156I3-A-L-C-190-7-1,20.02.2020-14:27:34,2.10000000e+01,6.41982198e-01,8.85229111e+00,1.96241587e-03,1.70379318e+02,8.00149689e+01,1.85088787e+01,2.67440647e-01,3.11805665e-01
5345803-S04-156I3-A-L-C-190-7-1,20.02.2020-14:27:36,2.00000000e+01,6.42635286e-01,8.86806202e+00,1.94928201e-03,3.43872559e+02,8.03175888e+01,1.86309147e+01,7.67885521e-02,1.05530784e-01
5345803-S04-156I3-A-L-C-190-7-1,20.02.2020-14:27:38,1.00000000e+00,6.42399430e-01,8.82779694e+00,2.07938487e-03,3.41419952e+02,7.97753601e+01,1.84143524e+01,1.51587471e-01,2.09042594e-01
5345803-S04-156I3-A-L-C-190-7-1,20.02.2020-14:27:40,2.00000000e+01,6.44112468e-01,8.85506344e+00,2.01916276e-03,1.92993973e+02,8.01599884e+01,1.86097794e+01,1.58083186e-01,2.05769882e-01
5345803-S04-156I3-A-L-C-190-7-1,20.02.2020-14:27:42,2.00000000e+00,6.43340111e-01,8.78787518e+00,1.72993110e-03,1.32035400e+02,7.99441071e+01,1.83967533e+01,2.45439261e-01,3.22032094e-01
5345803-S04-156I3-A-L-C-190-7-1,20.02.2020-14:27:44,2.10000000e+01,6.44423068e-01,8.83707333e+00,2.02582916e-03,2.31141174e+02,8.01555939e+01,1.85799084e+01,1.86307698e-01,2.68923283e-01
5345803-S04-156I3-A-L-C-190-7-1,20.02.2020-14:27:46,2.10000000e+01,6.43882990e-01,8.82926178e+00,1.75454374e-03,5.25667908e+02,8.02685547e+01,1.85740662e+01,5.07458299e-02,8.06039050e-02
5345803-S04-156I3-A-L-C-190-7-1,20.02.2020-14:27:48,2.00000000e+00,6.42504811e-01,8.78982544e+00,1.85407558e-03,2.51635910e+02,7.96691284e+01,1.83137341e+01,1.69490099e-01,2.22774997e-01
5345803-S04-156I3-A-L-C-190-7-1,20.02.2020-14:27:51,1.90000000e+01,6.45311296e-01,8.92573738e+00,1.87356595e-03,5.44320412e+01,8.00419159e+01,1.87655392e+01,6.36921346e-01,7.43237972e-01
5345803-S04-156I3-A-L-C-190-7-1,20.02.2020-14:27:53,2.00000000e+01,6.42690182e-01,8.87507629e+00,1.76010758e-03,4.14982376e+01,8.01355896e+01,1.86049881e+01,9.00611579e-01,1.14701355e+00
5345803-S04-156I3-A-L-C-190-7-1,20.02.2020-14:27:55,1.90000000e+01,6.45001650e-01,8.92322636e+00,1.80872111e-03,5.73059578e+01,8.01854706e+01,1.87848873e+01,6.24477506e-01,7.32559264e-01
5345803-S04-156I3-A-L-C-190-7-1,20.02.2020-14:27:57,2.00000000e+01,6.43394947e-01,8.89585018e+00,1.93304755e-03,3.39204063e+01,8.00922775e+01,1.86588955e+01,8.75854015e-01,1.09805250e+00
5345803-S04-156I3-A-L-C-190-7-1,20.02.2020-14:27:59,1.90000000e+01,6.44986272e-01,8.91153431e+00,2.00062734e-03,3.06072330e+01,7.99643936e+01,1.87081051e+01,1.01771212e+00,1.17824852e+00
5345803-S04-156I3-A-L-C-190-7-1,20.02.2020-14:28:01,2.00000000e+01,6.43537760e-01,8.88925266e+00,1.90231681e-03,8.66764450e+01,8.01998291e+01,1.86742401e+01,3.60118538e-01,5.48248529e-01
5345803-S04-156I3-A-L-C-190-7-1,20.02.2020-14:28:03,9.00000000e+00,6.45610929e-01,8.94305134e+00,1.87572127e-03,7.71394730e+01,8.03427887e+01,1.88813763e+01,4.15642589e-01,4.92099345e-01
5345803-S04-156I3-A-L-C-190-7-1,20.02.2020-14:28:06,2.00000000e+01,6.43366635e-01,8.89291668e+00,1.85562612e-03,7.98227921e+01,8.01225739e+01,1.86589794e+01,4.50789660e-01,6.46798670e-01
5345803-S04-156I3-A-L-C-190-7-1,20.02.2020-14:28:08,1.90000000e+01,6.44713163e-01,8.91413021e+00,2.01505609e-03,8.95392914e+01,8.01050720e+01,1.87385387e+01,4.29567128e-01,5.05689025e-01
5345803-S04-156I3-A-L-C-190-7-1,20.02.2020-14:28:10,9.00000000e+00,6.46017194e-01,8.92912197e+00,2.10283836e-03,7.44416275e+01,8.00808792e+01,1.88023376e+01,4.67297822e-01,5.54641247e-01
5345803-S04-156I3-A-L-C-190-7-1,20.02.2020-14:28:12,9.00000000e+00,6.46138489e-01,8.93602943e+00,1.84009189e-03,6.86703949e+01,8.01466675e+01,1.88358784e+01,4.91072744e-01,5.82189620e-01
5345803-S04-156I3-A-L-C-190-7-1,20.02.2020-14:28:14,2.00000000e+01,6.43550158e-01,8.91124821e+00,2.07850407e-03,4.42225685e+01,7.98802567e+01,1.86462097e+01,6.99729681e-01,8.15131903e-01
5345803-S04-156I3-A-L-C-190-7-1,20.02.2020-14:28:16,2.10000000e+01,6.45331800e-01,8.89175701e+00,2.20563868e-03,1.22081520e+02,7.95775452e+01,1.85862331e+01,3.19071114e-01,3.79268765e-01
5345803-S04-156I3-A-L-C-190-7-1,20.02.2020-14:28:18,1.90000000e+01,6.46412253e-01,8.93144035e+00,2.26513715e-03,8.70932999e+01,7.98813248e+01,1.87718277e+01,4.44076568e-01,5.21916389e-01
5345803-S04-156I3-A-L-C-190-7-1,20.02.2020-14:28:20,1.40000000e+01,6.33803368e-01,8.54423046e+00,1.22683472e-03,5.25145569e+01,7.90509186e+01,1.74246731e+01,6.24972284e-01,7.25178421e-01
5345803-S04-156I3-A-L-C-190-7-1,20.02.2020-14:28:23,2.00000000e+01,6.43566132e-01,8.91375732e+00,2.09863135e-03,8.09865646e+01,7.96763916e+01,1.86043205e+01,5.21301508e-01,6.73337638e-01
5345803-S04-156I3-A-L-C-190-7-1,20.02.2020-14:28:25,2.10000000e+01,6.45112872e-01,8.88820934e+00,2.17237929e-03,1.58194809e+02,7.94464417e+01,1.85419178e+01,2.42429823e-01,2.85915077e-01
5345803-S04-156I3-A-L-C-190-7-1,20.02.2020-14:28:27,1.90000000e+01,6.45581186e-01,8.90806675e+00,1.97455729e-03,1.11612732e+02,8.01458130e+01,1.87605419e+01,3.04813176e-01,3.73433709e-01
5345803-S04-156I3-A-L-C-190-7-1,20.02.2020-14:28:29,2.10000000e+01,6.42662287e-01,8.87727833e+00,2.21508532e-03,2.29483887e+02,7.99517288e+01,1.85661011e+01,2.02905327e-01,3.34064484e-01
5345803-S04-156I3-A-L-C-190-7-1,20.02.2020-14:28:31,2.10000000e+01,6.41672850e-01,8.86408901e+00,1.87201158e-03,9.89449310e+01,7.99886856e+01,1.85185318e+01,3.95270497e-01,6.20331228e-01
5345803-S04-156I3-A-L-C-190-7-1,20.02.2020-14:28:33,9.00000000e+00,6.45931780e-01,8.93288612e+00,1.80187100e-03,1.39464493e+02,8.01704941e+01,1.88288250e+01,2.63401479e-01,3.19293529e-01
5345803-S04-156I3-A-L-C-190-7-1,20.02.2020-14:28:35,9.00000000e+00,6.45855665e-01,8.92681313e+00,1.97428977e-03,9.68750534e+01,8.01986237e+01,1.88204079e+01,2.96386987e-01,3.61653805e-01
5345803-S04-156I3-A-L-C-190-7-1,20.02.2020-14:28:38,2.00000000e+01,6.43548429e-01,8.87667847e+00,1.73497759e-03,1.09292915e+02,8.00280457e+01,1.86081905e+01,3.06575298e-01,3.64253193e-01
5345803-S04-156I3-A-L-C-190-7-1,20.02.2020-14:28:40,2.00000000e+01,6.44195914e-01,8.87923145e+00,1.97593169e-03,2.89411285e+02,8.00733337e+01,1.86428146e+01,1.77318946e-01,5.91693521e-01
5345803-S04-156I3-A-L-C-190-7-1,20.02.2020-14:28:42,9.00000000e+00,6.46198988e-01,8.92101669e+00,2.17042188e-03,1.76387039e+02,8.01320419e+01,1.88025627e+01,2.21104413e-01,2.91434824e-01
5345803-S04-156I3-A-L-C-190-7-1,20.02.2020-14:28:44,9.00000000e+00,6.47147059e-01,8.93712330e+00,1.69588975e-03,2.48411026e+02,8.02929688e+01,1.89020309e+01,1.22803569e-01,1.66583106e-01
5345803-S04-156I3-A-L-C-190-7-1,20.02.2020-14:28:47,2.10000000e+01,6.42597973e-01,8.86803246e+00,1.95887429e-03,2.18694733e+02,7.98443985e+01,1.85200119e+01,1.82636082e-01,5.19049644e-01
5345803-S04-156I3-A-L-C-190-7-1,20.02.2020-14:28:49,9.00000000e+00,6.48253620e-01,8.89123726e+00,2.22879625e-03,2.82093811e+02,8.03237762e+01,1.88443642e+01,1.23876996e-01,4.52231854e-01
5345803-S04-156I3-A-L-C-190-7-1,20.02.2020-14:28:51,2.00000000e+00,6.39564991e-01,8.76975441e+00,2.12286832e-03,2.53883453e+02,7.98664093e+01,1.82333508e+01,3.81871223e-01,2.90311313e+00
5345803-S04-156I3-A-L-C-190-7-1,20.02.2020-14:28:53,2.00000000e+01,6.44858003e-01,8.88040161e+00,2.19790987e-03,3.23110321e+02,7.98767700e+01,1.86186161e+01,8.48850161e-02,1.56504214e-01
5345803-S04-156I3-A-L-C-190-7-1,20.02.2020-14:28:55,1.00000000e+00,6.42827868e-01,8.86604118e+00,2.42909463e-03,2.05662155e+02,7.95699005e+01,1.84587994e+01,2.06165984e-01,4.76426482e-01
5345803-S04-156I3-A-L-C-190-7-1,20.02.2020-14:28:57,2.10000000e+01,6.43063188e-01,8.87767315e+00,1.92831445e-03,2.02903000e+02,7.99623566e+01,1.85809784e+01,2.04891697e-01,5.09293914e-01
5345803-S04-156I3-A-L-C-190-7-1,20.02.2020-14:28:59,2.00000000e+01,6.44276083e-01,8.86713982e+00,2.01128586e-03,3.65001984e+02,8.01091309e+01,1.86280670e+01,8.19490850e-02,1.61860123e-01
5345803-S04-156I3-A-L-C-190-7-1,20.02.2020-14:29:01,2.00000000e+01,6.44306839e-01,8.87486839e+00,2.00378429e-03,2.79962524e+02,8.00542603e+01,1.86324215e+01,1.10976152e-01,1.93601072e-01
5345803-S04-156I3-A-L-C-190-7-1,20.02.2020-14:29:04,2.10000000e+01,6.42769992e-01,8.87533951e+00,2.02670647e-03,1.69416977e+02,7.99638824e+01,1.85679779e+01,2.80222505e-01,7.37923205e-01
5345803-S04-156I3-A-L-C-190-7-1,20.02.2020-14:29:06,9.00000000e+00,6.46658242e-01,8.92960453e+00,2.07709451e-03,1.41529587e+02,8.03044662e+01,1.88745651e+01,2.30994359e-01,2.82187372e-01
5345803-S04-156I3-A-L-C-190-7-1,20.02.2020-14:29:08,2.10000000e+01,6.44198298e-01,8.86050320e+00,2.03911820e-03,1.51803543e+02,7.99751358e+01,1.85807457e+01,1.53958112e-01,2.41380125e-01
5345803-S04-156I3-A-L-C-190-7-1,20.02.2020-14:29:10,9.00000000e+00,6.46802664e-01,8.92765808e+00,2.30366783e-03,6.10167969e+02,8.00758209e+01,1.88209248e+01,4.14498188e-02,6.58607706e-02
5345803-S04-156I3-A-L-C-190-7-1,20.02.2020-14:29:12,9.00000000e+00,6.47069693e-01,8.93898773e+00,1.93963118e-03,2.51012207e+02,8.02685165e+01,1.88979568e+01,1.53595537e-01,1.95809960e-01
5345803-S04-156I3-A-L-C-190-7-1,20.02.2020-14:29:14,2.00000000e+01,6.44316614e-01,8.90099716e+00,2.08091247e-03,3.68199005e+02,7.99049911e+01,1.86527176e+01,1.08166501e-01,1.48434594e-01
5345803-S04-156I3-A-L-C-190-7-1,20.02.2020-14:29:16,1.90000000e+01,6.46562040e-01,8.91922665e+00,2.20529502e-03,2.45565079e+02,8.00104904e+01,1.87808189e+01,2.00727731e-01,2.91862935e-01
5345803-S04-156I3-A-L-C-190-7-1,20.02.2020-14:29:19,1.90000000e+01,6.46740198e-01,8.92419434e+00,2.18334864e-03,5.76588013e+02,7.99951096e+01,1.87928429e+01,6.31389990e-02,1.19464509e-01
5345803-S04-156I3-A-L-C-190-7-1,20.02.2020-14:29:21,9.00000000e+00,6.47119761e-01,8.92142582e+00,1.98325282e-03,1.77321716e+02,8.01759872e+01,1.88405437e+01,1.32804915e-01,1.68343067e-01
5345803-S04-156I3-A-L-C-190-7-1,20.02.2020-14:29:23,2.00000000e+01,6.43922448e-01,8.90855503e+00,2.09966442e-03,2.57740936e+02,7.97846222e+01,1.86290283e+01,1.32607028e-01,1.99992523e-01
5345803-S04-156I3-A-L-C-190-7-1,20.02.2020-14:29:25,2.10000000e+01,6.43208146e-01,8.90398407e+00,2.15944299e-03,2.40412949e+02,7.97009201e+01,1.85793037e+01,1.28621906e-01,2.17746958e-01
5345803-S04-156I3-A-L-C-190-7-1,20.02.2020-14:29:27,2.10000000e+01,6.43169463e-01,8.90267658e+00,2.07151449e-03,2.33312088e+02,7.97012634e+01,1.85755386e+01,1.82675138e-01,2.77419418e-01
5345803-S04-156I3-A-L-C-190-7-1,20.02.2020-14:29:29,2.10000000e+01,6.43244028e-01,8.91378117e+00,2.20993930e-03,2.21752579e+02,7.96845703e+01,1.85969677e+01,1.77769169e-01,2.60633528e-01
5345803-S04-156I3-A-L-C-190-7-1,20.02.2020-14:29:31,1.00000000e+00,6.38845980e-01,8.94737911e+00,2.25966540e-03,2.47564362e+02,7.91883316e+01,1.84239769e+01,1.14926815e-01,1.51036426e-01
5345803-S04-156I3-A-L-C-190-7-1,20.02.2020-14:29:37,1.00000000e+00,6.38438642e-01,8.94956017e+00,1.98523002e-03,2.27192291e+02,7.92910233e+01,1.84406013e+01,1.19078420e-01,1.51317358e-01
5345803-S04-156I3-A-L-C-190-7-1,20.02.2020-14:29:39,1.00000000e+00,6.39107645e-01,8.94566441e+00,2.02972186e-03,2.19952591e+02,7.91788788e+01,1.84257927e+01,1.16087824e-01,1.52012274e-01
5345803-S04-156I3-A-L-C-190-7-1,20.02.2020-14:29:41,2.00000000e+01,6.42978370e-01,8.90177822e+00,2.10602395e-03,3.31965637e+02,7.98547592e+01,1.86039047e+01,1.63827449e-01,2.60550857e-01
5345803-S04-156I3-A-L-C-190-7-1,20.02.2020-14:29:43,1.00000000e+00,6.38449073e-01,8.94372654e+00,2.08272063e-03,1.79435852e+02,7.93907013e+01,1.84520473e+01,1.18871063e-01,1.57521665e-01
5345803-S04-156I3-A-L-C-190-7-1,20.02.2020-14:29:45,1.00000000e+00,6.38568223e-01,8.94936180e+00,2.08551716e-03,1.48125290e+02,7.93186951e+01,1.84503727e+01,1.66039810e-01,2.10716620e-01
5345803-S04-156I3-A-L-C-190-7-1,20.02.2020-14:29:47,2.10000000e+01,6.43780649e-01,8.87749386e+00,2.20689457e-03,3.11631012e+02,7.99293900e+01,1.85936642e+01,1.18467644e-01,1.73599184e-01
5345803-S04-156I3-A-L-C-190-7-1,20.02.2020-14:29:49,2.10000000e+01,6.43349469e-01,8.87388229e+00,2.29936955e-03,5.77815430e+02,7.96906052e+01,1.85181637e+01,9.38658267e-02,2.49255612e-01
5345803-S04-156I3-A-L-C-190-7-1,20.02.2020-14:29:51,2.00000000e+01,6.45750046e-01,8.88955784e+00,2.02677562e-03,3.09218994e+02,7.99440384e+01,1.86793137e+01,9.86786261e-02,1.58955410e-01
5345803-S04-156I3-A-L-C-190-7-1,20.02.2020-14:29:53,2.10000000e+01,6.42739892e-01,8.86443138e+00,2.01918883e-03,2.12408798e+02,7.98660355e+01,1.85216007e+01,1.55522898e-01,3.30582947e-01
5345803-S04-156I3-A-L-C-190-7-1,20.02.2020-14:29:55,2.10000000e+01,6.42692745e-01,8.86603832e+00,1.78037712e-03,4.34176514e+02,7.99233170e+01,1.85368824e+01,7.85502791e-02,2.28316948e-01
5345803-S04-156I3-A-L-C-190-7-1,20.02.2020-14:29:58,2.00000000e+01,6.43682957e-01,8.90754986e+00,2.29333900e-03,4.03052551e+02,7.97430420e+01,1.86102962e+01,7.66802579e-02,1.15090922e-01
5345803-S04-156I3-A-L-C-190-7-1,20.02.2020-14:30:00,1.90000000e+01,6.46139026e-01,8.91511345e+00,2.11576116e-03,2.70585083e+02,8.01416779e+01,1.87906342e+01,1.12548254e-01,1.91514522e-01
5345803-S04-156I3-A-L-C-190-7-1,20.02.2020-14:30:02,2.10000000e+01,6.43736601e-01,8.86607361e+00,2.21002521e-03,1.91791946e+02,8.00308456e+01,1.85920448e+01,2.65875041e-01,5.61465979e-01
5345803-S04-156I3-A-L-C-190-7-1,20.02.2020-14:30:04,1.90000000e+01,6.46558583e-01,8.91645527e+00,2.05288641e-03,2.21268845e+02,8.00869904e+01,1.87928352e+01,1.53200909e-01,2.07600519e-01
5345803-S04-156I3-A-L-C-190-7-1,20.02.2020-14:30:06,1.90000000e+01,6.46573305e-01,8.91471767e+00,2.13504909e-03,3.45437073e+02,8.00644150e+01,1.87843037e+01,9.99981612e-02,1.46754608e-01
5345803-S04-156I3-A-L-C-190-7-1,20.02.2020-14:30:08,2.00000000e+01,6.43972933e-01,8.87132359e+00,2.05164822e-03,1.92330582e+02,8.00285110e+01,1.86093407e+01,1.19580261e-01,2.14725554e-01
5345803-S04-156I3-A-L-C-190-7-1,20.02.2020-14:30:11,2.10000000e+01,6.44021451e-01,8.85871983e+00,1.96463359e-03,1.69657272e+02,7.99023743e+01,1.85550098e+01,1.81074113e-01,2.49432236e-01
5345803-S04-156I3-A-L-C-190-7-1,20.02.2020-14:30:13,1.00000000e+00,6.42834485e-01,8.84643459e+00,1.95582979e-03,2.84931427e+02,7.98849716e+01,1.84910984e+01,1.47922218e-01,3.35914880e-01
5345803-S04-156I3-A-L-C-190-7-1,20.02.2020-14:30:15,2.00000000e+01,6.45020604e-01,8.90589619e+00,2.41474924e-03,2.23044754e+02,7.98112030e+01,1.86614456e+01,1.25360832e-01,1.91104412e-01
5345803-S04-156I3-A-L-C-190-7-1,20.02.2020-14:30:17,1.00000000e+00,6.40285611e-01,8.89408398e+00,2.15315633e-03,2.47329208e+02,7.95592957e+01,1.84414940e+01,1.08057857e-01,1.45549923e-01
5345803-S04-156I3-A-L-C-190-7-1,20.02.2020-14:30:19,2.00000000e+00,6.41877294e-01,8.79031181e+00,2.06382014e-03,4.54712906e+01,7.95079269e+01,1.82598381e+01,8.15076649e-01,1.00325203e+00
5345803-S04-156I3-A-L-C-190-7-1,20.02.2020-14:30:21,2.00000000e+01,6.42882228e-01,8.90703964e+00,1.91731576e-03,1.97803360e+02,7.99672165e+01,1.86383286e+01,1.74762100e-01,2.91615665e-01
5345803-S04-156I3-A-L-C-190-7-1,20.02.2020-14:30:23,1.00000000e+00,6.38921857e-01,8.95609379e+00,2.24437099e-03,4.55281372e+02,7.93013229e+01,1.84704304e+01,7.77400658e-02,1.08173653e-01
5345803-S04-156I3-A-L-C-190-7-1,20.02.2020-14:30:26,2.00000000e+01,6.42572582e-01,8.91206646e+00,2.13390822e-03,2.70918182e+02,7.98974533e+01,1.86236057e+01,1.08274765e-01,2.08135828e-01
5345803-S04-156I3-A-L-C-190-7-1,20.02.2020-14:30:28,2.00000000e+01,6.43091083e-01,8.90555000e+00,1.94266695e-03,2.10696503e+02,7.98755951e+01,1.86199093e+01,1.85843244e-01,2.77144015e-01
5345803-S04-156I3-A-L-C-190-7-1,20.02.2020-14:30:30,2.10000000e+01,6.41950130e-01,8.90051174e+00,2.12433678e-03,2.38688675e+02,7.99108276e+01,1.85845509e+01,2.10229322e-01,3.41521859e-01
5345803-S04-156I3-A-L-C-190-7-1,20.02.2020-14:30:32,1.00000000e+00,6.38320565e-01,8.95204163e+00,2.34596082e-03,5.07455872e+02,7.92621689e+01,1.84355927e+01,7.77304024e-02,1.03293285e-01
5345803-S04-156I3-A-L-C-190-7-1,20.02.2020-14:30:34,1.00000000e+00,6.38918400e-01,8.95876694e+00,2.54309643e-03,4.85568390e+02,7.90144043e+01,1.84089985e+01,6.70140833e-02,9.12171900e-02
5345803-S04-156I3-A-L-C-190-7-1,20.02.2020-14:30:36,1.00000000e+00,6.39054477e-01,8.96140575e+00,2.30040215e-03,2.09942017e+02,7.91333466e+01,1.84460640e+01,1.26917362e-01,1.64963096e-01
5345803-S04-156I3-A-L-C-190-7-1,20.02.2020-14:30:38,2.00000000e+01,6.43962443e-01,8.90162373e+00,2.01843749e-03,2.43231644e+02,7.98052521e+01,1.86205063e+01,1.82053730e-01,2.58814394e-01
5345803-S04-156I3-A-L-C-190-7-1,20.02.2020-14:30:40,2.00000000e+01,6.44095004e-01,8.90588474e+00,2.08424358e-03,1.63890640e+02,7.99073868e+01,1.86571026e+01,2.31355429e-01,2.92062998e-01
5345803-S04-156I3-A-L-C-190-7-1,20.02.2020-14:30:43,2.00000000e+01,6.43783271e-01,8.89861012e+00,2.15522666e-03,3.71819916e+02,7.99253616e+01,1.86370277e+01,1.03933848e-01,1.52431920e-01
5345803-S04-156I3-A-L-C-190-7-1,20.02.2020-14:30:45,1.90000000e+01,6.46571577e-01,8.92347050e+00,2.15666951e-03,4.98743744e+01,8.00190048e+01,1.87920303e+01,8.66735756e-01,1.03160644e+00
5345803-S04-156I3-A-L-C-190-7-1,20.02.2020-14:30:47,2.00000000e+01,6.44105017e-01,8.88856697e+00,2.09674379e-03,2.84958130e+02,7.98550491e+01,1.86089134e+01,1.39382869e-01,1.87485069e-01
5345803-S04-156I3-A-L-C-190-7-1,20.02.2020-14:30:49,8.00000000e+00,6.47343755e-01,8.95316315e+00,2.15548323e-03,2.38119827e+02,8.02509232e+01,1.89317913e+01,1.18316628e-01,1.64375916e-01
5345803-S04-156I3-A-L-C-190-7-1,20.02.2020-14:30:51,9.00000000e+00,6.46724939e-01,8.92152691e+00,1.87804631e-03,2.50502686e+02,8.02433395e+01,1.88450813e+01,1.68504626e-01,2.22141489e-01
5345803-S04-156I3-A-L-C-190-7-1,20.02.2020-14:30:53,9.00000000e+00,6.46707773e-01,8.92233086e+00,2.15793145e-03,3.38405640e+02,8.01684647e+01,1.88286934e+01,1.04718141e-01,1.46313727e-01
5345803-S04-156I3-A-L-C-190-7-1,20.02.2020-14:30:55,2.10000000e+01,6.44408107e-01,8.86303616e+00,2.04324909e-03,5.26199646e+01,7.98917618e+01,1.85727291e+01,5.44632435e-01,6.88309550e-01
5345803-S04-156I3-A-L-C-190-7-1,20.02.2020-14:30:59,2.10000000e+01,6.42096758e-01,8.87222576e+00,2.18571047e-03,1.02649132e+02,8.00345535e+01,1.85584106e+01,2.42586717e-01,4.81273890e-01
5345803-S04-156I3-A-L-C-190-7-1,20.02.2020-14:31:01,2.10000000e+01,6.42584324e-01,8.86875820e+00,2.00345227e-03,5.27988167e+01,8.01672897e+01,1.85960350e+01,4.21659112e-01,7.25207925e-01
5345803-S04-156I3-A-L-C-190-7-1,20.02.2020-14:31:04,2.10000000e+01,6.41872287e-01,8.87223339e+00,2.07806891e-03,2.37958267e+02,8.01497803e+01,1.85786476e+01,1.90898135e-01,3.56135219e-01
5345803-S04-156I3-A-L-C-190-7-1,20.02.2020-14:31:06,2.00000000e+00,6.36632681e-01,8.83446026e+00,2.09023873e-03,2.00504044e+02,8.01437225e+01,1.83471508e+01,2.30539441e-01,5.39702892e-01
5345803-S04-156I3-A-L-C-190-7-1,20.02.2020-14:31:08,1.00000000e+00,6.38985515e-01,8.85561562e+00,1.93280994e-03,1.18981911e+02,8.01924515e+01,1.84702816e+01,2.78089046e-01,6.50581598e-01
5345803-S04-156I3-A-L-C-190-7-1,20.02.2020-14:31:10,2.00000000e+00,6.36812985e-01,8.83572483e+00,2.14860216e-03,2.11508499e+02,8.00728760e+01,1.83387489e+01,2.33500674e-01,4.72342104e-01
5345803-S04-156I3-A-L-C-190-7-1,20.02.2020-14:31:12,2.00000000e+00,6.37915075e-01,8.83671188e+00,2.09731911e-03,2.27038010e+02,7.99104996e+01,1.83352833e+01,2.18498945e-01,5.39388895e-01
5345803-S04-156I3-A-L-C-190-7-1,20.02.2020-14:31:14,1.00000000e+00,6.41549408e-01,8.85859585e+00,1.96275045e-03,1.66781158e+02,7.99697113e+01,1.84991055e+01,1.37072355e-01,2.10753068e-01
5345803-S04-156I3-A-L-C-190-7-1,20.02.2020-14:31:16,2.10000000e+01,6.42076075e-01,8.86538696e+00,2.02192226e-03,1.38678909e+02,8.00804138e+01,1.85541344e+01,2.20878661e-01,3.92904788e-01
5345803-S04-156I3-A-L-C-190-7-1,20.02.2020-14:31:19,2.00000000e+00,6.37169242e-01,8.83694839e+00,2.14923080e-03,2.15710785e+02,8.00407410e+01,1.83441868e+01,2.31094167e-01,5.63903570e-01
5345803-S04-156I3-A-L-C-190-7-1,20.02.2020-14:31:21,2.00000000e+01,6.45533741e-01,8.87241936e+00,1.91069150e-03,1.19412766e+02,8.00310135e+01,1.86573315e+01,3.11663121e-01,4.36928600e-01
5345803-S04-156I3-A-L-C-190-7-1,20.02.2020-14:31:23,2.00000000e+01,6.44311488e-01,8.87793064e+00,1.91547046e-03,1.13151794e+02,8.01794052e+01,1.86681232e+01,2.03589112e-01,4.06857818e-01
5345803-S04-156I3-A-L-C-190-7-1,20.02.2020-14:31:25,2.00000000e+00,6.38051987e-01,8.83186436e+00,2.11436045e-03,9.83093643e+01,7.99277802e+01,1.83331223e+01,3.22441310e-01,6.79464400e-01
5345803-S04-156I3-A-L-C-190-7-1,20.02.2020-14:31:27,2.00000000e+00,6.37465239e-01,8.83907890e+00,1.99933746e-03,7.24038544e+01,8.00224838e+01,1.83529434e+01,3.39092284e-01,5.88273287e-01
5345803-S04-156I3-A-L-C-190-7-1,20.02.2020-14:31:29,2.00000000e+01,6.43272519e-01,8.88470078e+00,2.23150640e-03,5.52954636e+01,8.00488205e+01,1.86218529e+01,3.93620878e-01,4.74801600e-01
5345803-S04-156I3-A-L-C-190-7-1,20.02.2020-14:31:31,2.00000000e+00,6.37879789e-01,8.83621120e+00,2.00083735e-03,1.48237167e+02,8.00566330e+01,1.83667545e+01,2.58026212e-01,6.30283952e-01
5345803-S04-156I3-A-L-C-190-7-1,20.02.2020-14:31:34,2.00000000e+00,6.39222622e-01,8.83059311e+00,2.22174195e-03,1.67379654e+02,8.00208359e+01,1.83854942e+01,1.90556511e-01,3.57091308e-01
5345803-S04-156I3-A-L-C-190-7-1,20.02.2020-14:31:36,2.00000000e+00,6.38943553e-01,8.83535957e+00,2.17797095e-03,2.28908966e+02,8.00459213e+01,1.83931522e+01,1.90012217e-01,4.24312174e-01
5345803-S04-156I3-A-L-C-190-7-1,20.02.2020-14:31:38,1.00000000e+00,6.39473975e-01,8.83656406e+00,1.99616700e-03,1.97049942e+02,8.01371384e+01,1.84319096e+01,2.02796414e-01,4.09630597e-01
5345803-S04-156I3-A-L-C-190-7-1,20.02.2020-14:31:40,1.00000000e+00,6.39747679e-01,8.84669781e+00,2.14612042e-03,1.62600403e+02,8.01785583e+01,1.84704876e+01,2.24637613e-01,4.06524152e-01
5345803-S04-156I3-A-L-C-190-7-1,20.02.2020-14:31:42,2.00000000e+01,6.45967543e-01,8.87106037e+00,1.94787176e-03,2.49238998e+02,8.00223389e+01,1.86649876e+01,1.36064619e-01,2.10741073e-01
5345803-S04-156I3-A-L-C-190-7-1,20.02.2020-14:31:44,1.00000000e+00,6.39028430e-01,8.85387421e+00,1.94314390e-03,7.06906433e+01,8.01733627e+01,1.84634914e+01,3.28980148e-01,6.53786421e-01
5345803-S04-156I3-A-L-C-190-7-1,20.02.2020-14:31:46,2.10000000e+01,6.40318453e-01,8.86793804e+00,1.95787009e-03,6.68421097e+01,8.01483841e+01,1.85243797e+01,4.09189820e-01,7.58197188e-01
5345803-S04-156I3-A-L-C-190-7-1,20.02.2020-14:31:48,2.00000000e+01,6.43867850e-01,8.87650013e+00,2.28451937e-03,9.22345810e+01,8.00222092e+01,1.86156940e+01,2.63516158e-01,3.22212547e-01
5345803-S04-156I3-A-L-C-190-7-1,20.02.2020-14:31:51,1.90000000e+01,6.45243943e-01,8.91276264e+00,1.94399699e-03,1.87560196e+02,8.01829529e+01,1.87693195e+01,1.71557531e-01,2.26535082e-01
5345803-S04-156I3-A-L-C-190-7-1,20.02.2020-14:31:53,1.90000000e+01,6.48037493e-01,8.91192150e+00,2.42885202e-03,5.87474861e+01,7.96810455e+01,1.87308159e+01,4.51559514e-01,5.50721109e-01
5345803-S04-156I3-A-L-C-190-7-1-pie-7-1,20.02.2020-14:32:28,1.10000000e+01,6.44123077e-01,8.86532784e+00,1.73832080e-03,9.33046627e+00,7.95965576e+01,1.85007000e+01,2.33070302e+00,2.87162685e+00
5345803-S04-156I3-A-L-C-190-7-1-pie-7-1,20.02.2020-14:32:40,1.10000000e+01,6.46137595e-01,8.90267563e+00,1.63308112e-03,1.30813007e+01,7.98016586e+01,1.86847687e+01,2.85214686e+00,3.34203720e+00
5345803-S04-156I3-A-L-C-190-7-1-pie-7-1,20.02.2020-14:32:42,1.10000000e+01,6.44879639e-01,8.91859627e+00,1.91810483e-03,1.56015043e+01,7.97774811e+01,1.86760788e+01,2.58509159e+00,3.20102859e+00
5345803-S04-156I3-A-L-C-190-7-1-pie-7-1,20.02.2020-14:32:44,1.10000000e+01,6.44546032e-01,8.90182400e+00,2.06700712e-03,1.40873041e+01,7.97072830e+01,1.86149178e+01,2.64916015e+00,3.33550930e+00
5345803-S04-156I3-A-L-C-190-7-1-pie-7-1,20.02.2020-14:32:46,1.10000000e+01,6.43329084e-01,8.87266541e+00,1.97178544e-03,9.76395798e+00,7.94439774e+01,1.84577389e+01,3.62110972e+00,4.62987375e+00
5345803-S04-156I3-A-L-C-190-7-1-pie-7-1,20.02.2020-14:32:48,1.10000000e+01,6.38895690e-01,8.81630611e+00,1.81883958e-03,1.12799520e+01,7.96043701e+01,1.82508755e+01,6.17679739e+00,7.44616890e+00
5345803-S04-156I3-A-L-C-190-7-1-pie-7-1,20.02.2020-14:32:50,1.10000000e+01,6.38640523e-01,8.80355835e+00,1.60389452e-03,1.30900774e+01,7.98943405e+01,1.82835674e+01,4.52051544e+00,5.65940142e+00
5345803-S04-156I3-A-L-C-190-7-1,20.02.2020-14:33:07,1.90000000e+01,6.47210360e-01,8.90476131e+00,1.91102119e-03,2.26858734e+02,8.00015945e+01,1.87670765e+01,1.56800807e-01,1.92563266e-01
5345803-S04-156I3-A-L-C-190-7-1,20.02.2020-14:33:11,1.90000000e+01,6.46804214e-01,8.91039181e+00,1.99244986e-03,2.59901611e+02,7.99625092e+01,1.87579880e+01,1.50881365e-01,1.94166467e-01
5345803-S04-156I3-A-L-C-190-7-1,20.02.2020-14:33:13,2.00000000e+01,6.43583894e-01,8.88288975e+00,2.20797048e-03,2.18473465e+02,8.01558914e+01,1.86519852e+01,1.41186729e-01,1.80042773e-01
5345803-S04-156I3-A-L-C-190-7-1,20.02.2020-14:33:15,1.90000000e+01,6.45883262e-01,8.92126369e+00,2.18169019e-03,1.98662598e+02,7.99927902e+01,1.87612362e+01,1.61724567e-01,2.28999794e-01
5345803-S04-156I3-A-L-C-190-7-1,20.02.2020-14:33:17,2.00000000e+01,6.44901693e-01,8.89553547e+00,2.32655345e-03,2.31621506e+02,8.00687714e+01,1.86964436e+01,1.57902882e-01,2.03167722e-01
5345803-S04-156I3-A-L-C-190-7-1,20.02.2020-14:33:19,2.00000000e+00,6.41534507e-01,8.82764912e+00,2.22740183e-03,2.50212601e+02,7.97136154e+01,1.83750191e+01,2.22552881e-01,6.41592383e-01
5345803-S04-156I3-A-L-C-190-7-1,20.02.2020-14:33:22,1.90000000e+01,6.45995438e-01,8.88916683e+00,2.15269765e-03,2.57436371e+02,8.02088013e+01,1.87474709e+01,1.90651134e-01,2.75665224e-01
5345803-S04-156I3-A-L-C-190-7-1,20.02.2020-14:33:24,1.90000000e+01,6.45024240e-01,8.91544533e+00,2.02467060e-03,2.01981720e+02,8.01618423e+01,1.87636356e+01,1.60586119e-01,2.19687924e-01
5345803-S04-156I3-A-L-C-190-7-1,20.02.2020-14:33:26,2.00000000e+00,6.41213655e-01,8.81608391e+00,2.27219705e-03,1.66237305e+02,7.96437531e+01,1.83256931e+01,2.73184925e-01,7.42148757e-01
5345803-S04-156I3-A-L-C-190-7-1,20.02.2020-14:33:28,9.00000000e+00,6.47413135e-01,8.95615482e+00,2.11016694e-03,1.92329041e+02,7.99807358e+01,1.88763790e+01,1.54128432e-01,1.85252622e-01
5345803-S04-156I3-A-L-C-190-7-1,20.02.2020-14:33:30,2.00000000e+01,6.44754469e-01,8.91309547e+00,2.26763729e-03,4.21103088e+02,7.96858978e+01,1.86395149e+01,8.80562589e-02,1.57263353e-01
5345803-S04-156I3-A-L-C-190-7-1,20.02.2020-14:33:32,9.00000000e+00,6.46652758e-01,8.93987942e+00,1.95054314e-03,1.36791779e+02,8.01313934e+01,1.88553982e+01,1.77592263e-01,2.08300412e-01
5345803-S04-156I3-A-L-C-190-7-1,20.02.2020-14:33:34,2.00000000e+01,6.45150185e-01,8.86267567e+00,2.12688302e-03,2.40261887e+02,8.02469254e+01,1.86760178e+01,2.31503308e-01,5.11208832e-01
5345803-S04-156I3-A-L-C-190-7-1,20.02.2020-14:33:36,1.00000000e+00,6.43105090e-01,8.83241749e+00,2.27893214e-03,3.23574341e+02,7.99596481e+01,1.84868374e+01,1.05092913e-01,6.17749572e-01
5345803-S04-156I3-A-L-C-190-7-1,20.02.2020-14:33:39,2.00000000e+01,6.44850552e-01,8.90040684e+00,2.08129245e-03,2.68140137e+02,7.99910812e+01,1.86870461e+01,1.51700914e-01,2.51937211e-01
5345803-S04-156I3-A-L-C-190-7-1,20.02.2020-14:33:41,2.10000000e+01,6.45191073e-01,8.83845997e+00,2.07454525e-03,4.45264832e+02,8.01004105e+01,1.85921612e+01,7.49287456e-02,1.44570470e-01
5345803-S04-156I3-A-L-C-190-7-1,20.02.2020-14:33:43,2.10000000e+01,6.43088818e-01,8.88373852e+00,2.09352397e-03,3.35852020e+02,7.99167175e+01,1.85837994e+01,1.22340493e-01,2.05445498e-01
5345803-S04-156I3-A-L-C-190-7-1,20.02.2020-14:33:46,1.00000000e+00,6.43028796e-01,8.81056404e+00,2.31082481e-03,5.00006622e+02,7.98109436e+01,1.84046154e+01,1.15795165e-01,4.72734839e-01
5345803-S04-156I3-A-L-C-190-7-1,20.02.2020-14:33:48,1.90000000e+01,6.44805074e-01,8.90085888e+00,2.01258622e-03,4.13779053e+02,8.00945663e+01,1.87108517e+01,7.30140433e-02,1.84873402e-01
5345803-S04-156I3-A-L-C-190-7-1,20.02.2020-14:33:50,2.10000000e+01,6.43990338e-01,8.83927822e+00,1.98388775e-03,2.46072632e+02,8.02660217e+01,1.85976486e+01,1.81801334e-01,6.68151319e-01
5345803-S04-156I3-A-L-C-190-7-1,20.02.2020-14:33:52,1.00000000e+00,6.40964925e-01,8.83456612e+00,2.03330349e-03,2.06293289e+02,7.99929962e+01,1.84374828e+01,1.76906437e-01,6.87318563e-01
5345803-S04-156I3-A-L-C-190-7-1,20.02.2020-14:33:54,3.00000000e+00,6.33848429e-01,8.69102001e+00,1.42397452e-03,2.63802673e+02,8.06884155e+01,1.80924568e+01,2.31299430e-01,1.97486103e+00
5345803-S04-156I3-A-L-C-190-7-1,20.02.2020-14:33:56,2.00000000e+01,6.42233551e-01,8.84909725e+00,2.00620876e-03,3.09668182e+02,8.04623260e+01,1.86129303e+01,1.37865603e-01,6.83949530e-01
5345803-S04-156I3-A-L-C-190-7-1,20.02.2020-14:33:58,2.00000000e+01,6.44944131e-01,8.88512802e+00,1.98428985e-03,2.50217117e+02,8.00120850e+01,1.86625748e+01,1.40270844e-01,2.33924255e-01
5345803-S04-156I3-A-L-C-190-7-1,20.02.2020-14:34:00,2.10000000e+01,6.44097745e-01,8.87199116e+00,2.37646885e-03,2.48167328e+02,7.96415024e+01,1.85243301e+01,1.34415925e-01,3.63826513e-01
5345803-S04-156I3-A-L-C-190-7-1,20.02.2020-14:34:02,2.00000000e+00,6.42455220e-01,8.80629826e+00,2.18156422e-03,3.30663757e+02,7.96566010e+01,1.83437557e+01,1.81076959e-01,8.17749023e-01
5345803-S04-156I3-A-L-C-190-7-1,20.02.2020-14:34:05,1.90000000e+01,6.45760417e-01,8.90592098e+00,2.10798299e-03,4.10389618e+02,8.00652618e+01,1.87423725e+01,9.24572498e-02,1.22759461e-01
5345803-S04-156I3-A-L-C-190-7-1,20.02.2020-14:34:07,2.10000000e+01,6.42835319e-01,8.82086563e+00,1.88325555e-03,2.40892181e+02,8.03172684e+01,1.85374546e+01,2.19323859e-01,1.08647478e+00
5345803-S04-156I3-A-L-C-190-7-1,20.02.2020-14:34:09,2.00000000e+00,6.41913474e-01,8.79594612e+00,2.16836645e-03,3.47315826e+02,7.97876205e+01,1.83368492e+01,1.54629424e-01,7.43598342e-01
5345803-S04-156I3-A-L-C-190-7-1,20.02.2020-14:34:11,1.00000000e+00,6.42515123e-01,8.88271046e+00,2.26522586e-03,2.80601410e+02,7.94624939e+01,1.84595566e+01,1.15578689e-01,1.49471372e-01
5345803-S04-156I3-A-L-C-190-7-1,20.02.2020-14:34:13,2.00000000e+00,6.42101407e-01,8.79174232e+00,1.77205761e-03,1.71959610e+02,7.98329086e+01,1.83438606e+01,1.79424539e-01,6.22768283e-01
5345803-S04-156I3-A-L-C-190-7-1,20.02.2020-14:34:15,1.00000000e+00,6.42529011e-01,8.88487911e+00,2.05665221e-03,2.61645416e+02,7.96066513e+01,1.84979591e+01,1.35663301e-01,1.73795894e-01
5345803-S04-156I3-A-L-C-190-7-1,20.02.2020-14:34:17,2.00000000e+01,6.44492626e-01,8.87674618e+00,1.96235883e-03,2.29612381e+02,7.99619522e+01,1.86202431e+01,1.42505556e-01,2.91584998e-01
5345803-S04-156I3-A-L-C-190-7-1,20.02.2020-14:34:19,2.10000000e+01,6.43132567e-01,8.85600281e+00,2.12498335e-03,3.91319458e+02,8.00771637e+01,1.85642376e+01,9.99097675e-02,3.66296321e-01
5345803-S04-156I3-A-L-C-190-7-1,20.02.2020-14:34:22,3.00000000e+00,6.36669397e-01,8.75361347e+00,2.12337077e-03,1.36335693e+02,7.99382019e+01,1.81336784e+01,2.58035481e-01,8.81420076e-01
5345803-S04-156I3-A-L-C-190-7-1,20.02.2020-14:34:24,2.00000000e+00,6.39631271e-01,8.80145264e+00,2.07379460e-03,3.07383392e+02,7.99430008e+01,1.83187027e+01,1.58150449e-01,7.06100702e-01
5345803-S04-156I3-A-L-C-190-7-1,20.02.2020-14:34:26,2.00000000e+00,6.42265558e-01,8.82534027e+00,2.41010496e-03,2.34311005e+02,7.95940781e+01,1.83635674e+01,1.37183264e-01,2.57711470e-01
5345803-S04-156I3-A-L-C-190-7-1,20.02.2020-14:34:28,2.00000000e+01,6.44792140e-01,8.89815807e+00,2.15256913e-03,4.37635498e+01,7.98800659e+01,1.86547089e+01,6.72278464e-01,8.03376079e-01
5345803-S04-156I3-A-L-C-190-7-1,20.02.2020-14:34:30,2.00000000e+01,6.44676268e-01,8.90556717e+00,2.15452211e-03,1.32628906e+02,7.99630203e+01,1.86862717e+01,2.15501532e-01,2.84359753e-01
5345803-S04-156I3-A-L-C-190-7-1,20.02.2020-14:34:32,2.10000000e+01,6.43409491e-01,8.87351227e+00,2.04348820e-03,2.17523056e+02,7.99220505e+01,1.85729046e+01,1.46800607e-01,2.21081823e-01
5345803-S04-156I3-A-L-C-190-7-1,20.02.2020-14:34:34,2.00000000e+00,6.43073380e-01,8.80204964e+00,1.97248627e-03,2.55651413e+02,7.96024933e+01,1.83400803e+01,1.36097103e-01,2.25852266e-01
5345803-S04-156I3-A-L-C-190-7-1,20.02.2020-14:34:38,2.00000000e+00,6.41860843e-01,8.79281425e+00,1.96752697e-03,3.34592773e+02,7.97765121e+01,1.83262672e+01,1.43720478e-01,6.72572434e-01
5345803-S04-156I3-A-L-C-190-7-1,20.02.2020-14:34:41,2.10000000e+01,6.44010067e-01,8.85219097e+00,2.00717640e-03,1.51045532e+02,8.00822906e+01,1.85827560e+01,2.10006252e-01,7.88871586e-01
5345803-S04-156I3-A-L-C-190-7-1,20.02.2020-14:34:43,1.00000000e+00,6.42552376e-01,8.89324951e+00,2.27344991e-03,3.41384125e+02,7.94753571e+01,1.84855213e+01,1.27588689e-01,1.59886390e-01
5345803-S04-156I3-A-L-C-190-7-1,20.02.2020-14:34:45,2.10000000e+01,6.43023014e-01,8.84113693e+00,1.99831324e-03,3.71681213e+02,8.02319412e+01,1.85657349e+01,1.38898388e-01,8.94255579e-01
5345803-S04-156I3-A-L-C-190-7-1,20.02.2020-14:34:47,2.00000000e+00,6.42533422e-01,8.79942322e+00,1.85142551e-03,2.79532471e+02,7.98416519e+01,1.83742504e+01,1.80020988e-01,7.54506111e-01
5345803-S04-156I3-A-L-C-190-7-1,20.02.2020-14:34:49,2.00000000e+01,6.45197570e-01,8.89619446e+00,2.52276054e-03,1.83566498e+02,7.96408234e+01,1.86064243e+01,1.47592351e-01,2.58014530e-01
5345803-S04-156I3-A-L-C-190-7-1,20.02.2020-14:34:51,2.00000000e+01,6.43388331e-01,8.85064888e+00,1.97249325e-03,2.08888565e+02,8.03612289e+01,1.86262341e+01,1.59825280e-01,7.93405414e-01
5345803-S04-156I3-A-L-C-190-7-1,20.02.2020-14:34:53,2.00000000e+01,6.45189524e-01,8.88214970e+00,2.01383466e-03,1.81167603e+02,7.98191833e+01,1.86184235e+01,1.44401610e-01,2.54611015e-01
5345803-S04-156I3-A-L-C-190-7-1,20.02.2020-14:34:55,2.00000000e+00,6.33783877e-01,8.74210167e+00,1.70927553e-03,2.47789658e+02,8.07802811e+01,1.82176590e+01,2.18683243e-01,2.96995044e+00
5345803-S04-156I3-A-L-C-190-7-1,20.02.2020-14:34:58,2.00000000e+00,6.42085314e-01,8.79179573e+00,2.16008117e-03,1.91352188e+02,7.97361984e+01,1.83212891e+01,2.36626834e-01,9.19119000e-01
5345803-S04-156I3-A-L-C-190-7-1,20.02.2020-14:35:00,2.10000000e+01,6.44013762e-01,8.88262463e+00,2.23819865e-03,3.33972931e+02,7.95785370e+01,1.85294533e+01,1.39344692e-01,3.49966645e-01
5345803-S04-156I3-A-L-C-190-7-1,20.02.2020-14:35:02,2.10000000e+01,6.45275772e-01,8.83206272e+00,2.01034220e-03,3.33839508e+02,7.99611282e+01,1.85488358e+01,1.39745787e-01,2.14683145e-01
5345803-S04-156I3-A-L-C-190-7-1,20.02.2020-14:35:04,2.00000000e+01,6.44409597e-01,8.88601017e+00,2.10991595e-03,2.25117340e+02,8.01135025e+01,1.86725979e+01,1.22038834e-01,2.66704470e-01
5345803-S04-156I3-A-L-C-190-7-1,20.02.2020-14:35:06,1.00000000e+00,6.41421497e-01,8.84213161e+00,1.82707969e-03,1.87721619e+02,7.99505539e+01,1.84566212e+01,2.06725314e-01,6.23304784e-01
5345803-S04-156I3-A-L-C-190-7-1,20.02.2020-14:35:08,2.00000000e+01,6.44618452e-01,8.88076115e+00,1.88498909e-03,2.47687057e+02,8.01390457e+01,1.86735687e+01,1.18928999e-01,2.83375204e-01
5345803-S04-156I3-A-L-C-190-7-1,20.02.2020-14:35:10,2.00000000e+01,6.44372642e-01,8.88001728e+00,2.25053960e-03,2.22276749e+02,7.98794708e+01,1.86044254e+01,1.67703375e-01,2.73371428e-01
5345803-S04-156I3-A-L-C-190-7-1,20.02.2020-14:35:13,2.10000000e+01,6.44403279e-01,8.86248589e+00,2.17405334e-03,1.55398453e+02,7.96077576e+01,1.85054188e+01,2.14840606e-01,2.90341288e-01
5345803-S04-156I3-A-L-C-190-7-1,20.02.2020-14:35:15,2.10000000e+01,6.44754469e-01,8.83009243e+00,2.22151703e-03,1.72918076e+02,7.99895096e+01,1.85362892e+01,1.69853136e-01,2.56118953e-01
5345803-S04-156I3-A-L-C-190-7-1,20.02.2020-14:35:17,9.00000000e+00,6.45812869e-01,8.92497158e+00,2.23239372e-03,1.70402985e+02,8.01652908e+01,1.88074589e+01,1.61237359e-01,2.20785290e-01
5345803-S04-156I3-A-L-C-190-7-1,20.02.2020-14:35:19,2.00000000e+01,6.45277619e-01,8.89189434e+00,2.23270454e-03,1.22331360e+02,7.97969589e+01,1.86362019e+01,2.63405949e-01,3.72266829e-01
5345803-S04-156I3-A-L-C-190-7-1,20.02.2020-14:35:21,2.00000000e+01,6.44803941e-01,8.91340733e+00,2.35389383e-03,1.85693039e+02,7.98124924e+01,1.86712112e+01,1.69886634e-01,2.30410278e-01
5345803-S04-156I3-A-L-C-190-7-1,20.02.2020-14:35:23,2.00000000e+00,6.38030887e-01,8.83391476e+00,1.96306012e-03,9.17554779e+01,7.97181244e+01,1.82886715e+01,2.96873420e-01,3.42558920e-01
5345803-S04-156I3-A-L-C-190-7-1,20.02.2020-14:35:25,9.00000000e+00,6.48406088e-01,8.92565918e+00,2.14172620e-03,2.80634369e+02,8.01299057e+01,1.88760986e+01,2.12608919e-01,2.61451423e-01
5345803-S04-156I3-A-L-C-190-7-1,20.02.2020-14:35:28,8.00000000e+00,6.49141550e-01,8.93358135e+00,1.97682390e-03,1.64833267e+02,8.02442474e+01,1.89412689e+01,2.33039021e-01,2.94205874e-01
5345803-S04-156I3-A-L-C-190-7-1,20.02.2020-14:35:30,2.10000000e+01,6.45228744e-01,8.86957264e+00,1.94339652e-03,8.45302124e+01,7.98044357e+01,1.85897541e+01,3.48948509e-01,5.01841486e-01
5345803-S04-156I3-A-L-C-190-7-1,20.02.2020-14:35:32,2.00000000e+01,6.45100474e-01,8.87194443e+00,1.96589832e-03,1.05154617e+02,7.98754730e+01,1.86075764e+01,3.51662606e-01,4.72362071e-01
5345803-S04-156I3-A-L-C-190-7-1,20.02.2020-14:35:34,2.00000000e+00,6.40553772e-01,8.79279613e+00,2.02126522e-03,1.47372437e+02,7.96791916e+01,1.82665997e+01,3.85572433e-01,8.77893150e-01
5345803-S04-156I3-A-L-C-190-7-1,20.02.2020-14:35:36,2.00000000e+00,6.40922487e-01,8.81293106e+00,1.97006343e-03,4.13259506e+01,7.98388672e+01,1.83556786e+01,9.03580368e-01,1.59110761e+00
5345803-S04-156I3-A-L-C-190-7-1,20.02.2020-14:35:38,2.00000000e+01,6.45145357e-01,8.87485218e+00,1.95734599e-03,1.04416496e+02,8.01654205e+01,1.86825447e+01,4.04365063e-01,5.36566317e-01
5345803-S04-156I3-A-L-C-190-7-1,20.02.2020-14:35:40,1.90000000e+01,6.46986604e-01,8.87470436e+00,1.59948075e-03,1.98178299e+02,8.02306366e+01,1.87507915e+01,2.54705667e-01,3.39524329e-01
5345803-S04-156I3-A-L-C-190-7-1,20.02.2020-14:35:42,2.00000000e+00,6.41117573e-01,8.77416039e+00,1.86339626e-03,2.45848602e+02,7.99466400e+01,1.83051662e+01,2.08375394e-01,7.01623857e-01
5345803-S04-156I3-A-L-C-190-7-1,20.02.2020-14:35:44,2.00000000e+01,6.45227969e-01,8.87477684e+00,2.34716642e-03,2.20901535e+02,8.00064011e+01,1.86477108e+01,1.17566183e-01,1.58646390e-01
5345803-S04-156I3-A-L-C-190-7-1,20.02.2020-14:35:47,1.00000000e+00,6.39372349e-01,8.84307098e+00,1.81078748e-03,5.56511841e+01,7.99977722e+01,1.84104767e+01,5.99864542e-01,8.17624748e-01
5345803-S04-156I3-A-L-C-190-7-1,20.02.2020-14:35:51,2.00000000e+00,6.40126884e-01,8.77986622e+00,2.12623109e-03,1.42674414e+03,7.98448257e+01,1.82654743e+01,3.44307199e-02,1.92669630e-01
5345803-S04-156I3-A-L-C-190-7-1,20.02.2020-14:35:53,2.10000000e+01,6.45032167e-01,8.85080147e+00,2.22838856e-03,2.96363983e+02,8.00090561e+01,1.85923080e+01,8.29566941e-02,2.04303741e-01
5345803-S04-156I3-A-L-C-190-7-1,20.02.2020-14:35:55,2.00000000e+00,6.40444040e-01,8.75604057e+00,1.79907749e-03,5.81332581e+02,7.98309174e+01,1.82217579e+01,5.45626879e-02,2.38034680e-01
5345803-S04-156I3-A-L-C-190-7-1,20.02.2020-14:35:57,2.00000000e+01,6.45253122e-01,8.87015152e+00,2.37579760e-03,3.50626099e+02,8.00975571e+01,1.86599560e+01,7.90103376e-02,1.67000085e-01
5345803-S04-156I3-A-L-C-190-7-1,20.02.2020-14:36:00,2.00000000e+00,6.39439046e-01,8.76200199e+00,2.12116935e-03,4.46243988e+02,7.98133850e+01,1.82015533e+01,6.53939545e-02,2.61151254e-01
5345803-S04-156I3-A-L-C-190-7-1,20.02.2020-14:36:02,1.00000000e+00,6.43194079e-01,8.82031822e+00,2.06626044e-03,8.04261536e+02,7.98124466e+01,1.84300766e+01,8.90383795e-02,2.55761862e-01
5345803-S04-156I3-A-L-C-190-7-1,20.02.2020-14:36:04,2.10000000e+01,6.43947899e-01,8.85354996e+00,1.92752620e-03,4.21927948e+02,8.00741272e+01,1.85819187e+01,8.04606155e-02,1.26995564e-01
5345803-S04-156I3-A-L-C-190-7-1,20.02.2020-14:36:06,2.10000000e+01,6.41193092e-01,8.82153225e+00,1.71753659e-03,5.50099182e+02,8.04164734e+01,1.85143337e+01,5.89238703e-02,1.38640016e-01
5345803-S04-156I3-A-L-C-190-7-1,20.02.2020-14:36:08,2.00000000e+00,6.42441511e-01,8.79368782e+00,1.92381919e-03,4.95611694e+02,7.98430405e+01,1.83599682e+01,9.08123031e-02,2.79477417e-01
5345803-S04-156I3-A-L-C-190-7-1,20.02.2020-14:36:10,1.00000000e+00,6.41396582e-01,8.83021069e+00,1.97918387e-03,2.93481018e+02,8.01198196e+01,1.84700394e+01,1.06772237e-01,1.66244894e-01
5345803-S04-156I3-A-L-C-190-7-1,20.02.2020-14:36:27,2.10000000e+01,6.41379595e-01,8.82787418e+00,2.01512384e-03,2.51083084e+02,8.02914734e+01,1.85042248e+01,1.08673327e-01,2.06084833e-01
5345803-S04-156I3-A-L-C-190-7-1,20.02.2020-14:36:29,2.00000000e+01,6.44861102e-01,8.85002041e+00,1.98127003e-03,3.76186157e+02,8.02036972e+01,1.86309509e+01,8.00850615e-02,1.97710440e-01
5345803-S04-156I3-A-L-C-190-7-1,20.02.2020-14:36:32,1.00000000e+00,6.43611073e-01,8.81026363e+00,2.00257520e-03,4.52735229e+02,7.99436417e+01,1.84512806e+01,8.93891603e-02,2.25695416e-01
5345803-S04-156I3-A-L-C-190-7-1,20.02.2020-14:36:34,2.00000000e+01,6.44665182e-01,8.86531353e+00,1.96744548e-03,3.70675659e+02,8.00082626e+01,1.86120129e+01,6.13820516e-02,8.56777951e-02
5345803-S04-156I3-A-L-C-190-7-1,20.02.2020-14:36:36,2.00000000e+01,6.43728733e-01,8.85090637e+00,1.98518438e-03,1.37738144e+02,8.02597733e+01,1.86131020e+01,1.52087122e-01,2.69072950e-01
5345803-S04-156I3-A-L-C-190-7-1,20.02.2020-14:36:38,2.00000000e+01,6.44527614e-01,8.85193539e+00,2.10357341e-03,3.52161316e+02,8.03101044e+01,1.86500568e+01,8.60382020e-02,1.93868041e-01
5345803-S04-156I3-A-L-C-190-7-1,20.02.2020-14:36:40,2.00000000e+01,6.45431817e-01,8.85704994e+00,1.74214703e-03,1.61991852e+02,8.02661438e+01,1.86767807e+01,1.44577742e-01,2.86910951e-01
5345803-S04-156I3-A-L-C-190-7-1,20.02.2020-14:36:42,1.00000000e+00,6.43099129e-01,8.80606365e+00,1.63669710e-03,2.46183716e+02,7.99771881e+01,1.84355469e+01,1.17892891e-01,2.73487449e-01
5345803-S04-156I3-A-L-C-190-7-1,20.02.2020-14:36:45,2.00000000e+01,6.45227969e-01,8.85406113e+00,1.85540912e-03,1.04094322e+02,8.01406631e+01,1.86354065e+01,2.02694967e-01,3.81032914e-01
5345803-S04-156I3-A-L-C-190-7-1,20.02.2020-14:36:47,2.00000000e+00,6.40273511e-01,8.77977180e+00,2.05108966e-03,2.22925934e+02,7.97665710e+01,1.82515564e+01,1.30902037e-01,3.09653461e-01
5345803-S04-156I3-A-L-C-190-7-1,20.02.2020-14:36:49,1.00000000e+00,6.44106448e-01,8.83432865e+00,2.15631910e-03,1.14044731e+02,7.98443222e+01,1.84929180e+01,1.75888732e-01,2.94610858e-01
5345803-S04-156I3-A-L-C-190-7-1,20.02.2020-14:36:51,2.00000000e+00,6.41008139e-01,8.78787804e+00,1.61253510e-03,3.34637329e+02,7.98805389e+01,1.83154984e+01,9.38237086e-02,2.52477586e-01
5345803-S04-156I3-A-L-C-190-7-1,20.02.2020-14:36:53,2.10000000e+01,6.44401670e-01,8.82912922e+00,2.06850818e-03,2.60733429e+02,7.98945541e+01,1.85021362e+01,1.20446779e-01,2.29665309e-01
5345803-S04-156I3-A-L-C-190-7-1,20.02.2020-14:36:55,2.00000000e+01,6.45737052e-01,8.87830830e+00,2.06267345e-03,2.28259064e+02,8.00730133e+01,1.86853962e+01,1.51467547e-01,2.66129166e-01
5345803-S04-156I3-A-L-C-190-7-1,20.02.2020-14:36:58,2.00000000e+00,6.38803124e-01,8.78336048e+00,1.79158407e-03,1.71593643e+02,8.03085251e+01,1.83408546e+01,2.19748512e-01,8.13147843e-01
5345803-S04-156I3-A-L-C-190-7-1,20.02.2020-14:37:00,2.00000000e+00,6.39860988e-01,8.78883839e+00,1.80135109e-03,1.14824371e+02,8.02681122e+01,1.83734341e+01,3.49343240e-01,1.13577569e+00
5345803-S04-156I3-A-L-C-190-7-1,20.02.2020-14:37:02,3.00000000e+00,6.40677273e-01,8.76202106e+00,2.08796840e-03,2.44484589e+02,7.96469421e+01,1.81988068e+01,1.40798375e-01,3.47494274e-01
5345803-S04-156I3-A-L-C-190-7-1,20.02.2020-14:37:04,2.10000000e+01,6.44236445e-01,8.82627678e+00,2.07442464e-03,4.26108734e+02,7.99536896e+01,1.85051041e+01,5.92015348e-02,1.59741461e-01
5345803-S04-156I3-A-L-C-190-7-1,20.02.2020-14:37:08,2.00000000e+01,6.45566046e-01,8.86728477e+00,1.91916223e-03,2.12682220e+02,8.01767044e+01,1.86814137e+01,1.36983201e-01,2.79894799e-01
5345803-S04-156I3-A-L-C-190-7-1,20.02.2020-14:37:10,2.00000000e+01,6.45927787e-01,8.85853004e+00,2.16840697e-03,2.54398468e+02,8.00136871e+01,1.86354580e+01,7.75391236e-02,1.60795912e-01
5345803-S04-156I3-A-L-C-190-7-1,20.02.2020-14:37:12,2.00000000e+00,6.40564024e-01,8.76693916e+00,1.73029129e-03,2.55830383e+02,7.97831116e+01,1.82369270e+01,1.14016704e-01,2.62874365e-01
5345803-S04-156I3-A-L-C-190-7-1,20.02.2020-14:37:14,2.00000000e+00,6.41349733e-01,8.79009056e+00,1.56674313e-03,7.91060715e+01,7.99599380e+01,1.83480949e+01,3.93005311e-01,6.46511912e-01
5345803-S04-156I3-A-L-C-190-7-1,20.02.2020-14:37:16,2.10000000e+01,6.43128276e-01,8.85706711e+00,2.21299520e-03,1.61803101e+02,7.99061203e+01,1.85266876e+01,1.14339262e-01,1.56575173e-01
5345803-S04-156I3-A-L-C-190-7-1,20.02.2020-14:37:19,1.00000000e+00,6.42628431e-01,8.79404736e+00,1.97119405e-03,3.65772461e+02,8.00306168e+01,1.84092083e+01,8.16423222e-02,2.42335424e-01
5345803-S04-156I3-A-L-C-190-7-1,20.02.2020-14:37:21,2.10000000e+01,6.42930329e-01,8.84218884e+00,2.24960200e-03,6.42226501e+02,8.00145416e+01,1.85149632e+01,5.55380099e-02,1.02869339e-01
5345803-S04-156I3-A-L-C-190-7-1,20.02.2020-14:37:23,2.10000000e+01,6.43072307e-01,8.83728313e+00,1.85279537e-03,7.05338440e+02,8.02383270e+01,1.85605412e+01,3.43893990e-02,6.06495366e-02
5345803-S04-156I3-A-L-C-190-7-1,20.02.2020-14:37:25,2.00000000e+00,6.41694367e-01,8.78428173e+00,2.19164114e-03,1.58466553e+02,7.97599792e+01,1.82999420e+01,1.48225054e-01,3.23676229e-01
5345803-S04-156I3-A-L-C-190-7-1,20.02.2020-14:37:27,2.00000000e+00,6.42251432e-01,8.78771019e+00,1.86209287e-03,4.90877136e+02,7.98942947e+01,1.83538322e+01,5.74216321e-02,2.33083352e-01
5345803-S04-156I3-A-L-C-190-7-1,20.02.2020-14:37:29,1.00000000e+00,6.41414344e-01,8.82332230e+00,1.85384951e-03,4.05877441e+02,8.02009048e+01,1.84748230e+01,9.16067585e-02,1.54061615e-01
5345803-S04-156I3-A-L-C-190-7-1,20.02.2020-14:37:31,2.00000000e+01,6.43256843e-01,8.86635780e+00,1.98208680e-03,2.94429169e+02,8.02403030e+01,1.86274071e+01,8.85615572e-02,1.28107637e-01
5345803-S04-156I3-A-L-C-190-7-1,20.02.2020-14:37:33,1.90000000e+01,6.45294368e-01,8.88791084e+00,2.16420949e-03,2.33773041e+02,8.02086716e+01,1.87244511e+01,9.04169679e-02,1.76017731e-01
5345803-S04-156I3-A-L-C-190-7-1,20.02.2020-14:37:35,2.00000000e+01,6.44952774e-01,8.86381149e+00,1.86287693e-03,3.75300903e+02,8.02610703e+01,1.86759872e+01,9.63915288e-02,2.18080550e-01
5345803-S04-156I3-A-L-C-190-7-1,20.02.2020-14:37:38,2.00000000e+01,6.44877493e-01,8.85966969e+00,2.00071977e-03,2.55390305e+02,8.01802063e+01,1.86462765e+01,7.09408745e-02,1.79142714e-01
5345803-S04-156I3-A-L-C-190-7-1,20.02.2020-14:37:40,2.00000000e+01,6.45200551e-01,8.85771275e+00,1.95269950e-03,2.39673203e+02,8.01345978e+01,1.86408882e+01,8.04074556e-02,1.96802348e-01
5345803-S04-156I3-A-L-C-190-7-1,20.02.2020-14:37:42,2.00000000e+00,6.40252709e-01,8.76532078e+00,1.86930131e-03,2.06528473e+02,7.97593002e+01,1.82192612e+01,1.32987708e-01,3.08084190e-01
5345803-S04-156I3-A-L-C-190-7-1,20.02.2020-14:37:44,2.10000000e+01,6.42419517e-01,8.86144543e+00,2.14845221e-03,1.99142151e+02,7.99800644e+01,1.85325508e+01,8.37112069e-02,1.18248604e-01
5345803-S04-156I3-A-L-C-190-7-1,20.02.2020-14:37:46,2.00000000e+01,6.45090222e-01,8.87168694e+00,2.15072418e-03,1.63763977e+02,8.02275772e+01,1.86887627e+01,1.40562490e-01,2.60858357e-01
5345803-S04-156I3-A-L-C-190-7-1,20.02.2020-14:37:48,2.00000000e+00,6.37317002e-01,8.76637840e+00,1.61909219e-03,8.26282654e+01,8.02712021e+01,1.82543201e+01,3.15463632e-01,8.86962950e-01
5345803-S04-156I3-A-L-C-190-7-1,20.02.2020-14:37:50,2.00000000e+01,6.44532681e-01,8.85884380e+00,2.11063027e-03,3.73719147e+02,8.01159058e+01,1.86196251e+01,8.98610801e-02,2.50867069e-01
5345803-S04-156I3-A-L-C-190-7-1,20.02.2020-14:37:52,2.00000000e+01,6.45230949e-01,8.87828064e+00,1.85601495e-03,7.49201111e+02,8.01639175e+01,1.86918869e+01,3.48813236e-02,1.46486014e-01
5345803-S04-156I3-A-L-C-190-7-1,20.02.2020-14:37:55,2.00000000e+00,6.40726805e-01,8.78520679e+00,1.71903695e-03,3.57815735e+02,7.97444687e+01,1.82707195e+01,1.27957284e-01,3.25590551e-01
5345803-S04-156I3-A-L-C-190-7-1,20.02.2020-14:37:57,2.10000000e+01,6.42241359e-01,8.86187935e+00,2.05738633e-03,4.12282837e+02,8.00349197e+01,1.85410290e+01,8.45097750e-02,1.52496576e-01
5345803-S04-156I3-A-L-C-190-7-1,20.02.2020-14:37:59,2.00000000e+01,6.43145680e-01,8.88558102e+00,1.85684953e-03,4.00901276e+02,8.00862961e+01,1.86287441e+01,9.03463513e-02,1.45516649e-01
5345803-S04-156I3-A-L-C-190-7-1,20.02.2020-14:38:01,2.00000000e+00,6.39957726e-01,8.78263664e+00,1.87506236e-03,3.10690857e+02,7.99768753e+01,1.82966156e+01,9.92404372e-02,2.95296192e-01
5345803-S04-156I3-A-L-C-190-7-1,20.02.2020-14:38:03,2.00000000e+00,6.40786290e-01,8.78439808e+00,1.62626465e-03,2.94042023e+02,7.97892227e+01,1.82809887e+01,1.28910556e-01,2.75380552e-01
5345803-S04-156I3-A-L-C-190-7-1,20.02.2020-14:38:05,1.90000000e+01,6.45492017e-01,8.87205124e+00,2.13438179e-03,2.63513367e+02,8.02494507e+01,1.87062702e+01,1.29698113e-01,2.03121558e-01
5345803-S04-156I3-A-L-C-190-7-1,20.02.2020-14:38:07,1.30000000e+01,6.36186481e-01,8.71489334e+00,2.01484328e-03,1.74935593e+02,7.95257111e+01,1.79466877e+01,1.48100272e-01,2.62868226e-01
5345803-S04-156I3-A-L-C-190-7-1,20.02.2020-14:38:09,2.00000000e+00,6.40499592e-01,8.79188728e+00,1.20746449e-03,3.00693939e+02,7.97649460e+01,1.82828236e+01,1.20900355e-01,2.73116589e-01
5345803-S04-156I3-A-L-C-190-7-1,20.02.2020-14:38:12,2.00000000e+00,6.40805781e-01,8.78234673e+00,1.80586649e-03,3.52482941e+02,7.97228546e+01,1.82620716e+01,7.13313818e-02,2.52530783e-01
5345803-S04-156I3-A-L-C-190-7-1,20.02.2020-14:38:14,1.00000000e+00,6.41983807e-01,8.81412697e+00,1.89150334e-03,2.04271606e+02,8.01576462e+01,1.84619904e+01,1.31030053e-01,3.36888313e-01
5345803-S04-156I3-A-L-C-190-7-1,20.02.2020-14:38:16,1.90000000e+01,6.45877659e-01,8.89089584e+00,2.13293568e-03,4.32167023e+02,8.01042023e+01,1.87232513e+01,6.95367232e-02,1.55345798e-01
5345803-S04-156I3-A-L-C-190-7-1,20.02.2020-14:38:18,3.00000000e+00,6.37175858e-01,8.78314877e+00,2.19755410e-03,5.35964905e+02,7.97492065e+01,1.81662865e+01,9.64569971e-02,3.97087872e-01
5345803-S04-156I3-A-L-C-190-7-1,20.02.2020-14:38:20,1.00000000e+00,6.42958879e-01,8.81651115e+00,2.01758649e-03,2.53334503e+02,7.99721603e+01,1.84522343e+01,8.45572054e-02,2.30007395e-01
5345803-S04-156I3-A-L-C-190-7-1,20.02.2020-14:38:22,2.00000000e+01,6.45693958e-01,8.87193680e+00,2.12268811e-03,1.90939957e+02,8.00956345e+01,1.86760159e+01,1.41682819e-01,2.66475469e-01
5345803-S04-156I3-A-L-C-190-7-1,20.02.2020-14:38:24,1.90000000e+01,6.46041453e-01,8.89145374e+00,2.09163176e-03,7.17110962e+02,8.01974792e+01,1.87509861e+01,5.66868447e-02,1.27400428e-01
5345803-S04-156I3-A-L-C-190-7-1,20.02.2020-14:38:26,2.00000000e+00,6.39814436e-01,8.77435589e+00,1.91178930e-03,3.50728821e+02,7.98800735e+01,1.82531548e+01,8.51645619e-02,2.88972765e-01
5345803-S04-156I3-A-L-C-190-7-1,20.02.2020-14:38:28,1.30000000e+01,6.35461509e-01,8.69549084e+00,2.12813215e-03,2.59930389e+02,7.95105515e+01,1.78829174e+01,1.23547703e-01,2.48152196e-01
5345803-S04-156I3-A-L-C-190-7-1,20.02.2020-14:38:31,2.00000000e+01,6.47122502e-01,8.89146519e+00,2.41082301e-03,1.26948631e+02,7.97748337e+01,1.86834011e+01,2.85216302e-01,3.71071965e-01
5345803-S04-156I3-A-L-C-190-7-1,20.02.2020-14:38:33,1.90000000e+01,6.44987583e-01,8.88828373e+00,2.08130898e-03,1.72121765e+02,8.03427048e+01,1.87476101e+01,2.34200850e-01,3.49234790e-01
5345803-S04-156I3-A-L-C-190-7-1,20.02.2020-14:38:35,2.00000000e+01,6.45790756e-01,8.87788677e+00,1.86744041e-03,7.25595551e+01,7.98526306e+01,1.86346340e+01,5.09389102e-01,6.89968050e-01
5345803-S04-156I3-A-L-C-190-7-1,20.02.2020-14:38:37,2.00000000e+01,6.46712005e-01,8.88371372e+00,2.03947956e-03,4.56300278e+01,7.97535324e+01,1.86502914e+01,5.83909035e-01,7.04190433e-01
5345803-S04-156I3-A-L-C-190-7-1,20.02.2020-14:38:39,2.00000000e+01,6.46508515e-01,8.86427212e+00,2.05990626e-03,6.41380386e+01,7.97663269e+01,1.86066055e+01,5.03494442e-01,6.19375110e-01
5345803-S04-156I3-A-L-C-190-7-1,20.02.2020-14:38:41,9.00000000e+00,6.46068752e-01,8.91526890e+00,1.74711982e-03,4.97005501e+01,8.03480759e+01,1.88373089e+01,6.96921170e-01,8.86052430e-01
5345803-S04-156I3-A-L-C-190-7-1,20.02.2020-14:38:43,1.40000000e+01,6.44886255e-01,8.90362835e+00,2.08130805e-03,2.37494564e+01,8.01145172e+01,1.87236938e+01,1.47365546e+00,1.72720098e+00
5345803-S04-156I3-A-L-C-190-7-1,20.02.2020-14:38:45,2.00000000e+01,6.46055341e-01,8.87874985e+00,2.28699041e-03,1.49894745e+02,7.98279419e+01,1.86383152e+01,1.90905929e-01,3.05211186e-01
5345803-S04-156I3-A-L-C-190-7-1,20.02.2020-14:38:53,2.10000000e+01,6.44311249e-01,8.84924698e+00,2.19072658e-03,1.68666489e+02,8.00412903e+01,1.85757465e+01,2.08237723e-01,7.39980102e-01
5345803-S04-156I3-A-L-C-190-7-1,20.02.2020-14:38:57,2.10000000e+01,6.43075526e-01,8.84103298e+00,2.17863754e-03,1.32425690e+02,8.01264038e+01,1.85426102e+01,2.03470409e-01,6.12199247e-01
5345803-S04-156I3-A-L-C-190-7-1,20.02.2020-14:39:02,2.00000000e+01,6.44773662e-01,8.88068104e+00,2.46289070e-03,2.25452316e+02,7.98390732e+01,1.86079807e+01,1.86602026e-01,3.39285105e-01
5345803-S04-156I3-A-L-C-190-7-1,20.02.2020-14:39:04,1.90000000e+01,6.46447599e-01,8.90092850e+00,2.10836693e-03,2.22913406e+02,7.99705811e+01,1.87296257e+01,1.38808459e-01,1.88725457e-01
5345803-S04-156I3-A-L-C-190-7-1,20.02.2020-14:39:06,9.00000000e+00,6.47375762e-01,8.91402626e+00,2.42643617e-03,2.10847229e+02,8.00794601e+01,1.88096905e+01,2.21205339e-01,2.86834478e-01
5345803-S04-156I3-A-L-C-190-7-1,20.02.2020-14:39:08,1.90000000e+01,6.47113621e-01,8.89749336e+00,2.11424939e-03,3.14307861e+02,7.99940109e+01,1.87471752e+01,1.15336239e-01,1.97122306e-01
5345803-S04-156I3-A-L-C-190-7-1,20.02.2020-14:39:10,2.00000000e+01,6.46124363e-01,8.89405251e+00,2.08187406e-03,1.74101471e+02,7.98704758e+01,1.86823845e+01,2.76813984e-01,3.68743598e-01
5345803-S04-156I3-A-L-C-190-7-1,20.02.2020-14:39:12,2.10000000e+01,6.44351304e-01,8.87355709e+00,2.26921262e-03,1.99685638e+02,7.97980194e+01,1.85713196e+01,1.32672921e-01,3.46553832e-01
5345803-S04-156I3-A-L-C-190-7-1,20.02.2020-14:39:14,2.00000000e+00,6.39228761e-01,8.83948326e+00,2.25853454e-03,1.25527885e+02,7.99200439e+01,1.83809986e+01,3.69793922e-01,9.66862917e-01
5345803-S04-156I3-A-L-C-190-7-1,20.02.2020-14:39:17,2.00000000e+01,6.44241452e-01,8.89196587e+00,1.91051583e-03,1.95043030e+02,8.01399689e+01,1.86864071e+01,2.31909826e-01,4.25828189e-01
5345803-S04-156I3-A-L-C-190-7-1,20.02.2020-14:39:19,1.40000000e+01,6.43019795e-01,8.88927650e+00,2.20343191e-03,1.89246616e+01,7.97804184e+01,1.85616798e+01,1.45232284e+00,1.81598651e+00
5345803-S04-156I3-A-L-C-190-7-1,20.02.2020-14:39:21,2.10000000e+01,6.43943369e-01,8.87811756e+00,2.65696459e-03,2.40634506e+02,7.96952972e+01,1.85451965e+01,1.72313392e-01,3.16047460e-01
5345803-S04-156I3-A-L-C-190-7-1,20.02.2020-14:39:23,1.00000000e+00,6.42678440e-01,8.87286091e+00,2.26033875e-03,1.69266693e+02,7.94794998e+01,1.84477215e+01,2.50991791e-01,3.67079496e-01
5345803-S04-156I3-A-L-C-190-7-1,20.02.2020-14:39:25,2.00000000e+01,6.46742940e-01,8.92506790e+00,2.80896761e-03,2.74752178e+01,7.93612976e+01,1.86458511e+01,5.09048045e-01,6.02566659e-01
5345803-S04-156I3-A-L-C-190-7-1,20.02.2020-14:39:27,2.10000000e+01,6.42846704e-01,8.89803410e+00,2.34558829e-03,3.04857117e+02,7.95162125e+01,1.85134506e+01,1.78585336e-01,2.38781199e-01
5345803-S04-156I3-A-L-C-190-7-1,20.02.2020-14:39:29,2.00000000e+01,6.45287871e-01,8.89869881e+00,2.71055382e-03,1.24751259e+02,7.96231461e+01,1.86101360e+01,2.80724287e-01,3.35563779e-01
5345803-S04-156I3-A-L-C-190-7-1,20.02.2020-14:39:31,2.00000000e+00,6.41166449e-01,8.85502911e+00,2.77966610e-03,1.83613800e+02,7.93655396e+01,1.83409996e+01,1.99078530e-01,3.15790564e-01
5345803-S04-156I3-A-L-C-190-7-1,20.02.2020-14:39:34,1.00000000e+00,6.42634511e-01,8.89383698e+00,2.54512066e-03,2.08064697e+02,7.93742828e+01,1.84655895e+01,1.99945867e-01,2.63412476e-01
5345803-S04-156I3-A-L-C-190-7-1,20.02.2020-14:39:36,1.00000000e+00,6.42451763e-01,8.86467171e+00,2.59244582e-03,3.46785889e+02,7.94695969e+01,1.84218998e+01,1.47784516e-01,2.51417577e-01
5345803-S04-156I3-A-L-C-190-7-1,20.02.2020-14:39:38,2.00000000e+01,6.47074342e-01,8.92606258e+00,2.54993071e-03,2.09666840e+02,7.95343628e+01,1.86981697e+01,1.82220533e-01,2.18636885e-01
5345803-S04-156I3-A-L-C-190-7-1,20.02.2020-14:39:40,2.10000000e+01,6.43095374e-01,8.91603661e+00,2.43692705e-03,1.69442551e+02,7.94126434e+01,1.85339108e+01,2.13473752e-01,2.76414722e-01
5345803-S04-156I3-A-L-C-190-7-1,20.02.2020-14:39:42,1.00000000e+00,6.42573416e-01,8.86681271e+00,2.50466773e-03,1.91359299e+02,7.93632660e+01,1.84051762e+01,2.42378369e-01,3.59944701e-01
5345803-S04-156I3-A-L-C-190-7-1,20.02.2020-14:39:44,2.10000000e+01,6.44277394e-01,8.89785862e+00,2.64644367e-03,2.02800888e+02,7.93229599e+01,1.85091934e+01,1.41615868e-01,2.10984707e-01
5345803-S04-156I3-A-L-C-190-7-1,20.02.2020-14:39:46,1.30000000e+01,6.38545930e-01,8.74219704e+00,2.69929925e-03,1.49682953e+02,7.91715012e+01,1.79891968e+01,3.96967262e-01,7.92205870e-01
5345803-S04-156I3-A-L-C-190-7-1,20.02.2020-14:39:48,2.00000000e+01,6.46092713e-01,8.89469051e+00,2.52900692e-03,2.55065628e+02,7.95836639e+01,1.86157207e+01,1.82472005e-01,2.25372821e-01
5345803-S04-156I3-A-L-C-190-7-1,20.02.2020-14:39:50,2.10000000e+01,6.44546628e-01,8.86878014e+00,2.61945021e-03,1.37781769e+02,7.95119019e+01,1.85003757e+01,2.11426377e-01,3.39722037e-01
5345803-S04-156I3-A-L-C-190-7-1,20.02.2020-14:39:52,2.10000000e+01,6.44069076e-01,8.89140034e+00,2.56322068e-03,1.54181824e+02,7.94786377e+01,1.85260677e+01,2.01539442e-01,2.56348491e-01
5345803-S04-156I3-A-L-C-190-7-1,20.02.2020-14:39:55,9.00000000e+00,6.47709727e-01,8.92985439e+00,2.08435277e-03,1.94659454e+02,8.00821457e+01,1.88534431e+01,2.04294711e-01,3.11950624e-01
5345803-S04-156I3-A-L-C-190-7-1,20.02.2020-14:39:57,2.00000000e+01,6.47200346e-01,8.85902500e+00,2.11226614e-03,1.99462646e+02,7.97766266e+01,1.86178932e+01,1.52335003e-01,2.31884763e-01
5345803-S04-156I3-A-L-C-190-7-1,20.02.2020-14:39:59,9.00000000e+00,6.47271454e-01,8.91254139e+00,2.01774132e-03,1.20128967e+02,8.01556320e+01,1.88214130e+01,2.08768696e-01,3.12375247e-01
5345803-S04-156I3-A-L-C-190-7-1,20.02.2020-14:40:01,1.00000000e+00,6.44099414e-01,8.88276291e+00,2.03625928e-03,1.57259338e+02,7.94175491e+01,1.84947147e+01,1.66212603e-01,2.12446645e-01
5345803-S04-156I3-A-L-C-190-7-1,20.02.2020-14:40:03,1.00000000e+00,6.42984390e-01,8.85259151e+00,2.19819206e-03,1.53888367e+02,7.95464172e+01,1.84298439e+01,2.35656515e-01,2.89005965e-01
5345803-S04-156I3-A-L-C-190-7-1,20.02.2020-14:40:06,2.00000000e+00,6.42419815e-01,8.83323288e+00,1.77883357e-03,1.00539421e+02,7.94705734e+01,1.83558769e+01,2.64122754e-01,3.20695966e-01
5345803-S04-156I3-A-L-C-190-7-1,20.02.2020-14:40:08,1.90000000e+01,6.45350337e-01,8.96296597e+00,2.28087557e-03,1.72932495e+02,7.97447510e+01,1.87749844e+01,2.09789157e-01,2.44397923e-01
5345803-S04-156I3-A-L-C-190-7-1,20.02.2020-14:40:10,1.00000000e+00,6.43535554e-01,8.85630131e+00,2.23604427e-03,1.26280838e+02,7.95009995e+01,1.84428368e+01,1.77187398e-01,2.14929625e-01
5345803-S04-156I3-A-L-C-190-7-1,20.02.2020-14:40:12,2.00000000e+00,6.43198192e-01,8.83798504e+00,2.01914366e-03,1.22371071e+02,7.93364029e+01,1.83569603e+01,2.40659341e-01,2.91421324e-01
5345803-S04-156I3-A-L-C-190-7-1,20.02.2020-14:40:14,2.10000000e+01,6.40868664e-01,8.95735645e+00,1.90022099e-03,8.27013779e+01,7.95550385e+01,1.85886021e+01,3.06623727e-01,3.69233847e-01
5345803-S04-156I3-A-L-C-190-7-1,20.02.2020-14:40:16,1.00000000e+00,6.43563271e-01,8.85617733e+00,2.06702645e-03,1.04759132e+02,7.94593658e+01,1.84337139e+01,2.98274696e-01,3.56807530e-01
5345803-S04-156I3-A-L-C-190-7-1,20.02.2020-14:40:18,2.10000000e+01,6.44496441e-01,8.88694286e+00,2.28335289e-03,4.59315834e+01,7.94837494e+01,1.85302582e+01,6.13347709e-01,7.53926337e-01
5345803-S04-156I3-A-L-C-190-7-1,20.02.2020-14:40:20,2.00000000e+01,6.46335840e-01,8.87811947e+00,2.06630630e-03,3.59486732e+01,7.97826233e+01,1.86344986e+01,8.17226827e-01,9.77489889e-01
5345803-S04-156I3-A-L-C-190-7-1,20.02.2020-14:40:22,1.00000000e+00,6.42240107e-01,8.85583305e+00,2.34842184e-03,3.31193733e+01,7.95647964e+01,1.84195080e+01,8.63554001e-01,1.12197006e+00
5345803-S04-156I3-A-L-C-190-7-1,20.02.2020-14:40:25,1.00000000e+00,6.43616736e-01,8.86610603e+00,1.93589367e-03,4.27364159e+01,7.93929672e+01,1.84404907e+01,5.55260301e-01,6.44762993e-01
5345803-S04-156I3-A-L-C-190-7-1,20.02.2020-14:40:27,1.40000000e+01,6.42965078e-01,8.90435219e+00,1.82431785e-03,1.96044426e+01,7.96967621e+01,1.85720825e+01,1.32662904e+00,1.58952463e+00
5345803-S04-156I3-A-L-C-190-7-1,20.02.2020-14:40:29,1.40000000e+01,6.41704261e-01,8.96630001e+00,2.25281506e-03,1.95366535e+01,7.92813339e+01,1.85673256e+01,1.30054784e+00,1.50447345e+00
5345803-S04-156I3-A-L-C-190-7-1,20.02.2020-14:40:31,1.00000000e+00,6.43003583e-01,8.86490536e+00,2.20032525e-03,2.65125854e+02,7.95500946e+01,1.84568844e+01,9.44436416e-02,1.20595776e-01
5345803-S04-156I3-A-L-C-190-7-1,20.02.2020-14:40:33,1.00000000e+00,6.43643796e-01,8.86178970e+00,2.12390628e-03,1.47664459e+02,7.94090195e+01,1.84360142e+01,1.66706517e-01,2.05830485e-01
5345803-S04-156I3-A-L-C-190-7-1,20.02.2020-14:40:35,9.00000000e+00,6.46239460e-01,8.99481583e+00,2.37031933e-03,2.80319183e+02,7.98047333e+01,1.88818512e+01,1.03118442e-01,1.25900477e-01
5345803-S04-156I3-A-L-C-190-7-1,20.02.2020-14:40:37,2.00000000e+01,6.44761443e-01,8.93438148e+00,2.06398312e-03,1.73574936e+02,7.96395569e+01,1.86733646e+01,2.00527281e-01,2.65950263e-01
5345803-S04-156I3-A-L-C-190-7-1,20.02.2020-14:40:39,1.90000000e+01,6.46541119e-01,8.94883728e+00,2.18187016e-03,2.05359741e+02,7.97537842e+01,1.87821064e+01,1.42560065e-01,1.86412439e-01
5345803-S04-156I3-A-L-C-190-7-1,20.02.2020-14:40:41,2.10000000e+01,6.44596457e-01,8.91018486e+00,2.10318691e-03,1.20799698e+02,7.94536743e+01,1.85745716e+01,2.85229802e-01,3.92736942e-01
5345803-S04-156I3-A-L-C-190-7-1,20.02.2020-14:40:44,9.00000000e+00,6.46760881e-01,8.92688751e+00,1.64471776e-03,1.66352478e+02,8.03624802e+01,1.88854485e+01,1.97201073e-01,2.29739979e-01
5345803-S04-156I3-A-L-C-190-7-1,20.02.2020-14:40:46,2.00000000e+01,6.46556437e-01,8.90369225e+00,2.27074488e-03,2.20753555e+02,7.95392685e+01,1.86375313e+01,2.06083789e-01,2.58983940e-01
5345803-S04-156I3-A-L-C-190-7-1,20.02.2020-14:40:48,2.10000000e+01,6.47484362e-01,8.87295151e+00,2.39323894e-03,2.60129028e+02,7.91169434e+01,1.85010796e+01,1.30139813e-01,1.75775364e-01
5345803-S04-156I3-A-L-C-190-7-1,20.02.2020-14:40:50,2.00000000e+00,6.40834332e-01,8.78883553e+00,2.32312502e-03,2.01020966e+02,7.94000702e+01,1.82023811e+01,2.26403609e-01,5.68064213e-01
5345803-S04-156I3-A-L-C-190-7-1,20.02.2020-14:40:52,2.00000000e+00,6.39573514e-01,8.93240929e+00,2.74457457e-03,1.53970139e+02,7.87125549e+01,1.83034630e+01,1.68685690e-01,2.04560891e-01
5345803-S04-156I3-A-L-C-190-7-1,20.02.2020-14:40:54,1.90000000e+01,6.46613955e-01,8.92232800e+00,2.28363671e-03,1.52575623e+02,7.96399994e+01,1.87018528e+01,1.91245317e-01,2.45705277e-01
5345803-S04-156I3-A-L-C-190-7-1,20.02.2020-14:40:56,2.10000000e+01,6.45152867e-01,8.88443279e+00,2.58719921e-03,2.17786972e+02,7.95102386e+01,1.85500717e+01,1.98806763e-01,2.48253688e-01
5345803-S04-156I3-A-L-C-190-7-1,20.02.2020-14:40:58,3.00000000e+00,6.39092743e-01,8.80108166e+00,2.53683096e-03,2.44651535e+02,7.91914444e+01,1.81304417e+01,2.33723864e-01,6.21201754e-01
5345803-S04-156I3-A-L-C-190-7-1,20.02.2020-14:41:00,3.00000000e+00,6.41436219e-01,8.74556541e+00,2.29194644e-03,2.78278381e+02,7.88353882e+01,1.80008411e+01,1.55857116e-01,2.63243794e-01
5345803-S04-156I3-A-L-C-190-7-1,20.02.2020-14:41:03,3.00000000e+00,6.39558971e-01,8.77874279e+00,2.70624668e-03,1.52473770e+02,7.94141159e+01,1.81485043e+01,3.13318938e-01,6.87353849e-01
5345803-S04-156I3-A-L-C-190-7-1,20.02.2020-14:41:05,2.00000000e+01,6.45710051e-01,8.91294956e+00,2.55705975e-03,1.59324951e+02,7.96719513e+01,1.86635666e+01,1.69200256e-01,2.17841595e-01
5345803-S04-156I3-A-L-C-190-7-1,20.02.2020-14:41:07,2.00000000e+00,6.38409674e-01,8.76119328e+00,1.42748584e-03,3.21705719e+02,8.02433548e+01,1.82684612e+01,2.30941147e-01,7.68927634e-01
5345803-S04-156I3-A-L-C-190-7-1,20.02.2020-14:41:09,2.10000000e+01,6.44523263e-01,8.87806988e+00,2.49294471e-03,2.76314453e+02,7.95913544e+01,1.85375881e+01,2.03616574e-01,5.17933547e-01
5345803-S04-156I3-A-L-C-190-7-1,20.02.2020-14:41:11,2.10000000e+01,6.42940760e-01,8.91655445e+00,2.40689749e-03,1.42018311e+02,7.94308472e+01,1.85347786e+01,2.27551565e-01,3.23444247e-01
5345803-S04-156I3-A-L-C-190-7-1,20.02.2020-14:41:13,2.00000000e+00,6.42516255e-01,8.87118816e+00,2.64711981e-03,3.04792603e+02,7.91961288e+01,1.83738441e+01,2.05312759e-01,3.15451592e-01
5345803-S04-156I3-A-L-C-190-7-1,20.02.2020-14:41:15,3.00000000e+00,6.38667524e-01,8.75458241e+00,2.29571643e-03,3.46920044e+02,7.92263184e+01,1.80305920e+01,2.30474114e-01,6.87965631e-01
5345803-S04-156I3-A-L-C-190-7-1,20.02.2020-14:41:17,1.00000000e+00,6.42957509e-01,8.88363075e+00,2.69915280e-03,2.10397964e+02,7.92984085e+01,1.84360294e+01,1.66622430e-01,2.47817457e-01
5345803-S04-156I3-A-L-C-190-7-1,20.02.2020-14:41:19,1.00000000e+00,6.45331144e-01,8.88228321e+00,2.51013110e-03,3.81782623e+02,7.92764282e+01,1.84961567e+01,1.09165087e-01,2.41114125e-01
5345803-S04-156I3-A-L-C-190-7-1,20.02.2020-14:41:22,2.00000000e+00,6.43192947e-01,8.88070583e+00,2.59164209e-03,4.49308258e+02,7.90913010e+01,1.83885593e+01,1.40698358e-01,2.35786483e-01
5345803-S04-156I3-A-L-C-190-7-1,20.02.2020-14:41:24,2.10000000e+01,6.46031320e-01,8.89212608e+00,2.59712664e-03,2.78815796e+02,7.93734741e+01,1.85594368e+01,1.27666205e-01,1.70678154e-01
5345803-S04-156I3-A-L-C-190-7-1,20.02.2020-14:41:26,2.00000000e+00,6.41915023e-01,8.86955547e+00,2.82395864e-03,2.80578888e+02,7.93352203e+01,1.83855095e+01,1.70579672e-01,2.65860885e-01
5345803-S04-156I3-A-L-C-190-7-1,20.02.2020-14:41:28,2.00000000e+00,6.39811516e-01,8.83503342e+00,2.54460098e-03,3.95064507e+01,7.92783890e+01,1.82408581e+01,9.37417686e-01,1.20410335e+00
5345803-S04-156I3-A-L-C-190-7-1,20.02.2020-14:41:39,2.00000000e+01,6.46959245e-01,8.92828751e+00,2.75805453e-03,2.88844238e+02,7.93637314e+01,1.86593876e+01,1.41518444e-01,1.74512446e-01
5345803-S04-156I3-A-L-C-190-7-1,20.02.2020-14:41:41,2.00000000e+00,6.42691970e-01,8.87079430e+00,2.80967355e-03,3.29852875e+02,7.91431351e+01,1.83657570e+01,1.32213429e-01,2.22218826e-01
5345803-S04-156I3-A-L-C-190-7-1,20.02.2020-14:41:43,1.00000000e+00,6.43087924e-01,8.89465904e+00,3.10648233e-03,4.21477570e+02,7.90956192e+01,1.84154472e+01,9.98588130e-02,1.65190503e-01
5345803-S04-156I3-A-L-C-190-7-1,20.02.2020-14:41:45,2.00000000e+00,6.41762972e-01,8.84964657e+00,2.61960248e-03,2.87156982e+02,7.92943726e+01,1.83304501e+01,1.50332272e-01,2.45595053e-01
5345803-S04-156I3-A-L-C-190-7-1,20.02.2020-14:41:47,2.00000000e+01,6.46721959e-01,8.92003822e+00,2.41753622e-03,1.06779816e+02,7.96094360e+01,1.86930027e+01,3.59395057e-01,4.19748187e-01
5345803-S04-156I3-A-L-C-190-7-1,20.02.2020-14:41:49,1.00000000e+00,6.43518984e-01,8.89601421e+00,2.59784656e-03,3.00343964e+02,7.92747116e+01,1.84723301e+01,1.57947257e-01,2.41431087e-01
5345803-S04-156I3-A-L-C-190-7-1,20.02.2020-14:41:52,2.00000000e+01,6.47037446e-01,8.92723846e+00,2.66484520e-03,2.06507416e+02,7.94192886e+01,1.86725121e+01,1.98810712e-01,2.44288519e-01
5345803-S04-156I3-A-L-C-190-7-1,20.02.2020-14:41:54,1.00000000e+00,6.42923534e-01,8.86941814e+00,2.74906331e-03,2.61206177e+02,7.94050140e+01,1.84303093e+01,1.90368235e-01,2.25823641e-01
5345803-S04-156I3-A-L-C-190-7-1,20.02.2020-14:41:56,2.00000000e+00,6.43211484e-01,8.87222672e+00,2.62220297e-03,3.72831345e+01,7.91816864e+01,1.83925247e+01,1.19686735e+00,1.39783871e+00
5345803-S04-156I3-A-L-C-190-7-1,20.02.2020-14:41:58,2.10000000e+01,6.43654406e-01,8.89651394e+00,2.18109274e-03,2.28842438e+02,7.96626358e+01,1.85676746e+01,1.75874725e-01,2.41016641e-01
5345803-S04-156I3-A-L-C-190-7-1,20.02.2020-14:42:00,2.00000000e+00,6.39258444e-01,8.80761433e+00,2.48238631e-03,1.34457153e+02,7.97097778e+01,1.82673931e+01,2.88936853e-01,8.47602844e-01
5345803-S04-156I3-A-L-C-190-7-1,20.02.2020-14:42:02,2.10000000e+01,6.42350316e-01,8.87011814e+00,2.30462197e-03,1.95119873e+02,7.98826981e+01,1.85261097e+01,1.77719980e-01,4.13649321e-01
5345803-S04-156I3-A-L-C-190-7-1,20.02.2020-14:42:04,2.10000000e+01,6.42650247e-01,8.86759758e+00,2.21665553e-03,8.72692947e+01,7.98018417e+01,1.85107403e+01,2.97181189e-01,5.04588783e-01
5345803-S04-156I3-A-L-C-190-7-1,20.02.2020-14:42:06,2.00000000e+00,6.39829993e-01,8.80585957e+00,2.04589311e-03,1.39653763e+02,7.97341080e+01,1.82856617e+01,2.14021876e-01,2.96093225e-01
5345803-S04-156I3-A-L-C-190-7-1,20.02.2020-14:42:09,2.00000000e+00,6.39473736e-01,8.82846451e+00,2.18935357e-03,1.24558609e+02,7.98889771e+01,1.83579826e+01,2.60596871e-01,7.80665398e-01
5345803-S04-156I3-A-L-C-190-7-1,20.02.2020-14:42:11,1.00000000e+00,6.41686141e-01,8.80761909e+00,1.95004733e-03,7.33564682e+01,8.00887222e+01,1.84239502e+01,3.82537901e-01,1.14610863e+00
5345803-S04-156I3-A-L-C-190-7-1,20.02.2020-14:42:13,2.00000000e+00,6.39715374e-01,8.80551624e+00,1.82489771e-03,1.44534058e+02,8.00992966e+01,1.83654041e+01,2.96880633e-01,1.13157308e+00
5345803-S04-156I3-A-L-C-190-7-1,20.02.2020-14:42:15,2.00000000e+01,6.44052029e-01,8.86858940e+00,2.19513662e-03,3.05086517e+02,8.02025909e+01,1.86463623e+01,1.44959375e-01,3.75260264e-01
5345803-S04-156I3-A-L-C-190-7-1,20.02.2020-14:42:17,2.10000000e+01,6.42262340e-01,8.85262585e+00,2.31146347e-03,2.78501190e+02,7.99529266e+01,1.85032978e+01,1.58050790e-01,4.42960083e-01
5345803-S04-156I3-A-L-C-190-7-1,20.02.2020-14:42:19,1.90000000e+01,6.44733548e-01,8.87149429e+00,1.85239327e-03,3.66880707e+02,8.03871613e+01,1.87151775e+01,1.12895735e-01,3.74895364e-01
5345803-S04-156I3-A-L-C-190-7-1,20.02.2020-14:42:21,1.90000000e+01,6.44661129e-01,8.87302399e+00,1.90900755e-03,4.28264862e+02,8.03524475e+01,1.87082176e+01,9.66679230e-02,2.87676513e-01
5345803-S04-156I3-A-L-C-190-7-1,20.02.2020-14:42:23,1.90000000e+01,6.44811034e-01,8.87469578e+00,1.78227981e-03,3.45570679e+02,8.04630737e+01,1.87418633e+01,1.17767565e-01,3.29972774e-01
5345803-S04-156I3-A-L-C-190-7-1,20.02.2020-14:42:25,2.00000000e+01,6.43522918e-01,8.85895252e+00,1.66792946e-03,1.68097168e+02,8.02922592e+01,1.86316051e+01,1.52033016e-01,3.86245459e-01
5345803-S04-156I3-A-L-C-190-7-1,20.02.2020-14:42:28,2.00000000e+01,6.44602239e-01,8.85990429e+00,2.16742302e-03,2.96339203e+02,8.03232803e+01,1.86720695e+01,1.25481546e-01,3.73001009e-01
5345803-S04-156I3-A-L-C-190-7-1,20.02.2020-14:42:30,2.10000000e+01,6.42759860e-01,8.87407494e+00,2.18883855e-03,1.66974228e+02,7.97969131e+01,1.85262756e+01,1.47800252e-01,1.97976202e-01
5345803-S04-156I3-A-L-C-190-7-1,20.02.2020-14:42:32,2.10000000e+01,6.43505335e-01,8.89315605e+00,2.23198975e-03,2.40565598e+02,7.97316589e+01,1.85724430e+01,1.36049479e-01,1.92438796e-01
5345803-S04-156I3-A-L-C-190-7-1,20.02.2020-14:42:34,2.10000000e+01,6.43179715e-01,8.87419510e+00,2.03370326e-03,1.98431458e+02,7.98699875e+01,1.85556049e+01,1.66908234e-01,2.32256353e-01
5345803-S04-156I3-A-L-C-190-7-1,20.02.2020-14:42:36,1.00000000e+00,6.42284274e-01,8.84038830e+00,1.90003123e-03,7.82041626e+01,8.00375366e+01,1.84979038e+01,3.78204167e-01,1.05624223e+00
5345803-S04-156I3-A-L-C-190-7-1,20.02.2020-14:42:38,2.10000000e+01,6.43134534e-01,8.89422131e+00,2.16436456e-03,2.72484375e+02,7.98529892e+01,1.85922146e+01,1.26880288e-01,1.93854392e-01
5345803-S04-156I3-A-L-C-190-7-1,20.02.2020-14:42:40,2.10000000e+01,6.42944992e-01,8.87876797e+00,2.13110237e-03,2.70158173e+02,7.99369583e+01,1.85739536e+01,1.21914349e-01,1.93831101e-01
5345803-S04-156I3-A-L-C-190-7-1,20.02.2020-14:42:42,2.00000000e+01,6.43516719e-01,8.88258743e+00,1.69989222e-03,1.98103149e+02,8.00181732e+01,1.86173630e+01,1.23471938e-01,1.99873567e-01
5345803-S04-156I3-A-L-C-190-7-1,20.02.2020-14:42:44,2.10000000e+01,6.42897189e-01,8.86434650e+00,2.12570885e-03,2.40466049e+02,7.99473953e+01,1.85448265e+01,1.31343976e-01,2.19313323e-01
5345803-S04-156I3-A-L-C-190-7-1,20.02.2020-14:42:47,2.10000000e+01,6.43557012e-01,8.89177418e+00,2.03378848e-03,3.24131195e+02,7.97777023e+01,1.85817757e+01,1.04034118e-01,1.65943339e-01
5345803-S04-156I3-A-L-C-190-7-1,20.02.2020-14:42:49,2.00000000e+01,6.43470466e-01,8.88901615e+00,1.78138120e-03,3.99886200e+02,8.01397629e+01,1.86578064e+01,6.54351413e-02,1.41161889e-01
5345803-S04-156I3-A-L-C-190-7-1,20.02.2020-14:42:51,2.00000000e+01,6.43335998e-01,8.89555931e+00,1.82833464e-03,1.35850662e+02,8.01302719e+01,1.86654243e+01,1.65894240e-01,2.56327420e-01
5345803-S04-156I3-A-L-C-190-7-1,20.02.2020-14:42:53,2.00000000e+01,6.43297434e-01,8.89080048e+00,1.61388796e-03,1.48430115e+02,8.01734085e+01,1.86643639e+01,2.08106592e-01,3.08017135e-01
5345803-S04-156I3-A-L-C-190-7-1,20.02.2020-14:42:55,2.00000000e+01,6.42182529e-01,8.89264488e+00,2.07689824e-03,1.34554535e+02,8.00876465e+01,1.86159496e+01,2.01439962e-01,2.84896225e-01
5345803-S04-156I3-A-L-C-190-7-1,20.02.2020-14:42:57,2.10000000e+01,6.43450499e-01,8.90283775e+00,2.08183727e-03,3.01358704e+02,7.97666321e+01,1.85992336e+01,1.51281744e-01,2.11008713e-01
5345803-S04-156I3-A-L-C-190-7-1,20.02.2020-14:42:59,2.10000000e+01,6.42930686e-01,8.89873886e+00,2.22714548e-03,1.25299004e+02,7.98263321e+01,1.85895538e+01,1.92405432e-01,2.77195334e-01
5345803-S04-156I3-A-L-C-190-7-1,20.02.2020-14:43:02,2.00000000e+01,6.43027842e-01,8.90410995e+00,2.09057610e-03,1.59753296e+02,7.99211121e+01,1.86256752e+01,1.31084874e-01,1.92125961e-01
5345803-S04-156I3-A-L-C-190-7-1,20.02.2020-14:43:04,2.00000000e+01,6.43268347e-01,8.88812828e+00,1.82642741e-03,1.93458466e+02,8.01948776e+01,1.86629066e+01,1.32790029e-01,2.16398761e-01
5345803-S04-156I3-A-L-C-190-7-1,20.02.2020-14:43:06,2.00000000e+01,6.43563688e-01,8.89533901e+00,1.93080551e-03,1.45273270e+02,8.00186005e+01,1.86455498e+01,1.66324720e-01,2.30288357e-01
5345803-S04-156I3-A-L-C-190-7-1,20.02.2020-14:43:08,2.10000000e+01,6.43157005e-01,8.88686943e+00,2.35816627e-03,4.05798645e+01,7.96678238e+01,1.85344181e+01,4.07227784e-01,5.14081299e-01
5345803-S04-156I3-A-L-C-190-7-1,20.02.2020-14:43:10,2.00000000e+01,6.44252419e-01,8.86326218e+00,2.07469636e-03,2.83957275e+02,8.04348602e+01,1.86949444e+01,1.11153990e-01,4.03067559e-01
5345803-S04-156I3-A-L-C-190-7-1,20.02.2020-14:43:12,2.10000000e+01,6.41742349e-01,8.85162735e+00,2.26375670e-03,4.56292908e+02,8.00196457e+01,1.85016594e+01,1.01697668e-01,3.18109572e-01
5345803-S04-156I3-A-L-C-190-7-1,20.02.2020-14:43:14,1.00000000e+00,6.41401708e-01,8.83920860e+00,2.40732240e-03,5.38854431e+02,7.99869690e+01,1.84583511e+01,1.13044463e-01,4.36068386e-01
5345803-S04-156I3-A-L-C-190-7-1,20.02.2020-14:43:16,2.00000000e+01,6.44121885e-01,8.86389828e+00,1.92140159e-03,1.77756485e+02,8.02461548e+01,1.86486454e+01,1.57498062e-01,3.47766459e-01
5345803-S04-156I3-A-L-C-190-7-1,20.02.2020-14:43:19,1.90000000e+01,6.44602180e-01,8.86720657e+00,1.78201206e-03,5.03104675e+02,8.03866348e+01,1.87021961e+01,8.13288316e-02,3.68065745e-01
5345803-S04-156I3-A-L-C-190-7-1,20.02.2020-14:43:21,2.00000000e+01,6.44323945e-01,8.86498737e+00,1.84744585e-03,2.45182129e+02,8.01791306e+01,1.86412010e+01,1.34236157e-01,4.35875058e-01
5345803-S04-156I3-A-L-C-190-7-1,20.02.2020-14:43:23,2.10000000e+01,6.42392993e-01,8.85307217e+00,2.37612473e-03,2.30873581e+02,7.99758453e+01,1.85133018e+01,1.32527009e-01,5.06399214e-01
5345803-S04-156I3-A-L-C-190-7-1,20.02.2020-14:43:25,1.00000000e+00,6.41492546e-01,8.80833817e+00,1.93625316e-03,9.55552368e+01,8.00872192e+01,1.84195499e+01,3.14751238e-01,9.09241915e-01
5345803-S04-156I3-A-L-C-190-7-1,20.02.2020-14:43:27,2.00000000e+00,6.39122367e-01,8.83329868e+00,2.33506574e-03,1.47410049e+02,7.96552124e+01,1.83042240e+01,1.92272902e-01,3.43463629e-01
5345803-S04-156I3-A-L-C-190-7-1,20.02.2020-14:43:29,1.00000000e+00,6.42288268e-01,8.83792591e+00,2.26923102e-03,1.73780045e+02,7.98485413e+01,1.84491997e+01,2.40068927e-01,7.13622093e-01
5345803-S04-156I3-A-L-C-190-7-1,20.02.2020-14:43:31,2.10000000e+01,6.42485917e-01,8.86243057e+00,2.13188515e-03,1.14853798e+02,7.98329697e+01,1.85024357e+01,2.34112278e-01,5.41473508e-01
5345803-S04-156I3-A-L-C-190-7-1,20.02.2020-14:43:33,2.10000000e+01,6.42154515e-01,8.84064007e+00,1.72294292e-03,1.05421165e+02,8.01234512e+01,1.85145493e+01,2.90617049e-01,7.47063875e-01
5345803-S04-156I3-A-L-C-190-7-1,20.02.2020-14:43:35,2.00000000e+00,6.40146971e-01,8.82390690e+00,2.02685501e-03,1.24277016e+02,7.99216995e+01,1.83753452e+01,2.61950016e-01,1.03520131e+00
5345803-S04-156I3-A-L-C-190-7-1,20.02.2020-14:43:37,2.00000000e+01,6.43769145e-01,8.90840626e+00,2.09527672e-03,1.23576103e+02,7.97606888e+01,1.86186981e+01,2.20376655e-01,2.88438737e-01
5345803-S04-156I3-A-L-C-190-7-1,20.02.2020-14:43:40,2.10000000e+01,6.42976165e-01,8.90406036e+00,2.27104360e-03,8.32095642e+01,7.97916641e+01,1.85939083e+01,2.96692431e-01,3.70444357e-01
5345803-S04-156I3-A-L-C-190-7-1,20.02.2020-14:43:42,1.00000000e+00,6.44311786e-01,8.84542370e+00,2.47469824e-03,3.33203354e+01,7.95047836e+01,1.84432812e+01,9.53030705e-01,1.14501405e+00
5345803-S04-156I3-A-L-C-190-7-1,20.02.2020-14:43:44,2.00000000e+00,6.40035093e-01,8.84736824e+00,2.11337628e-03,1.56931580e+02,7.95253448e+01,1.83296280e+01,1.87710553e-01,2.29458541e-01
5345803-S04-156I3-A-L-C-190-7-1,20.02.2020-14:43:46,2.10000000e+01,6.45490527e-01,8.92523670e+00,3.34685971e-03,1.76595886e+02,7.89197693e+01,1.85065556e+01,1.61566913e-01,1.97053209e-01
5345803-S04-156I3-A-L-C-190-7-1,20.02.2020-14:43:48,2.00000000e+00,6.43239975e-01,8.88940048e+00,2.91460706e-03,3.41694183e+02,7.89372940e+01,1.83720627e+01,1.25116155e-01,1.97301552e-01
5345803-S04-156I3-A-L-C-190-7-1,20.02.2020-14:43:50,2.10000000e+01,6.45990193e-01,8.89024067e+00,2.60250573e-03,1.26797142e+02,7.94974670e+01,1.85833035e+01,2.31104791e-01,4.17231351e-01
5345803-S04-156I3-A-L-C-190-7-1,20.02.2020-14:43:52,1.00000000e+00,6.43560052e-01,8.86811352e+00,2.73862062e-03,1.26897308e+02,7.93559036e+01,1.84344330e+01,2.47427210e-01,5.17125130e-01
5345803-S04-156I3-A-L-C-190-7-1,20.02.2020-14:43:54,2.00000000e+00,6.42183483e-01,8.86197472e+00,2.48953653e-03,1.44143051e+02,7.92663269e+01,1.83615170e+01,3.44937056e-01,6.62535787e-01
5345803-S04-156I3-A-L-C-190-7-1,20.02.2020-14:43:56,2.10000000e+01,6.44977748e-01,8.84700394e+00,2.19472079e-03,3.97565582e+02,7.98749237e+01,1.85516109e+01,1.33565232e-01,1.77273199e-01
5345803-S04-156I3-A-L-C-190-7-1,20.02.2020-14:43:59,2.10000000e+01,6.44578278e-01,8.87171364e+00,2.41185329e-03,1.95332199e+02,7.97143860e+01,1.85545349e+01,1.73592761e-01,2.76846737e-01
5345803-S04-156I3-A-L-C-190-7-1,20.02.2020-14:44:01,2.00000000e+00,6.42117143e-01,8.83544636e+00,2.11385731e-03,1.57882111e+02,7.95447083e+01,1.83689480e+01,2.39160001e-01,4.67040300e-01
5345803-S04-156I3-A-L-C-190-7-1,20.02.2020-14:44:03,2.10000000e+01,6.45103335e-01,8.89380932e+00,2.50588986e-03,1.65713120e+02,7.96129837e+01,1.85922184e+01,1.76363125e-01,2.56316096e-01
5345803-S04-156I3-A-L-C-190-7-1,20.02.2020-14:44:05,2.00000000e+00,6.41835213e-01,8.81632519e+00,2.06624577e-03,1.36328186e+02,7.92203598e+01,1.82464409e+01,2.40758583e-01,4.78928834e-01
5345803-S04-156I3-A-L-C-190-7-1,20.02.2020-14:44:07,2.00000000e+00,6.42505229e-01,8.85124588e+00,2.21853191e-03,1.78243881e+02,7.93704834e+01,1.83725872e+01,2.43484750e-01,5.67763686e-01
5345803-S04-156I3-A-L-C-190-7-1,20.02.2020-14:44:09,1.00000000e+00,6.43635511e-01,8.85215282e+00,2.45115394e-03,1.24637009e+02,7.94837036e+01,1.84330482e+01,3.12030166e-01,7.41682410e-01
5345803-S04-156I3-A-L-C-190-7-1,20.02.2020-14:44:11,2.00000000e+00,6.40920460e-01,8.83133030e+00,2.39375560e-03,1.38914658e+02,7.93856049e+01,1.82895164e+01,2.51607537e-01,5.62565327e-01
5345803-S04-156I3-A-L-C-190-7-1,20.02.2020-14:44:13,3.00000000e+00,6.33297503e-01,8.90264702e+00,2.22823606e-03,1.17298561e+02,7.92863312e+01,1.81951408e+01,2.05013022e-01,2.42499381e-01
5345803-S04-156I3-A-L-C-190-7-1,20.02.2020-14:44:16,9.00000000e+00,6.47059977e-01,8.94793606e+00,2.34081061e-03,1.01243675e+02,7.98210754e+01,1.88111439e+01,2.20963463e-01,2.61298001e-01
5345803-S04-156I3-A-L-C-190-7-1,20.02.2020-14:44:18,1.00000000e+00,6.43144011e-01,8.84625340e+00,2.54576467e-03,1.66785202e+02,7.96362762e+01,1.84420319e+01,2.89750785e-01,5.13363242e-01
5345803-S04-156I3-A-L-C-190-7-1,20.02.2020-14:44:20,2.00000000e+01,6.44694149e-01,8.90128136e+00,2.33508227e-03,1.90238525e+02,7.97289963e+01,1.86231327e+01,1.82990894e-01,2.68383354e-01
5345803-S04-156I3-A-L-C-190-7-1,20.02.2020-14:44:22,1.00000000e+00,6.42730594e-01,8.87278366e+00,2.16810522e-03,1.30498672e+02,7.96686783e+01,1.84929714e+01,2.85382003e-01,5.01967788e-01
5345803-S04-156I3-A-L-C-190-7-1,20.02.2020-14:44:24,3.00000000e+00,6.40382349e-01,8.82842636e+00,2.76755868e-03,1.35148651e+02,7.90691833e+01,1.81953373e+01,3.29483241e-01,5.55678904e-01
5345803-S04-156I3-A-L-C-190-7-1,20.02.2020-14:44:26,2.10000000e+01,6.43912733e-01,8.89236927e+00,2.49879993e-03,1.40143036e+02,7.95166245e+01,1.85324402e+01,2.01036796e-01,2.72526145e-01
5345803-S04-156I3-A-L-C-190-7-1,20.02.2020-14:44:28,1.00000000e+00,6.41398072e-01,8.92962646e+00,2.51313788e-03,1.40524033e+02,7.91040268e+01,1.84412231e+01,1.63904145e-01,1.87350750e-01
5345803-S04-156I3-A-L-C-190-7-1,20.02.2020-14:44:30,2.00000000e+00,6.39550686e-01,8.95967960e+00,2.68651405e-03,3.46693176e+02,7.88413010e+01,1.83887157e+01,1.01019420e-01,1.19859375e-01
5345803-S04-156I3-A-L-C-190-7-1,20.02.2020-14:44:32,2.00000000e+00,6.38739586e-01,8.96174908e+00,2.69563380e-03,9.21635513e+01,7.88690186e+01,1.83760967e+01,2.09116638e-01,2.42682010e-01
5345803-S04-156I3-A-L-C-190-7-1,20.02.2020-14:44:34,2.00000000e+00,6.39437497e-01,8.84396744e+00,2.02742242e-03,1.40307709e+02,7.98027115e+01,1.83693180e+01,2.06560373e-01,2.49127075e-01
5345803-S04-156I3-A-L-C-190-7-1,20.02.2020-14:44:37,2.00000000e+00,6.36637390e-01,8.89488888e+00,2.31034542e-03,9.06234665e+01,7.90504456e+01,1.82207890e+01,2.42484733e-01,2.86369264e-01
5345803-S04-156I3-A-L-C-190-7-1,20.02.2020-14:44:39,2.10000000e+01,6.44010365e-01,8.86547279e+00,2.27357005e-03,1.19235176e+02,7.96661987e+01,1.85139484e+01,3.46005350e-01,4.30730134e-01
5345803-S04-156I3-A-L-C-190-7-1,20.02.2020-14:44:41,2.00000000e+00,6.43177092e-01,8.87943172e+00,3.18708061e-03,2.52984192e+02,7.86509705e+01,1.82831078e+01,1.82138711e-01,2.44843319e-01
5345803-S04-156I3-A-L-C-190-7-1,20.02.2020-14:44:43,2.00000000e+01,6.44897997e-01,8.90234470e+00,2.36091483e-03,2.64252777e+02,7.97336121e+01,1.86323242e+01,2.41899893e-01,4.22516972e-01
5345803-S04-156I3-A-L-C-190-7-1,20.02.2020-14:44:45,1.90000000e+01,6.48005188e-01,8.92111969e+00,2.50906893e-03,9.68437271e+01,7.98200378e+01,1.87819195e+01,3.45111310e-01,4.80874032e-01
5345803-S04-156I3-A-L-C-190-7-1,20.02.2020-14:44:47,2.00000000e+01,6.46986783e-01,8.91712666e+00,2.58733961e-03,9.59056244e+01,7.95071564e+01,1.86705360e+01,4.00305718e-01,5.94043970e-01
5345803-S04-156I3-A-L-C-190-7-1,20.02.2020-14:44:49,2.00000000e+01,6.44626260e-01,8.90259075e+00,1.92789605e-03,7.16413422e+01,7.97528152e+01,1.86294746e+01,3.21749955e-01,3.93008947e-01
5345803-S04-156I3-A-L-C-190-7-1,20.02.2020-14:44:51,1.90000000e+01,6.45024717e-01,8.92562675e+00,2.16709613e-03,1.41766800e+02,7.98645401e+01,1.87154064e+01,2.30033636e-01,2.82587081e-01
5345803-S04-156I3-A-L-C-190-7-1,20.02.2020-14:44:53,2.10000000e+01,6.43796742e-01,8.85176468e+00,2.22776365e-03,2.19693192e+02,7.97787247e+01,1.85052910e+01,1.48907319e-01,3.36384833e-01
5345803-S04-156I3-A-L-C-190-7-1,20.02.2020-14:44:56,2.10000000e+01,6.45094872e-01,8.87443066e+00,2.26629316e-03,1.58210556e+02,7.97055893e+01,1.85730419e+01,2.83420831e-01,4.48292911e-01
5345803-S04-156I3-A-L-C-190-7-1,20.02.2020-14:44:58,1.00000000e+00,6.43648982e-01,8.87803268e+00,2.23531690e-03,9.54323578e+01,7.95363693e+01,1.84995766e+01,3.52947891e-01,5.30909896e-01
5345803-S04-156I3-A-L-C-190-7-1,20.02.2020-14:45:00,2.00000000e+00,6.41208172e-01,8.83165836e+00,2.46865069e-03,2.77322662e+02,7.93352356e+01,1.82867947e+01,2.18212143e-01,3.85724306e-01
5345803-S04-156I3-A-L-C-190-7-1,20.02.2020-14:45:02,2.00000000e+00,6.42157972e-01,8.83424950e+00,2.08500912e-03,1.63058228e+02,7.94653473e+01,1.83493004e+01,2.76265234e-01,5.14197171e-01
5345803-S04-156I3-A-L-C-190-7-1,20.02.2020-14:45:04,2.10000000e+01,6.45402849e-01,8.85543442e+00,2.23585241e-03,9.78920593e+01,7.95751801e+01,1.85117970e+01,2.65960068e-01,4.32224631e-01
5345803-S04-156I3-A-L-C-190-7-1,20.02.2020-14:45:06,2.10000000e+01,6.45830214e-01,8.87687302e+00,2.22314266e-03,1.82774033e+02,7.96376495e+01,1.85834770e+01,2.86164612e-01,4.57583398e-01
5345803-S04-156I3-A-L-C-190-7-1,20.02.2020-14:45:08,2.00000000e+01,6.44721270e-01,8.87081051e+00,1.83105608e-03,1.26094383e+02,8.00871735e+01,1.86435432e+01,2.41697207e-01,2.99824327e-01
5345803-S04-156I3-A-L-C-190-7-1,20.02.2020-14:45:10,1.00000000e+00,6.43680274e-01,8.88435745e+00,2.62343162e-03,2.24344131e+02,7.93990250e+01,1.84816856e+01,1.45101622e-01,3.00855130e-01
5345803-S04-156I3-A-L-C-190-7-1,20.02.2020-14:45:13,1.00000000e+00,6.42112672e-01,8.85246277e+00,2.04019784e-03,8.38268051e+01,7.97561874e+01,1.84531250e+01,2.91308910e-01,3.82062107e-01
5345803-S04-156I3-A-L-C-190-7-1,20.02.2020-14:45:15,2.00000000e+00,6.42169595e-01,8.86812305e+00,3.32010491e-03,1.74725113e+02,7.87877884e+01,1.82629356e+01,1.81172356e-01,2.74899662e-01
5345803-S04-156I3-A-L-C-190-7-1,20.02.2020-14:45:17,2.10000000e+01,6.45845056e-01,8.92682171e+00,3.14534269e-03,2.19666168e+02,7.92423477e+01,1.85957108e+01,1.82270527e-01,2.19796434e-01
5345803-S04-156I3-A-L-C-190-7-1,20.02.2020-14:45:19,2.10000000e+01,6.43178523e-01,8.87518406e+00,1.92974287e-03,1.17403885e+02,7.97051697e+01,1.85193443e+01,3.17027599e-01,4.16505367e-01
5345803-S04-156I3-A-L-C-190-7-1,20.02.2020-14:45:21,2.10000000e+01,6.41865253e-01,8.88174438e+00,2.06468324e-03,1.17636993e+02,8.01458817e+01,1.85974560e+01,2.00362995e-01,2.92113692e-01
5345803-S04-156I3-A-L-C-190-7-1,20.02.2020-14:45:23,1.90000000e+01,6.44422233e-01,8.87869453e+00,1.93084567e-03,1.34801392e+02,8.04163895e+01,1.87281303e+01,1.69516563e-01,4.32712197e-01
5345803-S04-156I3-A-L-C-190-7-1,20.02.2020-14:45:25,1.90000000e+01,6.44640684e-01,8.87373829e+00,1.91825302e-03,1.37906601e+02,8.03924561e+01,1.87184467e+01,2.04239964e-01,4.20363396e-01
5345803-S04-156I3-A-L-C-190-7-1,20.02.2020-14:45:27,2.00000000e+01,6.42994821e-01,8.86628819e+00,1.97137124e-03,2.30885376e+02,8.03953552e+01,1.86556549e+01,1.69998914e-01,4.56855744e-01
5345803-S04-156I3-A-L-C-190-7-1,20.02.2020-14:45:29,1.00000000e+00,6.41856849e-01,8.83488083e+00,1.94409117e-03,1.86964798e+02,8.01190262e+01,1.84928875e+01,1.47359326e-01,2.11641148e-01
5345803-S04-156I3-A-L-C-190-7-1,20.02.2020-14:45:32,2.00000000e+01,6.44322336e-01,8.86900139e+00,1.72837172e-03,2.05726257e+02,8.03221664e+01,1.86828671e+01,1.52353808e-01,3.02994341e-01
5345803-S04-156I3-A-L-C-190-7-1,20.02.2020-14:45:34,1.90000000e+01,6.43979490e-01,8.86542892e+00,2.03408184e-03,4.77818054e+02,8.04961090e+01,1.87058239e+01,1.03467472e-01,3.61755311e-01
5345803-S04-156I3-A-L-C-190-7-1,20.02.2020-14:45:36,2.00000000e+01,6.44779980e-01,8.87471294e+00,1.88666175e-03,9.34506836e+01,8.02330399e+01,1.86874180e+01,2.27205977e-01,6.29675388e-01
5345803-S04-156I3-A-L-C-190-7-1,20.02.2020-14:45:38,1.90000000e+01,6.45387650e-01,8.87784481e+00,2.18390441e-03,3.39945129e+02,8.01994171e+01,1.87037907e+01,1.20000549e-01,3.87075901e-01
5345803-S04-156I3-A-L-C-190-7-1,20.02.2020-14:45:40,2.10000000e+01,6.41693711e-01,8.84137249e+00,1.90578250e-03,1.23045837e+02,8.02858810e+01,1.85403042e+01,1.99320078e-01,5.96755087e-01
5345803-S04-156I3-A-L-C-190-7-1,20.02.2020-14:45:42,1.90000000e+01,6.45136058e-01,8.93736553e+00,2.20752181e-03,1.46245422e+02,7.97954254e+01,1.87270355e+01,1.96222305e-01,2.63614118e-01
5345803-S04-156I3-A-L-C-190-7-1,20.02.2020-14:45:44,9.00000000e+00,6.46804571e-01,8.96785831e+00,1.95020379e-03,1.50881088e+02,8.00772095e+01,1.89060574e+01,1.70739412e-01,2.29488418e-01
5345803-S04-156I3-A-L-C-190-7-1,20.02.2020-14:45:46,9.00000000e+00,6.45776629e-01,8.94747829e+00,2.12812959e-03,1.58047974e+02,8.01101303e+01,1.88408546e+01,1.64971426e-01,2.23984003e-01
5345803-S04-156I3-A-L-C-190-7-1,20.02.2020-14:45:49,2.00000000e+01,6.43826067e-01,8.89868069e+00,1.97503320e-03,1.50412720e+02,8.00645142e+01,1.86708660e+01,2.23805755e-01,4.84112948e-01
5345803-S04-156I3-A-L-C-190-7-1,20.02.2020-14:45:51,2.00000000e+01,6.43162668e-01,8.90100861e+00,2.09880760e-03,1.59356842e+02,8.00475311e+01,1.86525478e+01,1.75545245e-01,5.02606034e-01
5345803-S04-156I3-A-L-C-190-7-1,20.02.2020-14:45:53,2.00000000e+01,6.43294394e-01,8.90600777e+00,2.16180901e-03,1.12169029e+02,8.00042953e+01,1.86567650e+01,2.38653347e-01,5.86164534e-01
5345803-S04-156I3-A-L-C-190-7-1,20.02.2020-14:45:55,1.90000000e+01,6.44545972e-01,8.93874359e+00,2.33945576e-03,1.25149521e+02,7.98743820e+01,1.87313080e+01,2.05038965e-01,3.01960975e-01
5345803-S04-156I3-A-L-C-190-7-1,20.02.2020-14:45:57,2.00000000e+00,6.36845410e-01,8.83212185e+00,2.01517600e-03,1.41094345e+02,7.98786316e+01,1.82877350e+01,3.09398681e-01,7.81212747e-01
5345803-S04-156I3-A-L-C-190-7-1,20.02.2020-14:45:59,1.90000000e+01,6.45280242e-01,8.94065380e+00,2.13780999e-03,1.18804474e+02,7.98975983e+01,1.87621040e+01,2.97196776e-01,4.09234554e-01
5345803-S04-156I3-A-L-C-190-7-1,20.02.2020-14:46:01,1.90000000e+01,6.45780623e-01,8.94481850e+00,2.19782977e-03,3.06697521e+01,7.97622070e+01,1.87535667e+01,1.03142202e+00,1.27457190e+00
5345803-S04-156I3-A-L-C-190-7-1,20.02.2020-14:46:03,1.90000000e+01,6.44294918e-01,8.92554474e+00,1.95086759e-03,1.25270798e+02,7.99954605e+01,1.87247047e+01,2.44710833e-01,3.73161852e-01
5345803-S04-156I3-A-L-C-190-7-1,20.02.2020-14:46:06,8.00000000e+00,6.47813559e-01,8.97585201e+00,2.08497653e-03,1.34016541e+02,8.00881195e+01,1.89550095e+01,2.18816042e-01,3.12143862e-01
5345803-S04-156I3-A-L-C-190-7-1,20.02.2020-14:46:08,2.00000000e+01,6.42657101e-01,8.90985012e+00,2.14537955e-03,1.00556587e+02,7.98068466e+01,1.86003036e+01,3.95924926e-01,7.97132194e-01
5345803-S04-156I3-A-L-C-190-7-1,20.02.2020-14:46:10,1.90000000e+01,6.45540416e-01,8.94806290e+00,1.92628987e-03,5.90269928e+01,7.99270020e+01,1.87921391e+01,5.22750497e-01,9.31652725e-01
5345803-S04-156I3-A-L-C-190-7-1,20.02.2020-14:46:12,2.00000000e+01,6.42840266e-01,8.99580193e+00,2.03592633e-03,1.23355019e+02,7.94049835e+01,1.86905003e+01,1.44178391e-01,1.78874731e-01
5345803-S04-156I3-A-L-C-190-7-1,20.02.2020-14:46:14,1.00000000e+00,6.41516209e-01,8.84279633e+00,2.09560012e-03,1.30478516e+02,7.97108841e+01,1.84053917e+01,2.30534300e-01,3.79348576e-01
5345803-S04-156I3-A-L-C-190-7-1,20.02.2020-14:46:16,1.00000000e+00,6.42548859e-01,8.85535049e+00,2.08086125e-03,1.26853752e+02,7.98137512e+01,1.84850159e+01,2.61309832e-01,4.20422673e-01
5345803-S04-156I3-A-L-C-190-7-1,20.02.2020-14:46:18,1.00000000e+00,6.42617464e-01,8.84294224e+00,2.04252545e-03,1.94458282e+02,7.97832260e+01,1.84540234e+01,1.06020145e-01,1.73752576e-01
5345803-S04-156I3-A-L-C-190-7-1,20.02.2020-14:46:20,9.00000000e+00,6.47930086e-01,8.90757465e+00,2.27140705e-03,1.66028778e+02,8.00410690e+01,1.88031540e+01,1.53161481e-01,2.63526201e-01
5345803-S04-156I3-A-L-C-190-7-1,20.02.2020-14:46:22,2.10000000e+01,6.43371940e-01,8.87220860e+00,2.12011463e-03,1.69673660e+02,7.98766632e+01,1.85585499e+01,2.22820625e-01,4.75537956e-01
5345803-S04-156I3-A-L-C-190-7-1,20.02.2020-14:46:25,2.10000000e+01,6.44370854e-01,8.88007927e+00,2.48072832e-03,1.91060562e+02,7.95980148e+01,1.85389519e+01,1.40834019e-01,2.89610416e-01
5345803-S04-156I3-A-L-C-190-7-1,20.02.2020-14:46:27,2.10000000e+01,6.42847955e-01,8.85641479e+00,2.05643615e-03,1.29669495e+02,7.99384308e+01,1.85247345e+01,2.42665455e-01,2.98921943e-01
5345803-S04-156I3-A-L-C-190-7-1,20.02.2020-14:46:29,2.00000000e+01,6.44658446e-01,8.86677837e+00,1.87690859e-03,1.14274582e+02,7.99725723e+01,1.86065903e+01,2.17981011e-01,2.64827073e-01
5345803-S04-156I3-A-L-C-190-7-1,20.02.2020-14:46:31,1.90000000e+01,6.44780338e-01,8.94319248e+00,2.29233410e-03,1.70950165e+02,7.96802979e+01,1.87018909e+01,1.19175561e-01,1.53663829e-01
5345803-S04-156I3-A-L-C-190-7-1,20.02.2020-14:46:33,2.10000000e+01,6.45654142e-01,8.84107685e+00,2.09019752e-03,1.07384750e+02,8.00308685e+01,1.85948563e+01,2.64452696e-01,5.61490953e-01
5345803-S04-156I3-A-L-C-190-7-1,20.02.2020-14:46:35,2.00000000e+00,6.36940897e-01,8.89864063e+00,1.95374247e-03,2.17010803e+02,7.91886215e+01,1.82690430e+01,1.45589799e-01,2.15326265e-01
5345803-S04-156I3-A-L-C-190-7-1,20.02.2020-14:46:37,2.10000000e+01,6.42139852e-01,8.86736679e+00,2.02154485e-03,7.45616760e+01,7.98397827e+01,1.85043488e+01,3.56076002e-01,6.21013403e-01
5345803-S04-156I3-A-L-C-190-7-1,20.02.2020-14:46:39,1.00000000e+00,6.41276300e-01,8.85023212e+00,1.99020375e-03,9.06718445e+01,7.99491577e+01,1.84690228e+01,3.27899992e-01,5.89691639e-01
5345803-S04-156I3-A-L-C-190-7-1,20.02.2020-14:46:41,2.00000000e+01,6.44867301e-01,8.86661720e+00,2.13928614e-03,3.02216797e+02,8.00041428e+01,1.86196270e+01,1.25528097e-01,1.61552653e-01
5345803-S04-156I3-A-L-C-190-7-1,20.02.2020-14:46:43,1.00000000e+00,6.44069731e-01,8.82820988e+00,1.89289753e-03,7.28197250e+01,7.98229370e+01,1.84741077e+01,5.46597779e-01,6.66441023e-01
5345803-S04-156I3-A-L-C-190-7-1,20.02.2020-14:46:46,1.90000000e+01,6.45259321e-01,8.90451717e+00,2.00338895e-03,3.08449249e+02,8.02627029e+01,1.87710533e+01,1.01646096e-01,1.86439514e-01
5345803-S04-156I3-A-L-C-190-7-1,20.02.2020-14:46:48,2.00000000e+01,6.47111535e-01,8.90643597e+00,2.81055574e-03,3.02260651e+02,7.95769958e+01,1.86681290e+01,8.49556327e-02,1.45197555e-01
5345803-S04-156I3-A-L-C-190-7-1,20.02.2020-14:46:50,2.00000000e+01,6.44847155e-01,8.89015484e+00,2.11818796e-03,1.93272949e+02,7.98997955e+01,1.86441212e+01,1.84625819e-01,2.45406881e-01
5345803-S04-156I3-A-L-C-190-7-1,20.02.2020-14:46:52,2.10000000e+01,6.44314766e-01,8.88211632e+00,2.43219570e-03,1.91418961e+02,7.97589417e+01,1.85790768e+01,2.28458762e-01,3.56986493e-01
5345803-S04-156I3-A-L-C-190-7-1,20.02.2020-14:46:54,2.00000000e+01,6.44391835e-01,8.89950466e+00,2.35613273e-03,1.93545700e+02,7.98228378e+01,1.86325893e+01,1.93925321e-01,2.89367676e-01
5345803-S04-156I3-A-L-C-190-7-1,20.02.2020-14:46:56,1.90000000e+01,6.45998180e-01,8.93951511e+00,2.38564122e-03,1.68091339e+02,7.96146469e+01,1.87140751e+01,2.30694875e-01,2.75574714e-01
5345803-S04-156I3-A-L-C-190-7-1,20.02.2020-14:46:58,1.90000000e+01,6.47170663e-01,8.90639973e+00,2.20327708e-03,1.66719879e+02,7.99525604e+01,1.87578697e+01,1.65210307e-01,2.27576181e-01
5345803-S04-156I3-A-L-C-190-7-1,20.02.2020-14:47:01,1.90000000e+01,6.47800386e-01,8.91101456e+00,2.32954719e-03,1.37956924e+02,7.98264008e+01,1.87562103e+01,2.15941802e-01,2.73418427e-01
5345803-S04-156I3-A-L-C-190-7-1,20.02.2020-14:47:03,2.10000000e+01,6.43614411e-01,8.88252926e+00,2.35478044e-03,1.00958687e+02,7.95622253e+01,1.85139675e+01,4.45055246e-01,7.07916796e-01
5345803-S04-156I3-A-L-C-190-7-1,20.02.2020-14:47:05,1.90000000e+01,6.47624373e-01,8.90903568e+00,2.38004490e-03,1.08024055e+02,7.97037659e+01,1.87181492e+01,3.08640093e-01,4.01783615e-01
5345803-S04-156I3-A-L-C-190-7-1,20.02.2020-14:47:07,2.00000000e+00,6.37390018e-01,8.73272038e+00,1.39426230e-03,3.89852875e+02,8.05442200e+01,1.82481728e+01,1.26479283e-01,1.02470398e+00
5345803-S04-156I3-A-L-C-190-7-1,20.02.2020-14:47:09,1.90000000e+01,6.45577908e-01,8.86686039e+00,1.91733427e-03,3.86196289e+02,8.03151474e+01,1.87131176e+01,7.89960772e-02,2.31512263e-01
5345803-S04-156I3-A-L-C-190-7-1,20.02.2020-14:47:11,1.00000000e+00,6.41030848e-01,8.81160164e+00,1.62156194e-03,3.92543671e+02,8.02591171e+01,1.84526348e+01,1.36374101e-01,5.64558446e-01
5345803-S04-156I3-A-L-C-190-7-1,20.02.2020-14:47:13,1.90000000e+01,6.46896839e-01,8.87211132e+00,1.90568564e-03,3.32920166e+02,8.03220215e+01,1.87640610e+01,7.96066299e-02,2.06489071e-01
5345803-S04-156I3-A-L-C-190-7-1,20.02.2020-14:47:16,1.00000000e+00,6.41356766e-01,8.83678150e+00,2.05820263e-03,1.66670288e+02,8.01949387e+01,1.84999676e+01,1.57139838e-01,5.98096192e-01
5345803-S04-156I3-A-L-C-190-7-1,20.02.2020-14:47:18,1.90000000e+01,6.46123052e-01,8.88990116e+00,1.63104641e-03,1.06521875e+03,8.03155441e+01,1.87776814e+01,3.59000266e-02,1.49572819e-01
5345803-S04-156I3-A-L-C-190-7-1,20.02.2020-14:47:20,1.90000000e+01,6.45943880e-01,8.88435173e+00,1.81769219e-03,3.99250854e+02,8.02941437e+01,1.87557564e+01,6.89039826e-02,2.07076252e-01
5345803-S04-156I3-A-L-C-190-7-1,20.02.2020-14:47:22,1.90000000e+01,6.47024691e-01,8.88691044e+00,2.03739177e-03,3.56295410e+02,8.02942581e+01,1.87925758e+01,9.95074287e-02,2.37574250e-01
5345803-S04-156I3-A-L-C-190-7-1,20.02.2020-14:47:24,1.90000000e+01,6.45097375e-01,8.88480854e+00,2.04862119e-03,2.19620300e+02,8.02480392e+01,1.87213840e+01,9.75566804e-02,2.58654505e-01
5345803-S04-156I3-A-L-C-190-7-1,20.02.2020-14:47:26,2.00000000e+01,6.43382549e-01,8.87232685e+00,1.83750351e-03,2.22773636e+02,8.03562851e+01,1.86705379e+01,8.97362903e-02,2.25942776e-01
5345803-S04-156I3-A-L-C-190-7-1,20.02.2020-14:47:28,2.10000000e+01,6.41790748e-01,8.87022972e+00,1.82004937e-03,1.50987701e+02,8.02139206e+01,1.85869541e+01,1.30914599e-01,3.57419342e-01
5345803-S04-156I3-A-L-C-190-7-1,20.02.2020-14:47:31,1.90000000e+01,6.45805120e-01,8.88330460e+00,1.95277017e-03,2.00393829e+02,8.03471680e+01,1.87618999e+01,1.52610302e-01,2.96744943e-01
5345803-S04-156I3-A-L-C-190-7-1,20.02.2020-14:48:01,2.00000000e+01,6.42787635e-01,8.85755253e+00,2.03308719e-03,2.95747772e+02,8.02965622e+01,1.86083717e+01,1.01304047e-01,2.39453390e-01
5345803-S04-156I3-A-L-C-190-7-1,20.02.2020-14:48:03,1.90000000e+01,6.45311713e-01,8.87856865e+00,2.16576597e-03,2.63418304e+02,8.04054718e+01,1.87511673e+01,9.52394605e-02,2.36511484e-01
5345803-S04-156I3-A-L-C-190-7-1,20.02.2020-14:48:05,2.00000000e+01,6.43275142e-01,8.86372662e+00,1.86355854e-03,1.35360367e+02,8.03914871e+01,1.86574974e+01,1.53667226e-01,2.84249902e-01
5345803-S04-156I3-A-L-C-190-7-1,20.02.2020-14:48:08,2.10000000e+01,6.43891156e-01,8.89349174e+00,2.48441077e-03,2.32888077e+02,7.94659729e+01,1.85223541e+01,1.09999388e-01,1.35331497e-01
5345803-S04-156I3-A-L-C-190-7-1,20.02.2020-14:48:10,1.90000000e+01,6.44354105e-01,8.88594532e+00,1.76481984e-03,1.59948441e+02,8.03623428e+01,1.87288456e+01,1.58965260e-01,2.51529276e-01
5345803-S04-156I3-A-L-C-190-7-1,20.02.2020-14:48:12,1.90000000e+01,6.44509196e-01,8.90313625e+00,1.99745828e-03,1.51568344e+02,8.04241943e+01,1.87840424e+01,1.71580762e-01,2.64676511e-01
5345803-S04-156I3-A-L-C-190-7-1,20.02.2020-14:48:14,2.00000000e+01,6.43818140e-01,8.88374424e+00,1.99788553e-03,5.23375931e+01,7.99363174e+01,1.86094532e+01,6.56066716e-01,7.69262254e-01
5345803-S04-156I3-A-L-C-190-7-1,20.02.2020-14:48:16,1.90000000e+01,6.45217717e-01,8.89484024e+00,2.15225201e-03,1.39323364e+02,8.01219635e+01,1.87165680e+01,2.74728358e-01,3.32861781e-01
5345803-S04-156I3-A-L-C-190-7-1,20.02.2020-14:48:18,1.90000000e+01,6.46081984e-01,8.91005516e+00,2.11678259e-03,1.14081345e+02,8.00402069e+01,1.87545395e+01,3.01268548e-01,3.64925683e-01
5345803-S04-156I3-A-L-C-190-7-1,20.02.2020-14:48:20,2.10000000e+01,6.42723382e-01,8.85929012e+00,1.89216179e-03,1.40884659e+02,7.99190216e+01,1.85226612e+01,2.54095554e-01,2.98160255e-01
5345803-S04-156I3-A-L-C-190-7-1,20.02.2020-14:48:22,2.40000000e+01,6.45617723e-01,8.90420151e+00,1.74618978e-03,1.43460197e+01,7.98436508e+01,1.86827602e+01,2.83201098e+00,3.24246788e+00
5345803-S04-156I3-A-L-C-190-7-1,20.02.2020-14:48:25,2.10000000e+01,6.42410815e-01,8.86537266e+00,1.94997562e-03,3.29965179e+02,8.00846252e+01,1.85647526e+01,1.28200293e-01,1.54117256e-01
5345803-S04-156I3-A-L-C-190-7-1,20.02.2020-14:48:27,1.90000000e+01,6.46623909e-01,8.90959167e+00,2.11730576e-03,3.76436157e+02,8.01377029e+01,1.87921581e+01,1.59606919e-01,2.43755400e-01
5345803-S04-156I3-A-L-C-190-7-1,20.02.2020-14:48:29,2.00000000e+01,6.43591166e-01,8.89350224e+00,1.89795310e-03,2.54748917e+02,8.00846710e+01,1.86578865e+01,1.12275131e-01,2.01168612e-01
5345803-S04-156I3-A-L-C-190-7-1,20.02.2020-14:48:31,2.00000000e+01,6.46088362e-01,8.89408875e+00,2.31684744e-03,3.09043396e+02,7.99420471e+01,1.86981583e+01,1.49748966e-01,2.34506413e-01
5345803-S04-156I3-A-L-C-190-7-1,20.02.2020-14:48:33,2.10000000e+01,6.44170046e-01,8.86355591e+00,2.26649269e-03,4.40996277e+02,7.99237900e+01,1.85743999e+01,1.19844131e-01,4.36402380e-01
5345803-S04-156I3-A-L-C-190-7-1,20.02.2020-14:48:35,2.00000000e+01,6.46702886e-01,8.87040424e+00,1.96427503e-03,3.44555389e+02,7.99722366e+01,1.86731529e+01,1.01541623e-01,2.16586784e-01
5345803-S04-156I3-A-L-C-190-7-1,20.02.2020-14:48:37,2.10000000e+01,6.42012477e-01,8.90655327e+00,2.29588337e-03,4.05295868e+02,7.96404114e+01,1.85360355e+01,1.48691714e-01,1.94807753e-01
5345803-S04-156I3-A-L-C-190-7-1,20.02.2020-14:48:39,2.00000000e+01,6.44168019e-01,8.86941719e+00,1.86282489e-03,2.66895142e+02,8.00891113e+01,1.86250725e+01,1.52225494e-01,2.12660655e-01
5345803-S04-156I3-A-L-C-190-7-1,20.02.2020-14:48:41,8.00000000e+00,6.48703098e-01,8.94007683e+00,1.92889711e-03,1.16217117e+02,8.02847748e+01,1.89518070e+01,3.62617999e-01,4.38013434e-01
5345803-S04-156I3-A-L-C-190-7-1,20.02.2020-14:48:44,2.00000000e+00,6.40488327e-01,8.78757668e+00,1.75960141e-03,2.89744446e+02,7.98093796e+01,1.82837143e+01,1.48973480e-01,7.44069815e-01
5345803-S04-156I3-A-L-C-190-7-1,20.02.2020-14:48:46,1.90000000e+01,6.46117091e-01,8.90326309e+00,1.80665473e-03,3.97897827e+02,8.02373581e+01,1.87874241e+01,8.67820755e-02,1.25722453e-01
5345803-S04-156I3-A-L-C-190-7-1,20.02.2020-14:48:48,1.90000000e+01,6.44829690e-01,8.90190315e+00,1.84299983e-03,2.31466843e+02,8.01675720e+01,1.87308216e+01,1.30535096e-01,1.55363470e-01
5345803-S04-156I3-A-L-C-190-7-1,20.02.2020-14:48:50,2.00000000e+01,6.43061280e-01,8.90044308e+00,1.93017593e-03,2.39754013e+02,8.01209030e+01,1.86655178e+01,1.42958120e-01,2.44325787e-01
5345803-S04-156I3-A-L-C-190-7-1,20.02.2020-14:48:52,2.10000000e+01,6.42409444e-01,8.92577648e+00,1.83857966e-03,1.73611649e+02,7.96898041e+01,1.85990562e+01,1.37292802e-01,1.63561627e-01
5345803-S04-156I3-A-L-C-190-7-1,20.02.2020-14:48:54,2.00000000e+00,6.42495215e-01,8.79161835e+00,1.87510240e-03,2.78784149e+02,7.96482773e+01,1.83124027e+01,1.56192183e-01,3.04172337e-01
5345803-S04-156I3-A-L-C-190-7-1,20.02.2020-14:48:58,9.00000000e+00,6.46926880e-01,8.92765522e+00,1.66859047e-03,1.42532928e+02,8.03196106e+01,1.88818436e+01,1.84289277e-01,2.53612101e-01
5345803-S04-156I3-A-L-C-190-7-1,20.02.2020-14:49:00,9.00000000e+00,6.45597398e-01,8.90016079e+00,1.55689428e-03,3.25399963e+02,8.05125504e+01,1.88301334e+01,1.47345394e-01,6.95644736e-01
5345803-S04-156I3-A-L-C-190-7-1,20.02.2020-14:49:02,2.00000000e+01,6.43785179e-01,8.87091541e+00,1.68035959e-03,3.58294128e+02,8.00231781e+01,1.86018181e+01,1.35674939e-01,2.89132178e-01
5345803-S04-156I3-A-L-C-190-7-1,20.02.2020-14:49:05,2.00000000e+01,6.44296944e-01,8.88388920e+00,1.63513119e-03,2.40303268e+02,8.01198654e+01,1.86663570e+01,1.38862878e-01,2.81179696e-01
5345803-S04-156I3-A-L-C-190-7-1,20.02.2020-14:49:07,9.00000000e+00,6.46311522e-01,8.90671539e+00,1.61336060e-03,1.76001190e+02,8.02705078e+01,1.88081341e+01,1.47850364e-01,2.10845366e-01
5345803-S04-156I3-A-L-C-190-7-1,20.02.2020-14:49:09,8.00000000e+00,6.44997299e-01,8.99609280e+00,1.83906371e-03,1.99970490e+02,8.01539230e+01,1.89307060e+01,1.16334334e-01,1.40374765e-01
5345803-S04-156I3-A-L-C-190-7-1,20.02.2020-14:49:11,2.00000000e+01,6.41529918e-01,8.90691566e+00,1.86882273e-03,1.66249893e+02,8.01753540e+01,1.86472721e+01,1.85971886e-01,2.74634123e-01
5345803-S04-156I3-A-L-C-190-7-1,20.02.2020-14:49:13,2.00000000e+01,6.43618643e-01,8.92299747e+00,1.92139903e-03,1.97588837e+02,7.99921036e+01,1.86989269e+01,1.67573646e-01,2.41253152e-01
5345803-S04-156I3-A-L-C-190-7-1,20.02.2020-14:49:15,2.10000000e+01,6.42300069e-01,8.85402966e+00,1.78614981e-03,2.20714478e+02,8.01648560e+01,1.85563755e+01,2.00343683e-01,3.66837323e-01
5345803-S04-156I3-A-L-C-190-7-1,20.02.2020-14:49:17,2.10000000e+01,6.42671108e-01,8.84200382e+00,1.57242478e-03,6.02684875e+02,8.02077255e+01,1.85517921e+01,6.72747344e-02,2.63546228e-01
5345803-S04-156I3-A-L-C-190-7-1,20.02.2020-14:49:19,2.00000000e+01,6.43399119e-01,8.90850735e+00,1.84969755e-03,1.81812012e+02,8.00589447e+01,1.86777878e+01,1.01130024e-01,1.68164194e-01
5345803-S04-156I3-A-L-C-190-7-1,20.02.2020-14:49:21,2.00000000e+01,6.42228127e-01,8.91505432e+00,1.73203566e-03,3.29937103e+02,8.00959167e+01,1.86661129e+01,1.34653300e-01,2.67987609e-01
5345803-S04-156I3-A-L-C-190-7-1,20.02.2020-14:49:24,2.10000000e+01,6.42706156e-01,8.85869408e+00,1.57140184e-03,2.17565216e+02,8.00897522e+01,1.85604858e+01,1.63243487e-01,4.00533974e-01
5345803-S04-156I3-A-L-C-190-7-1,20.02.2020-14:49:26,2.00000000e+01,6.41879499e-01,8.90549755e+00,1.93163462e-03,2.13147873e+02,8.03362656e+01,1.86919041e+01,1.39057308e-01,3.90621603e-01
5345803-S04-156I3-A-L-C-190-7-1,20.02.2020-14:49:28,2.00000000e+01,6.42750263e-01,8.88730145e+00,1.66506518e-03,1.21416542e+02,8.03574753e+01,1.86839485e+01,2.12168753e-01,6.29334033e-01
5345803-S04-156I3-A-L-C-190-7-1,20.02.2020-14:49:30,1.90000000e+01,6.43730342e-01,8.90577030e+00,1.47201237e-03,2.08291473e+02,8.03428574e+01,1.87479153e+01,1.44812807e-01,3.73935163e-01
5345803-S04-156I3-A-L-C-190-7-1,20.02.2020-14:49:32,1.90000000e+01,6.43802345e-01,8.90768242e+00,1.65543647e-03,1.51529678e+02,8.02521973e+01,1.87328739e+01,1.75758764e-01,4.79598522e-01
5345803-S04-156I3-A-L-C-190-7-1,20.02.2020-14:49:34,1.90000000e+01,6.43276334e-01,8.91007710e+00,1.91666197e-03,3.36967316e+02,8.02157440e+01,1.87140961e+01,1.20440200e-01,3.73055875e-01
5345803-S04-156I3-A-L-C-190-7-1,20.02.2020-14:49:36,1.40000000e+01,6.42300546e-01,8.92163467e+00,1.91240385e-03,1.70001335e+01,7.99244766e+01,1.86420116e+01,7.67252862e-01,9.72260475e-01
5345803-S04-156I3-A-L-C-190-7-1,20.02.2020-14:49:38,1.90000000e+01,6.42831743e-01,8.92726421e+00,1.61013845e-03,3.01784729e+02,8.01623383e+01,1.87247601e+01,1.05096109e-01,1.99030593e-01
5345803-S04-156I3-A-L-C-190-7-1,20.02.2020-14:49:40,8.00000000e+00,6.45013213e-01,8.99394608e+00,1.84498040e-03,2.26820129e+02,8.01923141e+01,1.89357224e+01,1.26862660e-01,1.49340108e-01
5345803-S04-156I3-A-L-C-190-7-1,20.02.2020-14:49:43,1.00000000e+00,6.42609596e-01,8.84498501e+00,1.55294093e-03,1.94999161e+02,7.99639206e+01,1.84998665e+01,2.21122473e-01,3.75366390e-01
5345803-S04-156I3-A-L-C-190-7-1,20.02.2020-14:49:45,8.00000000e+00,6.47476733e-01,8.97373962e+00,1.85212446e-03,1.52758942e+02,8.02496796e+01,1.89789047e+01,1.69394881e-01,2.38903090e-01
5345803-S04-156I3-A-L-C-190-7-1,20.02.2020-14:49:47,9.00000000e+00,6.46840811e-01,8.96325493e+00,2.02994747e-03,8.58242722e+01,8.01226578e+01,1.89081364e+01,2.59504020e-01,3.32189292e-01
5345803-S04-156I3-A-L-C-190-7-1,20.02.2020-14:49:49,9.00000000e+00,6.45103812e-01,8.93943501e+00,2.00540223e-03,1.26840706e+02,8.01918030e+01,1.88234768e+01,1.75121754e-01,2.71522880e-01
5345803-S04-156I3-A-L-C-190-7-1,20.02.2020-14:49:51,1.90000000e+01,6.43691480e-01,8.93494987e+00,1.65103865e-03,2.23262939e+02,7.99633179e+01,1.87193546e+01,1.06452182e-01,1.29349172e-01
5345803-S04-156I3-A-L-C-190-7-1,20.02.2020-14:49:53,1.90000000e+01,6.44954801e-01,8.93197346e+00,2.13191984e-03,1.61317520e+02,7.99872894e+01,1.87554665e+01,1.78939268e-01,4.39063340e-01
5345803-S04-156I3-A-L-C-190-7-1,20.02.2020-14:49:55,9.00000000e+00,6.45674944e-01,8.90727997e+00,1.62938121e-03,2.03185669e+02,8.03512955e+01,1.88097095e+01,1.77220255e-01,5.66874981e-01
5345803-S04-156I3-A-L-C-190-7-1,20.02.2020-14:49:58,1.90000000e+01,6.43648088e-01,8.92998600e+00,1.82298338e-03,1.64012161e+02,8.03174133e+01,1.87905350e+01,1.71132907e-01,4.18676168e-01
5345803-S04-156I3-A-L-C-190-7-1,20.02.2020-14:50:00,1.00000000e+00,6.42871916e-01,8.84041977e+00,1.61822268e-03,4.66304718e+02,7.99604721e+01,1.84970665e+01,1.03227451e-01,2.61016250e-01
5345803-S04-156I3-A-L-C-190-7-1,20.02.2020-14:50:02,2.10000000e+01,6.43772781e-01,8.87326336e+00,1.67804305e-03,1.41453552e+02,7.99876099e+01,1.85981121e+01,1.96045235e-01,3.05510640e-01
5345803-S04-156I3-A-L-C-190-7-1,20.02.2020-14:50:04,9.00000000e+00,6.46035969e-01,8.98598957e+00,1.79573975e-03,1.68658691e+02,8.00012360e+01,1.89038162e+01,1.24676444e-01,1.48130983e-01
5345803-S04-156I3-A-L-C-190-7-1,20.02.2020-14:50:06,9.00000000e+00,6.44389093e-01,8.94129467e+00,1.88239408e-03,1.63997208e+02,8.01676788e+01,1.88008766e+01,1.46875650e-01,2.04366714e-01
5345803-S04-156I3-A-L-C-190-7-1,20.02.2020-14:50:08,2.00000000e+01,6.43364727e-01,8.90872955e+00,1.61275046e-03,2.44676300e+02,8.01185684e+01,1.86911659e+01,1.33029893e-01,2.11021975e-01
5345803-S04-156I3-A-L-C-190-7-1,20.02.2020-14:50:10,1.90000000e+01,6.43501759e-01,8.90848637e+00,1.70236186e-03,1.72083191e+02,8.02910080e+01,1.87348728e+01,1.95429847e-01,4.85837817e-01
5345803-S04-156I3-A-L-C-190-7-1,20.02.2020-14:50:12,1.90000000e+01,6.44576609e-01,8.89289474e+00,1.95948780e-03,2.38830475e+02,8.02867737e+01,1.87323360e+01,1.34828731e-01,4.54945982e-01
5345803-S04-156I3-A-L-C-190-7-1,20.02.2020-14:50:14,1.90000000e+01,6.43358588e-01,8.89599037e+00,1.62711111e-03,1.47983597e+02,8.03560562e+01,1.87195854e+01,2.01333165e-01,4.47773784e-01
5345803-S04-156I3-A-L-C-190-7-1,20.02.2020-14:50:16,2.00000000e+01,6.42923057e-01,8.89477539e+00,1.76892197e-03,2.30491409e+02,7.99739685e+01,1.86154175e+01,7.76905939e-02,9.61584970e-02
5345803-S04-156I3-A-L-C-190-7-1,20.02.2020-14:50:18,2.00000000e+01,6.43561184e-01,8.88873768e+00,1.87242450e-03,2.14163101e+02,8.01622086e+01,1.86650772e+01,1.50005221e-01,3.56443495e-01
5345803-S04-156I3-A-L-C-190-7-1,20.02.2020-14:50:21,2.00000000e+01,6.42548382e-01,8.92506886e+00,1.74471957e-03,2.08449066e+02,8.00290375e+01,1.86807861e+01,1.25153139e-01,2.35314861e-01
5345803-S04-156I3-A-L-C-190-7-1,20.02.2020-14:50:23,2.00000000e+01,6.42140508e-01,8.90918922e+00,1.32708647e-03,1.64212753e+02,8.01277084e+01,1.86586914e+01,1.73970133e-01,3.07588518e-01
5345803-S04-156I3-A-L-C-190-7-1,20.02.2020-14:50:25,1.90000000e+01,6.45708859e-01,8.92102051e+00,1.68225018e-03,4.10366821e+01,8.01500626e+01,1.87925339e+01,4.46433991e-01,5.28589666e-01
5345803-S04-156I3-A-L-C-190-7-1,20.02.2020-14:50:27,2.10000000e+01,6.43309414e-01,8.87170601e+00,1.93884608e-03,2.20023987e+02,7.99538193e+01,1.85736160e+01,1.46277383e-01,3.22624028e-01
5345803-S04-156I3-A-L-C-190-7-1,20.02.2020-14:50:29,2.00000000e+01,6.41966939e-01,8.90457439e+00,1.66525599e-03,2.96188934e+02,8.01749496e+01,1.86549778e+01,1.66662291e-01,2.70888388e-01
5345803-S04-156I3-A-L-C-190-7-1,20.02.2020-14:50:31,2.00000000e+01,6.42763793e-01,8.91795254e+00,1.98291801e-03,1.65872391e+02,8.00370255e+01,1.86740150e+01,1.73906565e-01,2.58392483e-01
5345803-S04-156I3-A-L-C-190-7-1,20.02.2020-14:50:33,9.00000000e+00,6.45464122e-01,8.92386150e+00,1.86391687e-03,1.44848434e+02,8.03413773e+01,1.88362484e+01,2.31586069e-01,3.20233107e-01
5345803-S04-156I3-A-L-C-190-7-1,20.02.2020-14:50:35,2.10000000e+01,6.42664373e-01,8.83127213e+00,1.51006738e-03,2.40144989e+02,8.00925293e+01,1.85024700e+01,1.74463734e-01,3.47344249e-01
5345803-S04-156I3-A-L-C-190-7-1,20.02.2020-14:50:37,9.00000000e+00,6.46096051e-01,8.99151421e+00,2.10776879e-03,1.56222534e+02,7.98671570e+01,1.88854923e+01,1.34802863e-01,1.59160286e-01
5345803-S04-156I3-A-L-C-190-7-1,20.02.2020-14:50:39,2.10000000e+01,6.42776549e-01,8.83664989e+00,1.65435649e-03,4.05097931e+02,8.00504608e+01,1.85072422e+01,1.00962453e-01,2.04842061e-01
5345803-S04-156I3-A-L-C-190-7-1,20.02.2020-14:50:42,1.90000000e+01,6.42379880e-01,8.96949291e+00,1.87467725e-03,2.60618744e+02,7.98114853e+01,1.87178268e+01,1.02266543e-01,1.18900120e-01
5345803-S04-156I3-A-L-C-190-7-1,20.02.2020-14:50:44,9.00000000e+00,6.46380126e-01,8.90914536e+00,1.72458286e-03,5.21212959e+01,8.03503723e+01,1.88339825e+01,5.94938576e-01,1.04213762e+00
5345803-S04-156I3-A-L-C-190-7-1,20.02.2020-14:50:46,1.90000000e+01,6.45072043e-01,8.93054008e+00,2.05214717e-03,3.18518005e+02,8.00988541e+01,1.87820244e+01,1.25926882e-01,2.14289159e-01
5345803-S04-156I3-A-L-C-190-7-1,20.02.2020-14:50:48,2.00000000e+01,6.45110369e-01,8.88787174e+00,1.96416466e-03,2.59654694e+02,7.98779297e+01,1.86418419e+01,1.15254872e-01,1.71188354e-01
5345803-S04-156I3-A-L-C-190-7-1,20.02.2020-14:50:50,9.00000000e+00,6.46477699e-01,8.92148304e+00,1.74648559e-03,2.14412704e+02,8.02817078e+01,1.88467903e+01,1.16602629e-01,1.58117518e-01
5345803-S04-156I3-A-L-C-190-7-1,20.02.2020-14:50:52,9.00000000e+00,6.46063745e-01,8.91658783e+00,1.92970852e-03,1.82891785e+02,8.03468399e+01,1.88396587e+01,1.33061528e-01,1.79085881e-01
5345803-S04-156I3-A-L-C-190-7-1,20.02.2020-14:50:54,1.90000000e+01,6.45635068e-01,8.91542053e+00,2.13812594e-03,1.75799911e+02,8.01991806e+01,1.87900982e+01,1.45788923e-01,1.88332260e-01
5345803-S04-156I3-A-L-C-190-7-1,20.02.2020-14:50:56,9.00000000e+00,6.45374060e-01,8.94547272e+00,1.75378926e-03,1.36426468e+02,8.02731247e+01,1.88631916e+01,2.11435318e-01,2.83962369e-01
5345803-S04-156I3-A-L-C-190-7-1,20.02.2020-14:50:58,9.00000000e+00,6.46075726e-01,8.94420433e+00,1.79536222e-03,1.99862488e+02,8.02356186e+01,1.88722000e+01,1.40091032e-01,1.94244251e-01
5345803-S04-156I3-A-L-C-190-7-1,20.02.2020-14:51:00,7.00000000e+00,6.47959650e-01,8.99006748e+00,1.61247456e-03,1.98819794e+02,8.03235474e+01,1.90451317e+01,1.27013654e-01,1.71908543e-01
5345803-S04-156I3-A-L-C-190-7-1,20.02.2020-14:51:03,1.90000000e+01,6.43267035e-01,8.92448044e+00,1.86701305e-03,1.62642334e+02,8.02394714e+01,1.87496185e+01,2.13707522e-01,3.60129327e-01
5345803-S04-156I3-A-L-C-190-7-1,20.02.2020-14:51:05,7.00000000e+00,6.48370385e-01,8.96859264e+00,2.07142066e-03,6.89661636e+01,8.03826599e+01,1.90256729e+01,3.27554256e-01,4.19548482e-01
5345803-S04-156I3-A-L-C-190-7-1,20.02.2020-14:51:07,2.00000000e+01,6.43097818e-01,8.90960503e+00,2.19857064e-03,3.04997986e+02,8.00619583e+01,1.86720448e+01,9.79300141e-02,2.12558106e-01
5345803-S04-156I3-A-L-C-190-7-1,20.02.2020-14:51:09,2.00000000e+01,6.41351879e-01,8.94963360e+00,1.91245147e-03,1.71155273e+02,7.97376862e+01,1.86292534e+01,1.08637303e-01,1.41706601e-01
5345803-S04-156I3-A-L-C-190-7-1,20.02.2020-14:51:11,2.00000000e+00,6.42666757e-01,8.77535343e+00,1.58199400e-03,1.32176315e+02,7.98280411e+01,1.83246689e+01,2.14309931e-01,3.64935249e-01
5345803-S04-156I3-A-L-C-190-7-1,20.02.2020-14:51:13,2.00000000e+00,6.38397396e-01,8.77832699e+00,1.97480526e-03,1.90425049e+02,8.01645203e+01,1.82858524e+01,1.70572639e-01,7.35564947e-01
5345803-S04-156I3-A-L-C-190-7-1,20.02.2020-14:51:15,2.00000000e+01,6.44255579e-01,8.91695023e+00,2.13559391e-03,1.10908028e+02,7.99532089e+01,1.86956520e+01,2.03129321e-01,3.01635414e-01
5345803-S04-156I3-A-L-C-190-7-1,20.02.2020-14:51:17,3.00000000e+00,6.36300623e-01,8.74128532e+00,1.80809200e-03,2.50135361e+02,8.02069168e+01,1.81584873e+01,2.29117572e-01,6.97566092e-01
5345803-S04-156I3-A-L-C-190-7-1,20.02.2020-14:51:19,1.90000000e+01,6.45623446e-01,8.89615250e+00,1.58771197e-03,2.37227036e+02,8.02828217e+01,1.87687054e+01,1.28055975e-01,2.91172892e-01
5345803-S04-156I3-A-L-C-190-7-1,20.02.2020-14:51:21,9.00000000e+00,6.47255063e-01,8.92312527e+00,1.61941140e-03,1.39640671e+02,8.02862320e+01,1.88739891e+01,1.49984896e-01,2.10154787e-01
5345803-S04-156I3-A-L-C-190-7-1,20.02.2020-14:51:24,1.90000000e+01,6.45269990e-01,8.90493202e+00,1.66354852e-03,4.41018105e+01,8.02661438e+01,1.87730446e+01,3.62412363e-01,5.52306890e-01
5345803-S04-156I3-A-L-C-190-7-1,20.02.2020-15:01:59,2.00000000e+01,6.42526627e-01,8.90752888e+00,2.06210697e-03,1.43577591e+02,8.00599976e+01,1.86506577e+01,2.39975423e-01,6.29251003e-01
5345803-S04-156I3-A-L-C-190-7-1,20.02.2020-15:02:01,1.90000000e+01,6.44466698e-01,8.93228054e+00,1.86433329e-03,1.23519760e+02,8.00222549e+01,1.87501087e+01,2.45887563e-01,5.75310349e-01
5345803-S04-156I3-A-L-C-190-7-1,20.02.2020-15:02:04,1.90000000e+01,6.43643379e-01,8.92059231e+00,2.03417358e-03,2.15729050e+02,8.00397491e+01,1.87057419e+01,2.11563051e-01,5.54605722e-01
5345803-S04-156I3-A-L-C-190-7-1,20.02.2020-15:02:06,1.00000000e+00,6.39131010e-01,8.85657883e+00,1.87506189e-03,2.26445709e+02,7.99163132e+01,1.84128723e+01,2.24833339e-01,6.75022364e-01
5345803-S04-156I3-A-L-C-190-7-1,20.02.2020-15:02:08,2.00000000e+00,6.38232470e-01,8.85375786e+00,2.12050416e-03,2.12988922e+02,7.98925018e+01,1.83756504e+01,2.37767503e-01,7.17144966e-01
5345803-S04-156I3-A-L-C-190-7-1,20.02.2020-15:02:10,2.00000000e+01,6.42834544e-01,8.90514755e+00,2.04052730e-03,1.77722519e+02,7.98576126e+01,1.86074486e+01,1.97228611e-01,4.75627840e-01
5345803-S04-156I3-A-L-C-190-7-1,20.02.2020-15:02:12,2.00000000e+01,6.43800855e-01,8.91498852e+00,2.01257528e-03,7.53542633e+01,7.99620514e+01,1.86804123e+01,3.48449320e-01,5.35767436e-01
5345803-S04-156I3-A-L-C-190-7-1,20.02.2020-15:02:14,1.90000000e+01,6.43947184e-01,8.93222237e+00,2.18664040e-03,1.65666138e+02,7.99362564e+01,1.87147388e+01,1.89446390e-01,2.72878557e-01
5345803-S04-156I3-A-L-C-190-7-1,20.02.2020-15:02:16,2.00000000e+01,6.42566562e-01,8.91026497e+00,2.25201668e-03,2.46611679e+02,7.99366226e+01,1.86287956e+01,1.61608934e-01,4.81209904e-01
5345803-S04-156I3-A-L-C-190-7-1,20.02.2020-15:02:18,2.00000000e+01,6.44264340e-01,8.93718147e+00,2.29734578e-03,2.46463989e+02,7.97727432e+01,1.86960297e+01,2.04542667e-01,2.90239751e-01
5345803-S04-156I3-A-L-C-190-7-1,20.02.2020-15:02:21,8.00000000e+00,6.47846639e-01,8.97860336e+00,2.23689759e-03,9.58996735e+01,7.99147644e+01,1.89207439e+01,2.77149677e-01,3.63233030e-01
5345803-S04-156I3-A-L-C-190-7-1,20.02.2020-15:02:23,8.00000000e+00,6.47990465e-01,8.98428917e+00,2.32430710e-03,1.71844681e+02,7.98778305e+01,1.89281788e+01,1.67224959e-01,2.30796888e-01
5345803-S04-156I3-A-L-C-190-7-1,20.02.2020-15:02:25,2.00000000e+01,6.43581927e-01,8.92861938e+00,2.20474997e-03,1.05727226e+02,7.97695236e+01,1.86575813e+01,2.91207492e-01,5.14872909e-01
5345803-S04-156I3-A-L-C-190-7-1,20.02.2020-15:02:27,2.00000000e+01,6.43706501e-01,8.92363834e+00,2.14520656e-03,3.01515289e+02,7.97748337e+01,1.86520233e+01,2.30667815e-01,7.59675503e-01
5345803-S04-156I3-A-L-C-190-7-1,20.02.2020-15:02:29,1.90000000e+01,6.44892871e-01,8.93975163e+00,2.05991277e-03,2.48174545e+02,7.99043884e+01,1.87505436e+01,1.36675015e-01,3.65865111e-01
5345803-S04-156I3-A-L-C-190-7-1,20.02.2020-15:02:31,2.00000000e+01,6.43584788e-01,8.92840195e+00,2.06872355e-03,1.03483330e+02,7.98858643e+01,1.86844196e+01,2.41723031e-01,5.95425904e-01
5345803-S04-156I3-A-L-C-190-7-1,20.02.2020-15:02:33,9.00000000e+00,6.44836664e-01,8.96977043e+00,2.09812820e-03,2.77564178e+02,7.99756241e+01,1.88286362e+01,2.01766625e-01,3.91787797e-01
5345803-S04-156I3-A-L-C-190-7-1,20.02.2020-15:02:35,1.90000000e+01,6.45819068e-01,8.96508217e+00,2.27305200e-03,7.97552567e+01,7.97204514e+01,1.87873306e+01,3.62368673e-01,4.33790475e-01
5345803-S04-156I3-A-L-C-190-7-1,20.02.2020-15:02:38,2.00000000e+01,6.42919064e-01,8.91315556e+00,1.81602035e-03,1.24325607e+02,8.01417847e+01,1.86929150e+01,3.02265942e-01,5.69581509e-01
5345803-S04-156I3-A-L-C-190-7-1,20.02.2020-15:02:40,2.00000000e+01,6.42094374e-01,8.90477180e+00,1.98091380e-03,1.55581116e+02,8.00041962e+01,1.86193542e+01,2.30227843e-01,4.93225127e-01
5345803-S04-156I3-A-L-C-190-7-1,20.02.2020-15:02:42,8.00000000e+00,6.46483481e-01,8.98467827e+00,2.04289402e-03,1.78254593e+02,8.00358353e+01,1.89223328e+01,1.82055190e-01,2.20933110e-01
5345803-S04-156I3-A-L-C-190-7-1,20.02.2020-15:02:44,1.90000000e+01,6.44951642e-01,8.94555283e+00,2.06862064e-03,1.88420349e+02,7.99959183e+01,1.87859154e+01,1.66716486e-01,2.13531360e-01
5345803-S04-156I3-A-L-C-190-7-1,20.02.2020-15:02:46,9.00000000e+00,6.46078110e-01,8.95195198e+00,1.96315418e-03,1.31952530e+02,8.00233307e+01,1.88386421e+01,1.91595674e-01,2.64324456e-01
5345803-S04-156I3-A-L-C-190-7-1,20.02.2020-15:02:48,1.90000000e+01,6.45785749e-01,8.94952869e+00,2.14142306e-03,1.04054863e+02,7.97867966e+01,1.87693768e+01,2.17232510e-01,2.68198311e-01
5345803-S04-156I3-A-L-C-190-7-1,20.02.2020-15:02:50,2.00000000e+01,6.43098593e-01,8.90633774e+00,2.17065844e-03,1.83564178e+02,7.98857574e+01,1.86241436e+01,2.27468714e-01,7.24132538e-01
5345803-S04-156I3-A-L-C-190-7-1,20.02.2020-15:02:52,2.00000000e+01,6.43840551e-01,8.90571117e+00,2.25727586e-03,1.98634094e+02,7.97349014e+01,1.86091099e+01,2.20813617e-01,7.12374389e-01
5345803-S04-156I3-A-L-C-190-7-1,20.02.2020-15:02:54,2.00000000e+01,6.44030690e-01,8.92629623e+00,2.10385863e-03,3.03031219e+02,7.98780441e+01,1.86911278e+01,1.80298701e-01,4.93928820e-01
5345803-S04-156I3-A-L-C-190-7-1,20.02.2020-15:02:57,1.90000000e+01,6.45200610e-01,8.94005013e+00,1.93575444e-03,1.21148521e+02,7.98505630e+01,1.87474785e+01,2.36315817e-01,4.66848075e-01
5345803-S04-156I3-A-L-C-190-7-1,20.02.2020-15:02:59,2.00000000e+01,6.42545760e-01,8.90859318e+00,1.96949765e-03,1.82918427e+02,8.00059891e+01,1.86408577e+01,2.17492983e-01,6.09158516e-01
5345803-S04-156I3-A-L-C-190-7-1,20.02.2020-15:03:01,2.00000000e+01,6.44036770e-01,8.92554569e+00,1.84746773e-03,1.61200623e+02,7.99155807e+01,1.86985149e+01,2.49380141e-01,5.95683336e-01
5345803-S04-156I3-A-L-C-190-7-1,20.02.2020-15:03:03,1.90000000e+01,6.43691480e-01,8.93295956e+00,2.12673610e-03,1.36355255e+02,7.99459763e+01,1.87111282e+01,2.59337723e-01,6.57852709e-01
5345803-S04-156I3-A-L-C-190-7-1,20.02.2020-15:03:05,1.90000000e+01,6.44849598e-01,8.93299198e+00,2.15041032e-03,1.12387268e+02,7.98083878e+01,1.87125988e+01,2.16309041e-01,4.76897776e-01
5345803-S04-156I3-A-L-C-190-7-1,20.02.2020-15:03:07,2.10000000e+01,6.42300487e-01,8.88229752e+00,2.03174446e-03,2.13591476e+02,7.99809570e+01,1.85729275e+01,2.41352171e-01,6.44234657e-01
5345803-S04-156I3-A-L-C-190-7-1,20.02.2020-15:03:09,2.00000000e+01,6.42877638e-01,8.89735889e+00,1.99055718e-03,1.55163589e+02,7.99612885e+01,1.86165600e+01,2.15039194e-01,5.19857287e-01
5345803-S04-156I3-A-L-C-190-7-1,20.02.2020-15:03:11,1.90000000e+01,6.43612206e-01,8.93397522e+00,2.22949567e-03,1.55649673e+02,7.99247971e+01,1.87059937e+01,2.15728462e-01,3.32887292e-01
5345803-S04-156I3-A-L-C-190-7-1,20.02.2020-15:03:13,1.90000000e+01,6.43937886e-01,8.92894554e+00,2.00155843e-03,1.16023514e+02,7.99390717e+01,1.87082634e+01,2.06884667e-01,3.08380574e-01
5345803-S04-156I3-A-L-C-190-7-1,20.02.2020-15:03:15,2.10000000e+01,6.41905487e-01,8.89676762e+00,1.92913145e-03,1.47149765e+02,7.99995499e+01,1.85960674e+01,2.37348333e-01,5.67668498e-01
5345803-S04-156I3-A-L-C-190-7-1,20.02.2020-15:03:18,2.00000000e+01,6.43431008e-01,8.89829254e+00,2.09487812e-03,1.18398537e+02,7.98951569e+01,1.86191273e+01,2.58510262e-01,4.80797917e-01
5345803-S04-156I3-A-L-C-190-7-1,20.02.2020-15:03:20,2.00000000e+01,6.43924773e-01,8.90610123e+00,2.19486468e-03,2.14674393e+02,7.97922897e+01,1.86257553e+01,1.77719370e-01,3.38534594e-01
5345803-S04-156I3-A-L-C-190-7-1,20.02.2020-15:03:22,2.00000000e+01,6.43116474e-01,8.91122055e+00,2.18632538e-03,1.60651688e+02,7.98113098e+01,1.86175060e+01,2.21437827e-01,5.81626058e-01
5345803-S04-156I3-A-L-C-190-7-1,20.02.2020-15:03:24,2.40000000e+01,6.43721044e-01,8.93059731e+00,1.59180781e-03,1.23869848e+01,7.95136032e+01,1.86058636e+01,2.30837035e+00,2.63001776e+00
5345803-S04-156I3-A-L-C-190-7-1,20.02.2020-15:03:26,2.00000000e+01,6.43689871e-01,8.92115593e+00,2.05867761e-03,1.33186462e+02,7.97731323e+01,1.86459579e+01,2.36974120e-01,5.88887930e-01
5345803-S04-156I3-A-L-C-190-7-1,20.02.2020-15:03:28,2.00000000e+01,6.43976092e-01,8.92521381e+00,2.14677956e-03,2.82377625e+02,7.98688278e+01,1.86851177e+01,2.34328419e-01,5.47024250e-01
5345803-S04-156I3-A-L-C-190-7-1,20.02.2020-15:03:30,1.90000000e+01,6.44619524e-01,8.93240929e+00,1.92794332e-03,1.82769409e+02,7.99837952e+01,1.87458134e+01,2.28755578e-01,5.44469059e-01
5345803-S04-156I3-A-L-C-190-7-1,20.02.2020-15:03:32,2.00000000e+01,6.42278075e-01,8.90748787e+00,2.29347800e-03,1.03464676e+02,7.99147797e+01,1.86095409e+01,3.14800560e-01,7.19009042e-01
5345803-S04-156I3-A-L-C-190-7-1,20.02.2020-15:03:34,1.90000000e+01,6.44078255e-01,8.93284702e+00,2.14286498e-03,2.31869431e+02,7.99710693e+01,1.87280102e+01,1.71179533e-01,5.11777282e-01
5345803-S04-156I3-A-L-C-190-7-1,20.02.2020-15:03:36,2.00000000e+01,6.43032312e-01,8.96240807e+00,2.37182295e-03,1.66044952e+02,7.94956131e+01,1.86479397e+01,2.35081449e-01,4.13730502e-01
5345803-S04-156I3-A-L-C-190-7-1,20.02.2020-15:03:39,2.10000000e+01,6.42378211e-01,8.89258289e+00,2.27398332e-03,1.15930222e+02,7.98418045e+01,1.85643291e+01,2.63444155e-01,5.94500959e-01
5345803-S04-156I3-A-L-C-190-7-1,20.02.2020-15:03:41,2.10000000e+01,6.42032743e-01,8.88424969e+00,2.02308409e-03,1.69267487e+02,7.99825516e+01,1.85696354e+01,1.85477212e-01,4.65497404e-01
5345803-S04-156I3-A-L-C-190-7-1,20.02.2020-15:03:43,3.00000000e+00,6.34522140e-01,8.80189514e+00,1.74932717e-03,3.52268944e+01,7.96917191e+01,1.81161690e+01,5.71244597e-01,1.16854954e+00
5345803-S04-156I3-A-L-C-190-7-1,20.02.2020-15:03:45,2.00000000e+00,6.35947108e-01,8.82354355e+00,2.01146514e-03,1.08494476e+02,7.98467178e+01,1.82369137e+01,3.27962011e-01,7.95297146e-01
5345803-S04-156I3-A-L-C-190-7-1,20.02.2020-15:03:47,2.10000000e+01,6.41539872e-01,8.88257790e+00,2.02935166e-03,1.60093307e+02,7.99815292e+01,1.85516510e+01,1.71287522e-01,5.06324530e-01
5345803-S04-156I3-A-L-C-190-7-1,20.02.2020-15:03:49,8.00000000e+00,6.47197723e-01,8.98307800e+00,1.82049046e-03,2.26503815e+02,8.03264008e+01,1.90086212e+01,2.04420984e-01,2.45461762e-01
5345803-S04-156I3-A-L-C-190-7-1,20.02.2020-15:03:51,1.40000000e+01,6.46862388e-01,8.99172306e+00,2.01634457e-03,1.47138462e+01,7.99514008e+01,1.89282799e+01,1.31864560e+00,1.54916906e+00
5345803-S04-156I3-A-L-C-190-7-1,20.02.2020-15:03:53,1.40000000e+01,6.41434491e-01,8.97385216e+00,2.00439896e-03,2.48038540e+01,7.95579834e+01,1.86399708e+01,1.30885327e+00,1.55288994e+00
5345803-S04-156I3-A-L-C-190-7-1,20.02.2020-15:03:55,3.00000000e+00,6.32099569e-01,8.80293179e+00,1.84467225e-03,1.00056244e+02,8.01188354e+01,1.81458645e+01,4.07661110e-01,8.87423813e-01
5345803-S04-156I3-A-L-C-190-7-1,20.02.2020-15:03:58,3.00000000e+00,6.31741822e-01,8.81172657e+00,1.96378957e-03,6.83175659e+01,8.01487122e+01,1.81604824e+01,5.70700824e-01,1.17149389e+00
5345803-S04-156I3-A-L-C-190-7-1,20.02.2020-15:04:00,8.00000000e+00,6.47638917e-01,8.99681377e+00,1.86729163e-03,3.40569954e+01,8.01800995e+01,1.90159683e+01,1.14223504e+00,1.35802877e+00
5345803-S04-156I3-A-L-C-190-7-1,20.02.2020-15:04:02,8.00000000e+00,6.46582007e-01,8.98554611e+00,1.85304938e-03,7.53246384e+01,8.02191544e+01,1.89703960e+01,4.27208573e-01,5.17505586e-01
5345803-S04-156I3-A-L-C-190-7-1,20.02.2020-15:04:04,9.00000000e+00,6.45626903e-01,8.95630169e+00,1.92194525e-03,1.98822464e+02,8.00915298e+01,1.88506832e+01,1.37887269e-01,1.93666294e-01
5345803-S04-156I3-A-L-C-190-7-1,20.02.2020-15:04:06,8.00000000e+00,6.46646857e-01,9.01407433e+00,2.22200225e-03,3.17809429e+01,7.99392166e+01,1.89661160e+01,1.02035224e+00,1.19781804e+00
5345803-S04-156I3-A-L-C-190-7-1,20.02.2020-15:04:08,8.00000000e+00,6.45825505e-01,8.97597122e+00,2.09393725e-03,7.61464844e+01,8.01963501e+01,1.89226284e+01,4.23815489e-01,5.14047921e-01
5345803-S04-156I3-A-L-C-190-7-1,20.02.2020-15:04:10,1.00000000e+00,6.39998734e-01,8.90410423e+00,2.24003545e-03,1.06251625e+02,7.96203995e+01,1.84681702e+01,3.61057073e-01,5.51472306e-01
5345803-S04-156I3-A-L-C-190-7-1,20.02.2020-15:04:12,1.00000000e+00,6.40439451e-01,8.90701771e+00,2.20497744e-03,9.99537811e+01,7.95921173e+01,1.84803696e+01,3.44707072e-01,5.33360362e-01
5345803-S04-156I3-A-L-C-190-7-1,20.02.2020-15:04:14,9.00000000e+00,6.45240963e-01,8.97785664e+00,1.97744370e-03,1.33159790e+02,7.99971085e+01,1.88624916e+01,1.96872726e-01,2.36021474e-01
5345803-S04-156I3-A-L-C-190-7-1,20.02.2020-15:04:16,8.00000000e+00,6.48185313e-01,8.98501778e+00,1.88145216e-03,2.34252014e+02,8.01319580e+01,1.89956474e+01,1.40249044e-01,1.81520298e-01
5345803-S04-156I3-A-L-C-190-7-1,20.02.2020-15:04:19,8.00000000e+00,6.47787750e-01,8.96882439e+00,2.23091664e-03,1.08504120e+02,7.99731827e+01,1.89122334e+01,2.24351615e-01,2.77338535e-01
5345803-S04-156I3-A-L-C-190-7-1,20.02.2020-15:04:21,9.00000000e+00,6.47787213e-01,8.96257210e+00,2.26267567e-03,2.10677582e+02,7.99503937e+01,1.88936481e+01,1.18932746e-01,1.53999180e-01
5345803-S04-156I3-A-L-C-190-7-1,20.02.2020-15:04:23,8.00000000e+00,6.46631777e-01,8.96903801e+00,1.90799602e-03,4.99049377e+01,8.02406693e+01,1.89420815e+01,6.39702022e-01,7.59498239e-01
5345803-S04-156I3-A-L-C-190-7-1,20.02.2020-15:04:25,8.00000000e+00,6.48349285e-01,8.97759056e+00,1.63873937e-03,9.81997604e+01,8.01888046e+01,1.89982128e+01,3.67453456e-01,5.10192096e-01
5345803-S04-156I3-A-L-C-190-7-1,20.02.2020-15:04:27,9.00000000e+00,6.46120071e-01,8.97165489e+00,2.08711298e-03,1.38977707e+02,7.99610825e+01,1.88666420e+01,1.82218477e-01,2.47029975e-01
5345803-S04-156I3-A-L-C-190-7-1,20.02.2020-15:04:29,8.00000000e+00,6.48491085e-01,8.96353149e+00,2.27168342e-03,1.42719345e+02,8.00403595e+01,1.89374886e+01,1.97684750e-01,2.87541538e-01
5345803-S04-156I3-A-L-C-190-7-1,20.02.2020-15:04:31,1.90000000e+01,6.44767046e-01,8.95259953e+00,2.06352584e-03,1.44556000e+02,7.98278351e+01,1.87558403e+01,2.23732546e-01,3.38895082e-01
5345803-S04-156I3-A-L-C-190-7-1,20.02.2020-15:04:33,9.00000000e+00,6.45672739e-01,8.94819164e+00,1.83980318e-03,1.11087654e+02,8.00347443e+01,1.88215981e+01,2.45824367e-01,4.14130837e-01
5345803-S04-156I3-A-L-C-190-7-1,20.02.2020-15:04:35,1.90000000e+01,6.45141482e-01,8.93519974e+00,2.09721574e-03,1.58739090e+02,8.00006256e+01,1.87708015e+01,1.96180269e-01,3.91320109e-01
5345803-S04-156I3-A-L-C-190-7-1,20.02.2020-15:04:37,9.00000000e+00,6.45286381e-01,8.94894600e+00,1.89466227e-03,1.30693634e+02,8.00120544e+01,1.88065853e+01,2.92285681e-01,4.77482110e-01
5345803-S04-156I3-A-L-C-190-7-1,20.02.2020-15:04:40,1.90000000e+01,6.45432949e-01,8.93543720e+00,1.89467706e-03,2.16656799e+02,8.00182877e+01,1.87839279e+01,2.04428658e-01,3.78784835e-01
5345803-S04-156I3-A-L-C-190-7-1,20.02.2020-15:04:42,8.00000000e+00,6.48137867e-01,8.97139549e+00,2.26230267e-03,2.22203430e+02,7.99025955e+01,1.89111748e+01,1.08484253e-01,1.55967236e-01
5345803-S04-156I3-A-L-C-190-7-1,20.02.2020-15:04:44,9.00000000e+00,6.48346186e-01,8.95273876e+00,2.26776255e-03,1.38517380e+02,7.99867859e+01,1.88978043e+01,1.71647191e-01,2.41290480e-01
5345803-S04-156I3-A-L-C-190-7-1,20.02.2020-15:04:46,8.00000000e+00,6.47411108e-01,8.95293331e+00,1.74764427e-03,2.67331848e+02,8.02106171e+01,1.89237633e+01,1.21386833e-01,1.82358116e-01
5345803-S04-156I3-A-L-C-190-7-1,20.02.2020-15:04:48,8.00000000e+00,6.46592557e-01,9.01433086e+00,2.27571698e-03,1.29298325e+02,7.99604492e+01,1.89701004e+01,2.50827789e-01,3.12268764e-01
5345803-S04-156I3-A-L-C-190-7-1,20.02.2020-15:04:50,9.00000000e+00,6.46173716e-01,8.95549870e+00,2.03720387e-03,1.84780930e+02,8.01102524e+01,1.88693695e+01,1.97936103e-01,3.99262756e-01
5345803-S04-156I3-A-L-C-190-7-1,20.02.2020-15:04:52,9.00000000e+00,6.47097766e-01,8.93438148e+00,2.03497056e-03,1.72362793e+02,8.00908737e+01,1.88472347e+01,2.50514239e-01,3.68587881e-01
5345803-S04-156I3-A-L-C-190-7-1,20.02.2020-15:04:54,3.00000000e+00,6.33085191e-01,8.81589603e+00,1.85607118e-03,9.08618393e+01,8.01054993e+01,1.81978951e+01,4.37971234e-01,9.45048392e-01
5345803-S04-156I3-A-L-C-190-7-1,20.02.2020-15:04:57,1.90000000e+01,6.47412181e-01,8.93194771e+00,2.24272185e-03,1.29242981e+02,7.98573990e+01,1.87963028e+01,2.72320569e-01,3.87222350e-01
5345803-S04-156I3-A-L-C-190-7-1,20.02.2020-15:04:59,9.00000000e+00,6.46424592e-01,8.95497799e+00,2.04359577e-03,7.25792847e+01,8.00847244e+01,1.88695831e+01,4.77928758e-01,6.70488775e-01
5345803-S04-156I3-A-L-C-190-7-1,20.02.2020-15:05:01,9.00000000e+00,6.46363795e-01,8.95172787e+00,1.98334316e-03,5.92851715e+01,8.02321396e+01,1.88956776e+01,4.73674268e-01,6.72174513e-01
5345803-S04-156I3-A-L-C-190-7-1,20.02.2020-15:05:03,8.00000000e+00,6.46400034e-01,8.95423126e+00,1.90963759e-03,1.87843918e+02,8.03623047e+01,1.89326859e+01,1.47693574e-01,2.46043220e-01
5345803-S04-156I3-A-L-C-190-7-1,20.02.2020-15:05:05,9.00000000e+00,6.47585869e-01,8.93688679e+00,1.85969903e-03,9.88039093e+01,8.00876846e+01,1.88659897e+01,2.23661080e-01,3.28884155e-01
5345803-S04-156I3-A-L-C-190-7-1,20.02.2020-15:05:07,9.00000000e+00,6.44776762e-01,8.97008991e+00,1.74728583e-03,2.06814728e+02,7.99756088e+01,1.88275547e+01,1.36072949e-01,1.64551333e-01
5345803-S04-156I3-A-L-C-190-7-1,20.02.2020-15:05:09,9.00000000e+00,6.46562934e-01,8.95386505e+00,2.10033986e-03,9.03780594e+01,8.01137848e+01,1.88781223e+01,3.66237491e-01,5.04665136e-01
5345803-S04-156I3-A-L-C-190-7-1,20.02.2020-15:05:11,1.90000000e+01,6.44690037e-01,8.88992405e+00,1.84703595e-03,9.89381332e+01,8.01759186e+01,1.87035103e+01,4.45351511e-01,1.07199609e+00
5345803-S04-156I3-A-L-C-190-7-1,20.02.2020-15:05:13,7.00000000e+00,6.50583386e-01,8.95923615e+00,1.90414046e-03,9.47066574e+01,8.04558945e+01,1.90880718e+01,2.74958938e-01,6.63502038e-01
5345803-S04-156I3-A-L-C-190-7-1,20.02.2020-15:05:15,2.00000000e+01,6.42859161e-01,8.92475033e+00,1.96903059e-03,9.10938034e+01,7.98624878e+01,1.86502609e+01,4.22263414e-01,7.83645928e-01
5345803-S04-156I3-A-L-C-190-7-1,20.02.2020-15:05:18,9.00000000e+00,6.44867480e-01,8.98819447e+00,2.00428488e-03,5.02536316e+01,7.98955383e+01,1.88493195e+01,5.93965650e-01,6.84187233e-01
5345803-S04-156I3-A-L-C-190-7-1,20.02.2020-15:05:20,9.00000000e+00,6.45063996e-01,8.98908615e+00,2.04863632e-03,1.23415108e+02,7.99459457e+01,1.88688297e+01,1.57806993e-01,1.87249348e-01
5345803-S04-156I3-A-L-C-190-7-1,20.02.2020-15:05:22,9.00000000e+00,6.47366643e-01,8.94630146e+00,1.94707315e-03,1.27258423e+02,8.01858826e+01,1.89026184e+01,2.17747316e-01,3.25292587e-01
5345803-S04-156I3-A-L-C-190-7-1,20.02.2020-15:05:24,2.00000000e+01,6.44439340e-01,8.91373730e+00,2.23874534e-03,2.05017502e+02,7.99744492e+01,1.86992130e+01,1.93789989e-01,8.40854943e-01
5345803-S04-156I3-A-L-C-190-7-1,20.02.2020-15:05:26,8.00000000e+00,6.47264302e-01,8.97371006e+00,2.06964905e-03,1.04683754e+02,8.00969925e+01,1.89365177e+01,2.33468652e-01,3.35906804e-01
5345803-S04-156I3-A-L-C-190-7-1,20.02.2020-15:05:28,1.90000000e+01,6.45801306e-01,8.91497993e+00,1.92994555e-03,1.73495178e+02,7.98724289e+01,1.87174358e+01,2.31788412e-01,5.81930339e-01
5345803-S04-156I3-A-L-C-190-7-1,20.02.2020-15:05:30,2.10000000e+01,6.41278505e-01,8.87856483e+00,2.02904898e-03,8.18303604e+01,8.00484543e+01,1.85512257e+01,5.80945969e-01,1.30541074e+00
5345803-S04-156I3-A-L-C-190-7-1,20.02.2020-15:05:32,9.00000000e+00,6.47719085e-01,8.93521786e+00,1.95174664e-03,6.09704094e+01,8.00804138e+01,1.88646297e+01,5.77891052e-01,7.41564214e-01
5345803-S04-156I3-A-L-C-190-7-1,20.02.2020-15:05:34,9.00000000e+00,6.47802949e-01,8.93300915e+00,1.92824577e-03,1.95837799e+02,8.00916061e+01,1.88650475e+01,1.72734201e-01,2.65097260e-01
5345803-S04-156I3-A-L-C-190-7-1,20.02.2020-15:05:36,9.00000000e+00,6.47255540e-01,8.91678810e+00,1.76826771e-03,8.49270477e+01,8.01989822e+01,1.88401031e+01,3.16182703e-01,4.43189889e-01
5345803-S04-156I3-A-L-C-190-7-1,20.02.2020-15:05:39,9.00000000e+00,6.46377504e-01,8.94986248e+00,1.96775491e-03,1.42511459e+02,8.01917343e+01,1.88826275e+01,2.33569458e-01,3.54818910e-01
5345803-S04-156I3-A-L-C-190-7-1,20.02.2020-15:05:41,9.00000000e+00,6.46919608e-01,8.95470715e+00,2.07619718e-03,8.59574814e+01,8.00207291e+01,1.88683720e+01,2.93640554e-01,3.88732910e-01
5345803-S04-156I3-A-L-C-190-7-1,20.02.2020-15:05:43,3.00000000e+00,6.31820381e-01,8.80008984e+00,1.71276019e-03,1.19855316e+02,8.01086731e+01,1.81296959e+01,3.77028465e-01,8.94245088e-01
5345803-S04-156I3-A-L-C-190-7-1,20.02.2020-15:05:45,9.00000000e+00,6.47429109e-01,8.93933487e+00,1.94902311e-03,2.92151825e+02,8.02421951e+01,1.89029846e+01,1.90385684e-01,3.79631072e-01
5345803-S04-156I3-A-L-C-190-7-1,20.02.2020-15:05:47,8.00000000e+00,6.48476720e-01,8.95114613e+00,1.86154409e-03,2.49573700e+02,8.01806030e+01,1.89440365e+01,1.10708579e-01,1.71660915e-01
5345803-S04-156I3-A-L-C-190-7-1,20.02.2020-15:05:49,9.00000000e+00,6.47554517e-01,8.97511768e+00,2.26785452e-03,1.42783157e+02,7.99037170e+01,1.89022560e+01,1.87656343e-01,2.44308904e-01
5345803-S04-156I3-A-L-C-190-7-1,20.02.2020-15:05:51,9.00000000e+00,6.47538602e-01,8.93018055e+00,1.80109404e-03,1.81350098e+02,8.01176758e+01,1.88575153e+01,2.27980867e-01,4.30155665e-01
5345803-S04-156I3-A-L-C-190-7-1,20.02.2020-15:05:53,8.00000000e+00,6.47848368e-01,8.96251106e+00,1.80683832e-03,2.47140656e+02,8.01491623e+01,1.89422779e+01,1.36246204e-01,2.12070897e-01
5345803-S04-156I3-A-L-C-190-7-1,20.02.2020-15:05:55,8.00000000e+00,6.47829890e-01,8.96659470e+00,2.04970106e-03,2.33907394e+02,8.01341476e+01,1.89468212e+01,1.16767965e-01,1.72834277e-01
5345803-S04-156I3-A-L-C-190-7-1,20.02.2020-15:05:58,9.00000000e+00,6.47551179e-01,8.94428539e+00,1.93811709e-03,2.60904388e+02,7.99956360e+01,1.88588963e+01,1.20608620e-01,1.79895774e-01
5345803-S04-156I3-A-L-C-190-7-1,20.02.2020-15:06:00,8.00000000e+00,6.48063004e-01,8.96636391e+00,1.93546631e-03,1.14149986e+02,8.00770264e+01,1.89396400e+01,2.20193774e-01,2.84891814e-01
5345803-S04-156I3-A-L-C-190-7-1,20.02.2020-15:06:02,9.00000000e+00,6.46561980e-01,8.95764446e+00,1.72615226e-03,1.60013657e+02,8.00504990e+01,1.88711433e+01,1.44411206e-01,2.17461362e-01
5345803-S04-156I3-A-L-C-190-7-1,20.02.2020-15:06:04,8.00000000e+00,6.48576140e-01,8.96648407e+00,1.95226783e-03,1.66693832e+02,8.02025299e+01,1.89845982e+01,1.95131630e-01,2.82391042e-01
5345803-S04-156I3-A-L-C-190-7-1,20.02.2020-15:06:06,2.10000000e+01,6.43803775e-01,8.86581516e+00,2.01252149e-03,1.18541176e+02,8.00450668e+01,1.85967464e+01,3.52814108e-01,1.70309627e+00
5345803-S04-156I3-A-L-C-190-7-1,20.02.2020-15:06:08,8.00000000e+00,6.47265375e-01,8.99796391e+00,1.96792930e-03,8.72146988e+01,8.00608978e+01,1.89791718e+01,3.43746424e-01,4.21435595e-01
5345803-S04-156I3-A-L-C-190-7-1,20.02.2020-15:06:10,1.90000000e+01,6.44114614e-01,8.94272804e+00,2.34420551e-03,9.75527039e+01,7.97926636e+01,1.87079544e+01,2.49450341e-01,3.33828390e-01
5345803-S04-156I3-A-L-C-190-7-1,20.02.2020-15:06:12,2.10000000e+01,6.41579688e-01,8.89333057e+00,2.13435153e-03,2.79614471e+02,7.98565140e+01,1.85462284e+01,1.62751690e-01,2.89063334e-01
5345803-S04-156I3-A-L-C-190-7-1,20.02.2020-15:06:15,9.00000000e+00,6.46339297e-01,8.97220993e+00,2.45428947e-03,2.03406006e+02,7.97615891e+01,1.88271236e+01,2.20075294e-01,2.68250525e-01
5345803-S04-156I3-A-L-C-190-7-1,20.02.2020-15:06:17,2.00000000e+01,6.43071890e-01,8.94078159e+00,1.91505940e-03,1.82203094e+02,7.97428894e+01,1.86619549e+01,2.19745964e-01,3.32217842e-01
5345803-S04-156I3-A-L-C-190-7-1,20.02.2020-15:06:19,2.00000000e+01,6.44131243e-01,8.90948200e+00,1.67890929e-03,3.56127319e+02,7.98764343e+01,1.86584568e+01,1.86273023e-01,3.11569840e-01
5345803-S04-156I3-A-L-C-190-7-1,20.02.2020-15:06:21,1.90000000e+01,6.44622743e-01,8.91638088e+00,1.97643531e-03,9.12869720e+01,8.01520386e+01,1.87516308e+01,2.57778525e-01,3.28976542e-01
5345803-S04-156I3-A-L-C-190-7-1,20.02.2020-15:06:23,1.00000000e+00,6.42266512e-01,8.85181999e+00,1.62094703e-03,2.44745895e+02,7.97580261e+01,1.84566326e+01,2.37387225e-01,3.19804400e-01
5345803-S04-156I3-A-L-C-190-7-1,20.02.2020-15:06:25,2.00000000e+00,6.40999079e-01,8.80793858e+00,1.83773751e-03,2.52015762e+02,7.99521179e+01,1.83734989e+01,1.69784576e-01,4.04367149e-01
5345803-S04-156I3-A-L-C-190-7-1,20.02.2020-15:06:27,2.00000000e+01,6.41145587e-01,8.90972042e+00,1.81098538e-03,9.89901962e+01,8.00432358e+01,1.86112499e+01,2.45644808e-01,2.89252847e-01
5345803-S04-156I3-A-L-C-190-7-1,20.02.2020-15:06:29,8.00000000e+00,6.45784557e-01,8.95921230e+00,1.73512450e-03,1.03871422e+02,8.03720551e+01,1.89274788e+01,2.40769327e-01,3.00131351e-01
5345803-S04-156I3-A-L-C-190-7-1,20.02.2020-15:06:31,1.90000000e+01,6.43624425e-01,8.92788792e+00,1.77586253e-03,4.97438545e+01,8.00648575e+01,1.87263584e+01,3.74017209e-01,5.08939087e-01
5345803-S04-156I3-A-L-C-190-7-1,20.02.2020-15:06:33,2.00000000e+01,6.42034650e-01,8.90862751e+00,1.65363192e-03,6.17458839e+01,8.00525970e+01,1.86369514e+01,3.42536628e-01,5.12655199e-01
5345803-S04-156I3-A-L-C-190-7-1,20.02.2020-15:06:36,2.00000000e+01,6.41634762e-01,8.91005421e+00,1.76927052e-03,5.49110260e+01,8.00806808e+01,1.86348629e+01,3.80377531e-01,5.31194091e-01
5345803-S04-156I3-A-L-C-190-7-1,20.02.2020-15:06:38,2.00000000e+01,6.41923249e-01,8.91601276e+00,2.03447999e-03,7.39496841e+01,8.00015945e+01,1.86372833e+01,3.14847022e-01,4.55881149e-01
5345803-S04-156I3-A-L-C-190-7-1,20.02.2020-15:06:40,1.90000000e+01,6.42968297e-01,8.92272091e+00,1.85066392e-03,1.00090691e+02,8.01568909e+01,1.87179337e+01,2.36040413e-01,2.95671374e-01
5345803-S04-156I3-A-L-C-190-7-1,20.02.2020-15:06:42,2.00000000e+01,6.42599285e-01,8.90675259e+00,1.67341612e-03,5.40074730e+01,8.02252045e+01,1.86896286e+01,4.30353373e-01,6.79832399e-01
5345803-S04-156I3-A-L-C-190-7-1,20.02.2020-15:06:44,2.10000000e+01,6.41541600e-01,8.85135078e+00,1.75084476e-03,8.89234848e+01,8.00826035e+01,1.85098438e+01,3.24667007e-01,9.42241549e-01
5345803-S04-156I3-A-L-C-190-7-1,20.02.2020-15:06:46,2.00000000e+01,6.41608894e-01,8.91689205e+00,1.81714387e-03,1.00658028e+02,8.00761719e+01,1.86473598e+01,2.02828377e-01,2.91211963e-01
5345803-S04-156I3-A-L-C-190-7-1,20.02.2020-15:06:48,1.90000000e+01,6.45015359e-01,8.90316200e+00,1.74769340e-03,1.05811417e+02,8.01864395e+01,1.87432747e+01,2.39806876e-01,3.33511025e-01
5345803-S04-156I3-A-L-C-190-7-1,20.02.2020-15:06:50,9.00000000e+00,6.45778775e-01,8.94640350e+00,1.84578705e-03,8.77662659e+01,8.02084503e+01,1.88617764e+01,2.77866691e-01,3.44468355e-01
5345803-S04-156I3-A-L-C-190-7-1,20.02.2020-15:06:52,1.00000000e+00,6.38786077e-01,8.84984112e+00,1.83412060e-03,1.17779510e+02,8.00460358e+01,1.84187832e+01,2.47065350e-01,4.10293967e-01
5345803-S04-156I3-A-L-C-190-7-1,20.02.2020-15:06:54,1.90000000e+01,6.43958747e-01,8.92800045e+00,1.73177000e-03,9.24950409e+01,8.01718979e+01,1.87613735e+01,1.84263274e-01,2.51286536e-01
5345803-S04-156I3-A-L-C-190-7-1,20.02.2020-15:06:57,2.00000000e+01,6.42762959e-01,8.90061092e+00,1.98009750e-03,1.04375069e+02,8.01257629e+01,1.86583405e+01,2.16009095e-01,3.04606050e-01
5345803-S04-156I3-A-L-C-190-7-1,20.02.2020-15:06:59,2.10000000e+01,6.41344488e-01,8.88218212e+00,1.96116907e-03,5.54662628e+01,7.99528885e+01,1.85385342e+01,3.47340435e-01,5.17354786e-01
5345803-S04-156I3-A-L-C-190-7-1,20.02.2020-15:07:01,2.00000000e+01,6.43397927e-01,8.92381477e+00,1.88576069e-03,9.63912430e+01,7.99898300e+01,1.86936951e+01,2.35486165e-01,2.85887152e-01
5345803-S04-156I3-A-L-C-190-7-1,20.02.2020-15:07:03,9.00000000e+00,6.45721376e-01,8.95445919e+00,1.84950710e-03,1.05603676e+02,8.02597504e+01,1.88891544e+01,2.05277666e-01,2.56435573e-01
5345803-S04-156I3-A-L-C-190-7-1,20.02.2020-15:07:05,2.00000000e+01,6.41876101e-01,8.89005756e+00,1.82970753e-03,1.44752869e+02,8.00886688e+01,1.86018906e+01,2.11180106e-01,3.22914839e-01
5345803-S04-156I3-A-L-C-190-7-1,20.02.2020-15:07:07,1.90000000e+01,6.43591583e-01,8.92534447e+00,1.65535847e-03,1.15898621e+02,8.00548859e+01,1.87177410e+01,1.87985241e-01,2.25529447e-01
5345803-S04-156I3-A-L-C-190-7-1,20.02.2020-15:07:09,2.00000000e+01,6.43044472e-01,8.90766811e+00,1.99740706e-03,1.41705765e+02,7.99251785e+01,1.86345482e+01,1.68244183e-01,2.01398164e-01
5345803-S04-156I3-A-L-C-190-7-1,20.02.2020-15:07:15,2.00000000e+01,6.42816126e-01,8.92169189e+00,2.18181359e-03,1.37676361e+02,7.99662018e+01,1.86668320e+01,1.69640079e-01,2.10274071e-01
5345803-S04-156I3-A-L-C-190-7-1,20.02.2020-15:07:17,2.00000000e+01,6.44151270e-01,8.88817501e+00,1.86010322e-03,1.15541862e+02,8.01894836e+01,1.86873646e+01,1.92573547e-01,2.48156086e-01
5345803-S04-156I3-A-L-C-190-7-1,20.02.2020-15:07:19,1.90000000e+01,6.42994881e-01,8.91963100e+00,1.96368108e-03,8.23764954e+01,8.01080856e+01,1.87008324e+01,2.80742466e-01,4.36386943e-01
5345803-S04-156I3-A-L-C-190-7-1,20.02.2020-15:07:21,2.00000000e+01,6.42618954e-01,8.89735222e+00,1.64570753e-03,1.75814423e+02,8.00347137e+01,1.86261406e+01,1.72002211e-01,2.70407528e-01
5345803-S04-156I3-A-L-C-190-7-1,20.02.2020-15:07:23,9.00000000e+00,6.45084858e-01,8.94223022e+00,2.00574961e-03,7.73846664e+01,8.03002167e+01,1.88542652e+01,3.28717589e-01,3.99108082e-01
5345803-S04-156I3-A-L-C-190-7-1,20.02.2020-15:07:26,9.00000000e+00,6.45598233e-01,8.93775082e+00,1.68833532e-03,7.15604858e+01,8.03853836e+01,1.88798180e+01,2.97988176e-01,3.65264684e-01
5345803-S04-156I3-A-L-C-190-7-1,20.02.2020-15:07:28,2.00000000e+01,6.41826212e-01,8.90009212e+00,1.91843754e-03,4.50487404e+01,8.00579224e+01,1.86142902e+01,5.43588221e-01,7.42330492e-01
5345803-S04-156I3-A-L-C-190-7-1,20.02.2020-15:07:30,1.90000000e+01,6.44085288e-01,8.93647575e+00,1.83102000e-03,5.54622154e+01,7.99910812e+01,1.87405109e+01,3.79897028e-01,4.52941269e-01
5345803-S04-156I3-A-L-C-190-7-1,20.02.2020-15:07:32,1.90000000e+01,6.43147707e-01,8.94051266e+00,1.91810052e-03,9.23020630e+01,8.01397095e+01,1.87564697e+01,2.50706911e-01,2.98087388e-01
5345803-S04-156I3-A-L-C-190-7-1,20.02.2020-15:07:42,1.00000000e+00,6.39290988e-01,8.86905193e+00,2.05604476e-03,1.26047531e+02,7.98977356e+01,1.84391308e+01,2.12041914e-01,3.19117129e-01
5345803-S04-156I3-A-L-C-190-7-1,20.02.2020-15:07:44,1.90000000e+01,6.41776085e-01,8.98182011e+00,1.96048315e-03,2.82551361e+02,7.97756729e+01,1.87175293e+01,9.61321220e-02,1.19742692e-01
5345803-S04-156I3-A-L-C-190-7-1,20.02.2020-15:07:46,1.00000000e+00,6.39431417e-01,8.84766006e+00,2.00559176e-03,1.28600586e+02,7.99981155e+01,1.84218121e+01,5.09598553e-01,1.78206038e+00
5345803-S04-156I3-A-L-C-190-7-1,20.02.2020-15:07:48,8.00000000e+00,6.46722853e-01,8.95890427e+00,1.84420927e-03,2.49346268e+02,8.05024033e+01,1.89850674e+01,2.66951650e-01,4.15365696e-01
5345803-S04-156I3-A-L-C-190-7-1,20.02.2020-15:07:50,8.00000000e+00,6.46821082e-01,8.94972897e+00,1.78654655e-03,1.65228775e+02,8.04874420e+01,1.89649792e+01,2.25899294e-01,3.55218232e-01
5345803-S04-156I3-A-L-C-190-7-1,20.02.2020-15:07:55,1.90000000e+01,6.44158006e-01,8.91393089e+00,1.91849261e-03,3.40649353e+02,8.00407562e+01,1.87069530e+01,1.59673825e-01,3.44379634e-01
5345803-S04-156I3-A-L-C-190-7-1,20.02.2020-15:07:57,9.00000000e+00,6.47548318e-01,8.98526478e+00,2.06751609e-03,1.97588852e+02,7.97968063e+01,1.88981266e+01,1.83968633e-01,2.22244188e-01
5345803-S04-156I3-A-L-C-190-7-1,20.02.2020-15:07:59,2.00000000e+01,6.45381212e-01,8.92338276e+00,2.22364836e-03,1.42986588e+02,7.96493988e+01,1.86706104e+01,2.40107611e-01,2.92807132e-01
5345803-S04-156I3-A-L-C-190-7-1,20.02.2020-15:08:01,1.90000000e+01,6.44257426e-01,8.92014503e+00,1.73194823e-03,6.94465408e+01,8.01497345e+01,1.87483749e+01,3.20156962e-01,4.24959391e-01
5345803-S04-156I3-A-L-C-190-7-1,20.02.2020-15:08:03,2.00000000e+00,6.40714169e-01,8.89449978e+00,2.52233422e-03,1.25228806e+02,7.93183975e+01,1.83988209e+01,2.10040584e-01,3.26261669e-01
5345803-S04-156I3-A-L-C-190-7-1,20.02.2020-15:08:05,2.10000000e+01,6.43718719e-01,8.91013432e+00,2.39301380e-03,1.68707092e+02,7.96655884e+01,1.85986462e+01,2.19422415e-01,6.44675910e-01
5345803-S04-156I3-A-L-C-190-7-1,20.02.2020-15:08:07,1.90000000e+01,6.45740569e-01,8.93751621e+00,1.85654277e-03,1.58365616e+02,7.98980942e+01,1.87690163e+01,1.63617775e-01,2.22410172e-01
5345803-S04-156I3-A-L-C-190-7-1,20.02.2020-15:08:09,2.10000000e+01,6.43896699e-01,8.86391544e+00,1.80041813e-03,9.93382645e+01,7.99895706e+01,1.85825539e+01,3.51566881e-01,9.76128042e-01
5345803-S04-156I3-A-L-C-190-7-1,20.02.2020-15:08:11,7.00000000e+00,6.49863780e-01,8.98641872e+00,2.12200778e-03,1.56478256e+02,8.01450195e+01,1.90509090e+01,1.57887667e-01,2.28895187e-01
5345803-S04-156I3-A-L-C-190-7-1,20.02.2020-15:08:14,1.00000000e+00,6.41687691e-01,8.88207817e+00,2.36196327e-03,1.00882317e+02,7.96243515e+01,1.84720192e+01,2.90822059e-01,5.42880654e-01
5345803-S04-156I3-A-L-C-190-7-1,20.02.2020-15:08:16,7.00000000e+00,6.48763478e-01,8.96689129e+00,2.00067926e-03,1.17220634e+02,8.03792572e+01,1.90327911e+01,1.77885130e-01,2.69605517e-01
5345803-S04-156I3-A-L-C-190-7-1,20.02.2020-15:08:18,7.00000000e+00,6.49640679e-01,8.97256279e+00,1.93502964e-03,9.25889664e+01,8.02315445e+01,1.90355339e+01,2.68288672e-01,3.59011859e-01
5345803-S04-156I3-A-L-C-190-7-1,20.02.2020-15:08:20,7.00000000e+00,6.50233924e-01,8.98132801e+00,2.03673402e-03,1.22214508e+02,8.01815720e+01,1.90596504e+01,2.49835640e-01,3.59918356e-01
5345803-S04-156I3-A-L-C-190-7-1,20.02.2020-15:08:22,3.00000000e+00,6.40739083e-01,8.73787498e+00,1.50652602e-03,7.43474884e+01,7.94034805e+01,1.80949249e+01,3.68513644e-01,5.95473528e-01
5345803-S04-156I3-A-L-C-190-7-1,20.02.2020-15:08:24,1.90000000e+01,6.45862639e-01,8.92005062e+00,1.58797042e-03,1.27384079e+02,8.00868988e+01,1.87801552e+01,2.93291569e-01,7.21440196e-01
5345803-S04-156I3-A-L-C-190-7-1,20.02.2020-15:08:26,2.00000000e+01,6.42865777e-01,8.92416859e+00,1.98438228e-03,4.43264427e+01,7.99806366e+01,1.86768303e+01,5.41134238e-01,8.28341126e-01
5345803-S04-156I3-A-L-C-190-7-1,20.02.2020-15:08:28,2.00000000e+01,6.42208993e-01,8.87824345e+00,1.59260817e-03,2.58125458e+02,8.01677780e+01,1.86051617e+01,1.53029755e-01,2.34069258e-01
5345803-S04-156I3-A-L-C-190-7-1,20.02.2020-15:08:30,2.00000000e+00,6.39586389e-01,8.84693050e+00,2.25097360e-03,1.80732544e+02,7.95344772e+01,1.83179741e+01,2.55224317e-01,4.53081727e-01
5345803-S04-156I3-A-L-C-190-7-1,20.02.2020-15:08:32,2.10000000e+01,6.44357622e-01,8.86437225e+00,1.91194098e-03,3.08453979e+02,7.99460678e+01,1.85866985e+01,1.91915646e-01,3.89054894e-01
5345803-S04-156I3-A-L-C-190-7-1,20.02.2020-15:08:34,2.00000000e+01,6.44889593e-01,8.91192436e+00,2.15522991e-03,1.42413742e+02,7.98565369e+01,1.86808891e+01,2.47087836e-01,3.15640539e-01
5345803-S04-156I3-A-L-C-190-7-1,20.02.2020-15:08:37,2.00000000e+00,6.40349567e-01,8.86081314e+00,2.36272090e-03,9.30065918e+01,7.94839172e+01,1.83569336e+01,3.84511769e-01,5.13240576e-01
5345803-S04-156I3-A-L-C-190-7-1,20.02.2020-15:08:39,2.00000000e+00,6.40736520e-01,8.85838032e+00,2.20576837e-03,1.01149010e+02,7.95110626e+01,1.83692551e+01,3.46642017e-01,5.07433832e-01
5345803-S04-156I3-A-L-C-190-7-1,20.02.2020-15:08:41,2.00000000e+00,6.39847696e-01,8.86132431e+00,2.31666164e-03,1.14902824e+02,7.95902252e+01,1.83681412e+01,2.47555897e-01,3.34708929e-01
5345803-S04-156I3-A-L-C-190-7-1,20.02.2020-15:08:43,1.00000000e+00,6.39820099e-01,8.87084770e+00,2.15244060e-03,1.06891006e+02,7.98008194e+01,1.84357395e+01,2.18908906e-01,3.04871142e-01
5345803-S04-156I3-A-L-C-190-7-1,20.02.2020-15:08:45,2.00000000e+01,6.43615901e-01,8.90620327e+00,2.39291531e-03,2.47081451e+02,7.98017807e+01,1.86192474e+01,1.44349739e-01,1.95804238e-01
5345803-S04-156I3-A-L-C-190-7-1,20.02.2020-15:08:47,9.00000000e+00,6.46278381e-01,8.95285320e+00,2.21069227e-03,8.99931183e+01,7.98735580e+01,1.88111057e+01,3.26738775e-01,3.92236412e-01
5345803-S04-156I3-A-L-C-190-7-1,20.02.2020-15:08:49,2.00000000e+00,6.43203139e-01,8.75738430e+00,2.07731570e-03,2.40542496e+02,7.98294373e+01,1.83027287e+01,3.10930312e-01,1.21314502e+00
5345803-S04-156I3-A-L-C-190-7-1,20.02.2020-15:08:51,1.90000000e+01,6.45191312e-01,8.91683102e+00,2.07749452e-03,2.54672714e+02,7.99191360e+01,1.87145767e+01,1.20932840e-01,1.57052085e-01
5345803-S04-156I3-A-L-C-190-7-1,20.02.2020-15:08:53,2.10000000e+01,6.39483869e-01,8.97919273e+00,1.93348969e-03,2.13609848e+02,7.93886032e+01,1.85547562e+01,9.30431783e-02,1.12461090e-01
5345803-S04-156I3-A-L-C-190-7-1,20.02.2020-15:08:55,1.00000000e+00,6.38851941e-01,8.94826889e+00,1.98663375e-03,1.07499695e+02,7.93238449e+01,1.84575138e+01,2.21201211e-01,2.64113009e-01
5345803-S04-156I3-A-L-C-190-7-1,20.02.2020-15:08:58,1.90000000e+01,6.45369887e-01,8.90068436e+00,1.79557817e-03,1.67342300e+02,8.01050415e+01,1.87293262e+01,1.63583934e-01,2.11286023e-01
5345803-S04-156I3-A-L-C-190-7-1,20.02.2020-15:09:00,2.00000000e+01,6.44765079e-01,8.89688587e+00,2.09030253e-03,6.37242279e+01,7.99332581e+01,1.86636791e+01,5.26489139e-01,6.39891446e-01
5345803-S04-156I3-A-L-C-190-7-1,20.02.2020-15:09:02,2.10000000e+01,6.41842306e-01,8.86146641e+00,2.08649808e-03,1.36736313e+02,8.00542526e+01,1.85331211e+01,2.26847306e-01,3.81342143e-01
5345803-S04-156I3-A-L-C-190-7-1,20.02.2020-15:09:04,1.90000000e+01,6.45589709e-01,8.91542530e+00,2.18153535e-03,1.35151108e+02,7.98845215e+01,1.87150707e+01,2.54481286e-01,3.89944822e-01
5345803-S04-156I3-A-L-C-190-7-1,20.02.2020-15:09:06,1.90000000e+01,6.45959914e-01,8.91436005e+00,2.12885858e-03,1.62401550e+02,7.99315262e+01,1.87345810e+01,1.74818590e-01,2.35310942e-01
5345803-S04-156I3-A-L-C-190-7-1,20.02.2020-15:09:08,2.00000000e+01,6.43595874e-01,8.88634014e+00,1.94745034e-03,2.23264313e+02,7.99094849e+01,1.86022167e+01,1.77252263e-01,3.63818944e-01
5345803-S04-156I3-A-L-C-190-7-1,20.02.2020-15:09:10,2.00000000e+01,6.43231034e-01,8.88418198e+00,2.07487307e-03,1.97016388e+02,8.01177902e+01,1.86356087e+01,2.23494887e-01,3.50834042e-01
5345803-S04-156I3-A-L-C-190-7-1,20.02.2020-15:09:12,2.00000000e+00,6.40098095e-01,8.84318161e+00,2.09055142e-03,1.71692856e+02,7.96415176e+01,1.83495255e+01,2.47849971e-01,6.49434805e-01
5345803-S04-156I3-A-L-C-190-7-1,20.02.2020-15:09:14,2.00000000e+01,6.44336760e-01,8.89285660e+00,1.92801864e-03,4.05225677e+01,8.00895081e+01,1.86792736e+01,4.33811247e-01,5.85135102e-01
5345803-S04-156I3-A-L-C-190-7-1,20.02.2020-15:09:17,2.00000000e+01,6.44036949e-01,8.89577484e+00,1.99002610e-03,2.40332291e+02,8.01819916e+01,1.86982765e+01,1.03750356e-01,1.79075971e-01
5345803-S04-156I3-A-L-C-190-7-1,20.02.2020-15:09:19,2.10000000e+01,6.42891884e-01,8.86982918e+00,2.00278568e-03,1.59626160e+02,7.99749146e+01,1.85625324e+01,1.83461756e-01,3.23962778e-01
5345803-S04-156I3-A-L-C-190-7-1,20.02.2020-15:09:21,2.00000000e+01,6.45235896e-01,8.85865688e+00,2.08774721e-03,3.26176727e+02,8.02475281e+01,1.86701698e+01,1.15807548e-01,1.60273805e-01
5345803-S04-156I3-A-L-C-190-7-1,20.02.2020-15:09:23,2.00000000e+01,6.45725608e-01,8.87520885e+00,2.02768599e-03,2.87353851e+02,8.00711594e+01,1.86781101e+01,1.13695465e-01,1.56824529e-01
5345803-S04-156I3-A-L-C-190-7-1,20.02.2020-15:09:25,2.40000000e+01,6.40777469e-01,8.83338737e+00,2.09330930e-03,5.77904892e+00,7.90252762e+01,1.82066784e+01,3.54643154e+00,4.53759909e+00
5345803-S04-156I3-A-L-C-190-7-1,20.02.2020-15:09:27,2.00000000e+00,6.41538918e-01,8.80617809e+00,2.21986626e-03,2.11885910e+02,8.00022583e+01,1.83968277e+01,4.66052443e-01,3.35809422e+00
5345803-S04-156I3-A-L-C-190-7-1,20.02.2020-15:09:29,1.90000000e+01,6.46348298e-01,8.89457798e+00,1.93287479e-03,3.16534454e+02,8.02775879e+01,1.87852268e+01,1.02833800e-01,2.03491434e-01
5345803-S04-156I3-A-L-C-190-7-1,20.02.2020-15:09:31,1.90000000e+01,6.46383226e-01,8.89206982e+00,1.99738704e-03,1.78961914e+02,8.02350922e+01,1.87710037e+01,1.77730128e-01,3.02422196e-01
5345803-S04-156I3-A-L-C-190-7-1,20.02.2020-15:09:33,9.00000000e+00,6.46566391e-01,8.90908432e+00,2.12732074e-03,2.03561890e+02,8.02193604e+01,1.88085613e+01,1.51012987e-01,2.11406246e-01
5345803-S04-156I3-A-L-C-190-7-1,20.02.2020-15:09:35,2.00000000e+01,6.45888567e-01,8.87704277e+00,2.17885501e-03,3.56424683e+02,8.00837097e+01,1.86896133e+01,8.71619731e-02,1.35240674e-01
5345803-S04-156I3-A-L-C-190-7-1,20.02.2020-15:09:38,2.00000000e+01,6.46478951e-01,8.90063477e+00,2.54535023e-03,2.33588455e+02,7.96856461e+01,1.86631813e+01,2.51571566e-01,3.36523354e-01
5345803-S04-156I3-A-L-C-190-7-1,20.02.2020-15:09:42,9.00000000e+00,6.47204936e-01,8.92498207e+00,1.67014659e-03,3.61050751e+02,8.02593613e+01,1.88701382e+01,1.04647592e-01,1.34755939e-01
5345803-S04-156I3-A-L-C-190-7-1,20.02.2020-15:09:44,9.00000000e+00,6.46747112e-01,8.92145348e+00,1.97861786e-03,1.65804153e+02,8.03359146e+01,1.88673115e+01,1.30101219e-01,1.70069650e-01
5345803-S04-156I3-A-L-C-190-7-1,20.02.2020-15:09:46,2.10000000e+01,6.45017624e-01,8.90703583e+00,2.25206814e-03,2.14156399e+01,7.93363724e+01,1.85527077e+01,1.25215316e+00,1.46550965e+00
5345803-S04-156I3-A-L-C-190-7-1,20.02.2020-15:09:48,1.90000000e+01,6.44754350e-01,8.90314198e+00,2.12473469e-03,1.64129288e+02,8.00703201e+01,1.87085152e+01,1.72454536e-01,2.52125025e-01
5345803-S04-156I3-A-L-C-190-7-1,20.02.2020-15:09:50,2.10000000e+01,6.41782284e-01,8.84891701e+00,2.02902802e-03,2.56789337e+02,8.01238632e+01,1.85212345e+01,2.09195599e-01,8.03157032e-01
5345803-S04-156I3-A-L-C-190-7-1,20.02.2020-15:09:53,2.00000000e+00,6.36494696e-01,8.84478092e+00,1.82807143e-03,1.18257187e+02,7.95155258e+01,1.82206535e+01,4.97318834e-01,1.19220281e+00
5345803-S04-156I3-A-L-C-190-7-1,20.02.2020-15:09:55,2.10000000e+01,6.42210305e-01,8.87264442e+00,2.13982165e-03,1.67063644e+02,7.98207550e+01,1.85129814e+01,2.39423022e-01,3.96028578e-01
5345803-S04-156I3-A-L-C-190-7-1,20.02.2020-15:09:57,1.00000000e+00,6.42020583e-01,8.87233639e+00,2.15781666e-03,2.06719528e+02,7.96443558e+01,1.84659710e+01,1.95093423e-01,2.83412278e-01
5345803-S04-156I3-A-L-C-190-7-1,20.02.2020-15:09:59,2.10000000e+01,6.42992556e-01,8.88436031e+00,1.99091248e-03,1.80659073e+02,7.99693756e+01,1.85945663e+01,1.56592593e-01,2.28929311e-01
5345803-S04-156I3-A-L-C-190-7-1,20.02.2020-15:10:01,2.00000000e+01,6.43408954e-01,8.89095402e+00,1.93238666e-03,3.75443176e+02,7.99028702e+01,1.86049309e+01,8.74895230e-02,1.35475591e-01
5345803-S04-156I3-A-L-C-190-7-1,20.02.2020-15:10:03,2.00000000e+01,6.44287288e-01,8.88491631e+00,1.81974133e-03,1.20169083e+02,8.01496201e+01,1.86751690e+01,1.91759154e-01,3.05148035e-01
5345803-S04-156I3-A-L-C-190-7-1,20.02.2020-15:10:05,2.10000000e+01,6.44345403e-01,8.84972095e+00,2.13713781e-03,2.83126831e+02,7.98335190e+01,1.85295048e+01,2.48875976e-01,3.25186789e-01
5345803-S04-156I3-A-L-C-190-7-1,20.02.2020-15:10:07,2.10000000e+01,6.43900394e-01,8.81214619e+00,1.83694111e-03,2.13722153e+02,8.01353149e+01,1.85077877e+01,1.77142754e-01,1.23247421e+00
5345803-S04-156I3-A-L-C-190-7-1,20.02.2020-15:10:10,1.90000000e+01,6.46789551e-01,8.86382103e+00,1.86761573e-03,2.34399048e+02,8.03955307e+01,1.87605724e+01,1.27244353e-01,4.69779491e-01
5345803-S04-156I3-A-L-C-190-7-1,20.02.2020-15:10:12,1.90000000e+01,6.46090031e-01,8.87444210e+00,2.13267189e-03,1.14967598e+02,8.02051849e+01,1.87183132e+01,2.03642026e-01,2.64307201e-01
5345803-S04-156I3-A-L-C-190-7-1,20.02.2020-15:10:14,1.90000000e+01,6.45163834e-01,8.92325687e+00,2.13331264e-03,2.55235901e+02,7.99560242e+01,1.87359104e+01,9.54684541e-02,1.18623011e-01
5345803-S04-156I3-A-L-C-190-7-1,20.02.2020-15:10:16,9.00000000e+00,6.46785378e-01,8.91952324e+00,2.19399645e-03,2.45650299e+02,8.01035538e+01,1.88097839e+01,1.18070595e-01,1.54109254e-01
5345803-S04-156I3-A-L-C-190-7-1,20.02.2020-15:10:18,1.90000000e+01,6.44945741e-01,8.91803741e+00,2.05349596e-03,1.24177635e+02,8.00125961e+01,1.87318630e+01,1.63896441e-01,1.95537448e-01
5345803-S04-156I3-A-L-C-190-7-1,20.02.2020-15:10:20,2.10000000e+01,6.41283274e-01,8.85571003e+00,1.78510079e-03,1.28937943e+02,8.00329590e+01,1.85000267e+01,2.76296705e-01,7.43903160e-01
5345803-S04-156I3-A-L-C-190-7-1,20.02.2020-15:10:22,2.00000000e+01,6.43415570e-01,8.90056896e+00,2.00976874e-03,7.47590179e+01,7.99251862e+01,1.86304417e+01,3.70569766e-01,4.84919786e-01
5345803-S04-156I3-A-L-C-190-7-1,20.02.2020-15:10:24,2.00000000e+01,6.45655692e-01,8.87861252e+00,2.35309871e-03,1.33700424e+02,7.98950882e+01,1.86421661e+01,1.73413113e-01,2.28716269e-01
5345803-S04-156I3-A-L-C-190-7-1,20.02.2020-15:10:27,2.10000000e+01,6.42853439e-01,8.94319630e+00,2.21673911e-03,1.86824921e+02,7.94011383e+01,1.85806828e+01,2.18446106e-01,2.88659036e-01
5345803-S04-156I3-A-L-C-190-7-1,20.02.2020-15:10:29,2.10000000e+01,6.40661061e-01,8.92904472e+00,2.12909165e-03,1.43874435e+02,7.94772186e+01,1.85057297e+01,2.91372627e-01,4.25252736e-01
5345803-S04-156I3-A-L-C-190-7-1,20.02.2020-15:10:31,2.10000000e+01,6.45192981e-01,8.86609840e+00,2.34149396e-03,1.82176758e+02,7.98728561e+01,1.85973721e+01,4.00869548e-01,1.10886383e+00
5345803-S04-156I3-A-L-C-190-7-1,20.02.2020-15:10:33,2.00000000e+01,6.45150065e-01,8.88425636e+00,2.07374501e-03,1.49649292e+02,8.00631485e+01,1.86786156e+01,1.39415741e-01,2.13053972e-01
5345803-S04-156I3-A-L-C-190-7-1,20.02.2020-15:10:35,2.00000000e+01,6.43982232e-01,8.86092949e+00,1.94240350e-03,1.17486526e+02,8.02537613e+01,1.86401253e+01,2.53414661e-01,3.68981808e-01
5345803-S04-156I3-A-L-C-190-7-1,20.02.2020-15:10:37,2.00000000e+01,6.43926680e-01,8.86951256e+00,2.15532421e-03,2.22077011e+02,8.00628510e+01,1.86121883e+01,2.13227272e-01,3.23675096e-01
5345803-S04-156I3-A-L-C-190-7-1,20.02.2020-15:10:39,2.00000000e+01,6.44580305e-01,8.90638447e+00,2.36499961e-03,2.38538467e+02,7.98525696e+01,1.86593933e+01,2.27648184e-01,3.31011593e-01
5345803-S04-156I3-A-L-C-190-7-1,20.02.2020-15:10:41,3.00000000e+00,6.37378752e-01,8.80438042e+00,1.91580225e-03,1.31270279e+02,7.95793381e+01,1.81771965e+01,3.68219852e-01,1.02491081e+00
5345803-S04-156I3-A-L-C-190-7-1,20.02.2020-15:10:43,9.00000000e+00,6.44967139e-01,8.95146179e+00,1.97417778e-03,1.01957527e+02,8.01543503e+01,1.88360081e+01,3.44135970e-01,4.98359650e-01
5345803-S04-156I3-A-L-C-190-7-1,20.02.2020-15:10:45,1.90000000e+01,6.44302368e-01,8.92621613e+00,2.12025200e-03,2.04880646e+02,7.99550171e+01,1.87168617e+01,1.87584296e-01,2.51185030e-01
5345803-S04-156I3-A-L-C-190-7-1,20.02.2020-15:10:48,2.00000000e+00,6.36577249e-01,8.84633732e+00,1.94313633e-03,1.34694946e+02,7.94997177e+01,1.82226028e+01,3.85174423e-01,8.33356380e-01
5345803-S04-156I3-A-L-C-190-7-1,20.02.2020-15:10:50,1.00000000e+00,6.41848683e-01,8.84504414e+00,1.90958369e-03,1.38365952e+02,7.96909637e+01,1.84150105e+01,2.86510050e-01,5.87949514e-01
5345803-S04-156I3-A-L-C-190-7-1,20.02.2020-15:10:52,1.40000000e+01,6.44332409e-01,8.89131546e+00,1.87896669e-03,1.94133930e+01,8.00387039e+01,1.86640663e+01,1.52395618e+00,1.78780413e+00
5345803-S04-156I3-A-L-C-190-7-1,20.02.2020-15:10:54,9.00000000e+00,6.46147430e-01,8.94154453e+00,1.81086548e-03,1.14908348e+02,8.02280350e+01,1.88668976e+01,1.55187517e-01,1.94308221e-01
5345803-S04-156I3-A-L-C-190-7-1,20.02.2020-15:10:56,2.00000000e+01,6.44308627e-01,8.88280678e+00,2.01322674e-03,1.81370682e+02,8.02598648e+01,1.86970367e+01,1.63032323e-01,2.89344072e-01
5345803-S04-156I3-A-L-C-190-7-1,20.02.2020-15:10:58,2.10000000e+01,6.41495883e-01,8.86749172e+00,1.82177441e-03,3.00752533e+02,8.02618637e+01,1.85837822e+01,1.35147363e-01,2.28893012e-01
5345803-S04-156I3-A-L-C-190-7-1,20.02.2020-15:11:00,2.00000000e+01,6.44979179e-01,8.86349869e+00,2.17607105e-03,2.79993835e+02,8.00485229e+01,1.86266327e+01,7.77949467e-02,2.22055152e-01
5345803-S04-156I3-A-L-C-190-7-1,20.02.2020-15:11:02,1.00000000e+00,6.39403522e-01,8.84400272e+00,1.88626279e-03,1.68214569e+02,8.00416870e+01,1.84234219e+01,1.39701724e-01,3.34715217e-01
5345803-S04-156I3-A-L-C-190-7-1,20.02.2020-15:11:04,2.00000000e+01,6.42528951e-01,8.88384151e+00,1.64625084e-03,1.58379944e+02,8.02243652e+01,1.86393147e+01,1.11510344e-01,1.71942353e-01
5345803-S04-156I3-A-L-C-190-7-1,20.02.2020-15:11:06,1.90000000e+01,6.43627346e-01,8.90337563e+00,2.02862709e-03,2.55359543e+02,8.03193970e+01,1.87344036e+01,8.81678462e-02,1.93798363e-01
5345803-S04-156I3-A-L-C-190-7-1,20.02.2020-15:11:08,1.00000000e+00,6.38472021e-01,8.83370399e+00,1.93887972e-03,2.29989319e+02,8.02422562e+01,1.84212055e+01,1.57087713e-01,3.99822950e-01
5345803-S04-156I3-A-L-C-190-7-1,20.02.2020-15:11:11,2.00000000e+01,6.41846538e-01,8.88157177e+00,2.15560826e-03,2.64236969e+02,8.02193909e+01,1.86136074e+01,1.37945905e-01,2.32191876e-01
5345803-S04-156I3-A-L-C-190-7-1,20.02.2020-15:11:13,1.00000000e+00,6.40929043e-01,8.81542301e+00,2.08135135e-03,2.63734344e+02,8.00220108e+01,1.84031754e+01,1.85886711e-01,5.54916739e-01
5345803-S04-156I3-A-L-C-190-7-1,20.02.2020-15:11:15,1.90000000e+01,6.43505335e-01,8.89961720e+00,2.03286414e-03,2.53523773e+02,8.02605743e+01,1.87092304e+01,1.17762804e-01,2.03206971e-01
5345803-S04-156I3-A-L-C-190-7-1,20.02.2020-15:11:17,9.00000000e+00,6.45699024e-01,8.92624474e+00,1.86133769e-03,2.64713318e+02,8.02624741e+01,1.88296242e+01,8.89009535e-02,1.17348641e-01
5345803-S04-156I3-A-L-C-190-7-1,20.02.2020-15:11:19,1.90000000e+01,6.43248796e-01,8.89223003e+00,1.94171024e-03,1.45728546e+02,8.04495010e+01,1.87302361e+01,1.56957477e-01,3.19087654e-01
5345803-S04-156I3-A-L-C-190-7-1,20.02.2020-15:11:21,2.10000000e+01,6.41038239e-01,8.86877918e+00,1.94734707e-03,1.48717957e+02,8.03002777e+01,1.85821114e+01,1.67320326e-01,3.49807322e-01
5345803-S04-156I3-A-L-C-190-7-1,20.02.2020-15:11:23,2.00000000e+01,6.42875075e-01,8.88943577e+00,1.92482630e-03,2.22289093e+02,8.02797318e+01,1.86739788e+01,1.27786279e-01,2.88627267e-01
5345803-S04-156I3-A-L-C-190-7-1,20.02.2020-15:11:25,9.00000000e+00,6.44485772e-01,8.93488598e+00,1.66366727e-03,4.05785004e+02,8.02178116e+01,1.88019695e+01,6.42607063e-02,1.18689388e-01
5345803-S04-156I3-A-L-C-190-7-1,20.02.2020-15:11:28,1.90000000e+01,6.45229876e-01,8.93058014e+00,1.99470087e-03,1.42576752e+02,8.01444626e+01,1.87974014e+01,1.89888641e-01,2.40833938e-01
5345803-S04-156I3-A-L-C-190-7-1,20.02.2020-15:11:30,1.90000000e+01,6.43240750e-01,8.92658138e+00,1.96954841e-03,1.93902512e+02,8.02303848e+01,1.87511463e+01,1.51356310e-01,2.16066465e-01
5345803-S04-156I3-A-L-C-190-7-1,20.02.2020-15:11:33,7.00000000e+00,6.47306979e-01,9.00100231e+00,1.92316785e-03,1.18253151e+02,8.03513489e+01,1.90556850e+01,2.45953560e-01,3.09961408e-01
5345803-S04-156I3-A-L-C-190-7-1,20.02.2020-15:11:36,7.00000000e+00,6.47693276e-01,9.01853085e+00,1.91746827e-03,1.50284637e+02,8.01756058e+01,1.90624027e+01,1.67143777e-01,2.11543813e-01
5345803-S04-156I3-A-L-C-190-7-1,20.02.2020-15:11:38,9.00000000e+00,6.46844327e-01,8.96214008e+00,2.30894261e-03,1.81243484e+02,8.00804367e+01,1.88959236e+01,1.77255154e-01,3.15248996e-01
5345803-S04-156I3-A-L-C-190-7-1,20.02.2020-15:11:40,9.00000000e+00,6.48100376e-01,8.94456196e+00,1.93891372e-03,2.10868423e+02,8.01282043e+01,1.89067516e+01,1.57169253e-01,2.66446918e-01
5345803-S04-156I3-A-L-C-190-7-1,20.02.2020-15:11:42,1.90000000e+01,6.43102586e-01,8.93012524e+00,1.72889663e-03,1.77952057e+02,8.01010208e+01,1.87243214e+01,2.20771030e-01,5.02933919e-01
5345803-S04-156I3-A-L-C-190-7-1,20.02.2020-15:11:44,1.90000000e+01,6.45007312e-01,8.92403412e+00,2.07806495e-03,2.59468658e+02,8.02050171e+01,1.87913342e+01,2.01466769e-01,7.71768034e-01
5345803-S04-156I3-A-L-C-190-7-1,20.02.2020-15:11:46,2.00000000e+01,6.42541289e-01,8.91190434e+00,2.16993713e-03,1.92061737e+02,7.99012375e+01,1.86232395e+01,2.08690882e-01,4.86051589e-01
5345803-S04-156I3-A-L-C-190-7-1,20.02.2020-15:11:48,9.00000000e+00,6.46426797e-01,8.93532944e+00,1.82777573e-03,3.07003723e+02,8.03703842e+01,1.88954029e+01,1.17281847e-01,1.80098757e-01
5345803-S04-156I3-A-L-C-190-7-1,20.02.2020-15:11:50,8.00000000e+00,6.47865057e-01,8.95199394e+00,1.81403325e-03,1.72962601e+02,8.03179474e+01,1.89603825e+01,1.43564939e-01,2.72622287e-01
5345803-S04-156I3-A-L-C-190-7-1,20.02.2020-15:11:52,9.00000000e+00,6.47194326e-01,8.94340324e+00,2.29291338e-03,1.23697746e+02,8.01216278e+01,1.88763256e+01,1.93264067e-01,3.13849002e-01
5345803-S04-156I3-A-L-C-190-7-1,20.02.2020-15:11:55,9.00000000e+00,6.47486985e-01,8.91764545e+00,1.98294851e-03,3.27203644e+02,8.02759094e+01,1.88667316e+01,1.07861392e-01,3.19897443e-01
5345803-S04-156I3-A-L-C-190-7-1,20.02.2020-15:11:57,8.00000000e+00,6.48386121e-01,8.96062279e+00,2.13587889e-03,2.57484894e+02,8.02223358e+01,1.89713135e+01,1.46978229e-01,2.29721218e-01
5345803-S04-156I3-A-L-C-190-7-1,20.02.2020-15:11:59,1.30000000e+01,6.25068486e-01,8.73023129e+00,1.95453712e-03,1.42095032e+02,8.00414505e+01,1.77786388e+01,3.10826421e-01,7.75151491e-01
5345803-S04-156I3-A-L-C-190-7-1,20.02.2020-15:12:01,1.90000000e+01,6.43950164e-01,8.92879868e+00,1.71372003e-03,1.12322227e+02,8.01016006e+01,1.87463474e+01,2.82629430e-01,6.72188282e-01
5345803-S04-156I3-A-L-C-190-7-1,20.02.2020-15:12:03,9.00000000e+00,6.45796537e-01,8.96062088e+00,2.01048586e-03,1.24903023e+02,8.01502686e+01,1.88785667e+01,2.43572041e-01,3.97385716e-01
5345803-S04-156I3-A-L-C-190-7-1,20.02.2020-15:12:05,9.00000000e+00,6.45541489e-01,8.95650768e+00,2.07464350e-03,9.92934952e+01,8.01636887e+01,1.88656063e+01,3.08941215e-01,6.04705572e-01
5345803-S04-156I3-A-L-C-190-7-1,20.02.2020-15:12:07,1.90000000e+01,6.44577086e-01,8.91069031e+00,1.95506890e-03,1.29414780e+02,8.01174850e+01,1.87302570e+01,2.53814548e-01,6.90139055e-01
5345803-S04-156I3-A-L-C-190-7-1,20.02.2020-15:12:09,9.00000000e+00,6.45387113e-01,8.93271637e+00,1.80559792e-03,1.69042130e+02,8.02398148e+01,1.88288574e+01,1.95141286e-01,6.87661290e-01
5345803-S04-156I3-A-L-C-190-7-1,20.02.2020-15:12:13,2.00000000e+01,6.43531859e-01,8.91758633e+00,1.69203710e-03,9.30014801e+01,8.00158157e+01,1.86906090e+01,3.21347415e-01,6.55494392e-01
5345803-S04-156I3-A-L-C-190-7-1,20.02.2020-15:12:15,9.00000000e+00,6.45208538e-01,8.94740391e+00,1.76134240e-03,1.51096329e+02,8.00853119e+01,1.88182926e+01,1.57573387e-01,3.40288430e-01
5345803-S04-156I3-A-L-C-190-7-1,20.02.2020-15:12:17,9.00000000e+00,6.44969225e-01,8.94637871e+00,1.99474883e-03,9.33103638e+01,8.02060242e+01,1.88375072e+01,2.95548022e-01,5.22115827e-01
5345803-S04-156I3-A-L-C-190-7-1,20.02.2020-15:12:19,9.00000000e+00,6.45869792e-01,8.96214008e+00,2.02171225e-03,6.31360168e+01,8.02181396e+01,1.88999004e+01,4.39971179e-01,7.68759251e-01
5345803-S04-156I3-A-L-C-190-7-1,20.02.2020-15:12:22,1.90000000e+01,6.44147754e-01,8.92992210e+00,1.87913305e-03,9.88060837e+01,8.01120377e+01,1.87569046e+01,3.31768364e-01,7.27855623e-01
5345803-S04-156I3-A-L-C-190-7-1,20.02.2020-15:12:24,9.00000000e+00,6.46585703e-01,8.94795418e+00,1.90438598e-03,1.70287033e+02,8.00938110e+01,1.88616199e+01,1.92751974e-01,3.36079776e-01
5345803-S04-156I3-A-L-C-190-7-1,20.02.2020-15:12:26,2.00000000e+00,6.37012482e-01,8.85293865e+00,2.29996233e-03,1.10701233e+02,7.97895889e+01,1.83152084e+01,3.28009874e-01,8.52261245e-01
5345803-S04-156I3-A-L-C-190-7-1,20.02.2020-15:12:28,2.00000000e+01,6.43011093e-01,8.92329407e+00,1.82687480e-03,1.05789177e+02,7.98675537e+01,1.86528091e+01,2.87482589e-01,8.38367641e-01
5345803-S04-156I3-A-L-C-190-7-1,20.02.2020-15:12:30,9.00000000e+00,6.44925237e-01,8.95262051e+00,1.96868181e-03,9.07800293e+01,8.00277634e+01,1.88074722e+01,3.41063648e-01,5.60604751e-01
5345803-S04-156I3-A-L-C-190-7-1,20.02.2020-15:12:32,9.00000000e+00,6.46575809e-01,8.95098686e+00,1.95168913e-03,1.22893036e+02,8.01099091e+01,1.88715172e+01,2.78568923e-01,5.19916296e-01
5345803-S04-156I3-A-L-C-190-7-1,20.02.2020-15:12:34,2.00000000e+01,6.43740594e-01,8.92012215e+00,2.36332417e-03,1.74506012e+02,7.97009735e+01,1.86283970e+01,1.52834058e-01,1.85457483e-01
5345803-S04-156I3-A-L-C-190-7-1,20.02.2020-15:12:37,9.00000000e+00,6.47243321e-01,8.94019032e+00,2.07216805e-03,1.11157188e+02,8.00436630e+01,1.88526096e+01,1.86869904e-01,2.41863579e-01
5345803-S04-156I3-A-L-C-190-7-1,20.02.2020-15:12:39,1.90000000e+01,6.44701004e-01,8.93138409e+00,1.69274595e-03,1.14419128e+02,7.99726105e+01,1.87434082e+01,2.39737317e-01,2.97522068e-01
5345803-S04-156I3-A-L-C-190-7-1,20.02.2020-15:12:41,2.40000000e+01,6.42537951e-01,8.88558674e+00,1.80072640e-03,1.57476556e+00,7.73425598e+01,1.79735394e+01,,
5345803-S04-156I3-A-L-C-190-7-1,20.02.2020-15:12:43,1.90000000e+01,6.44778967e-01,8.95574188e+00,2.42020679e-03,1.54050812e+02,7.98084793e+01,1.87582207e+01,2.09323466e-01,3.94343078e-01
5345803-S04-156I3-A-L-C-190-7-1,20.02.2020-15:12:45,9.00000000e+00,6.43807411e-01,8.94797134e+00,1.98795414e-03,9.92135162e+01,8.01793747e+01,1.88006744e+01,2.39918366e-01,4.50450182e-01
5345803-S04-156I3-A-L-C-190-7-1,20.02.2020-15:12:47,2.00000000e+01,6.44977033e-01,8.91322136e+00,2.63193413e-03,8.19733047e+01,7.95154343e+01,1.86063232e+01,4.02263612e-01,8.68000269e-01
5345803-S04-156I3-A-L-C-190-7-1,20.02.2020-15:12:49,7.00000000e+00,6.48690045e-01,8.96898746e+00,1.77710317e-03,1.30855103e+02,8.03811798e+01,1.90355396e+01,2.32473969e-01,3.24523896e-01
5345803-S04-156I3-A-L-C-190-7-1,20.02.2020-15:12:51,9.00000000e+00,6.46090984e-01,8.95147514e+00,2.01647077e-03,6.51943588e+01,8.00974274e+01,1.88554573e+01,4.29805577e-01,7.55710304e-01
5345803-S04-156I3-A-L-C-190-7-1,20.02.2020-15:12:54,9.00000000e+00,6.45910561e-01,8.94427586e+00,1.67276990e-03,7.32657700e+01,8.01797256e+01,1.88543835e+01,4.14069504e-01,7.75999546e-01
5345803-S04-156I3-A-L-C-190-7-1,20.02.2020-15:12:56,9.00000000e+00,6.46145523e-01,8.96501160e+00,1.89991784e-03,4.00705414e+01,8.01535263e+01,1.88987885e+01,6.83899879e-01,9.30833876e-01
5345803-S04-156I3-A-L-C-190-7-1,20.02.2020-15:12:58,1.30000000e+01,6.23474240e-01,8.73176670e+00,2.14222446e-03,1.77825256e+02,8.00156326e+01,1.77306919e+01,2.57587612e-01,8.17420542e-01
5345803-S04-156I3-A-L-C-190-7-1,20.02.2020-15:13:00,9.00000000e+00,6.45990014e-01,8.94819927e+00,2.27352302e-03,1.17251625e+02,7.99901428e+01,1.88203678e+01,2.38582224e-01,5.97045660e-01
5345803-S04-156I3-A-L-C-190-7-1,20.02.2020-15:13:02,2.10000000e+01,6.39610767e-01,8.93105221e+00,2.17658095e-03,1.62061752e+02,7.96382904e+01,1.85169945e+01,2.50928849e-01,5.92184663e-01
5345803-S04-156I3-A-L-C-190-7-1,20.02.2020-15:13:04,2.10000000e+01,6.39792085e-01,8.93310165e+00,1.91499479e-03,4.62570000e+01,7.96519241e+01,1.85296669e+01,5.29286981e-01,8.42079818e-01
5345803-S04-156I3-A-L-C-190-7-1,20.02.2020-15:13:06,1.00000000e+00,6.38418257e-01,8.92324924e+00,2.10229820e-03,2.83251221e+02,7.96556778e+01,1.84703541e+01,1.68311670e-01,4.56036419e-01
5345803-S04-156I3-A-L-C-190-7-1,20.02.2020-15:13:08,1.00000000e+00,6.38999999e-01,8.93670750e+00,2.54124706e-03,9.84582977e+01,7.94024963e+01,1.84562206e+01,2.80476749e-01,6.07825935e-01
5345803-S04-156I3-A-L-C-190-7-1,20.02.2020-15:13:10,1.00000000e+00,6.39396489e-01,8.92726803e+00,1.90663093e-03,1.55735535e+02,7.95316925e+01,1.84781818e+01,2.64550924e-01,5.77069998e-01
5345803-S04-156I3-A-L-C-190-7-1,20.02.2020-15:13:12,8.00000000e+00,6.48367226e-01,8.97826099e+00,1.87407283e-03,1.36529297e+02,8.00095825e+01,1.89576931e+01,1.89586401e-01,4.13059801e-01
5345803-S04-156I3-A-L-C-190-7-1,20.02.2020-15:13:15,1.00000000e+00,6.39441013e-01,8.92220974e+00,1.64287130e-03,1.43955948e+02,7.96445084e+01,1.84951954e+01,2.72918135e-01,6.23041272e-01
5345803-S04-156I3-A-L-C-190-7-1,20.02.2020-15:13:17,8.00000000e+00,6.48263216e-01,8.97238064e+00,2.05982453e-03,1.10453247e+02,7.99162064e+01,1.89201317e+01,2.42609739e-01,4.62429911e-01
5345803-S04-156I3-A-L-C-190-7-1,20.02.2020-15:13:19,9.00000000e+00,6.46602750e-01,8.95046520e+00,2.13981885e-03,1.03707977e+02,7.99705658e+01,1.88383789e+01,2.16074616e-01,3.81104439e-01
5345803-S04-156I3-A-L-C-190-7-1,20.02.2020-15:13:21,8.00000000e+00,6.48403943e-01,8.96012688e+00,2.01373431e-03,1.89803665e+02,8.02791901e+01,1.89842300e+01,1.76668510e-01,2.57336885e-01
5345803-S04-156I3-A-L-C-190-7-1,20.02.2020-15:13:23,8.00000000e+00,6.47644341e-01,8.96224689e+00,1.82564312e-03,1.28167038e+02,8.01721497e+01,1.89411888e+01,1.76704392e-01,2.53038973e-01
5345803-S04-156I3-A-L-C-190-7-1,20.02.2020-15:13:25,1.90000000e+01,6.44119561e-01,8.93845367e+00,1.93734269e-03,3.10136963e+02,8.01408005e+01,1.87807426e+01,1.88185364e-01,3.11771452e-01
5345803-S04-156I3-A-L-C-190-7-1,20.02.2020-15:13:27,9.00000000e+00,6.45514548e-01,8.95262241e+00,1.64117885e-03,1.42565933e+02,8.02912445e+01,1.88866405e+01,1.53061286e-01,1.79771438e-01
5345803-S04-156I3-A-L-C-190-7-1,20.02.2020-15:13:30,8.00000000e+00,6.46575332e-01,8.97336960e+00,1.75518647e-03,2.05473434e+02,8.02064285e+01,1.89414864e+01,1.56596065e-01,2.23039448e-01
5345803-S04-156I3-A-L-C-190-7-1,20.02.2020-15:13:32,7.00000000e+00,6.48867011e-01,8.98277569e+00,2.02148454e-03,1.44367188e+02,8.02630615e+01,1.90419846e+01,1.89767584e-01,2.31282309e-01
5345803-S04-156I3-A-L-C-190-7-1,20.02.2020-15:13:34,7.00000000e+00,6.48841023e-01,8.96210289e+00,1.74886209e-03,1.48756134e+02,8.03904495e+01,1.90275497e+01,1.72704592e-01,2.49910608e-01
5345803-S04-156I3-A-L-C-190-7-1,20.02.2020-15:13:36,1.90000000e+01,6.45243049e-01,8.95665169e+00,2.24045734e-03,1.18514130e+02,7.98632431e+01,1.87865124e+01,2.57927924e-01,3.58480066e-01
5345803-S04-156I3-A-L-C-190-7-1,20.02.2020-15:13:38,8.00000000e+00,6.48019433e-01,8.97468281e+00,1.58476178e-03,1.27178360e+02,8.01327438e+01,1.89691257e+01,2.49811396e-01,3.21797758e-01
5345803-S04-156I3-A-L-C-190-7-1,20.02.2020-15:13:40,9.00000000e+00,6.46749735e-01,8.94094372e+00,2.24179239e-03,9.01038818e+01,7.99665756e+01,1.88216763e+01,3.20012629e-01,4.35615927e-01
5345803-S04-156I3-A-L-C-190-7-1,20.02.2020-15:13:42,9.00000000e+00,6.45731807e-01,8.94194603e+00,1.97696174e-03,9.87221069e+01,8.00061111e+01,1.88034496e+01,2.38323152e-01,3.17926496e-01
5345803-S04-156I3-A-L-C-190-7-1,20.02.2020-15:13:44,2.10000000e+01,6.40810013e-01,8.88477421e+00,2.05218652e-03,1.51593292e+02,8.00186996e+01,1.85437431e+01,2.67158061e-01,6.90185487e-01
5345803-S04-156I3-A-L-C-190-7-1,20.02.2020-15:13:47,2.00000000e+01,6.43249154e-01,8.92751884e+00,2.12959852e-03,1.58938934e+02,7.99593353e+01,1.86900043e+01,1.81867078e-01,4.91661221e-01
5345803-S04-156I3-A-L-C-190-7-1,20.02.2020-15:13:49,9.00000000e+00,6.47095501e-01,8.98733711e+00,1.79395976e-03,1.42231247e+02,7.98668823e+01,1.89058552e+01,1.70820698e-01,2.10259378e-01
5345803-S04-156I3-A-L-C-190-7-1,20.02.2020-15:13:51,9.00000000e+00,6.45449817e-01,8.95856857e+00,1.98988523e-03,2.02284592e+02,8.00360107e+01,1.88372173e+01,1.94873154e-01,2.85445899e-01
5345803-S04-156I3-A-L-C-190-7-1,20.02.2020-15:13:53,1.90000000e+01,6.44766688e-01,8.94911957e+00,1.74678839e-03,1.15746277e+02,7.99896011e+01,1.87865334e+01,2.11779878e-01,2.65687048e-01
5345803-S04-156I3-A-L-C-190-7-1,20.02.2020-15:13:55,2.00000000e+01,6.44048095e-01,8.93297958e+00,2.13388912e-03,2.29277008e+02,7.97645721e+01,1.86790524e+01,1.41654879e-01,1.89569086e-01
5345803-S04-156I3-A-L-C-190-7-1,20.02.2020-15:13:57,8.00000000e+00,6.47640467e-01,8.96151257e+00,2.07074638e-03,1.07370506e+02,8.02209549e+01,1.89510517e+01,1.84202805e-01,2.46308818e-01
5345803-S04-156I3-A-L-C-190-7-1,20.02.2020-15:13:59,9.00000000e+00,6.46398664e-01,8.96282101e+00,1.85086834e-03,1.03442352e+02,7.99432602e+01,1.88519917e+01,1.72101900e-01,2.12991104e-01
5345803-S04-156I3-A-L-C-190-7-1,20.02.2020-15:14:01,9.00000000e+00,6.47346735e-01,8.91476440e+00,1.89805613e-03,1.72305069e+02,8.02098846e+01,1.88410416e+01,1.12772673e-01,1.95869505e-01
5345803-S04-156I3-A-L-C-190-7-1,20.02.2020-15:14:03,8.00000000e+00,6.48340762e-01,8.96149445e+00,1.92056864e-03,1.34280701e+02,8.01360321e+01,1.89514217e+01,2.55505025e-01,3.44186515e-01
5345803-S04-156I3-A-L-C-190-7-1,20.02.2020-15:14:06,9.00000000e+00,6.47311568e-01,8.92967701e+00,1.81286072e-03,1.60581604e+02,8.00772247e+01,1.88403244e+01,1.62923977e-01,2.66084790e-01
5345803-S04-156I3-A-L-C-190-7-1,20.02.2020-15:14:08,2.00000000e+01,6.46953344e-01,8.88722897e+00,2.45488225e-03,1.59318253e+02,7.98208771e+01,1.86803951e+01,1.80302933e-01,5.43451071e-01
5345803-S04-156I3-A-L-C-190-7-1,20.02.2020-15:14:10,1.90000000e+01,6.44599736e-01,8.94496822e+00,1.81284116e-03,2.05584061e+02,7.99600983e+01,1.87660313e+01,1.39486998e-01,1.95951149e-01
5345803-S04-156I3-A-L-C-190-7-1,20.02.2020-15:14:12,8.00000000e+00,6.48276329e-01,8.98248100e+00,1.78256631e-03,1.26034477e+02,8.02359848e+01,1.90176067e+01,1.89684644e-01,2.36225680e-01
5345803-S04-156I3-A-L-C-190-7-1,20.02.2020-15:14:14,1.90000000e+01,6.43390715e-01,8.92394924e+00,1.92203594e-03,1.68821762e+02,8.02036362e+01,1.87437344e+01,1.65780798e-01,3.27271670e-01
5345803-S04-156I3-A-L-C-190-7-1,20.02.2020-15:14:16,9.00000000e+00,6.47362411e-01,8.93678761e+00,2.08611647e-03,2.12108795e+02,8.01962128e+01,1.88848248e+01,1.12507179e-01,1.76869720e-01
5345803-S04-156I3-A-L-C-190-7-1,20.02.2020-15:14:18,9.00000000e+00,6.46071970e-01,8.95436192e+00,1.87052682e-03,1.30467178e+02,8.00690384e+01,1.88542976e+01,1.98609605e-01,2.52894700e-01
5345803-S04-156I3-A-L-C-190-7-1,20.02.2020-15:14:20,9.00000000e+00,6.47601843e-01,8.92059994e+00,1.70366000e-03,2.73735077e+02,8.02680817e+01,1.88744888e+01,1.15457460e-01,1.53293416e-01
5345803-S04-156I3-A-L-C-190-7-1,20.02.2020-15:14:22,1.90000000e+01,6.47822082e-01,8.89448166e+00,1.80029077e-03,9.18068161e+01,7.99760513e+01,1.87571354e+01,2.32771903e-01,3.34728032e-01
5345803-S04-156I3-A-L-C-190-7-1,20.02.2020-15:14:24,8.00000000e+00,6.48141682e-01,8.94710064e+00,2.07397179e-03,1.12453514e+02,8.02199020e+01,1.89349689e+01,2.27231994e-01,3.21607262e-01
5345803-S04-156I3-A-L-C-190-7-1,20.02.2020-15:14:27,9.00000000e+00,6.47695005e-01,8.93407249e+00,2.24506878e-03,9.28342514e+01,7.99929199e+01,1.88409061e+01,2.62592643e-01,3.39611471e-01
5345803-S04-156I3-A-L-C-190-7-1,20.02.2020-15:14:29,8.00000000e+00,6.48457289e-01,8.95117092e+00,2.25678226e-03,1.05098557e+02,8.00811615e+01,1.89200287e+01,2.23366365e-01,2.94969469e-01
5345803-S04-156I3-A-L-C-190-7-1,20.02.2020-15:14:31,8.00000000e+00,6.47831082e-01,8.94419575e+00,2.00566999e-03,1.00989784e+02,8.02713089e+01,1.89318733e+01,2.12774947e-01,2.90342331e-01
5345803-S04-156I3-A-L-C-190-7-1,20.02.2020-15:14:33,9.00000000e+00,6.45063519e-01,8.94717026e+00,1.90413289e-03,1.41716003e+02,8.00987015e+01,1.88167152e+01,1.82677418e-01,2.95494020e-01
5345803-S04-156I3-A-L-C-190-7-1,20.02.2020-15:14:35,9.00000000e+00,6.47611558e-01,8.92283821e+00,1.90751452e-03,1.67756226e+02,8.01871948e+01,1.88604832e+01,1.69465140e-01,2.28458598e-01
5345803-S04-156I3-A-L-C-190-7-1,20.02.2020-15:14:37,9.00000000e+00,6.47705317e-01,8.92045498e+00,2.20532878e-03,1.08466408e+02,8.00078125e+01,1.88159885e+01,1.93633944e-01,2.67224699e-01
5345803-S04-156I3-A-L-C-190-7-1,20.02.2020-15:14:39,9.00000000e+00,6.46986902e-01,8.93553162e+00,2.17443961e-03,2.07899750e+02,8.01952133e+01,1.88709831e+01,1.52401775e-01,2.39948228e-01
5345803-S04-156I3-A-L-C-190-7-1,20.02.2020-15:14:41,9.00000000e+00,6.47585630e-01,8.93718338e+00,1.76150992e-03,3.09022198e+01,8.01958771e+01,1.88920937e+01,4.40932631e-01,6.14527106e-01
5345803-S04-156I3-A-L-C-190-7-1,20.02.2020-15:14:43,9.00000000e+00,6.47910953e-01,8.90740395e+00,1.93200388e-03,2.49642639e+02,8.01858368e+01,1.88362465e+01,1.17370293e-01,1.82432860e-01
5345803-S04-156I3-A-L-C-190-7-1,20.02.2020-15:14:46,8.00000000e+00,6.47477806e-01,8.98493004e+00,1.88127521e-03,1.65284958e+02,7.99679565e+01,1.89358940e+01,1.28401533e-01,1.58029705e-01
5345803-S04-156I3-A-L-C-190-7-1,20.02.2020-15:14:48,8.00000000e+00,6.47821069e-01,8.94140148e+00,1.85368524e-03,1.79013031e+02,8.02394257e+01,1.89181499e+01,1.62678480e-01,2.77420133e-01
5345803-S04-156I3-A-L-C-190-7-1,20.02.2020-15:14:50,1.00000000e+00,6.41198158e-01,8.86401558e+00,2.15619430e-03,2.50489151e+02,7.96942520e+01,1.84365654e+01,1.75765187e-01,6.22574091e-01
5345803-S04-156I3-A-L-C-190-7-1,20.02.2020-15:14:52,1.00000000e+00,6.40508473e-01,8.87339783e+00,1.96907087e-03,1.62633575e+02,7.99160461e+01,1.84875355e+01,2.27060720e-01,5.70364892e-01
5345803-S04-156I3-A-L-C-190-7-1,20.02.2020-15:14:54,2.00000000e+01,6.42638445e-01,8.89977837e+00,1.95540767e-03,7.05506439e+01,8.00400314e+01,1.86330242e+01,2.96565801e-01,4.56657499e-01
5345803-S04-156I3-A-L-C-190-7-1,20.02.2020-15:14:56,1.90000000e+01,6.44419253e-01,8.94418812e+00,2.11707596e-03,1.76601761e+02,7.97593231e+01,1.87120380e+01,1.26412973e-01,2.02423632e-01
5345803-S04-156I3-A-L-C-190-7-1,20.02.2020-15:14:58,8.00000000e+00,6.48790956e-01,8.95866776e+00,1.71257369e-03,1.37525742e+02,8.02830811e+01,1.89933872e+01,1.47130832e-01,2.18867406e-01
5345803-S04-156I3-A-L-C-190-7-1,20.02.2020-15:15:00,2.00000000e+00,6.35004222e-01,8.75267124e+00,1.17228343e-03,1.61844559e+02,8.08559189e+01,1.82919178e+01,2.09544122e-01,9.43792224e-01
5345803-S04-156I3-A-L-C-190-7-1,20.02.2020-15:15:02,1.90000000e+01,6.43630028e-01,8.94161510e+00,2.10240390e-03,1.00849998e+02,7.98342743e+01,1.87013016e+01,2.26007298e-01,3.13230038e-01
5345803-S04-156I3-A-L-C-190-7-1,20.02.2020-15:15:04,8.00000000e+00,6.48776948e-01,8.96155262e+00,2.04288960e-03,1.45820007e+02,8.01603928e+01,1.89700584e+01,1.63859040e-01,2.34992653e-01
5345803-S04-156I3-A-L-C-190-7-1,20.02.2020-15:15:07,1.90000000e+01,6.46040678e-01,8.91515350e+00,1.85847748e-03,1.44997482e+02,8.01138763e+01,1.87813435e+01,1.63490474e-01,2.81374395e-01
5345803-S04-156I3-A-L-C-190-7-1,20.02.2020-15:15:09,9.00000000e+00,6.46403790e-01,8.92093754e+00,2.11763498e-03,1.28594345e+02,8.01472626e+01,1.88119278e+01,2.29572549e-01,2.73909450e-01
5345803-S04-156I3-A-L-C-190-7-1,20.02.2020-15:15:11,9.00000000e+00,6.46903038e-01,8.93540573e+00,2.03655870e-03,2.13853561e+02,8.00688934e+01,1.88385506e+01,1.45531476e-01,2.12222427e-01
5345803-S04-156I3-A-L-C-190-7-1,20.02.2020-15:15:13,1.00000000e+00,6.43181324e-01,8.82965946e+00,2.09171581e-03,1.91324188e+02,8.00099411e+01,1.84948807e+01,2.17459306e-01,1.39290404e+00
5345803-S04-156I3-A-L-C-190-7-1,20.02.2020-15:15:15,2.00000000e+01,6.44632638e-01,8.92110825e+00,2.02110992e-03,1.36588165e+02,7.98358612e+01,1.86878490e+01,1.07690549e+00,1.47082174e+00
5345803-S04-156I3-A-L-C-190-7-1,20.02.2020-15:15:17,2.10000000e+01,6.42122328e-01,8.88845634e+00,1.91054901e-03,6.21203957e+01,7.99183426e+01,1.85661049e+01,4.44902152e-01,6.17352247e-01
5345803-S04-156I3-A-L-C-190-7-1,20.02.2020-15:15:19,1.00000000e+00,6.41100705e-01,8.85560703e+00,1.98553083e-03,1.52790024e+02,7.97753906e+01,1.84350243e+01,2.33810261e-01,4.37614858e-01
5345803-S04-156I3-A-L-C-190-7-1,20.02.2020-15:15:21,2.10000000e+01,6.42160654e-01,8.89205742e+00,2.11516744e-03,1.10629929e+02,7.97145996e+01,1.85273819e+01,2.34278783e-01,4.08726960e-01
5345803-S04-156I3-A-L-C-190-7-1,20.02.2020-15:15:23,9.00000000e+00,6.47658825e-01,8.92346191e+00,1.93288014e-03,1.02608078e+02,8.01459274e+01,1.88534718e+01,2.38333493e-01,3.01462233e-01
5345803-S04-156I3-A-L-C-190-7-1,20.02.2020-15:15:26,2.40000000e+01,6.48540616e-01,8.95982456e+00,1.99605385e-03,1.25445805e+01,7.98850021e+01,1.88943577e+01,2.13322616e+00,2.47948766e+00
5345803-S04-156I3-A-L-C-190-7-1,20.02.2020-15:15:28,1.90000000e+01,6.44409835e-01,8.93962765e+00,2.07980885e-03,1.44387985e+02,8.00930328e+01,1.87804718e+01,2.06266597e-01,3.94429535e-01
5345803-S04-156I3-A-L-C-190-7-1,20.02.2020-15:15:30,1.90000000e+01,6.44501328e-01,8.92211723e+00,1.92191242e-03,7.30998230e+01,7.99707565e+01,1.87177296e+01,3.78743887e-01,6.25104785e-01
5345803-S04-156I3-A-L-C-190-7-1,20.02.2020-15:15:32,2.00000000e+01,6.42277241e-01,8.94737148e+00,2.04843329e-03,8.03437119e+01,7.96918106e+01,1.86406860e+01,4.10388559e-01,5.58316231e-01
5345803-S04-156I3-A-L-C-190-7-1,20.02.2020-15:15:34,2.00000000e+01,6.45062804e-01,8.92646027e+00,2.03757780e-03,7.76608810e+01,7.97610855e+01,1.86940117e+01,3.54531080e-01,5.88712275e-01
5345803-S04-156I3-A-L-C-190-7-1,20.02.2020-15:15:36,1.00000000e+00,6.44396424e-01,8.82025814e+00,1.85611704e-03,1.11812363e+02,7.97927628e+01,1.84598484e+01,4.15951937e-01,1.02801061e+00
5345803-S04-156I3-A-L-C-190-7-1,20.02.2020-15:15:38,7.00000000e+00,6.48485899e-01,9.01074600e+00,1.89867278e-03,8.38631516e+01,8.00892868e+01,1.90487251e+01,2.74449229e-01,3.24649751e-01
5345803-S04-156I3-A-L-C-190-7-1,20.02.2020-15:15:40,7.00000000e+00,6.48669899e-01,9.01773930e+00,1.94710051e-03,1.09737473e+02,8.01085892e+01,1.90735130e+01,2.23122269e-01,2.67851233e-01
5345803-S04-156I3-A-L-C-190-7-1,20.02.2020-15:15:42,7.00000000e+00,6.48286343e-01,9.02140427e+00,1.95297739e-03,8.01720200e+01,7.99807205e+01,1.90395432e+01,2.80693203e-01,3.42718631e-01
5345803-S04-156I3-A-L-C-190-7-1,20.02.2020-15:15:45,2.00000000e+01,6.44324124e-01,8.91806221e+00,2.44203117e-03,1.02087097e+02,7.98652496e+01,1.86794014e+01,2.46405929e-01,3.02322596e-01
5345803-S04-156I3-A-L-C-190-7-1,20.02.2020-15:15:47,2.00000000e+01,6.43168032e-01,8.91667747e+00,2.11093132e-03,1.03786438e+02,7.98894348e+01,1.86486359e+01,2.86148518e-01,3.45970094e-01
5345803-S04-156I3-A-L-C-190-7-1,20.02.2020-15:15:49,9.00000000e+00,6.45737767e-01,8.95270920e+00,2.07184325e-03,1.12401184e+02,8.00641098e+01,1.88399048e+01,2.35134825e-01,3.37290883e-01
5345803-S04-156I3-A-L-C-190-7-1,20.02.2020-15:15:51,2.00000000e+00,6.40518486e-01,8.85696125e+00,2.16316921e-03,9.28185272e+01,7.95625305e+01,1.83719482e+01,2.78252274e-01,3.27233434e-01
5345803-S04-156I3-A-L-C-190-7-1,20.02.2020-15:15:53,9.00000000e+00,6.46609843e-01,8.97230721e+00,2.07330822e-03,1.48971527e+02,7.98138123e+01,1.88475399e+01,2.28246048e-01,3.37751120e-01
5345803-S04-156I3-A-L-C-190-7-1,20.02.2020-15:15:55,9.00000000e+00,6.45183444e-01,8.95783615e+00,2.23825010e-03,1.00203789e+02,7.99466629e+01,1.88068848e+01,2.39047647e-01,3.13834399e-01
5345803-S04-156I3-A-L-C-190-7-1,20.02.2020-15:15:57,1.90000000e+01,6.43880546e-01,8.91193962e+00,2.02086451e-03,8.22436676e+01,8.01238174e+01,1.87141190e+01,2.58058190e-01,4.98327672e-01
5345803-S04-156I3-A-L-C-190-7-1,20.02.2020-15:15:59,9.00000000e+00,6.44160509e-01,8.93804169e+00,2.06974125e-03,8.26249847e+01,8.02412949e+01,1.88046207e+01,2.97781557e-01,4.00270909e-01
5345803-S04-156I3-A-L-C-190-7-1,20.02.2020-15:16:02,1.90000000e+01,6.44802868e-01,8.93019009e+00,2.14623334e-03,8.04655991e+01,8.00927200e+01,1.87720165e+01,3.08439374e-01,4.10221070e-01
5345803-S04-156I3-A-L-C-190-7-1,20.02.2020-15:16:04,9.00000000e+00,6.45367980e-01,8.95287609e+00,1.92278158e-03,7.41483688e+01,8.00727692e+01,1.88315048e+01,3.43192697e-01,4.46929246e-01
5345803-S04-156I3-A-L-C-190-7-1,20.02.2020-15:16:06,1.00000000e+00,6.41274333e-01,8.84828186e+00,1.80045993e-03,5.47022171e+01,7.98024750e+01,1.84310188e+01,3.99497211e-01,4.70959842e-01
5345803-S04-156I3-A-L-C-190-7-1,20.02.2020-15:16:08,1.90000000e+01,6.44403756e-01,8.92339420e+00,2.19174637e-03,1.05111244e+02,7.99979401e+01,1.87239342e+01,3.21630061e-01,5.89034319e-01
5345803-S04-156I3-A-L-C-190-7-1,20.02.2020-15:16:10,1.90000000e+01,6.44532800e-01,8.93187046e+00,2.02272716e-03,1.08181038e+02,7.99708939e+01,1.87391357e+01,3.24244231e-01,6.21883631e-01
5345803-S04-156I3-A-L-C-190-7-1,20.02.2020-15:16:12,2.00000000e+00,6.37833893e-01,8.83713055e+00,1.94792601e-03,8.11951294e+01,7.98069763e+01,1.83100662e+01,4.46705550e-01,9.64306116e-01
5345803-S04-156I3-A-L-C-190-7-1,20.02.2020-15:16:14,9.00000000e+00,6.45316601e-01,8.96198463e+00,2.19270587e-03,1.24462402e+02,8.00718842e+01,1.88489532e+01,2.76911318e-01,3.84638429e-01
5345803-S04-156I3-A-L-C-190-7-1,20.02.2020-15:16:16,1.90000000e+01,6.43790483e-01,8.93508911e+00,2.16052821e-03,9.59225006e+01,8.00273132e+01,1.87375107e+01,3.35087150e-01,5.91053545e-01
5345803-S04-156I3-A-L-C-190-7-1,20.02.2020-15:16:19,9.00000000e+00,6.45525575e-01,8.94031715e+00,1.79989915e-03,1.01081566e+02,8.00581360e+01,1.88062420e+01,3.09923083e-01,4.19335425e-01
5345803-S04-156I3-A-L-C-190-7-1,20.02.2020-15:16:21,1.00000000e+00,6.39933646e-01,8.86938286e+00,1.91679841e-03,5.02512932e+01,7.98840790e+01,1.84552021e+01,4.12814528e-01,4.83465165e-01
5345803-S04-156I3-A-L-C-190-7-1,20.02.2020-15:16:23,2.10000000e+01,6.41979098e-01,8.88891125e+00,1.71239104e-03,1.08502586e+02,7.99962616e+01,1.85810108e+01,3.04749787e-01,7.82464147e-01
5345803-S04-156I3-A-L-C-190-7-1,20.02.2020-15:16:25,2.00000000e+00,6.39792442e-01,8.84547424e+00,2.01270636e-03,6.92586899e+01,7.96985016e+01,1.83586445e+01,3.20289433e-01,3.74452591e-01
5345803-S04-156I3-A-L-C-190-7-1,20.02.2020-15:16:27,1.90000000e+01,6.44522130e-01,8.93440151e+00,2.20000488e-03,8.07747803e+01,8.00471573e+01,1.87620125e+01,2.89725959e-01,3.74582648e-01
5345803-S04-156I3-A-L-C-190-7-1,20.02.2020-15:16:29,2.00000000e+01,6.42432153e-01,8.88155651e+00,1.76266697e-03,8.34220886e+01,8.00910110e+01,1.86007442e+01,4.10481632e-01,8.92752945e-01
5345803-S04-156I3-A-L-C-190-7-1,20.02.2020-15:16:31,1.90000000e+01,6.45096779e-01,8.95213985e+00,2.29714951e-03,8.88456650e+01,7.99006958e+01,1.87815971e+01,2.67796248e-01,3.45232576e-01
5345803-S04-156I3-A-L-C-190-7-1,20.02.2020-15:16:33,1.90000000e+01,6.45631373e-01,8.93875217e+00,2.21864064e-03,1.09050430e+02,7.98959732e+01,1.87679405e+01,3.07181954e-01,4.09378767e-01
5345803-S04-156I3-A-L-C-190-7-1,20.02.2020-15:16:35,2.00000000e+01,6.43468857e-01,8.91206074e+00,2.09062826e-03,1.02514565e+02,8.00802765e+01,1.86922436e+01,2.35705346e-01,4.21691686e-01
5345803-S04-156I3-A-L-C-190-7-1,20.02.2020-15:16:37,9.00000000e+00,6.45576596e-01,8.94532871e+00,2.03066180e-03,8.87203979e+01,8.01655197e+01,1.88435135e+01,4.82738256e-01,6.64165676e-01
5345803-S04-156I3-A-L-C-190-7-1,20.02.2020-15:16:40,2.00000000e+01,6.42797053e-01,8.91315651e+00,1.89841213e-03,7.10573578e+01,8.00558014e+01,1.86693153e+01,3.43264550e-01,4.67833012e-01
5345803-S04-156I3-A-L-C-190-7-1,20.02.2020-15:16:42,1.00000000e+00,6.41480207e-01,8.87600994e+00,2.06544576e-03,6.96366425e+01,7.97191238e+01,1.84753952e+01,3.69810194e-01,4.38140661e-01
5345803-S04-156I3-A-L-C-190-7-1,20.02.2020-15:16:44,1.90000000e+01,6.44734919e-01,8.92780304e+00,1.89162733e-03,8.17621460e+01,7.99969559e+01,1.87425842e+01,4.09202129e-01,6.50039494e-01
5345803-S04-156I3-A-L-C-190-7-1,20.02.2020-15:16:46,1.00000000e+00,6.40263140e-01,8.85949421e+00,2.00640364e-03,6.69817963e+01,7.97478027e+01,1.84126511e+01,4.14041221e-01,4.81074721e-01
5345803-S04-156I3-A-L-C-190-7-1,20.02.2020-15:16:48,1.90000000e+01,6.44498825e-01,8.92823601e+00,1.99881615e-03,7.59346237e+01,8.01645203e+01,1.87758751e+01,3.44137639e-01,6.01298630e-01
5345803-S04-156I3-A-L-C-190-7-1,20.02.2020-15:16:50,7.00000000e+00,6.48793995e-01,9.01737022e+00,2.15181801e-03,1.05203918e+02,8.00164871e+01,1.90544491e+01,2.82439917e-01,3.37795436e-01
5345803-S04-156I3-A-L-C-190-7-1,20.02.2020-15:16:52,1.00000000e+00,6.40113950e-01,8.86005116e+00,1.79043005e-03,7.92417297e+01,8.00786591e+01,1.84858952e+01,6.44968033e-01,1.52437949e+00
5345803-S04-156I3-A-L-C-190-7-1,20.02.2020-15:16:55,1.90000000e+01,6.43837869e-01,8.95699215e+00,2.30297190e-03,6.37751694e+01,7.97291641e+01,1.87148399e+01,3.74494255e-01,4.80987728e-01
5345803-S04-156I3-A-L-C-190-7-1,20.02.2020-15:16:57,7.00000000e+00,6.47874415e-01,9.01350021e+00,2.12361175e-03,1.02938408e+02,8.01555176e+01,1.90523205e+01,2.69981295e-01,3.20585400e-01
5345803-S04-156I3-A-L-C-190-7-1,20.02.2020-15:16:59,9.00000000e+00,6.45403087e-01,8.96033859e+00,2.10239016e-03,7.40335770e+01,7.99452820e+01,1.88182182e+01,3.41819018e-01,4.98575926e-01
5345803-S04-156I3-A-L-C-190-7-1,20.02.2020-15:17:01,2.00000000e+01,6.43548071e-01,8.94997215e+00,1.94026786e-03,6.35307083e+01,7.96532898e+01,1.86739693e+01,4.28611904e-01,5.46145260e-01
5345803-S04-156I3-A-L-C-190-7-1,20.02.2020-15:17:03,1.90000000e+01,6.44785702e-01,8.94049931e+00,2.08334462e-03,7.70343552e+01,7.97262497e+01,1.87071972e+01,3.99550468e-01,4.76054549e-01
5345803-S04-156I3-A-L-C-190-7-1,20.02.2020-15:17:05,1.90000000e+01,6.43928766e-01,8.96387386e+00,2.06325157e-03,5.11118469e+01,7.98660965e+01,1.87640343e+01,5.21417797e-01,6.25767410e-01
5345803-S04-156I3-A-L-C-190-7-1,20.02.2020-15:17:07,2.00000000e+01,6.43340647e-01,8.95986271e+00,2.23650178e-03,5.94973106e+01,7.95158691e+01,1.86563339e+01,4.37444001e-01,5.56699634e-01
5345803-S04-156I3-A-L-C-190-7-1,20.02.2020-15:17:09,1.90000000e+01,6.46466315e-01,8.94511509e+00,2.10298272e-03,1.60221542e+02,7.98291245e+01,1.87898540e+01,1.87251627e-01,2.91571021e-01
5345803-S04-156I3-A-L-C-190-7-1,20.02.2020-15:17:12,2.40000000e+01,6.44217849e-01,8.91791153e+00,2.03643390e-03,1.06303644e+01,7.96964417e+01,1.86365299e+01,2.35813117e+00,2.84969568e+00
5345803-S04-156I3-A-L-C-190-7-1,20.02.2020-15:17:14,8.00000000e+00,6.45950675e-01,8.97148514e+00,1.98647822e-03,1.10066811e+02,8.02739410e+01,1.89351387e+01,2.73863107e-01,3.47375125e-01
5345803-S04-156I3-A-L-C-190-7-1,20.02.2020-15:17:16,8.00000000e+00,6.46555722e-01,8.98869991e+00,1.62924023e-03,1.55534653e+02,8.02180252e+01,1.89760151e+01,1.79741830e-01,2.20756456e-01
5345803-S04-156I3-A-L-C-190-7-1,20.02.2020-15:17:18,3.00000000e+00,6.32343233e-01,8.80551243e+00,1.89001742e-03,1.70364548e+02,8.00955276e+01,1.81528969e+01,3.08077544e-01,9.45666254e-01
5345803-S04-156I3-A-L-C-190-7-1,20.02.2020-15:17:20,3.00000000e+00,6.32419169e-01,8.80104542e+00,2.06137891e-03,1.42323090e+02,8.00641479e+01,1.81387596e+01,3.39826822e-01,8.72209609e-01
5345803-S04-156I3-A-L-C-190-7-1,20.02.2020-15:17:22,8.00000000e+00,6.46677434e-01,9.00243950e+00,1.86456973e-03,1.08275688e+02,8.01795273e+01,1.89994736e+01,2.32371032e-01,2.80526429e-01
5345803-S04-156I3-A-L-C-190-7-1,20.02.2020-15:17:24,8.00000000e+00,6.46468103e-01,8.98639774e+00,1.82599202e-03,6.36901512e+01,8.02289963e+01,1.89711800e+01,4.14724082e-01,5.17440856e-01
5345803-S04-156I3-A-L-C-190-7-1,20.02.2020-15:17:26,8.00000000e+00,6.45549774e-01,8.97686863e+00,1.95461884e-03,9.27891388e+01,8.02703018e+01,1.89338818e+01,2.50506341e-01,3.30147982e-01
5345803-S04-156I3-A-L-C-190-7-1,20.02.2020-15:17:28,8.00000000e+00,6.44723296e-01,8.99647045e+00,2.05996726e-03,1.90229858e+02,8.01005402e+01,1.89108562e+01,1.47766829e-01,1.96231112e-01
5345803-S04-156I3-A-L-C-190-7-1,20.02.2020-15:17:30,2.00000000e+01,6.40786052e-01,8.96666336e+00,2.02976237e-03,8.64424973e+01,7.96867447e+01,1.86363220e+01,2.41751403e-01,2.86591202e-01
5345803-S04-156I3-A-L-C-190-7-1,20.02.2020-15:17:33,2.00000000e+01,6.46403909e-01,8.89375591e+00,1.72991911e-03,9.73905029e+01,7.98473282e+01,1.86844254e+01,3.45214814e-01,4.69582409e-01
5345803-S04-156I3-A-L-C-190-7-1,20.02.2020-15:17:35,1.40000000e+01,6.43024683e-01,8.91954994e+00,2.41230382e-03,2.28950062e+01,7.94290390e+01,1.85430031e+01,1.80948544e+00,2.49125242e+00
5345803-S04-156I3-A-L-C-190-7-1,20.02.2020-15:17:37,1.40000000e+01,6.44591808e-01,8.97443295e+00,2.06655264e-03,2.36529503e+01,7.99248886e+01,1.88193245e+01,1.30215108e+00,1.54299355e+00
5345803-S04-156I3-A-L-C-190-7-1,20.02.2020-15:17:39,2.10000000e+01,6.41844630e-01,8.90634823e+00,2.07338273e-03,9.42522507e+01,7.98232422e+01,1.85733032e+01,4.94739890e-01,7.61084139e-01
5345803-S04-156I3-A-L-C-190-7-1,20.02.2020-15:17:41,2.40000000e+01,6.45342171e-01,8.97682190e+00,2.18198542e-03,1.53781223e+01,7.95961304e+01,1.87687263e+01,2.64176178e+00,3.13785005e+00
5345803-S04-156I3-A-L-C-190-7-1,20.02.2020-15:17:43,2.10000000e+01,6.43801749e-01,8.87150764e+00,2.00186344e-03,9.92233124e+01,7.98990173e+01,1.85746746e+01,3.14191341e-01,9.07099009e-01
5345803-S04-156I3-A-L-C-190-7-1,20.02.2020-15:17:45,2.00000000e+01,6.43096507e-01,8.89714622e+00,2.15582526e-03,1.42292435e+02,7.99434433e+01,1.86182976e+01,2.97267586e-01,6.66563630e-01
5345803-S04-156I3-A-L-C-190-7-1,20.02.2020-15:17:47,1.00000000e+00,6.39389396e-01,8.94133472e+00,2.25963327e-03,1.74114090e+02,7.93458328e+01,1.84638443e+01,2.18877330e-01,2.81388134e-01
5345803-S04-156I3-A-L-C-190-7-1,20.02.2020-15:17:49,2.00000000e+01,6.43863559e-01,8.92724514e+00,1.85825431e-03,1.02999870e+02,7.97844009e+01,1.86663532e+01,3.21950614e-01,6.97725773e-01
5345803-S04-156I3-A-L-C-190-7-1,20.02.2020-15:17:52,2.10000000e+01,6.39867544e-01,8.95266056e+00,2.16408470e-03,9.56368179e+01,7.94138412e+01,1.85169144e+01,2.62343884e-01,3.30657423e-01
5345803-S04-156I3-A-L-C-190-7-1,20.02.2020-15:17:54,2.00000000e+01,6.46847844e-01,8.91065121e+00,2.36676238e-03,2.04768417e+02,7.95504227e+01,1.86631203e+01,1.84513897e-01,2.77271271e-01
5345803-S04-156I3-A-L-C-190-7-1,20.02.2020-15:17:56,2.10000000e+01,6.41023099e-01,8.90538120e+00,2.16104928e-03,1.18778511e+02,7.99288330e+01,1.85720520e+01,3.56414974e-01,8.15927982e-01
5345803-S04-156I3-A-L-C-190-7-1,20.02.2020-15:17:58,2.10000000e+01,6.41113997e-01,8.88335705e+00,2.08833115e-03,1.97276871e+02,7.99950180e+01,1.85440884e+01,2.46896803e-01,6.58842325e-01
5345803-S04-156I3-A-L-C-190-7-1,20.02.2020-15:18:00,1.40000000e+01,6.39745474e-01,8.94219017e+00,2.09711771e-03,1.81942902e+01,7.92086792e+01,1.84439564e+01,1.99849951e+00,2.40733290e+00
5345803-S04-156I3-A-L-C-190-7-1,20.02.2020-15:18:02,1.00000000e+00,6.39968693e-01,8.93928337e+00,2.14656210e-03,4.63547478e+01,7.92127991e+01,1.84453545e+01,9.66535687e-01,1.17892373e+00
5345803-S04-156I3-A-L-C-190-7-1,20.02.2020-15:18:04,1.90000000e+01,6.44437253e-01,8.92988014e+00,2.03560432e-03,1.34397263e+02,7.99942322e+01,1.87376518e+01,3.22770506e-01,8.48035991e-01
5345803-S04-156I3-A-L-C-190-7-1,20.02.2020-15:18:06,2.00000000e+01,6.46713078e-01,8.90834999e+00,2.11340724e-03,5.34546242e+01,7.97199707e+01,1.86941719e+01,6.85698986e-01,8.61996531e-01
5345803-S04-156I3-A-L-C-190-7-1,20.02.2020-15:18:10,2.40000000e+01,6.45959437e-01,8.90360069e+00,2.09363597e-03,1.27350283e+01,7.95366211e+01,1.86195107e+01,2.97838616e+00,3.53305769e+00
5345803-S04-156I3-A-L-C-190-7-1,20.02.2020-15:18:12,2.40000000e+01,6.39472842e-01,8.94985580e+00,2.23435648e-03,1.58429298e+01,7.90950775e+01,1.84254360e+01,2.33029842e+00,2.75472760e+00
5345803-S04-156I3-A-L-C-190-7-1,20.02.2020-15:18:15,1.90000000e+01,6.43532515e-01,8.92052841e+00,1.84860360e-03,1.31460907e+02,8.00454865e+01,1.87037258e+01,1.97958142e-01,2.45507687e-01
5345803-S04-156I3-A-L-C-190-7-1,20.02.2020-15:18:17,2.00000000e+01,6.42624676e-01,8.91633892e+00,2.10090401e-03,4.48734322e+01,7.99643860e+01,1.86496544e+01,1.13212013e+00,1.54018152e+00
5345803-S04-156I3-A-L-C-190-7-1,20.02.2020-15:18:19,1.90000000e+01,6.43111706e-01,8.92398357e+00,2.03861599e-03,1.19752983e+02,8.00568695e+01,1.87013931e+01,2.34782219e-01,2.87172675e-01
5345803-S04-156I3-A-L-C-190-7-1,20.02.2020-15:18:21,2.10000000e+01,6.42922878e-01,8.85814381e+00,1.72416179e-03,5.27274437e+01,7.99598541e+01,1.85354767e+01,4.72879559e-01,6.56276226e-01
5345803-S04-156I3-A-L-C-190-7-1,20.02.2020-15:18:23,2.10000000e+01,6.41940415e-01,8.90424728e+00,1.82264228e-03,6.97546463e+01,7.98603745e+01,1.85803318e+01,5.23479640e-01,9.92972672e-01
5345803-S04-156I3-A-L-C-190-7-1,20.02.2020-15:18:25,2.10000000e+01,6.43799305e-01,8.85052395e+00,2.03975756e-03,1.00898682e+02,7.99103241e+01,1.85332928e+01,3.95569354e-01,1.67977250e+00
5345803-S04-156I3-A-L-C-190-7-1,20.02.2020-15:18:27,1.00000000e+00,6.40101373e-01,8.91672325e+00,1.89338939e-03,5.67889595e+01,7.93674927e+01,1.84385548e+01,3.92748028e-01,4.89009529e-01
5345803-S04-156I3-A-L-C-190-7-1,20.02.2020-15:18:29,2.10000000e+01,6.41828120e-01,8.89688683e+00,1.94496848e-03,1.06787865e+02,7.97981339e+01,1.85472584e+01,2.95572340e-01,5.74569643e-01
5345803-S04-156I3-A-L-C-190-7-1,20.02.2020-15:18:31,2.00000000e+01,6.43983662e-01,8.90974140e+00,2.03513191e-03,1.02297745e+02,7.98382721e+01,1.86458111e+01,3.60993594e-01,7.18507826e-01
5345803-S04-156I3-A-L-C-190-7-1,20.02.2020-15:18:33,2.10000000e+01,6.41177118e-01,8.89682674e+00,1.93466898e-03,1.25318054e+02,8.00592575e+01,1.85889492e+01,2.44133621e-01,4.89061266e-01
5345803-S04-156I3-A-L-C-190-7-1,20.02.2020-15:18:36,2.10000000e+01,6.44008636e-01,8.87540913e+00,1.92638079e-03,5.78631020e+01,7.96681137e+01,1.85350933e+01,6.42936051e-01,1.11409771e+00
5345803-S04-156I3-A-L-C-190-7-1,20.02.2020-15:18:38,9.00000000e+00,6.45928204e-01,8.97356033e+00,2.17898237e-03,1.48354797e+02,7.99043579e+01,1.88516636e+01,2.11035028e-01,2.64546394e-01
5345803-S04-156I3-A-L-C-190-7-1,20.02.2020-15:18:40,1.00000000e+00,6.39756262e-01,8.95018196e+00,1.96077488e-03,3.39744225e+01,7.92981415e+01,1.84816017e+01,8.02187920e-01,9.79467154e-01
5345803-S04-156I3-A-L-C-190-7-1,20.02.2020-15:18:42,9.00000000e+00,6.44562542e-01,8.93402767e+00,1.84855447e-03,1.92814789e+02,8.02563171e+01,1.88114281e+01,2.77719706e-01,3.40330213e-01
5345803-S04-156I3-A-L-C-190-7-1,20.02.2020-15:18:44,2.00000000e+01,6.41355574e-01,8.99072933e+00,1.90406491e-03,1.04369606e+02,7.95911789e+01,1.86805191e+01,2.22818270e-01,2.65792221e-01
5345803-S04-156I3-A-L-C-190-7-1,20.02.2020-15:18:48,2.00000000e+00,6.34322643e-01,8.81767750e+00,1.86078867e-03,9.73403244e+01,8.01350555e+01,1.82438774e+01,5.01643062e-01,9.81351972e-01
5345803-S04-156I3-A-L-C-190-7-1,20.02.2020-15:18:50,8.00000000e+00,6.46466374e-01,8.98416901e+00,1.68109790e-03,9.09962387e+01,8.02706299e+01,1.89762650e+01,2.20533937e-01,2.72765428e-01
5345803-S04-156I3-A-L-C-190-7-1,20.02.2020-15:18:54,3.00000000e+00,6.31740928e-01,8.81110668e+00,1.95360137e-03,1.15209030e+02,8.02954330e+01,1.81924210e+01,4.13466334e-01,8.32089126e-01
5345803-S04-156I3-A-L-C-190-7-1,20.02.2020-15:18:56,8.00000000e+00,6.45876527e-01,9.00473404e+00,2.11667176e-03,1.21119522e+02,8.02785339e+01,1.90042171e+01,1.94037125e-01,2.42090106e-01
5345803-S04-156I3-A-L-C-190-7-1,20.02.2020-15:18:58,8.00000000e+00,6.46415234e-01,8.99208069e+00,1.69354305e-03,1.74254349e+02,8.01128464e+01,1.89541416e+01,1.88064307e-01,2.37637073e-01
5345803-S04-156I3-A-L-C-190-7-1,20.02.2020-15:19:00,8.00000000e+00,6.46264851e-01,8.96754646e+00,1.78106944e-03,5.95066643e+01,8.02780838e+01,1.89370079e+01,4.82228130e-01,5.74448466e-01
5345803-S04-156I3-A-L-C-190-7-1,20.02.2020-15:19:03,8.00000000e+00,6.46013677e-01,8.97327805e+00,1.80690968e-03,1.08095901e+02,8.02360611e+01,1.89318333e+01,2.33821228e-01,2.91552007e-01
5345803-S04-156I3-A-L-C-190-7-1,20.02.2020-15:19:05,2.40000000e+01,6.44832611e-01,8.92971516e+00,1.80768047e-03,8.36495876e+00,7.94617538e+01,1.86239986e+01,3.80230474e+00,4.70960426e+00
5345803-S04-156I3-A-L-C-190-7-1,20.02.2020-15:19:07,1.90000000e+01,6.44497633e-01,8.93385029e+00,1.76606933e-03,1.17663116e+02,8.00393219e+01,1.87583046e+01,2.49778450e-01,5.29895008e-01
5345803-S04-156I3-A-L-C-190-7-1,20.02.2020-15:19:09,9.00000000e+00,6.46210313e-01,8.93919468e+00,2.14524963e-03,1.28202972e+02,7.99878006e+01,1.88072910e+01,2.32072115e-01,4.54577208e-01
5345803-S04-156I3-A-L-C-190-7-1,20.02.2020-15:19:11,9.00000000e+00,6.47263825e-01,8.93955040e+00,2.15275376e-03,1.97160904e+02,8.02841110e+01,1.89084873e+01,1.85629055e-01,2.99822211e-01
5345803-S04-156I3-A-L-C-190-7-1,20.02.2020-15:19:13,2.00000000e+01,6.42557263e-01,8.89052296e+00,1.95064163e-03,1.50544067e+02,8.01275253e+01,1.86316414e+01,2.81310499e-01,1.03455687e+00
5345803-S04-156I3-A-L-C-190-7-1,20.02.2020-15:19:15,1.90000000e+01,6.43541873e-01,8.92643356e+00,1.81297143e-03,1.84746323e+02,8.00416107e+01,1.87154713e+01,2.12022185e-01,7.07257271e-01
5345803-S04-156I3-A-L-C-190-7-1,20.02.2020-15:19:18,1.90000000e+01,6.44885361e-01,8.93716431e+00,1.89966545e-03,1.65160599e+02,8.00771713e+01,1.87854309e+01,1.84191078e-01,3.33697438e-01
5345803-S04-156I3-A-L-C-190-7-1,20.02.2020-15:19:20,9.00000000e+00,6.45699620e-01,8.95266628e+00,1.87192578e-03,3.75206207e+02,7.99832764e+01,1.88196831e+01,8.97426233e-02,1.47115991e-01
5345803-S04-156I3-A-L-C-190-7-1,20.02.2020-15:19:22,9.00000000e+00,6.47689641e-01,8.93940830e+00,2.15576426e-03,1.29337006e+02,8.01067429e+01,1.88788261e+01,2.03522220e-01,3.45647067e-01
5345803-S04-156I3-A-L-C-190-7-1,20.02.2020-15:19:26,1.90000000e+01,6.45989358e-01,8.92834759e+00,2.06916803e-03,2.45219788e+02,8.00234528e+01,1.87864170e+01,1.57752469e-01,3.82433951e-01
5345803-S04-156I3-A-L-C-190-7-1,20.02.2020-15:19:28,2.10000000e+01,6.40271127e-01,8.86317825e+00,1.98428775e-03,2.01771225e+02,8.01307297e+01,1.85089893e+01,2.08435819e-01,8.58364701e-01
5345803-S04-156I3-A-L-C-190-7-1,20.02.2020-15:19:30,2.10000000e+01,6.42063618e-01,8.86744404e+00,1.96345057e-03,1.44390472e+02,8.00535126e+01,1.85518436e+01,2.61853129e-01,1.08791173e+00
5345803-S04-156I3-A-L-C-190-7-1,20.02.2020-15:19:32,1.90000000e+01,6.46816194e-01,8.90495014e+00,1.81501498e-03,8.26746216e+01,7.98496323e+01,1.87204170e+01,3.28122109e-01,4.47357953e-01
5345803-S04-156I3-A-L-C-190-7-1,20.02.2020-15:19:34,2.00000000e+01,6.46706104e-01,8.90677166e+00,2.22604768e-03,1.81654404e+02,7.96966095e+01,1.86851807e+01,2.21597895e-01,3.22314173e-01
5345803-S04-156I3-A-L-C-190-7-1,20.02.2020-15:19:36,2.10000000e+01,6.40817285e-01,8.94012928e+00,1.85348815e-03,1.82596512e+02,7.93849106e+01,1.85116940e+01,1.45486936e-01,1.93595156e-01
5345803-S04-156I3-A-L-C-190-7-1,20.02.2020-15:19:38,2.00000000e+01,6.41413033e-01,8.97519398e+00,2.04571174e-03,1.91255478e+02,7.94915771e+01,1.86265736e+01,1.31733105e-01,1.64901242e-01
5345803-S04-156I3-A-L-C-190-7-1,20.02.2020-15:19:41,2.10000000e+01,6.42465293e-01,8.88704395e+00,2.12353002e-03,1.52031494e+02,8.00237274e+01,1.85975609e+01,4.34329599e-01,1.28815925e+00
5345803-S04-156I3-A-L-C-190-7-1,20.02.2020-15:19:43,2.00000000e+01,6.41659081e-01,8.90870190e+00,1.73995760e-03,1.64703186e+02,8.01794205e+01,1.86557140e+01,1.48539662e-01,2.89119542e-01
5345803-S04-156I3-A-L-C-190-7-1,20.02.2020-15:19:45,2.40000000e+01,6.37644589e-01,8.80887794e+00,1.65705662e-03,8.96684265e+00,7.98127823e+01,1.82474403e+01,3.63967228e+00,6.35317230e+00
5345803-S04-156I3-A-L-C-190-7-1,20.02.2020-15:19:47,2.00000000e+00,6.39540851e-01,8.79051495e+00,1.92193838e-03,9.49196777e+01,8.01347427e+01,1.83372269e+01,4.42638457e-01,3.41396952e+00
5345803-S04-156I3-A-L-C-190-7-1,20.02.2020-15:19:49,2.00000000e+00,6.39334500e-01,8.82185078e+00,1.85273204e-03,1.35446503e+02,8.01452866e+01,1.83990746e+01,2.96182007e-01,1.94164085e+00
5345803-S04-156I3-A-L-C-190-7-1,20.02.2020-15:19:51,1.90000000e+01,6.41922057e-01,8.99919224e+00,1.80759095e-03,5.25729256e+01,7.96535492e+01,1.87292824e+01,5.47841251e-01,6.51335239e-01
5345803-S04-156I3-A-L-C-190-7-1,20.02.2020-15:19:53,8.00000000e+00,6.47028804e-01,8.98454666e+00,1.90157827e-03,7.87496719e+01,8.01980743e+01,1.89764042e+01,2.82538980e-01,3.38944703e-01
5345803-S04-156I3-A-L-C-190-7-1,20.02.2020-15:19:56,2.00000000e+01,6.41998827e-01,8.99377441e+00,2.28101900e-03,1.00219803e+02,7.94923706e+01,1.86823635e+01,2.51179457e-01,2.99977750e-01
5345803-S04-156I3-A-L-C-190-7-1,20.02.2020-15:19:58,2.40000000e+01,6.31910205e-01,8.80345631e+00,2.02134950e-03,1.16396341e+01,7.98619080e+01,1.80833302e+01,2.51716161e+00,3.25743437e+00
5345803-S04-156I3-A-L-C-190-7-1,20.02.2020-15:20:00,8.00000000e+00,6.47519410e-01,8.98939800e+00,1.84704887e-03,1.13482704e+02,8.01265640e+01,1.89841042e+01,3.05707932e-01,3.70327055e-01
5345803-S04-156I3-A-L-C-190-7-1,20.02.2020-15:20:02,8.00000000e+00,6.46389842e-01,8.98146343e+00,1.95828546e-03,4.47060356e+01,8.00420227e+01,1.89142838e+01,4.55744237e-01,5.62056780e-01
5345803-S04-156I3-A-L-C-190-7-1,20.02.2020-15:20:04,9.00000000e+00,6.45354390e-01,8.95304966e+00,1.62607234e-03,1.21765503e+02,8.01238098e+01,1.88434772e+01,2.42563009e-01,2.96974063e-01
5345803-S04-156I3-A-L-C-190-7-1,20.02.2020-15:20:06,2.00000000e+01,6.42252922e-01,8.89651299e+00,2.04141834e-03,9.21346817e+01,7.99815521e+01,1.86014137e+01,3.60886931e-01,7.53389001e-01
5345803-S04-156I3-A-L-C-190-7-1,20.02.2020-15:20:08,9.00000000e+00,6.46163344e-01,8.98198509e+00,1.98162463e-03,1.00418823e+02,7.99259949e+01,1.88813419e+01,3.08858186e-01,3.73002589e-01
5345803-S04-156I3-A-L-C-190-7-1,20.02.2020-15:20:10,1.40000000e+01,6.39703155e-01,8.94331646e+00,2.19505210e-03,1.99206963e+01,7.92320709e+01,1.84505081e+01,1.52021790e+00,1.83280098e+00
5345803-S04-156I3-A-L-C-190-7-1,20.02.2020-15:20:12,1.00000000e+00,6.39491498e-01,8.94596863e+00,2.00731703e-03,2.12675495e+01,7.93516464e+01,1.84777164e+01,1.00289285e+00,1.19352329e+00
5345803-S04-156I3-A-L-C-190-7-1,20.02.2020-15:20:15,1.40000000e+01,6.42697036e-01,8.92603111e+00,2.04419228e-03,2.05943718e+01,7.99344482e+01,1.86650391e+01,1.65556562e+00,2.17767620e+00
5345803-S04-156I3-A-L-C-190-7-1,20.02.2020-15:20:17,2.00000000e+01,6.43707275e-01,8.90835190e+00,1.84005988e-03,2.50605602e+01,7.98478088e+01,1.86371288e+01,1.25917768e+00,1.86799479e+00
5345803-S04-156I3-A-L-C-190-7-1,20.02.2020-15:20:19,1.40000000e+01,6.43917918e-01,8.87196255e+00,2.14356882e-03,3.47982483e+01,7.97425766e+01,1.85426044e+01,1.63438904e+00,2.96630168e+00
5345803-S04-156I3-A-L-C-190-7-1,20.02.2020-15:20:21,2.00000000e+01,6.41596019e-01,8.91032887e+00,1.91658817e-03,3.13080063e+01,8.00244522e+01,1.86212254e+01,9.62604284e-01,1.45283914e+00
5345803-S04-156I3-A-L-C-190-7-1,20.02.2020-15:20:23,1.90000000e+01,6.43915594e-01,8.93186951e+00,1.78484141e-03,8.35744171e+01,7.99626389e+01,1.87192574e+01,4.02107269e-01,4.96409476e-01
5345803-S04-156I3-A-L-C-190-7-1,20.02.2020-15:20:25,1.40000000e+01,6.43567979e-01,8.85733891e+00,1.92349136e-03,1.43846598e+01,7.95381317e+01,1.84545403e+01,1.66681170e+00,2.69414616e+00
5345803-S04-156I3-A-L-C-190-7-1,20.02.2020-15:20:27,9.00000000e+00,6.47513986e-01,8.94731331e+00,1.99288246e-03,4.68705635e+01,8.00536346e+01,1.88778725e+01,5.61971247e-01,8.13259363e-01
5345803-S04-156I3-A-L-C-190-7-1,20.02.2020-15:20:31,1.90000000e+01,6.46849751e-01,8.90399742e+00,1.81741803e-03,4.41097412e+01,7.98182983e+01,1.87120380e+01,5.02298892e-01,6.20934725e-01
5345803-S04-156I3-A-L-C-190-7-1,20.02.2020-15:20:33,2.10000000e+01,6.42927766e-01,8.88839912e+00,2.12354632e-03,1.55566574e+02,7.96960220e+01,1.85375595e+01,3.20731997e-01,7.66854107e-01
5345803-S04-156I3-A-L-C-190-7-1,20.02.2020-15:20:36,2.10000000e+01,6.41215980e-01,8.88930511e+00,2.20317021e-03,1.57058990e+02,7.99050446e+01,1.85385857e+01,2.58130401e-01,7.91915536e-01
5345803-S04-156I3-A-L-C-190-7-1,20.02.2020-15:20:38,2.10000000e+01,6.41956389e-01,8.90061092e+00,2.19875621e-03,1.93448868e+02,7.98648682e+01,1.85742531e+01,2.40468651e-01,6.64363921e-01
5345803-S04-156I3-A-L-C-190-7-1,20.02.2020-15:20:40,8.00000000e+00,6.47456586e-01,8.94598961e+00,1.95933972e-03,2.06544205e+02,8.02346802e+01,1.89160900e+01,1.67017519e-01,4.35761124e-01
5345803-S04-156I3-A-L-C-190-7-1,20.02.2020-15:20:42,2.10000000e+01,6.39609277e-01,8.93162060e+00,2.05214019e-03,2.08822998e+02,7.96512604e+01,1.85211449e+01,1.92915991e-01,5.13561368e-01
5345803-S04-156I3-A-L-C-190-7-1,20.02.2020-15:20:44,2.10000000e+01,6.39454901e-01,8.92398739e+00,1.99759472e-03,1.61018616e+02,7.97289734e+01,1.85188999e+01,2.45522514e-01,5.36996067e-01
5345803-S04-156I3-A-L-C-190-7-1,20.02.2020-15:20:46,1.90000000e+01,6.44671082e-01,8.92811394e+00,1.83049648e-03,1.87031586e+02,7.99818192e+01,1.87378349e+01,2.26059422e-01,5.29090285e-01
5345803-S04-156I3-A-L-C-190-7-1,20.02.2020-15:20:48,1.00000000e+00,6.39536679e-01,8.91841507e+00,2.20265193e-03,4.26168213e+01,7.94205856e+01,1.84381104e+01,6.77674770e-01,1.10572064e+00
5345803-S04-156I3-A-L-C-190-7-1,20.02.2020-15:20:50,9.00000000e+00,6.47418499e-01,8.95067692e+00,2.22624745e-03,1.74520706e+02,8.01670227e+01,1.89089279e+01,2.65425891e-01,4.47178811e-01
5345803-S04-156I3-A-L-C-190-7-1,20.02.2020-15:20:52,8.00000000e+00,6.47743642e-01,8.96281242e+00,1.99317536e-03,1.86954147e+02,8.01550446e+01,1.89412460e+01,1.64955840e-01,2.42749453e-01
5345803-S04-156I3-A-L-C-190-7-1,20.02.2020-15:20:55,1.00000000e+00,6.42120242e-01,8.83893490e+00,1.82824989e-03,1.59660812e+02,7.99490891e+01,1.84697075e+01,2.02842429e-01,4.12851602e-01
5345803-S04-156I3-A-L-C-190-7-1,20.02.2020-15:20:57,8.00000000e+00,6.47364020e-01,8.97350216e+00,1.91974838e-03,1.57275009e+02,8.02481079e+01,1.89747257e+01,1.65266290e-01,1.96292877e-01
5345803-S04-156I3-A-L-C-190-7-1,20.02.2020-15:20:59,9.00000000e+00,6.45290196e-01,8.96339798e+00,2.09649839e-03,1.76388519e+02,8.01825333e+01,1.88772049e+01,1.37116596e-01,1.63225859e-01
5345803-S04-156I3-A-L-C-190-7-1,20.02.2020-15:21:01,7.00000000e+00,6.48244739e-01,8.98028183e+00,1.87127106e-03,1.46071304e+02,8.02809753e+01,1.90226841e+01,2.08071038e-01,2.46398896e-01
5345803-S04-156I3-A-L-C-190-7-1,20.02.2020-15:21:03,1.90000000e+01,6.45888984e-01,8.92429447e+00,1.89305935e-03,1.19315872e+02,8.00775223e+01,1.87876568e+01,3.41129988e-01,4.28761423e-01
5345803-S04-156I3-A-L-C-190-7-1,20.02.2020-15:21:05,8.00000000e+00,6.46707833e-01,9.01569939e+00,1.89429848e-03,2.61225555e+02,8.00605774e+01,1.90001259e+01,1.07028082e-01,1.32654384e-01
5345803-S04-156I3-A-L-C-190-7-1,20.02.2020-15:21:07,8.00000000e+00,6.46893203e-01,9.02006435e+00,1.74368906e-03,1.81113815e+02,8.00156174e+01,1.90040951e+01,1.28852591e-01,1.56753287e-01
5345803-S04-156I3-A-L-C-190-7-1,20.02.2020-15:21:10,1.90000000e+01,6.43176675e-01,8.94341469e+00,1.83957454e-03,2.52283844e+02,8.00269623e+01,1.87370033e+01,2.16355786e-01,4.71980542e-01
5345803-S04-156I3-A-L-C-190-7-1,20.02.2020-15:21:14,8.00000000e+00,6.46643162e-01,9.01106834e+00,1.93165184e-03,1.73398026e+02,8.00249863e+01,1.89800262e+01,1.92437470e-01,2.31431440e-01
5345803-S04-156I3-A-L-C-190-7-1,20.02.2020-15:21:16,7.00000000e+00,6.46902263e-01,9.00513744e+00,1.68221432e-03,2.53361343e+02,8.02428970e+01,1.90268021e+01,1.07883267e-01,1.44737870e-01
5345803-S04-156I3-A-L-C-190-7-1,20.02.2020-15:21:18,1.90000000e+01,6.43642724e-01,8.93306446e+00,1.79226301e-03,1.85424332e+02,8.00398102e+01,1.87318897e+01,2.27385581e-01,5.12953877e-01
5345803-S04-156I3-A-L-C-190-7-1,20.02.2020-15:21:20,7.00000000e+00,6.47804260e-01,9.01651287e+00,1.85894058e-03,1.21213280e+02,8.00772324e+01,1.90380154e+01,2.02655926e-01,2.38887295e-01
5345803-S04-156I3-A-L-C-190-7-1,20.02.2020-15:21:22,2.10000000e+01,6.41561985e-01,8.89690208e+00,2.04280810e-03,5.58933716e+01,8.00331345e+01,1.85941982e+01,7.84713387e-01,1.28160286e+00
5345803-S04-156I3-A-L-C-190-7-1,20.02.2020-15:21:24,2.00000000e+01,6.43206835e-01,8.90651321e+00,2.16092728e-03,1.89314209e+02,7.98490448e+01,1.86190853e+01,2.09603846e-01,4.32071954e-01
5345803-S04-156I3-A-L-C-190-7-1,20.02.2020-15:21:27,9.00000000e+00,6.45243466e-01,8.95655918e+00,2.01608962e-03,2.79133240e+02,7.99804535e+01,1.88139019e+01,1.50533721e-01,2.71641523e-01
5345803-S04-156I3-A-L-C-190-7-1,20.02.2020-15:21:29,9.00000000e+00,6.44918382e-01,8.96269417e+00,2.22790637e-03,3.04666290e+02,8.00234375e+01,1.88274155e+01,1.10810965e-01,1.33245856e-01
5345803-S04-156I3-A-L-C-190-7-1,20.02.2020-15:21:31,7.00000000e+00,6.48790300e-01,8.96944141e+00,1.93501520e-03,1.87647263e+02,8.04204483e+01,1.90487480e+01,2.01393932e-01,2.88206160e-01
5345803-S04-156I3-A-L-C-190-7-1,20.02.2020-15:21:33,9.00000000e+00,6.46333158e-01,8.97062111e+00,1.68451236e-03,1.64006668e+02,8.00099411e+01,1.88822212e+01,2.73542017e-01,3.70911270e-01
5345803-S04-156I3-A-L-C-190-7-1,20.02.2020-15:21:35,8.00000000e+00,6.48069441e-01,8.97625160e+00,1.62274053e-03,1.37731400e+02,8.01633759e+01,1.89811611e+01,1.97687536e-01,2.66136110e-01
5345803-S04-156I3-A-L-C-190-7-1,20.02.2020-15:21:37,8.00000000e+00,6.47338748e-01,8.96209621e+00,2.14034063e-03,2.08672592e+02,8.01476898e+01,1.89261551e+01,1.54393658e-01,2.26922855e-01
5345803-S04-156I3-A-L-C-190-7-1,20.02.2020-15:21:39,1.00000000e+00,6.38024390e-01,8.79619884e+00,1.81866391e-03,1.00305885e+02,8.05934372e+01,1.84103546e+01,3.98740083e-01,1.55276203e+00
5345803-S04-156I3-A-L-C-190-7-1,20.02.2020-15:21:42,1.00000000e+00,6.37302458e-01,8.91576481e+00,2.06184736e-03,1.59638107e+02,7.98889389e+01,1.84765587e+01,2.64426172e-01,6.37968063e-01
5345803-S04-156I3-A-L-C-190-7-1,20.02.2020-15:21:44,8.00000000e+00,6.48377597e-01,8.96637249e+00,1.78019435e-03,1.25173584e+02,8.01336212e+01,1.89622459e+01,2.19251081e-01,4.71607327e-01
5345803-S04-156I3-A-L-C-190-7-1,20.02.2020-15:21:46,9.00000000e+00,6.45018995e-01,8.95995140e+00,2.13972642e-03,1.73257034e+02,8.01747284e+01,1.88601818e+01,1.22903258e-01,3.01995307e-01
5345803-S04-156I3-A-L-C-190-7-1,20.02.2020-15:21:48,9.00000000e+00,6.45364523e-01,8.94900894e+00,2.14607245e-03,1.59136398e+02,8.00717697e+01,1.88230362e+01,1.87902763e-01,4.08306837e-01
5345803-S04-156I3-A-L-C-190-7-1,20.02.2020-15:21:50,8.00000000e+00,6.47207141e-01,8.95309544e+00,1.82380434e-03,1.61411026e+02,8.02539062e+01,1.89283562e+01,1.74930990e-01,3.35896611e-01
5345803-S04-156I3-A-L-C-190-7-1,20.02.2020-15:21:52,2.10000000e+01,6.39796019e-01,8.93659973e+00,2.10354361e-03,1.05060860e+02,7.95895462e+01,1.85225201e+01,3.24135035e-01,6.60911083e-01
5345803-S04-156I3-A-L-C-190-7-1,20.02.2020-15:21:54,2.10000000e+01,6.39116108e-01,8.92427444e+00,1.76649285e-03,1.43994431e+02,7.97138138e+01,1.85061665e+01,2.72371501e-01,6.19409680e-01
5345803-S04-156I3-A-L-C-190-7-1,20.02.2020-15:21:56,8.00000000e+00,6.47932291e-01,9.02114391e+00,2.40985327e-03,1.81134277e+02,7.97781754e+01,1.89804096e+01,1.51085675e-01,1.92424968e-01
5345803-S04-156I3-A-L-C-190-7-1,20.02.2020-15:21:58,7.00000000e+00,6.46492958e-01,9.01106644e+00,2.14043818e-03,7.27540817e+01,8.02321472e+01,1.90247345e+01,4.42403406e-01,5.40512621e-01
5345803-S04-156I3-A-L-C-190-7-1,20.02.2020-15:22:00,8.00000000e+00,6.46961510e-01,8.99797630e+00,2.30880314e-03,5.12722282e+01,8.00830154e+01,1.89755287e+01,1.16148984e+00,1.40133429e+00
5345803-S04-156I3-A-L-C-190-7-1,20.02.2020-15:22:03,9.00000000e+00,6.47890449e-01,8.94031048e+00,1.92040927e-03,9.21983490e+01,8.01056213e+01,1.88863220e+01,4.74703193e-01,6.35233581e-01
5345803-S04-156I3-A-L-C-190-7-1,20.02.2020-15:22:05,9.00000000e+00,6.48104250e-01,8.94308281e+00,1.87300029e-03,5.00697708e+01,8.00030594e+01,1.88742161e+01,7.62122095e-01,9.83729839e-01
5345803-S04-156I3-A-L-C-190-7-1,20.02.2020-15:22:07,9.00000000e+00,6.46497428e-01,8.96360588e+00,2.03677011e-03,1.34508392e+02,8.01473160e+01,1.89046555e+01,2.25184307e-01,3.00299436e-01
5345803-S04-156I3-A-L-C-190-7-1,20.02.2020-15:22:09,9.00000000e+00,6.47060573e-01,8.95566082e+00,2.19583814e-03,1.65138107e+02,8.00790482e+01,1.88882484e+01,2.24799216e-01,3.25425237e-01
5345803-S04-156I3-A-L-C-190-7-1,20.02.2020-15:22:11,8.00000000e+00,6.48620248e-01,8.95798111e+00,2.01630988e-03,2.05594513e+02,8.01877899e+01,1.89643993e+01,1.72601491e-01,2.44844273e-01
5345803-S04-156I3-A-L-C-190-7-1,20.02.2020-15:22:13,9.00000000e+00,6.47270322e-01,8.94395924e+00,2.08432158e-03,3.58873657e+02,8.01780548e+01,1.88930130e+01,1.11299016e-01,2.27409497e-01
5345803-S04-156I3-A-L-C-190-7-1,20.02.2020-15:22:15,8.00000000e+00,6.48499429e-01,8.95781422e+00,1.97052094e-03,2.39694931e+02,8.02127151e+01,1.89664078e+01,1.42845362e-01,2.16177970e-01
5345803-S04-156I3-A-L-C-190-7-1,20.02.2020-15:22:18,9.00000000e+00,6.46899581e-01,8.93717575e+00,1.59778178e-03,1.27820389e+02,8.02639389e+01,1.88880825e+01,1.99718803e-01,2.95325488e-01
5345803-S04-156I3-A-L-C-190-7-1,20.02.2020-15:22:20,2.00000000e+01,6.40761733e-01,8.96622658e+00,1.87947508e-03,7.07112656e+01,7.96400223e+01,1.86237812e+01,4.42051649e-01,5.33028424e-01
5345803-S04-156I3-A-L-C-190-7-1,20.02.2020-15:22:22,7.00000000e+00,6.48395598e-01,9.01330757e+00,1.80284819e-03,1.95645370e+02,8.01680450e+01,1.90702209e+01,1.64865166e-01,2.01112866e-01
5345803-S04-156I3-A-L-C-190-7-1,20.02.2020-15:22:24,2.00000000e+01,6.39936149e-01,9.02063847e+00,2.17578909e-03,2.09421585e+02,7.93891220e+01,1.86537056e+01,1.26045510e-01,1.59615770e-01
5345803-S04-156I3-A-L-C-190-7-1,20.02.2020-15:22:26,8.00000000e+00,6.46589339e-01,9.01167488e+00,2.25989870e-03,1.52549393e+02,7.99391556e+01,1.89593658e+01,2.78098881e-01,3.43092412e-01
5345803-S04-156I3-A-L-C-190-7-1,20.02.2020-15:22:28,2.10000000e+01,6.41606629e-01,8.89272976e+00,2.29509966e-03,1.55495285e+02,7.98924332e+01,1.85540962e+01,3.72890294e-01,1.09839547e+00
5345803-S04-156I3-A-L-C-190-7-1,20.02.2020-15:22:30,2.00000000e+01,6.40300274e-01,8.96570396e+00,1.88795989e-03,1.52278931e+02,7.98090515e+01,1.86487808e+01,1.45223677e-01,1.71055093e-01
5345803-S04-156I3-A-L-C-190-7-1,20.02.2020-15:22:32,1.00000000e+00,6.42381489e-01,8.83650208e+00,1.95144850e-03,1.55948578e+02,8.00539474e+01,1.84963646e+01,2.79299557e-01,1.72019994e+00
5345803-S04-156I3-A-L-C-190-7-1,20.02.2020-15:22:34,9.00000000e+00,6.48370802e-01,8.93717670e+00,1.76015566e-03,1.72279984e+02,8.00820694e+01,1.88881435e+01,2.26272702e-01,3.54686409e-01
5345803-S04-156I3-A-L-C-190-7-1,20.02.2020-15:22:36,1.90000000e+01,6.45817339e-01,8.90486336e+00,1.76555628e-03,1.64981506e+02,7.98986130e+01,1.87027874e+01,2.32123643e-01,3.48906815e-01
5345803-S04-156I3-A-L-C-190-7-1,20.02.2020-15:22:39,2.10000000e+01,6.43349886e-01,8.91436100e+00,2.20534927e-03,2.64213074e+02,7.93855362e+01,1.85314350e+01,9.64117870e-02,1.18697219e-01
5345803-S04-156I3-A-L-C-190-7-1,20.02.2020-15:22:41,9.00000000e+00,6.48990333e-01,8.95218086e+00,2.29274621e-03,2.09444641e+02,7.97214508e+01,1.88526516e+01,1.24020964e-01,1.46184161e-01
5345803-S04-156I3-A-L-C-190-7-1,20.02.2020-15:22:43,2.00000000e+00,6.43899262e-01,8.79845715e+00,1.98013359e-03,3.27569427e+02,7.95193024e+01,1.83369560e+01,1.16011843e-01,2.34402195e-01
5345803-S04-156I3-A-L-C-190-7-1,20.02.2020-15:22:45,1.00000000e+00,6.42535508e-01,8.86330891e+00,2.25004693e-03,3.04749817e+02,7.97140121e+01,1.84781246e+01,1.65146545e-01,3.76113862e-01
5345803-S04-156I3-A-L-C-190-7-1,20.02.2020-15:22:47,9.00000000e+00,6.48571253e-01,8.95180321e+00,2.02408712e-03,2.95875061e+02,7.99062424e+01,1.88833542e+01,1.14445619e-01,1.38822779e-01
5345803-S04-156I3-A-L-C-190-7-1,20.02.2020-15:22:49,2.00000000e+01,6.43339813e-01,8.91487217e+00,2.37004389e-03,1.99268646e+02,7.99141006e+01,1.86555977e+01,1.59372032e-01,1.88349888e-01
5345803-S04-156I3-A-L-C-190-7-1,20.02.2020-15:22:51,1.90000000e+01,6.46067917e-01,8.95382118e+00,2.35150196e-03,1.63539352e+02,7.97307129e+01,1.87733803e+01,1.72072530e-01,2.09442839e-01
5345803-S04-156I3-A-L-C-190-7-1,20.02.2020-15:22:53,1.90000000e+01,6.46956027e-01,8.96350574e+00,2.40001222e-03,2.20668945e+02,7.95557404e+01,1.87782173e+01,1.53037369e-01,1.83280602e-01
5345803-S04-156I3-A-L-C-190-7-1,20.02.2020-15:22:55,1.90000000e+01,6.46153748e-01,8.90503788e+00,1.62547466e-03,2.25593948e+02,8.00073776e+01,1.87383728e+01,1.43671930e-01,2.18005642e-01
5345803-S04-156I3-A-L-C-190-7-1,20.02.2020-15:22:57,1.90000000e+01,6.47284448e-01,8.94662666e+00,2.25898088e-03,2.30480255e+02,7.96318970e+01,1.87703228e+01,1.18205674e-01,1.46341220e-01
5345803-S04-156I3-A-L-C-190-7-1,20.02.2020-15:23:00,2.10000000e+01,6.42569005e-01,8.93297958e+00,2.50877161e-03,2.75342529e+02,7.94054718e+01,1.85522575e+01,1.12267114e-01,1.34071469e-01
5345803-S04-156I3-A-L-C-190-7-1,20.02.2020-15:23:02,2.00000000e+01,6.46536350e-01,8.89999866e+00,2.09583761e-03,2.21861374e+02,7.98216553e+01,1.86953602e+01,1.75698221e-01,2.55724013e-01
5345803-S04-156I3-A-L-C-190-7-1,20.02.2020-15:23:04,2.00000000e+01,6.43519223e-01,8.92218018e+00,1.97115564e-03,1.75220978e+02,7.97469406e+01,1.86370316e+01,1.82897493e-01,2.16128901e-01
5345803-S04-156I3-A-L-C-190-7-1,20.02.2020-15:23:06,1.00000000e+00,6.41705155e-01,8.90372372e+00,2.65352009e-03,2.17321609e+02,7.94681473e+01,1.84812126e+01,1.61725864e-01,2.46718094e-01
5345803-S04-156I3-A-L-C-190-7-1,20.02.2020-15:23:08,1.00000000e+00,6.40634120e-01,8.85614300e+00,2.34484836e-03,1.15506401e+02,7.97861099e+01,1.84251995e+01,2.92496771e-01,4.86193329e-01
5345803-S04-156I3-A-L-C-190-7-1,20.02.2020-15:23:10,2.10000000e+01,6.43223882e-01,8.87488461e+00,1.97904208e-03,1.32706314e+02,7.98530960e+01,1.85543957e+01,2.14474663e-01,3.86306465e-01
5345803-S04-156I3-A-L-C-190-7-1,20.02.2020-15:23:12,2.10000000e+01,6.42965555e-01,8.85884190e+00,1.82531215e-03,2.04570114e+02,7.98120880e+01,1.85039101e+01,1.05881147e-01,1.29489139e-01
5345803-S04-156I3-A-L-C-190-7-1,20.02.2020-15:23:15,2.00000000e+01,6.45309627e-01,8.89701843e+00,1.95832155e-03,2.65865356e+02,7.99683685e+01,1.86879253e+01,1.25429183e-01,1.90709993e-01
5345803-S04-156I3-A-L-C-190-7-1,20.02.2020-15:23:17,1.00000000e+00,6.41620517e-01,8.87214565e+00,2.35732482e-03,2.32657104e+02,7.96482468e+01,1.84549694e+01,2.01212376e-01,3.29573721e-01
5345803-S04-156I3-A-L-C-190-7-1,20.02.2020-15:23:19,2.00000000e+00,6.38043106e-01,8.90871811e+00,1.96468458e-03,2.94291901e+02,7.88881226e+01,1.82518559e+01,1.12365097e-01,1.81175888e-01
5345803-S04-156I3-A-L-C-190-7-1,20.02.2020-15:23:21,2.10000000e+01,6.45157695e-01,8.86691570e+00,2.35843123e-03,2.31569351e+02,7.96864166e+01,1.85546589e+01,1.49403572e-01,2.73642719e-01
5345803-S04-156I3-A-L-C-190-7-1,20.02.2020-15:23:23,1.90000000e+01,6.46416724e-01,8.88482571e+00,1.96108432e-03,3.06647186e+02,8.00081253e+01,1.87036266e+01,9.73991752e-02,1.43849030e-01
5345803-S04-156I3-A-L-C-190-7-1,20.02.2020-15:23:25,1.90000000e+01,6.46481335e-01,8.90947914e+00,2.26419838e-03,5.19437500e+02,7.99559784e+01,1.87451725e+01,5.79831339e-02,9.66032520e-02
5345803-S04-156I3-A-L-C-190-7-1,20.02.2020-15:23:27,1.40000000e+01,6.23757839e-01,8.18197441e+00,1.01943011e-03,2.41719131e+02,7.80632858e+01,1.62162762e+01,1.39318645e-01,1.73928201e-01
5345803-S04-156I3-A-L-C-190-7-1,20.02.2020-15:23:29,1.90000000e+01,6.45840228e-01,8.87368107e+00,1.58689066e-03,2.19201035e+02,8.03039246e+01,1.87325077e+01,1.55655995e-01,2.87040830e-01
5345803-S04-156I3-A-L-C-190-7-1,20.02.2020-15:23:31,2.10000000e+01,6.44449890e-01,8.86777306e+00,2.09868816e-03,2.24625488e+02,7.99567413e+01,1.85989761e+01,1.54964209e-01,2.00352862e-01
5345803-S04-156I3-A-L-C-190-7-1,20.02.2020-15:23:34,1.30000000e+01,6.29848361e-01,8.59605408e+00,1.55047094e-03,3.67047577e+02,8.01813049e+01,1.76700783e+01,1.72803447e-01,8.59264731e-01
5345803-S04-156I3-A-L-C-190-7-1,20.02.2020-15:23:36,2.10000000e+01,6.44653678e-01,8.84290218e+00,2.25341506e-03,6.42572266e+02,7.99595718e+01,1.85533333e+01,6.52417839e-02,1.77358866e-01
5345803-S04-156I3-A-L-C-190-7-1,20.02.2020-15:23:38,2.10000000e+01,6.45324826e-01,8.85547829e+00,2.05028756e-03,2.66322174e+02,7.97866211e+01,1.85588322e+01,9.60831866e-02,1.57216921e-01
5345803-S04-156I3-A-L-C-190-7-1,20.02.2020-15:23:40,2.10000000e+01,6.42677307e-01,8.86063576e+00,2.16623093e-03,1.85537949e+02,8.00301208e+01,1.85498981e+01,1.47252843e-01,2.48432949e-01
5345803-S04-156I3-A-L-C-190-7-1,20.02.2020-15:23:42,2.00000000e+01,6.46183133e-01,8.88812923e+00,2.30212137e-03,2.87883362e+02,7.99340134e+01,1.86864929e+01,1.24250159e-01,2.05587208e-01
5345803-S04-156I3-A-L-C-190-7-1,20.02.2020-15:23:44,1.30000000e+01,6.36691272e-01,8.71228123e+00,1.60795986e-03,3.04519470e+02,7.94031143e+01,1.79278622e+01,1.34136245e-01,3.60673547e-01
5345803-S04-156I3-A-L-C-190-7-1,20.02.2020-15:23:46,2.10000000e+01,6.44650698e-01,8.85952663e+00,2.37872521e-03,2.29153015e+02,7.98119965e+01,1.85538197e+01,1.28582880e-01,1.68892041e-01
5345803-S04-156I3-A-L-C-190-7-1,20.02.2020-15:23:48,2.10000000e+01,6.45227015e-01,8.84150791e+00,1.89352490e-03,2.95658417e+02,7.98179855e+01,1.85340290e+01,9.94717479e-02,1.39171675e-01
5345803-S04-156I3-A-L-C-190-7-1,20.02.2020-15:23:50,1.90000000e+01,6.45504653e-01,8.89174652e+00,1.77577138e-03,3.24009766e+02,8.00681305e+01,1.87058010e+01,1.14502341e-01,1.71495214e-01
5345803-S04-156I3-A-L-C-190-7-1,20.02.2020-15:23:53,1.40000000e+01,6.28713071e-01,8.38292217e+00,1.67892396e-03,2.17431076e+02,7.84488449e+01,1.68292465e+01,1.40770376e-01,1.78200379e-01
5345803-S04-156I3-A-L-C-190-7-1,20.02.2020-15:23:55,1.90000000e+01,6.46417618e-01,8.89430046e+00,1.91487873e-03,2.03123734e+02,8.00702133e+01,1.87381268e+01,1.30413786e-01,1.74368262e-01
5345803-S04-156I3-A-L-C-190-7-1,20.02.2020-15:23:57,2.00000000e+01,6.45306110e-01,8.86790848e+00,1.77555007e-03,2.60610352e+02,7.98724060e+01,1.86043262e+01,1.02018915e-01,1.68001726e-01
5345803-S04-156I3-A-L-C-190-7-1,20.02.2020-15:23:59,2.10000000e+01,6.43193603e-01,8.85268116e+00,2.14280025e-03,4.64011292e+02,8.00248108e+01,1.85469036e+01,1.02626234e-01,1.37999773e-01
5345803-S04-156I3-A-L-C-190-7-1,20.02.2020-15:24:01,1.90000000e+01,6.46425664e-01,8.88841152e+00,2.40903208e-03,3.49413208e+02,7.99809723e+01,1.87050819e+01,1.17383637e-01,1.74054652e-01
5345803-S04-156I3-A-L-C-190-7-1,20.02.2020-15:24:03,2.00000000e+01,6.45176530e-01,8.87408066e+00,2.16354546e-03,3.07543488e+02,8.01150436e+01,1.86700821e+01,1.09123655e-01,2.28641778e-01
5345803-S04-156I3-A-L-C-190-7-1,20.02.2020-15:24:05,2.10000000e+01,6.43409133e-01,8.83350849e+00,1.94200489e-03,2.15831238e+02,7.99718094e+01,1.85006752e+01,1.55023873e-01,4.43245560e-01
5345803-S04-156I3-A-L-C-190-7-1,20.02.2020-15:24:07,2.00000000e+01,6.45784914e-01,8.86401272e+00,1.55035337e-03,1.86819977e+02,8.02469101e+01,1.86972084e+01,1.57889038e-01,3.01773280e-01
5345803-S04-156I3-A-L-C-190-7-1,20.02.2020-15:24:09,2.00000000e+01,6.45275950e-01,8.84985638e+00,2.14311085e-03,1.73676834e+02,8.02593307e+01,1.86555252e+01,2.12740079e-01,3.31218153e-01
5345803-S04-156I3-A-L-C-190-7-1,20.02.2020-15:24:12,1.90000000e+01,6.46719992e-01,8.88813496e+00,1.92926382e-03,4.01437439e+02,8.00433884e+01,1.87276211e+01,9.68809053e-02,1.62985921e-01
5345803-S04-156I3-A-L-C-190-7-1,20.02.2020-15:24:14,1.90000000e+01,6.47802830e-01,8.86585903e+00,2.00836849e-03,4.48579041e+02,8.00575180e+01,1.87152653e+01,6.67323843e-02,2.58840561e-01
5345803-S04-156I3-A-L-C-190-7-1,20.02.2020-15:24:16,1.30000000e+01,6.35345817e-01,8.69777107e+00,1.39531679e-03,1.22383080e+02,7.92792511e+01,1.78323212e+01,3.02549064e-01,3.75498921e-01
5345803-S04-156I3-A-L-C-190-7-1,20.02.2020-15:24:18,2.00000000e+01,6.42498374e-01,8.88417721e+00,1.64193788e-03,1.49115143e+02,8.02000198e+01,1.86334782e+01,2.41432786e-01,3.84949327e-01
5345803-S04-156I3-A-L-C-190-7-1,20.02.2020-15:24:20,2.00000000e+01,6.44754052e-01,8.91084385e+00,2.22910661e-03,1.66706146e+02,7.98446579e+01,1.86719208e+01,1.98910564e-01,2.93042332e-01
5345803-S04-156I3-A-L-C-190-7-1,20.02.2020-15:24:22,2.10000000e+01,6.44982815e-01,8.85441017e+00,2.23475602e-03,4.53565826e+01,7.98481140e+01,1.85610542e+01,4.96397674e-01,6.89934492e-01
5345803-S04-156I3-A-L-C-190-7-1,20.02.2020-15:24:24,2.00000000e+01,6.45232499e-01,8.85028553e+00,1.67167815e-03,2.05620193e+02,8.02335281e+01,1.86491737e+01,1.86535820e-01,3.65148216e-01
5345803-S04-156I3-A-L-C-190-7-1,20.02.2020-15:24:26,1.30000000e+01,6.32724226e-01,8.66238785e+00,2.10500835e-03,3.04708576e+01,7.92249069e+01,1.76743717e+01,1.29641330e+00,1.73988104e+00
5345803-S04-156I3-A-L-C-190-7-1,20.02.2020-15:24:29,1.90000000e+01,6.43677950e-01,8.90483475e+00,1.87183451e-03,1.39759415e+02,8.01771088e+01,1.87057476e+01,2.18420550e-01,2.66470283e-01
5345803-S04-156I3-A-L-C-190-7-1,20.02.2020-15:24:31,1.90000000e+01,6.47676408e-01,8.88240528e+00,1.93231110e-03,4.84491974e+02,8.01711197e+01,1.87731323e+01,4.00596447e-02,8.74440446e-02
5345803-S04-156I3-A-L-C-190-7-1,20.02.2020-15:24:33,2.10000000e+01,6.45371616e-01,8.83811665e+00,1.86270534e-03,6.76337219e+02,7.98120575e+01,1.85296955e+01,7.03753904e-02,1.66568145e-01
5345803-S04-156I3-A-L-C-190-7-1,20.02.2020-15:24:35,2.00000000e+01,6.44316912e-01,8.88337421e+00,2.27206596e-03,3.70600037e+02,7.99284744e+01,1.86212654e+01,9.94395912e-02,1.51777819e-01
5345803-S04-156I3-A-L-C-190-7-1,20.02.2020-15:24:37,1.90000000e+01,6.46322191e-01,8.94583511e+00,2.40692310e-03,2.62859161e+02,7.96288452e+01,1.87400417e+01,2.40459606e-01,2.92858630e-01
5345803-S04-156I3-A-L-C-190-7-1,20.02.2020-15:24:39,9.00000000e+00,6.47173524e-01,8.93053818e+00,1.46945775e-03,1.67055237e+02,8.00617065e+01,1.88344707e+01,2.59110451e-01,3.24803621e-01
5345803-S04-156I3-A-L-C-190-7-1,20.02.2020-15:24:41,9.00000000e+00,6.47880912e-01,8.95810795e+00,2.20579444e-03,4.23847443e+02,7.96827469e+01,1.88237419e+01,7.78807402e-02,9.42537934e-02
5345803-S04-156I3-A-L-C-190-7-1,20.02.2020-15:24:43,2.00000000e+01,6.44682229e-01,8.90059471e+00,2.03828886e-03,1.87564606e+02,7.96524506e+01,1.86034737e+01,1.34672374e-01,1.64462313e-01
5345803-S04-156I3-A-L-C-190-7-1,20.02.2020-15:24:45,1.00000000e+00,6.42301977e-01,8.85711670e+00,1.87878229e-03,1.64729630e+02,7.96590958e+01,1.84457874e+01,1.99611694e-01,3.69130701e-01
5345803-S04-156I3-A-L-C-190-7-1,20.02.2020-15:24:47,1.00000000e+00,6.41467690e-01,8.86460972e+00,2.27639335e-03,1.44058746e+02,7.95660553e+01,1.84158764e+01,2.35837892e-01,3.88484627e-01
5345803-S04-156I3-A-L-C-190-7-1,20.02.2020-15:24:50,2.10000000e+01,6.41343236e-01,8.88265610e+00,2.05164496e-03,9.04044952e+01,7.98503418e+01,1.85157089e+01,2.95787185e-01,3.49274546e-01
5345803-S04-156I3-A-L-C-190-7-1,20.02.2020-15:24:52,9.00000000e+00,6.46912038e-01,8.95565224e+00,1.81917287e-03,2.57922394e+02,8.00706253e+01,1.88819084e+01,1.63406476e-01,1.99553728e-01
5345803-S04-156I3-A-L-C-190-7-1,20.02.2020-15:24:54,1.90000000e+01,6.46254599e-01,8.91927242e+00,1.81223603e-03,2.35806503e+02,8.01005707e+01,1.87931194e+01,1.24250740e-01,1.57075346e-01
5345803-S04-156I3-A-L-C-190-7-1,20.02.2020-15:24:56,2.00000000e+01,6.44553661e-01,8.93778419e+00,2.60079396e-03,4.19439545e+02,7.95251160e+01,1.86476231e+01,7.14018568e-02,9.92257074e-02
5345803-S04-156I3-A-L-C-190-7-1,20.02.2020-15:24:58,1.90000000e+01,6.44807756e-01,8.90301704e+00,2.15259800e-03,1.35510010e+02,8.00359650e+01,1.87017765e+01,1.86928377e-01,2.66978323e-01
5345803-S04-156I3-A-L-C-190-7-1,20.02.2020-15:25:00,2.00000000e+01,6.47029459e-01,8.87909031e+00,1.93997449e-03,2.56598755e+02,7.98716888e+01,1.86773643e+01,1.20104596e-01,1.71725214e-01
5345803-S04-156I3-A-L-C-190-7-1,20.02.2020-15:25:02,1.90000000e+01,6.45353138e-01,8.93952942e+00,1.92840549e-03,3.40726807e+02,7.99629669e+01,1.87772141e+01,7.60647506e-02,1.07840985e-01
5345803-S04-156I3-A-L-C-190-7-1,20.02.2020-15:25:04,2.00000000e+01,6.43772542e-01,8.89412308e+00,2.07579602e-03,1.99602493e+02,8.00850449e+01,1.86645355e+01,1.34776399e-01,2.35724583e-01
5345803-S04-156I3-A-L-C-190-7-1,20.02.2020-15:25:06,2.10000000e+01,6.43132389e-01,8.87621307e+00,1.81266898e-03,1.83363144e+02,8.00008087e+01,1.85888577e+01,1.66044280e-01,3.80883127e-01
5345803-S04-156I3-A-L-C-190-7-1,20.02.2020-15:25:08,1.90000000e+01,6.44079506e-01,8.98544216e+00,1.96708366e-03,1.89323090e+02,7.97957535e+01,1.87970142e+01,1.53054655e-01,1.81968942e-01
5345803-S04-156I3-A-L-C-190-7-1,20.02.2020-15:25:11,2.10000000e+01,6.43535912e-01,8.86368561e+00,1.54017285e-03,1.01978676e+02,7.99714203e+01,1.85674458e+01,3.01215798e-01,4.64596033e-01
5345803-S04-156I3-A-L-C-190-7-1,20.02.2020-15:25:13,2.00000000e+01,6.44786477e-01,8.90452862e+00,2.10323487e-03,2.16283569e+02,7.97445374e+01,1.86362286e+01,2.00657979e-01,2.41195321e-01
5345803-S04-156I3-A-L-C-190-7-1,20.02.2020-15:25:15,2.00000000e+00,6.40332043e-01,8.85109138e+00,2.12749583e-03,1.66269577e+02,7.97230377e+01,1.83914547e+01,2.55230516e-01,4.12970960e-01
5345803-S04-156I3-A-L-C-190-7-1,20.02.2020-15:25:17,2.10000000e+01,6.42964840e-01,8.89766407e+00,2.21723830e-03,2.24122635e+02,7.96284180e+01,1.85422077e+01,1.40264183e-01,1.74435467e-01
5345803-S04-156I3-A-L-C-190-7-1,20.02.2020-15:25:19,2.00000000e+01,6.44671500e-01,8.90166187e+00,2.42057256e-03,1.92048416e+02,7.96649704e+01,1.86083183e+01,1.88973203e-01,3.10779214e-01
5345803-S04-156I3-A-L-C-190-7-1,20.02.2020-15:25:21,2.00000000e+01,6.45509183e-01,8.90509796e+00,2.09635566e-03,3.33091797e+02,7.98444214e+01,1.86816788e+01,1.31621927e-01,2.02644169e-01
5345803-S04-156I3-A-L-C-190-7-1,20.02.2020-15:25:23,9.00000000e+00,6.46907866e-01,8.93102646e+00,2.00243481e-03,1.42200256e+02,7.99624557e+01,1.88044300e+01,2.49807671e-01,3.13274533e-01
5345803-S04-156I3-A-L-C-190-7-1,20.02.2020-15:25:25,2.00000000e+01,6.44456446e-01,8.87424469e+00,2.21814052e-03,1.91737289e+02,7.99216461e+01,1.86045685e+01,1.69755489e-01,2.38067508e-01
5345803-S04-156I3-A-L-C-190-7-1,20.02.2020-15:25:28,2.00000000e+01,6.44395709e-01,8.86715698e+00,1.90004345e-03,1.70138000e+02,8.00177460e+01,1.86103058e+01,1.88341916e-01,3.67290080e-01
5345803-S04-156I3-A-L-C-190-7-1,20.02.2020-15:25:30,1.00000000e+00,6.42804027e-01,8.79224682e+00,1.99835515e-03,4.85472961e+02,8.01946640e+01,1.84482059e+01,1.22984752e-01,4.84328836e-01
5345803-S04-156I3-A-L-C-190-7-1,20.02.2020-15:25:32,2.10000000e+01,6.44300938e-01,8.85762882e+00,2.10408214e-03,2.56878265e+02,7.98910446e+01,1.85581417e+01,1.03506945e-01,2.37075657e-01
5345803-S04-156I3-A-L-C-190-7-1,20.02.2020-15:25:34,1.90000000e+01,6.46459043e-01,8.89232349e+00,2.06685415e-03,3.38304474e+02,8.00117722e+01,1.87214890e+01,1.05362192e-01,1.92828283e-01
5345803-S04-156I3-A-L-C-190-7-1,20.02.2020-15:25:36,3.00000000e+00,6.37977779e-01,8.77299690e+00,1.88206241e-03,9.67194061e+01,7.92986145e+01,1.80654736e+01,4.60020751e-01,6.26553297e-01
5345803-S04-156I3-A-L-C-190-7-1,20.02.2020-15:25:38,2.00000000e+01,6.44541085e-01,8.90045834e+00,2.16299016e-03,7.63708649e+01,7.99093628e+01,1.86591053e+01,3.25026214e-01,4.03188080e-01
5345803-S04-156I3-A-L-C-190-7-1,20.02.2020-15:25:40,3.00000000e+00,6.36777699e-01,8.69307041e+00,1.64643896e-03,1.32561264e+02,8.06548004e+01,1.81727829e+01,2.47607663e-01,8.28179717e-01
5345803-S04-156I3-A-L-C-190-7-1,20.02.2020-15:25:42,2.10000000e+01,6.43445373e-01,8.83307552e+00,2.00292515e-03,2.47368118e+02,8.00547791e+01,1.85200043e+01,1.59655571e-01,4.58237678e-01
5345803-S04-156I3-A-L-C-190-7-1,20.02.2020-15:25:45,2.10000000e+01,6.44002140e-01,8.86327171e+00,1.99546223e-03,1.74955170e+02,7.99653625e+01,1.85786209e+01,2.00882673e-01,2.53497005e-01
5345803-S04-156I3-A-L-C-190-7-1,20.02.2020-15:25:47,2.10000000e+01,6.41991258e-01,8.86490250e+00,1.73281773e-03,8.65529022e+01,7.98965530e+01,1.85080776e+01,2.90350437e-01,4.27377939e-01
5345803-S04-156I3-A-L-C-190-7-1,20.02.2020-15:25:49,2.00000000e+00,6.38774157e-01,8.78998089e+00,1.80746894e-03,3.61797974e+02,7.97432632e+01,1.82246628e+01,1.84242249e-01,5.48344314e-01
5345803-S04-156I3-A-L-C-190-7-1,20.02.2020-15:25:51,2.00000000e+01,6.45689607e-01,8.87425900e+00,1.87774491e-03,1.16940056e+02,8.01057816e+01,1.86831436e+01,2.47727364e-01,5.12186289e-01
5345803-S04-156I3-A-L-C-190-7-1,20.02.2020-15:25:53,2.10000000e+01,6.42632604e-01,8.86715508e+00,1.85842661e-03,1.75979538e+02,8.01053696e+01,1.85797081e+01,1.76649436e-01,3.72382224e-01
5345803-S04-156I3-A-L-C-190-7-1,20.02.2020-15:25:55,2.10000000e+01,6.42555237e-01,8.85506248e+00,1.83721620e-03,1.09477715e+02,7.99514236e+01,1.85164833e+01,2.45573044e-01,3.81246567e-01
5345803-S04-156I3-A-L-C-190-7-1,20.02.2020-15:25:57,2.00000000e+01,6.42999113e-01,8.88370609e+00,1.98706309e-03,6.85449982e+01,8.00389175e+01,1.86095543e+01,3.50040138e-01,5.63116670e-01
5345803-S04-156I3-A-L-C-190-7-1,20.02.2020-15:25:59,1.40000000e+01,6.41022861e-01,8.84298611e+00,2.12628231e-03,1.52484417e+01,7.95565186e+01,1.83560162e+01,9.21545923e-01,1.16552114e+00
5345803-S04-156I3-A-L-C-190-7-1,20.02.2020-15:26:02,2.00000000e+01,6.46171629e-01,8.83336830e+00,1.66622852e-03,2.23848526e+02,8.01198120e+01,1.86141987e+01,1.45790100e-01,2.75144070e-01
5345803-S04-156I3-A-L-C-190-7-1,20.02.2020-15:26:04,2.10000000e+01,6.42845690e-01,8.86341953e+00,1.96350692e-03,2.74138794e+02,7.98162308e+01,1.85109825e+01,1.20459802e-01,2.60206997e-01
5345803-S04-156I3-A-L-C-190-7-1,20.02.2020-15:26:06,3.00000000e+00,6.36680782e-01,8.77381039e+00,2.19371496e-03,2.38456192e+02,7.96955032e+01,1.81206589e+01,3.28571290e-01,1.64165199e+00
5345803-S04-156I3-A-L-C-190-7-1,20.02.2020-15:26:08,2.10000000e+01,6.43227279e-01,8.86480141e+00,1.82304753e-03,1.80111069e+02,7.98409653e+01,1.85305996e+01,1.92249194e-01,3.45186740e-01
5345803-S04-156I3-A-L-C-190-7-1,20.02.2020-15:26:10,2.00000000e+01,6.45424902e-01,8.86543846e+00,1.88372040e-03,2.07838394e+02,8.00086136e+01,1.86342926e+01,2.11589411e-01,5.44127882e-01
5345803-S04-156I3-A-L-C-190-7-1,20.02.2020-15:26:12,1.00000000e+00,6.37797475e-01,8.93209267e+00,1.69974146e-03,2.04857635e+02,7.94569016e+01,1.84245911e+01,1.26841307e-01,1.58205852e-01
5345803-S04-156I3-A-L-C-190-7-1,20.02.2020-15:26:14,2.00000000e+01,6.42884731e-01,8.90148354e+00,1.77076657e-03,3.60313019e+02,8.01037445e+01,1.86585770e+01,1.53089941e-01,2.13518605e-01
5345803-S04-156I3-A-L-C-190-7-1,20.02.2020-15:26:16,1.90000000e+01,6.46354854e-01,8.89318752e+00,1.70228607e-03,3.25874115e+02,8.00226059e+01,1.87228241e+01,8.31870288e-02,1.35903299e-01
5345803-S04-156I3-A-L-C-190-7-1,20.02.2020-15:26:19,2.00000000e+00,6.42218232e-01,8.80533600e+00,2.27003801e-03,1.27547928e+02,7.97358246e+01,1.83532181e+01,2.13887021e-01,7.95560896e-01
5345803-S04-156I3-A-L-C-190-7-1,20.02.2020-15:26:21,1.90000000e+01,6.46328509e-01,8.88932896e+00,1.85286556e-03,3.06341125e+02,8.01206970e+01,1.87368755e+01,8.63803625e-02,1.30621001e-01
5345803-S04-156I3-A-L-C-190-7-1,20.02.2020-15:26:23,2.00000000e+01,6.46114767e-01,8.88367844e+00,1.88648480e-03,2.35990616e+02,7.99790115e+01,1.86856709e+01,1.21383816e-01,1.73455656e-01
5345803-S04-156I3-A-L-C-190-7-1,20.02.2020-15:26:25,1.00000000e+00,6.43511772e-01,8.86466980e+00,2.32203840e-03,5.07236481e+01,7.94933014e+01,1.84577923e+01,6.85229063e-01,9.52736497e-01
5345803-S04-156I3-A-L-C-190-7-1,20.02.2020-15:26:27,1.90000000e+01,6.46609843e-01,8.90273857e+00,2.27577053e-03,1.34199570e+02,7.98881912e+01,1.87188301e+01,2.13433132e-01,2.93784052e-01
5345803-S04-156I3-A-L-C-190-7-1,20.02.2020-15:26:29,1.90000000e+01,6.46420479e-01,8.90620041e+00,1.69054209e-03,1.13777985e+02,7.99924316e+01,1.87450504e+01,2.09444374e-01,2.75841683e-01
5345803-S04-156I3-A-L-C-190-7-1,20.02.2020-15:26:31,1.90000000e+01,6.46598279e-01,8.89130688e+00,2.14363448e-03,3.82211273e+02,7.99937897e+01,1.87191715e+01,1.46591350e-01,2.11746618e-01
5345803-S04-156I3-A-L-C-190-7-1,20.02.2020-15:26:33,1.90000000e+01,6.46306634e-01,8.91938114e+00,2.39064568e-03,3.45280273e+02,7.99179840e+01,1.87520199e+01,1.29118428e-01,1.90213516e-01
5345803-S04-156I3-A-L-C-190-7-1,20.02.2020-15:26:35,1.00000000e+00,6.42139792e-01,8.84576893e+00,1.86134374e-03,1.18627121e+02,7.98592148e+01,1.84637718e+01,4.98017877e-01,8.48188579e-01
5345803-S04-156I3-A-L-C-190-7-1,20.02.2020-15:26:38,2.00000000e+00,6.36966944e-01,8.92145920e+00,2.04688520e-03,2.50723724e+02,7.94541245e+01,1.83780499e+01,8.69286358e-02,1.13952957e-01
5345803-S04-156I3-A-L-C-190-7-1,20.02.2020-15:26:42,2.10000000e+01,6.43218458e-01,8.88083267e+00,2.05378491e-03,2.73357697e+02,7.96504440e+01,1.85195541e+01,1.28030717e-01,2.77011544e-01
5345803-S04-156I3-A-L-C-190-7-1,20.02.2020-15:26:44,2.00000000e+01,6.42344177e-01,8.89987087e+00,1.73125206e-03,1.59351059e+02,8.00482864e+01,1.86266041e+01,1.74750954e-01,2.68290132e-01
5345803-S04-156I3-A-L-C-190-7-1,20.02.2020-15:26:46,2.10000000e+01,6.43108130e-01,8.86032581e+00,1.88835966e-03,1.91276535e+02,7.98463364e+01,1.85190563e+01,1.97845280e-01,3.31556231e-01
5345803-S04-156I3-A-L-C-190-7-1,20.02.2020-15:26:48,2.10000000e+01,6.42751157e-01,8.86101913e+00,1.87182683e-03,1.96682312e+02,7.99127121e+01,1.85256138e+01,1.53593406e-01,3.24356884e-01
5345803-S04-156I3-A-L-C-190-7-1,20.02.2020-15:26:50,9.00000000e+00,6.49399936e-01,8.88435078e+00,1.78554002e-03,1.96262482e+02,8.01741257e+01,1.88279209e+01,2.30825558e-01,3.81901175e-01
5345803-S04-156I3-A-L-C-190-7-1,20.02.2020-15:26:52,9.00000000e+00,6.49314046e-01,8.89793301e+00,1.78696180e-03,3.11963806e+02,8.03787918e+01,1.89023438e+01,1.36423618e-01,2.48669162e-01
5345803-S04-156I3-A-L-C-190-7-1,20.02.2020-15:26:54,2.10000000e+01,6.43052995e-01,8.85583401e+00,2.06250860e-03,1.40929764e+02,7.98197174e+01,1.85019131e+01,2.40608230e-01,4.15360481e-01
5345803-S04-156I3-A-L-C-190-7-1,20.02.2020-15:26:57,2.10000000e+01,6.42501473e-01,8.87074947e+00,2.04075547e-03,3.95469360e+01,7.97791901e+01,1.85077763e+01,5.56715250e-01,7.50865459e-01
5345803-S04-156I3-A-L-C-190-7-1,20.02.2020-15:26:59,1.00000000e+00,6.42376184e-01,8.85661507e+00,2.16307421e-03,1.67348938e+02,7.98757248e+01,1.84970379e+01,1.65369242e-01,3.60744447e-01
5345803-S04-156I3-A-L-C-190-7-1,20.02.2020-15:27:01,2.00000000e+01,6.45029426e-01,8.85165405e+00,2.16881023e-03,2.32714447e+02,8.01481018e+01,1.86263351e+01,1.62202537e-01,4.24708158e-01
5345803-S04-156I3-A-L-C-190-7-1,20.02.2020-15:27:03,2.00000000e+00,6.39048755e-01,8.81832409e+00,1.83270301e-03,1.72781006e+02,7.98047256e+01,1.83053837e+01,2.34707221e-01,5.77618361e-01
5345803-S04-156I3-A-L-C-190-7-1,20.02.2020-15:27:05,2.00000000e+01,6.43300354e-01,8.90691090e+00,2.19855458e-03,1.90236267e+02,7.99948044e+01,1.86566181e+01,1.67614326e-01,2.45314389e-01
5345803-S04-156I3-A-L-C-190-7-1,20.02.2020-15:27:07,2.00000000e+00,6.37402713e-01,8.90917778e+00,1.69321918e-03,6.41524429e+01,7.92166367e+01,1.83104134e+01,2.94996738e-01,3.58000696e-01
5345803-S04-156I3-A-L-C-190-7-1,20.02.2020-15:27:09,2.00000000e+01,6.44140482e-01,8.91445732e+00,1.86677289e-03,1.89887451e+02,7.99383698e+01,1.86836185e+01,2.24356130e-01,3.15719783e-01
5345803-S04-156I3-A-L-C-190-7-1,20.02.2020-15:27:14,2.00000000e+01,6.44435585e-01,8.91685009e+00,1.94963068e-03,1.20824547e+02,7.99117355e+01,1.86909657e+01,1.99342683e-01,2.76431322e-01
5345803-S04-156I3-A-L-C-190-7-1,20.02.2020-15:27:16,1.00000000e+00,6.41415298e-01,8.86436367e+00,2.15343270e-03,1.68404480e+02,7.98030701e+01,1.84687157e+01,2.42119297e-01,3.98785383e-01
5345803-S04-156I3-A-L-C-190-7-1,20.02.2020-15:27:19,3.00000000e+00,6.38210595e-01,8.76457787e+00,1.96505245e-03,1.77690643e+02,7.98297348e+01,1.81756496e+01,4.10974860e-01,2.44023633e+00
5345803-S04-156I3-A-L-C-190-7-1,20.02.2020-15:27:21,2.10000000e+01,6.43245280e-01,8.86797142e+00,1.90917531e-03,1.83286911e+02,7.97843552e+01,1.85245991e+01,2.64990598e-01,3.88141155e-01
5345803-S04-156I3-A-L-C-190-7-1,20.02.2020-15:27:23,2.00000000e+00,6.39419138e-01,8.81367874e+00,1.75952388e-03,1.85120636e+02,8.00437622e+01,1.83611794e+01,1.97253570e-01,4.66697186e-01
5345803-S04-156I3-A-L-C-190-7-1,20.02.2020-15:27:25,1.90000000e+01,6.44811451e-01,8.90424728e+00,1.64115615e-03,3.68273163e+02,8.02456055e+01,1.87534599e+01,8.66337940e-02,1.27639338e-01
5345803-S04-156I3-A-L-C-190-7-1,20.02.2020-15:27:27,1.90000000e+01,6.44607127e-01,8.95379448e+00,2.13883375e-03,3.59740784e+02,7.98999939e+01,1.87706432e+01,1.06586181e-01,1.27953738e-01
5345803-S04-156I3-A-L-C-190-7-1,20.02.2020-15:27:29,9.00000000e+00,6.45095944e-01,8.94022560e+00,1.99170038e-03,2.01831635e+02,8.04493561e+01,1.88853722e+01,1.99370146e-01,2.50196427e-01
5345803-S04-156I3-A-L-C-190-7-1,20.02.2020-15:27:31,9.00000000e+00,6.44517541e-01,8.95221996e+00,1.83939491e-03,2.39192123e+02,8.00874557e+01,1.88087597e+01,1.37872368e-01,1.64536670e-01
5345803-S04-156I3-A-L-C-190-7-1,20.02.2020-15:27:33,1.90000000e+01,6.44416571e-01,8.95462608e+00,2.21986021e-03,8.96622238e+01,7.99454117e+01,1.87775059e+01,3.38338703e-01,4.01168615e-01
5345803-S04-156I3-A-L-C-190-7-1,20.02.2020-15:27:35,2.00000000e+01,6.42503202e-01,8.90912247e+00,1.88879098e-03,1.30224167e+02,8.01859436e+01,1.86826591e+01,3.27629626e-01,4.69993442e-01
5345803-S04-156I3-A-L-C-190-7-1,20.02.2020-15:27:37,1.00000000e+00,6.40398264e-01,8.84085178e+00,2.07025534e-03,1.36572464e+02,8.00295639e+01,1.84427185e+01,2.59792179e-01,5.77255905e-01
5345803-S04-156I3-A-L-C-190-7-1,20.02.2020-15:27:40,1.90000000e+01,6.43378973e-01,8.92929459e+00,1.87751278e-03,2.26631088e+02,8.00515060e+01,1.87190456e+01,1.27522737e-01,1.52545810e-01
5345803-S04-156I3-A-L-C-190-7-1,20.02.2020-15:27:42,1.90000000e+01,6.43991113e-01,8.94283104e+00,1.57113001e-03,2.64307739e+02,8.01134491e+01,1.87797813e+01,1.01354197e-01,1.27925456e-01
5345803-S04-156I3-A-L-C-190-7-1,20.02.2020-15:27:44,2.10000000e+01,6.42768204e-01,8.83798218e+00,1.97053142e-03,2.46418732e+02,8.02084885e+01,1.85463333e+01,2.86604971e-01,2.15929747e+00
5345803-S04-156I3-A-L-C-190-7-1,20.02.2020-15:27:46,1.00000000e+00,6.41932428e-01,8.80265903e+00,2.00660061e-03,9.29004456e+02,8.01867599e+01,1.84431915e+01,2.81547874e-01,2.55845165e+00
5345803-S04-156I3-A-L-C-190-7-1,20.02.2020-15:27:48,1.90000000e+01,6.45158291e-01,8.92003822e+00,2.16358248e-03,1.58108109e+02,8.02043686e+01,1.87871647e+01,2.28534609e-01,2.88312346e-01
5345803-S04-156I3-A-L-C-190-7-1,20.02.2020-15:27:50,2.10000000e+01,6.42086327e-01,8.86139584e+00,2.18607206e-03,4.61061432e+02,7.99208069e+01,1.85091133e+01,1.11738682e-01,2.37645954e-01
5345803-S04-156I3-A-L-C-190-7-1,20.02.2020-15:27:52,1.90000000e+01,6.44685745e-01,8.89770412e+00,1.85920368e-03,2.93598999e+02,8.03345413e+01,1.87567902e+01,1.22451648e-01,1.75656900e-01
5345803-S04-156I3-A-L-C-190-7-1,20.02.2020-15:27:54,2.10000000e+01,6.41720057e-01,8.85358906e+00,2.09603086e-03,1.55268814e+02,8.00041504e+01,1.85015335e+01,1.83553711e-01,4.23747569e-01
5345803-S04-156I3-A-L-C-190-7-1,20.02.2020-15:27:57,2.00000000e+01,6.43539190e-01,8.88119125e+00,1.88129360e-03,2.18396713e+02,8.03258972e+01,1.86866741e+01,1.64650843e-01,2.14061856e-01
5345803-S04-156I3-A-L-C-190-7-1,20.02.2020-15:27:59,1.00000000e+00,6.43029690e-01,8.84508705e+00,2.02727434e-03,2.21268021e+02,7.99100571e+01,1.84997044e+01,1.37432098e-01,3.23751509e-01
5345803-S04-156I3-A-L-C-190-7-1,20.02.2020-15:28:01,2.10000000e+01,6.42683923e-01,8.84315109e+00,1.67802523e-03,4.17837250e+02,8.00143433e+01,1.85098343e+01,1.12425685e-01,2.48869851e-01
5345803-S04-156I3-A-L-C-190-7-1,20.02.2020-15:28:03,2.00000000e+01,6.43864691e-01,8.87289810e+00,1.92907266e-03,4.97337402e+02,8.01496735e+01,1.86376896e+01,7.74242133e-02,9.97480974e-02
5345803-S04-156I3-A-L-C-190-7-1,20.02.2020-15:28:05,2.00000000e+00,6.40524626e-01,8.81345081e+00,1.96442916e-03,3.89855713e+02,7.98347778e+01,1.83444252e+01,1.76362589e-01,6.41681671e-01
5345803-S04-156I3-A-L-C-190-7-1,20.02.2020-15:28:07,2.10000000e+01,6.42206967e-01,8.87137318e+00,1.74664147e-03,2.80208984e+02,8.01122513e+01,1.85778313e+01,1.52171999e-01,3.35188240e-01
5345803-S04-156I3-A-L-C-190-7-1,20.02.2020-15:28:09,2.10000000e+01,6.42287552e-01,8.86886692e+00,1.83988025e-03,4.21484222e+02,8.00967407e+01,1.85713158e+01,9.87317637e-02,2.64375120e-01
5345803-S04-156I3-A-L-C-190-7-1,20.02.2020-15:28:11,1.90000000e+01,6.43418550e-01,8.90489292e+00,1.90302497e-03,2.86285339e+02,8.04376450e+01,1.87590923e+01,1.15444057e-01,1.66159615e-01
5345803-S04-156I3-A-L-C-190-7-1,20.02.2020-15:28:14,2.00000000e+01,6.42457247e-01,8.87847996e+00,1.77037343e-03,3.84658325e+02,8.01329041e+01,1.86047535e+01,1.32365465e-01,3.04163754e-01
5345803-S04-156I3-A-L-C-190-7-1,20.02.2020-15:28:16,2.00000000e+01,6.42789006e-01,8.88250923e+00,1.82895095e-03,2.72972870e+02,8.01124344e+01,1.86180515e+01,1.63148329e-01,3.09155911e-01
5345803-S04-156I3-A-L-C-190-7-1,20.02.2020-15:28:18,9.00000000e+00,6.45590425e-01,8.90773296e+00,1.91736873e-03,1.84369446e+02,8.03509140e+01,1.88081150e+01,1.60820484e-01,2.10541293e-01
5345803-S04-156I3-A-L-C-190-7-1,20.02.2020-15:28:20,2.00000000e+01,6.44357979e-01,8.88846588e+00,1.89004082e-03,3.47673889e+02,8.01933517e+01,1.86948757e+01,1.10092171e-01,1.70218512e-01
5345803-S04-156I3-A-L-C-190-7-1,20.02.2020-15:28:22,9.00000000e+00,6.46502495e-01,8.90671730e+00,1.79166126e-03,2.15209076e+02,8.02377777e+01,1.88060226e+01,1.21460490e-01,1.69719890e-01
5345803-S04-156I3-A-L-C-190-7-1,20.02.2020-15:28:24,9.00000000e+00,6.46112740e-01,8.92191601e+00,1.97663764e-03,3.05361694e+02,8.02741776e+01,1.88352985e+01,8.95563215e-02,1.30845830e-01
5345803-S04-156I3-A-L-C-190-7-1,20.02.2020-15:28:26,1.90000000e+01,6.44687116e-01,8.90097237e+00,1.66045979e-03,2.25935349e+02,8.03111954e+01,1.87582684e+01,1.22523509e-01,1.74967483e-01
5345803-S04-156I3-A-L-C-190-7-1,20.02.2020-15:28:28,1.00000000e+00,6.41737521e-01,8.85206032e+00,2.06446648e-03,1.37686386e+02,7.99559250e+01,1.84876900e+01,1.98866919e-01,3.67634118e-01
5345803-S04-156I3-A-L-C-190-7-1,20.02.2020-15:28:30,1.90000000e+01,6.43771291e-01,8.89485836e+00,1.83185376e-03,4.53373810e+02,8.03660965e+01,1.87315502e+01,9.81869102e-02,1.38548926e-01
5345803-S04-156I3-A-L-C-190-7-1,20.02.2020-15:28:33,1.90000000e+01,6.44338608e-01,8.88234997e+00,1.76771334e-03,3.11632080e+02,8.03070908e+01,1.87079468e+01,1.21199831e-01,1.69275239e-01
5345803-S04-156I3-A-L-C-190-7-1,20.02.2020-15:28:35,1.00000000e+00,6.41955912e-01,8.84313107e+00,1.80957315e-03,3.17620728e+02,8.00306015e+01,1.84925823e+01,1.29428416e-01,2.97436565e-01
5345803-S04-156I3-A-L-C-190-7-1,20.02.2020-15:28:37,2.00000000e+01,6.44021571e-01,8.88531208e+00,1.66009599e-03,2.84751831e+02,8.02101746e+01,1.86824036e+01,9.54350680e-02,1.26617700e-01
5345803-S04-156I3-A-L-C-190-7-1,20.02.2020-15:28:39,2.00000000e+01,6.43969655e-01,8.87909126e+00,1.63103617e-03,2.59708893e+02,8.02643661e+01,1.86804314e+01,8.36539418e-02,1.12888105e-01
5345803-S04-156I3-A-L-C-190-7-1,20.02.2020-15:28:41,2.10000000e+01,6.41130209e-01,8.87463665e+00,1.92505924e-03,3.99640594e+02,8.01676254e+01,1.85663280e+01,1.43916979e-01,2.94670552e-01
5345803-S04-156I3-A-L-C-190-7-1,20.02.2020-15:28:43,1.90000000e+01,6.44775927e-01,8.90845966e+00,1.97054376e-03,1.21052322e+02,8.01893692e+01,1.87481480e+01,2.40634352e-01,3.12207431e-01
5345803-S04-156I3-A-L-C-190-7-1,20.02.2020-15:28:45,9.00000000e+00,6.45420194e-01,8.92064857e+00,1.98826334e-03,4.83031647e+02,8.04042130e+01,1.88429108e+01,9.10967588e-02,1.22450829e-01
5345803-S04-156I3-A-L-C-190-7-1,20.02.2020-15:28:47,1.00000000e+00,6.42049789e-01,8.80780697e+00,2.01435201e-03,2.95927795e+02,8.02123032e+01,1.84632301e+01,3.49329174e-01,2.58419728e+00
5345803-S04-156I3-A-L-C-190-7-1,20.02.2020-15:28:49,9.00000000e+00,6.44575775e-01,8.94941139e+00,1.89340371e-03,5.78513260e+01,8.01960373e+01,1.88300514e+01,5.81235766e-01,6.91810012e-01
5345803-S04-156I3-A-L-C-190-7-1,20.02.2020-15:28:51,9.00000000e+00,6.44585431e-01,8.95250416e+00,2.19405093e-03,2.22874512e+02,8.00915604e+01,1.88123016e+01,1.94341183e-01,2.45314822e-01
5345803-S04-156I3-A-L-C-190-7-1,20.02.2020-15:28:54,1.90000000e+01,6.44009888e-01,8.94491863e+00,1.77371711e-03,1.68728348e+02,7.99554596e+01,1.87476673e+01,1.65064916e-01,1.98314473e-01
5345803-S04-156I3-A-L-C-190-7-1,20.02.2020-15:28:56,2.00000000e+01,6.43015683e-01,8.90798759e+00,1.83094561e-03,1.95376648e+02,8.00461121e+01,1.86625767e+01,1.98903531e-01,3.53322387e-01
5345803-S04-156I3-A-L-C-190-7-1,20.02.2020-15:28:58,1.90000000e+01,6.44645691e-01,8.95471668e+00,1.34615216e-03,1.30719803e+02,7.99475250e+01,1.87848682e+01,2.48611912e-01,2.94323325e-01
5345803-S04-156I3-A-L-C-190-7-1,20.02.2020-15:29:00,1.90000000e+01,6.43381417e-01,8.91781044e+00,1.79701217e-03,1.53459671e+02,8.01194534e+01,1.87109089e+01,1.97254702e-01,3.53960514e-01
5345803-S04-156I3-A-L-C-190-7-1,20.02.2020-15:29:15,9.00000000e+00,6.46213472e-01,8.91751575e+00,2.04621721e-03,1.42415421e+02,8.01535034e+01,1.88006382e+01,3.26821804e-01,3.99309278e-01
5345803-S04-156I3-A-L-C-190-7-1,20.02.2020-15:29:17,2.00000000e+01,6.42736614e-01,8.89853764e+00,1.82180468e-03,1.75815125e+02,8.01245041e+01,1.86529369e+01,2.31840581e-01,4.29105401e-01
5345803-S04-156I3-A-L-C-190-7-1,20.02.2020-15:29:19,1.90000000e+01,6.44333899e-01,8.95725536e+00,2.16905493e-03,1.62198883e+02,7.99152603e+01,1.87735291e+01,1.83598086e-01,2.15952024e-01
5345803-S04-156I3-A-L-C-190-7-1,20.02.2020-15:29:21,2.00000000e+01,6.45187914e-01,8.87036705e+00,2.12612492e-03,2.24753510e+02,7.99351578e+01,1.86206951e+01,1.18033968e-01,1.54252186e-01
5345803-S04-156I3-A-L-C-190-7-1,20.02.2020-15:29:23,2.00000000e+01,6.44409359e-01,8.84685040e+00,2.02063262e-03,5.21482666e+02,8.02246399e+01,1.86160908e+01,1.03598937e-01,1.40986621e-01
5345803-S04-156I3-A-L-C-190-7-1,20.02.2020-15:29:25,2.10000000e+01,6.44574761e-01,8.82116127e+00,1.84261694e-03,4.47021820e+02,8.01037521e+01,1.85388203e+01,1.16303466e-01,2.45797545e-01
5345803-S04-156I3-A-L-C-190-7-1,20.02.2020-15:29:27,1.00000000e+00,6.43918157e-01,8.82188416e+00,2.27529788e-03,3.11180939e+02,7.99616776e+01,1.84886055e+01,1.66010857e-01,4.93638098e-01
5345803-S04-156I3-A-L-C-190-7-1,20.02.2020-15:29:30,2.00000000e+01,6.46892250e-01,8.87681007e+00,2.06128391e-03,2.99382263e+02,7.99776001e+01,1.86933632e+01,1.22160792e-01,1.99714690e-01
5345803-S04-156I3-A-L-C-190-7-1,20.02.2020-15:29:32,1.00000000e+00,6.42118752e-01,8.88351154e+00,2.25396245e-03,3.35625580e+02,7.96167297e+01,1.84856415e+01,9.51315761e-02,1.13524325e-01
5345803-S04-156I3-A-L-C-190-7-1,20.02.2020-15:29:34,2.00000000e+01,6.44842327e-01,8.86022854e+00,1.78800442e-03,1.99006226e+02,8.00954514e+01,1.86267262e+01,1.58534959e-01,3.24498653e-01
5345803-S04-156I3-A-L-C-190-7-1,20.02.2020-15:29:41,2.00000000e+01,6.43969059e-01,8.86675549e+00,1.97471771e-03,3.06825317e+02,8.00521317e+01,1.86051350e+01,1.03938013e-01,2.64108211e-01
5345803-S04-156I3-A-L-C-190-7-1,20.02.2020-15:29:43,2.10000000e+01,6.44000888e-01,8.87109852e+00,2.03967234e-03,4.78583069e+01,7.99695740e+01,1.85959702e+01,3.79259795e-01,5.93752563e-01
5345803-S04-156I3-A-L-C-190-7-1,20.02.2020-15:29:45,2.10000000e+01,6.41929448e-01,8.90553761e+00,1.98084721e-03,2.93139587e+02,7.98577576e+01,1.85820999e+01,9.57289115e-02,1.13555036e-01
5345803-S04-156I3-A-L-C-190-7-1,20.02.2020-15:29:47,2.00000000e+01,6.45166814e-01,8.86090755e+00,1.74705405e-03,4.45372955e+02,8.00823822e+01,1.86344833e+01,1.10690907e-01,2.57262439e-01
5345803-S04-156I3-A-L-C-190-7-1,20.02.2020-15:29:49,1.00000000e+00,6.44070148e-01,8.83504581e+00,2.23811413e-03,2.22489338e+01,7.97268829e+01,1.84661751e+01,6.38704300e-01,8.78558278e-01
5345803-S04-156I3-A-L-C-190-7-1,20.02.2020-15:29:51,2.10000000e+01,6.44531727e-01,8.83954716e+00,2.15364690e-03,2.70597717e+02,8.00847549e+01,1.85718155e+01,1.13206871e-01,1.70347527e-01
5345803-S04-156I3-A-L-C-190-7-1,20.02.2020-15:29:54,2.00000000e+01,6.42611742e-01,8.89908218e+00,1.96456257e-03,1.30713028e+02,8.01459198e+01,1.86554394e+01,2.26379290e-01,3.98469031e-01
5345803-S04-156I3-A-L-C-190-7-1,20.02.2020-15:29:56,1.90000000e+01,6.44369006e-01,8.89130688e+00,2.06512655e-03,1.37231583e+02,8.02797394e+01,1.87213154e+01,1.81195840e-01,2.45133057e-01
5345803-S04-156I3-A-L-C-190-7-1,20.02.2020-15:29:58,1.90000000e+01,6.46846890e-01,8.87539577e+00,2.02643033e-03,2.68930847e+02,8.01840591e+01,1.87373199e+01,1.22309335e-01,1.86768964e-01
5345803-S04-156I3-A-L-C-190-7-1,20.02.2020-15:30:00,3.00000000e+00,6.36364222e-01,8.75082970e+00,1.92047388e-03,1.97897217e+02,7.95575256e+01,1.80329361e+01,1.60438403e-01,3.49545687e-01
5345803-S04-156I3-A-L-C-190-7-1,20.02.2020-15:30:02,1.90000000e+01,6.46344900e-01,8.89653778e+00,1.89195573e-03,2.11491592e+02,8.02199173e+01,1.87757702e+01,1.11046709e-01,1.71218842e-01
5345803-S04-156I3-A-L-C-190-7-1,20.02.2020-15:30:04,2.10000000e+01,6.43239439e-01,8.85042858e+00,1.72919873e-03,3.95307007e+02,7.99457092e+01,1.85251732e+01,1.55136958e-01,3.71771008e-01
5345803-S04-156I3-A-L-C-190-7-1,20.02.2020-15:30:06,2.00000000e+01,6.44890249e-01,8.85423565e+00,1.76481216e-03,2.76461090e+02,8.01294785e+01,1.86234169e+01,1.41018748e-01,2.86545962e-01
5345803-S04-156I3-A-L-C-190-7-1,20.02.2020-15:30:08,1.90000000e+01,6.45903468e-01,8.87483978e+00,1.80997013e-03,1.33481949e+02,8.01573715e+01,1.87025928e+01,1.95705071e-01,2.95611501e-01
5345803-S04-156I3-A-L-C-190-7-1,20.02.2020-15:30:10,2.10000000e+01,6.43904150e-01,8.85258865e+00,2.08471250e-03,1.32604431e+02,7.97858505e+01,1.85117550e+01,2.44861156e-01,4.61041957e-01
5345803-S04-156I3-A-L-C-190-7-1,20.02.2020-15:30:13,2.10000000e+01,6.43777370e-01,8.86080265e+00,1.67199410e-03,1.92287857e+02,8.00731354e+01,1.85919876e+01,1.80326059e-01,2.92701423e-01
5345803-S04-156I3-A-L-C-190-7-1,20.02.2020-15:30:15,2.10000000e+01,6.43234193e-01,8.83538532e+00,1.79003214e-03,1.98708923e+02,8.00352173e+01,1.85142441e+01,2.39622295e-01,6.23178363e-01
5345803-S04-156I3-A-L-C-190-7-1,20.02.2020-15:30:17,2.10000000e+01,6.43662989e-01,8.85431194e+00,1.85072643e-03,2.47335907e+02,7.99963303e+01,1.85572510e+01,1.42988518e-01,3.74904156e-01
5345803-S04-156I3-A-L-C-190-7-1,20.02.2020-15:30:19,2.10000000e+01,6.43578112e-01,8.84237766e+00,1.94735418e-03,1.56183731e+02,8.01194000e+01,1.85583000e+01,2.14944139e-01,5.63486934e-01
5345803-S04-156I3-A-L-C-190-7-1,20.02.2020-15:30:21,2.10000000e+01,6.42653644e-01,8.89202690e+00,1.81325036e-03,2.37580505e+02,7.97568665e+01,1.85513725e+01,1.08494304e-01,1.27973542e-01
5345803-S04-156I3-A-L-C-190-7-1,20.02.2020-15:30:23,2.10000000e+01,6.43325329e-01,8.84123230e+00,2.00077868e-03,2.57531616e+02,8.01679916e+01,1.85598583e+01,1.59910709e-01,4.86135006e-01
5345803-S04-156I3-A-L-C-190-7-1,20.02.2020-15:30:25,2.10000000e+01,6.43194556e-01,8.88655663e+00,1.85608177e-03,2.60936005e+02,7.97456512e+01,1.85529537e+01,1.31599277e-01,1.58090129e-01
5345803-S04-156I3-A-L-C-190-7-1,20.02.2020-15:30:27,2.00000000e+01,6.45770311e-01,8.85313606e+00,1.67741929e-03,1.31422745e+02,8.00898666e+01,1.86372986e+01,2.10275054e-01,2.64911473e-01
5345803-S04-156I3-A-L-C-190-7-1,20.02.2020-15:30:30,1.00000000e+00,6.41155005e-01,8.81835461e+00,1.93497457e-03,2.14630585e+02,7.99964447e+01,1.84099007e+01,1.73023313e-01,2.33389422e-01
5345803-S04-156I3-A-L-C-190-7-1,20.02.2020-15:30:33,1.30000000e+01,6.35278940e-01,8.86869812e+00,2.69693695e-03,2.43790253e+02,7.84122620e+01,1.79820213e+01,1.18229277e-01,1.98766068e-01
5345803-S04-156I3-A-L-C-190-7-1,20.02.2020-15:30:35,1.00000000e+00,6.42501831e-01,8.87011528e+00,2.43914383e-03,2.70648499e+02,7.95533524e+01,1.84540768e+01,1.94908217e-01,3.69211674e-01
5345803-S04-156I3-A-L-C-190-7-1,20.02.2020-15:30:38,3.00000000e+00,6.39147460e-01,8.80765533e+00,2.47592037e-03,4.63497589e+02,7.91598206e+01,1.81382923e+01,2.11392701e-01,4.58735555e-01
5345803-S04-156I3-A-L-C-190-7-1,20.02.2020-15:30:40,3.00000000e+00,6.42510533e-01,8.79505634e+00,2.84467521e-03,4.60046906e+02,7.87180023e+01,1.81060257e+01,7.27817342e-02,1.11180097e-01
5345803-S04-156I3-A-L-C-190-7-1,20.02.2020-15:30:42,2.00000000e+00,6.43671572e-01,8.84449768e+00,2.28823745e-03,3.39790344e+02,7.90513840e+01,1.83179626e+01,1.25106767e-01,1.48676813e-01
5345803-S04-156I3-A-L-C-190-7-1,20.02.2020-15:31:00,3.00000000e+00,6.42605007e-01,8.80382156e+00,2.69167125e-03,5.39888611e+02,7.87506790e+01,1.81342583e+01,7.18557462e-02,1.15464583e-01
5345803-S04-156I3-A-L-C-190-7-1,20.02.2020-15:31:02,2.10000000e+01,6.42813504e-01,8.89722347e+00,2.66328151e-03,7.26546875e+02,7.94786377e+01,1.85020599e+01,5.51837273e-02,7.14344084e-02
5345803-S04-156I3-A-L-C-190-7-1,20.02.2020-15:31:04,1.30000000e+01,6.35656476e-01,8.77159595e+00,2.66979518e-03,4.30828735e+02,7.89806900e+01,1.79247112e+01,8.54786634e-02,1.74867541e-01
5345803-S04-156I3-A-L-C-190-7-1,20.02.2020-15:31:06,2.00000000e+01,6.46878541e-01,8.92310333e+00,2.65214685e-03,7.25997009e+02,7.94406891e+01,1.86643066e+01,5.03649041e-02,6.30939901e-02
5345803-S04-156I3-A-L-C-190-7-1,20.02.2020-15:31:08,2.10000000e+01,6.43982708e-01,8.84719658e+00,1.83833041e-03,5.31021790e+02,8.00982285e+01,1.85751781e+01,9.34718177e-02,3.32075685e-01
5345803-S04-156I3-A-L-C-190-7-1,20.02.2020-15:31:10,1.90000000e+01,6.46703362e-01,8.86876392e+00,1.90497725e-03,2.73655884e+02,8.03288040e+01,1.87529545e+01,1.09375536e-01,3.65143538e-01
5345803-S04-156I3-A-L-C-190-7-1,20.02.2020-15:31:12,9.00000000e+00,6.47419393e-01,8.89981747e+00,1.89217774e-03,2.94883667e+02,8.03620987e+01,1.88472614e+01,1.25443682e-01,2.87650317e-01
5345803-S04-156I3-A-L-C-190-7-1,20.02.2020-15:31:14,2.10000000e+01,6.43544137e-01,8.84219742e+00,2.03211489e-03,3.69242798e+02,8.00631790e+01,1.85439224e+01,1.63406417e-01,5.41709781e-01
5345803-S04-156I3-A-L-C-190-7-1,20.02.2020-15:31:16,1.90000000e+01,6.47137165e-01,8.87549210e+00,1.95150822e-03,4.37086639e+02,8.02911453e+01,1.87709675e+01,8.41974542e-02,2.85456926e-01
5345803-S04-156I3-A-L-C-190-7-1,20.02.2020-15:31:19,2.00000000e+01,6.44164205e-01,8.85621738e+00,2.10189284e-03,2.84997620e+02,8.01126633e+01,1.86027088e+01,1.71437949e-01,4.68922198e-01
5345803-S04-156I3-A-L-C-190-7-1-pie-after34,20.02.2020-15:31:44,1.10000000e+01,6.42918646e-01,8.86402607e+00,1.94290769e-03,9.65419388e+00,7.89992523e+01,1.83248405e+01,3.57482052e+00,4.57213163e+00
5345803-S04-156I3-A-L-C-190-7-1-pie-after34,20.02.2020-15:31:46,1.10000000e+01,6.43819153e-01,8.88630390e+00,1.89076213e-03,1.50394135e+01,7.90940933e+01,1.84187126e+01,2.48039961e+00,3.12954116e+00
5345803-S04-156I3-A-L-C-190-7-1,20.02.2020-15:32:08,2.00000000e+01,6.44867659e-01,8.87746429e+00,2.07426539e-03,6.16486626e+01,7.98870697e+01,1.86151352e+01,5.26493192e-01,6.84109449e-01
5345803-S04-156I3-A-L-C-190-7-1,20.02.2020-15:32:10,2.00000000e+00,6.40187085e-01,8.80475616e+00,1.86355389e-03,2.61682129e+02,8.01047058e+01,1.83786011e+01,1.68999881e-01,3.42323989e-01
5345803-S04-156I3-A-L-C-190-7-1,20.02.2020-15:32:12,2.10000000e+01,6.41595185e-01,8.84765244e+00,1.78462768e-03,1.53460876e+02,8.01582642e+01,1.85211372e+01,1.67328060e-01,1.98143870e-01
5345803-S04-156I3-A-L-C-190-7-1,20.02.2020-15:32:15,2.10000000e+01,6.43172026e-01,8.87580585e+00,2.47170147e-03,4.32643494e+02,7.97373123e+01,1.85279236e+01,1.34191006e-01,2.15650961e-01
5345803-S04-156I3-A-L-C-190-7-1,20.02.2020-15:32:17,2.00000000e+01,6.45387411e-01,8.90763569e+00,2.26012664e-03,2.33243759e+02,7.98300934e+01,1.86801262e+01,1.41850337e-01,1.77504554e-01
5345803-S04-156I3-A-L-C-190-7-1,20.02.2020-15:32:19,1.00000000e+00,6.41989946e-01,8.85626793e+00,1.85737060e-03,3.38038940e+01,7.98096161e+01,1.84698944e+01,8.30271482e-01,1.08626080e+00
5345803-S04-156I3-A-L-C-190-7-1,20.02.2020-15:32:22,9.00000000e+00,6.47385061e-01,8.90652084e+00,1.87959708e-03,1.83283096e+02,8.03628159e+01,1.88606243e+01,1.73765346e-01,2.37027615e-01
5345803-S04-156I3-A-L-C-190-7-1,20.02.2020-15:32:24,2.00000000e+00,6.42065525e-01,8.79157543e+00,2.30089482e-03,2.63458893e+02,7.97977371e+01,1.83344059e+01,2.82899618e-01,9.46476817e-01
5345803-S04-156I3-A-L-C-190-7-1,20.02.2020-15:32:26,2.10000000e+01,6.43899381e-01,8.87741661e+00,1.97668071e-03,2.95996185e+02,7.97747421e+01,1.85609493e+01,1.35352373e-01,1.85440257e-01
5345803-S04-156I3-A-L-C-190-7-1,20.02.2020-15:32:28,1.00000000e+00,6.42093003e-01,8.81724262e+00,2.09608977e-03,4.56990509e+02,7.99077911e+01,1.84140797e+01,7.05159307e-02,8.81616399e-02
5345803-S04-156I3-A-L-C-190-7-1,20.02.2020-15:32:30,2.10000000e+01,6.45137370e-01,8.88298225e+00,2.28324416e-03,2.49106049e+02,7.95008621e+01,1.85444088e+01,2.09125087e-01,2.94447780e-01
5345803-S04-156I3-A-L-C-190-7-1,20.02.2020-15:32:32,2.10000000e+01,6.45624638e-01,8.88288689e+00,2.50605354e-03,4.68750916e+02,7.94580460e+01,1.85482235e+01,8.81122127e-02,1.44995332e-01
5345803-S04-156I3-A-L-C-190-7-1,20.02.2020-15:32:34,2.10000000e+01,6.45806015e-01,8.88628864e+00,2.65516690e-03,5.34015808e+02,7.94628067e+01,1.85616512e+01,6.73512742e-02,1.24133125e-01
5345803-S04-156I3-A-L-C-190-7-1,20.02.2020-15:32:36,2.00000000e+00,6.42126083e-01,8.84479046e+00,2.51712790e-03,2.54943954e+02,7.92871399e+01,1.83290863e+01,2.34427035e-01,4.51390415e-01
5345803-S04-156I3-A-L-C-190-7-1,20.02.2020-15:32:38,2.00000000e+00,6.42709494e-01,8.86293411e+00,2.39909906e-03,4.20290405e+02,7.92544632e+01,1.83757954e+01,1.16106406e-01,3.02701086e-01
5345803-S04-156I3-A-L-C-190-7-1,20.02.2020-15:32:40,2.10000000e+01,6.45472229e-01,8.88707256e+00,2.28475779e-03,5.91117493e+02,7.94041214e+01,1.85399914e+01,7.42914379e-02,1.42068297e-01
5345803-S04-156I3-A-L-C-190-7-1,20.02.2020-15:32:44,2.10000000e+01,6.45673156e-01,8.89216042e+00,2.44218041e-03,1.33309265e+02,7.94384308e+01,1.85643978e+01,1.77982330e-01,2.46339917e-01
5345803-S04-156I3-A-L-C-190-7-1,20.02.2020-15:32:46,2.10000000e+01,6.44929767e-01,8.88569546e+00,2.56751268e-03,1.90766205e+02,7.93930969e+01,1.85189686e+01,1.70600027e-01,2.59737819e-01
5345803-S04-156I3-A-L-C-190-7-1,20.02.2020-15:32:49,2.00000000e+00,6.41927063e-01,8.82185936e+00,2.19080271e-03,3.36467407e+02,7.92687225e+01,1.82716541e+01,1.95081055e-01,5.38610637e-01
5345803-S04-156I3-A-L-C-190-7-1,20.02.2020-15:32:51,3.00000000e+00,6.40362144e-01,8.75399876e+00,2.06114608e-03,1.45620895e+02,7.97336426e+01,1.81929817e+01,2.64736652e-01,9.94099021e-01
5345803-S04-156I3-A-L-C-190-7-1,20.02.2020-15:32:53,1.00000000e+00,6.40551269e-01,8.84613132e+00,2.12619477e-03,7.01710144e+02,7.98169785e+01,1.84091091e+01,1.15000524e-01,3.50011796e-01
5345803-S04-156I3-A-L-C-190-7-1,20.02.2020-15:32:55,1.90000000e+01,6.46738410e-01,8.92865467e+00,1.93210936e-03,1.93141113e+02,7.99063263e+01,1.87813168e+01,1.67980254e-01,2.62858242e-01
5345803-S04-156I3-A-L-C-190-7-1,20.02.2020-15:32:57,1.00000000e+00,6.42559767e-01,8.86861706e+00,2.08431482e-03,3.92752350e+02,7.96075516e+01,1.84651947e+01,9.98323858e-02,3.65836561e-01
5345803-S04-156I3-A-L-C-190-7-1,20.02.2020-15:32:59,9.00000000e+00,6.48061633e-01,8.92063808e+00,2.45080376e-03,4.16883728e+02,7.98990936e+01,1.88011456e+01,7.59853348e-02,1.76644132e-01
5345803-S04-156I3-A-L-C-190-7-1,20.02.2020-15:33:01,2.00000000e+01,6.46660924e-01,8.89751625e+00,2.02917773e-03,4.29802521e+02,7.97939911e+01,1.86872673e+01,8.82155672e-02,1.99580759e-01
5345803-S04-156I3-A-L-C-190-7-1,20.02.2020-15:33:04,1.90000000e+01,6.45858884e-01,8.94207859e+00,2.39140214e-03,3.35824615e+02,7.97074356e+01,1.87372208e+01,8.97149444e-02,1.04758114e-01
5345803-S04-156I3-A-L-C-190-7-1,20.02.2020-15:33:06,2.10000000e+01,6.46058142e-01,8.87981415e+00,2.21531489e-03,1.64443863e+02,7.96378479e+01,1.85962429e+01,1.91375732e-01,4.93206173e-01
5345803-S04-156I3-A-L-C-190-7-1,20.02.2020-15:33:08,9.00000000e+00,6.46165848e-01,8.93847179e+00,2.31034029e-03,6.47920532e+02,8.00093689e+01,1.88095455e+01,6.94026202e-02,1.05345048e-01
5345803-S04-156I3-A-L-C-190-7-1,20.02.2020-15:33:10,2.00000000e+01,6.43831074e-01,8.90175724e+00,2.10207934e-03,3.98301880e+02,7.98005219e+01,1.86158810e+01,6.49028942e-02,8.72158110e-02
5345803-S04-156I3-A-L-C-190-7-1,20.02.2020-15:33:12,2.00000000e+00,6.40507817e-01,8.86184502e+00,2.50901701e-03,2.64754669e+02,7.95951538e+01,1.83893089e+01,1.57600269e-01,3.20397913e-01
5345803-S04-156I3-A-L-C-190-7-1,20.02.2020-15:33:14,2.00000000e+00,6.40744567e-01,8.80533314e+00,2.40822625e-03,7.85303406e+02,7.92797928e+01,1.82063732e+01,3.82874310e-02,4.79763038e-02
5345803-S04-156I3-A-L-C-190-7-1,20.02.2020-15:33:16,1.90000000e+01,6.43773735e-01,8.95585823e+00,1.76100689e-03,2.75233948e+02,7.98664703e+01,1.87428284e+01,7.22118244e-02,9.32344720e-02
5345803-S04-156I3-A-L-C-190-7-1,20.02.2020-15:33:18,1.90000000e+01,6.42855048e-01,8.98568249e+00,2.42460170e-03,1.18068530e+03,7.96534882e+01,1.87283325e+01,2.93135513e-02,5.09205535e-02
5345803-S04-156I3-A-L-C-190-7-1,20.02.2020-15:33:21,2.00000000e+00,6.42795563e-01,8.83462524e+00,2.01551756e-03,5.85298035e+02,7.92791061e+01,1.83252506e+01,7.48681128e-02,9.38982740e-02
5345803-S04-156I3-A-L-C-190-7-1,20.02.2020-15:33:23,2.00000000e+01,6.43638313e-01,8.94313526e+00,2.35298113e-03,6.26562622e+02,7.97899933e+01,1.86943455e+01,5.68046309e-02,6.57009706e-02
5345803-S04-156I3-A-L-C-190-7-1,20.02.2020-15:33:25,1.90000000e+01,6.45552576e-01,8.92394447e+00,1.98872061e-03,3.95412567e+02,7.99505157e+01,1.87473526e+01,1.14768520e-01,1.43785164e-01
5345803-S04-156I3-A-L-C-190-7-1,20.02.2020-15:33:27,1.00000000e+00,6.42117202e-01,8.86939621e+00,2.31845374e-03,5.33946777e+02,7.97504425e+01,1.84872208e+01,8.55179802e-02,2.99786806e-01
5345803-S04-156I3-A-L-C-190-7-1,20.02.2020-15:33:29,2.10000000e+01,6.42955542e-01,8.86864567e+00,1.75886136e-03,2.55837036e+02,7.99658966e+01,1.85597992e+01,1.79921880e-01,8.30331385e-01
5345803-S04-156I3-A-L-C-190-7-1,20.02.2020-15:33:31,1.00000000e+00,6.41920209e-01,8.87118816e+00,2.29149382e-03,3.64550568e+02,7.97766800e+01,1.84913654e+01,1.19434252e-01,3.91477048e-01
5345803-S04-156I3-A-L-C-190-7-1,20.02.2020-15:33:33,2.00000000e+01,6.45752609e-01,8.88682938e+00,2.32876651e-03,3.22634308e+02,7.97804642e+01,1.86354446e+01,3.15885365e-01,6.55331075e-01
5345803-S04-156I3-A-L-C-190-7-1,20.02.2020-15:33:35,2.00000000e+01,6.46010458e-01,8.89897251e+00,2.35335995e-03,9.33484070e+02,7.97262192e+01,1.86556664e+01,8.87554511e-02,2.03051269e-01
5345803-S04-156I3-A-L-C-190-7-1,20.02.2020-15:33:53,1.00000000e+00,6.42211258e-01,8.86957073e+00,2.26614461e-03,4.47488281e+02,7.97875519e+01,1.84988976e+01,1.02942534e-01,4.19489026e-01
5345803-S04-156I3-A-L-C-190-7-1,20.02.2020-15:33:55,1.00000000e+00,6.44520521e-01,8.87171364e+00,2.72113597e-03,4.45267487e+02,7.93250732e+01,1.84622631e+01,1.16177559e-01,2.34460011e-01
5345803-S04-156I3-A-L-C-190-7-1,20.02.2020-15:34:01,2.30000000e+01,6.39242232e-01,4.63625383e+00,2.40026903e-03,3.14050873e+02,7.90861664e+01,9.54032993e+00,1.32108971e-01,2.48203307e-01
5345803-S04-156I3-A-L-C-190-7-1,20.02.2020-15:34:03,1.00000000e+00,6.45445049e-01,8.88365650e+00,2.47063907e-03,5.54837158e+02,7.92428665e+01,1.84944515e+01,6.65871650e-02,1.40101045e-01
5345803-S04-156I3-A-L-C-190-7-1,20.02.2020-15:34:06,2.10000000e+01,6.45725548e-01,8.88831615e+00,2.61258753e-03,5.68675049e+02,7.92433090e+01,1.85122948e+01,5.87692037e-02,1.17562488e-01
5345803-S04-156I3-A-L-C-190-7-1,20.02.2020-15:34:08,2.10000000e+01,6.45399749e-01,8.88257408e+00,2.41270452e-03,6.47492065e+02,7.93684616e+01,1.85202045e+01,8.14046189e-02,1.55918762e-01
5345803-S04-156I3-A-L-C-190-7-1,20.02.2020-15:34:10,2.00000000e+01,6.47136688e-01,8.91437435e+00,2.64149136e-03,3.54671600e+02,7.95978012e+01,1.86903839e+01,8.72059166e-02,1.24370158e-01
5345803-S04-156I3-A-L-C-190-7-1,20.02.2020-15:34:12,1.00000000e+00,6.44165635e-01,8.87284374e+00,2.70273979e-03,3.80568634e+02,7.92989578e+01,1.84483719e+01,1.10632300e-01,2.40633607e-01
5345803-S04-156I3-A-L-C-190-7-1,20.02.2020-15:34:14,1.00000000e+00,6.42817914e-01,8.85734367e+00,2.48082378e-03,2.42259354e+02,7.94812393e+01,1.84198589e+01,1.73449308e-01,4.03813064e-01
5345803-S04-156I3-A-L-C-190-7-1,20.02.2020-15:34:16,9.00000000e+00,6.47746921e-01,8.91151524e+00,1.98456948e-03,5.50346191e+02,8.04024887e+01,1.88910713e+01,9.64592546e-02,1.29144207e-01
5345803-S04-156I3-A-L-C-190-7-1,20.02.2020-15:34:18,2.00000000e+01,6.46256566e-01,8.89236736e+00,2.03943159e-03,2.27787262e+02,7.98909454e+01,1.86874542e+01,2.50800908e-01,3.97336900e-01
5345803-S04-156I3-A-L-C-190-7-1,20.02.2020-15:34:20,1.00000000e+00,6.43013060e-01,8.86515903e+00,2.27042683e-03,5.03747314e+02,7.97058563e+01,1.84938259e+01,9.81559679e-02,3.30705017e-01
5345803-S04-156I3-A-L-C-190-7-1,20.02.2020-15:34:22,2.00000000e+00,6.42236173e-01,8.78260326e+00,2.11014110e-03,1.70677032e+02,7.98388824e+01,1.83300095e+01,4.45228308e-01,1.28291106e+00
5345803-S04-156I3-A-L-C-190-7-1,20.02.2020-15:34:25,2.00000000e+01,6.44211352e-01,8.86557579e+00,1.67761277e-03,1.28524918e+02,8.01695862e+01,1.86369648e+01,3.93972278e-01,6.02478445e-01
5345803-S04-156I3-A-L-C-190-7-1,20.02.2020-15:34:38,2.10000000e+01,6.42966628e-01,8.85794067e+00,1.94524799e-03,3.24296387e+02,8.00297394e+01,1.85525169e+01,1.49686649e-01,3.98229063e-01
5345803-S04-156I3-A-L-C-190-7-1,20.02.2020-15:34:40,1.90000000e+01,6.45586431e-01,8.88443184e+00,1.78162486e-03,1.25752792e+02,8.03027954e+01,1.87475681e+01,2.14980245e-01,3.36144090e-01
5345803-S04-156I3-A-L-C-190-7-1,20.02.2020-15:34:44,1.90000000e+01,6.47420824e-01,8.85320663e+00,1.80318055e-03,5.07738922e+02,8.02004776e+01,1.87108898e+01,5.56656830e-02,1.21852681e-01
5345803-S04-156I3-A-L-C-190-7-1,20.02.2020-15:34:53,1.00000000e+00,6.42900348e-01,8.84056950e+00,1.96657842e-03,1.76916367e+02,7.96751556e+01,1.84321938e+01,1.42357439e-01,1.71403289e-01
5345803-S04-156I3-A-L-C-190-7-1,20.02.2020-15:34:55,1.90000000e+01,6.46602273e-01,8.87971878e+00,1.65902497e-03,2.74410675e+02,8.02343903e+01,1.87511177e+01,9.10938010e-02,1.22643851e-01
5345803-S04-156I3-A-L-C-190-7-1,20.02.2020-15:34:58,2.10000000e+01,6.42633915e-01,8.80469322e+00,1.92310580e-03,1.60871429e+02,8.04493408e+01,1.85280857e+01,2.61063367e-01,1.09672284e+00
5345803-S04-156I3-A-L-C-190-7-1,20.02.2020-15:35:00,1.90000000e+01,6.45556867e-01,8.89448833e+00,1.91248802e-03,2.77025635e+02,8.02293701e+01,1.87507687e+01,1.20595731e-01,2.07837597e-01
5345803-S04-156I3-A-L-C-190-7-1,20.02.2020-15:35:02,2.10000000e+01,6.43697858e-01,8.86968327e+00,1.84985285e-03,2.22210709e+02,7.99751205e+01,1.85855446e+01,2.53693640e-01,4.72643405e-01
5345803-S04-156I3-A-L-C-190-7-1,20.02.2020-15:35:04,2.10000000e+01,6.43126726e-01,8.92356777e+00,2.31912383e-03,2.52208069e+02,7.95834732e+01,1.85903759e+01,1.42830208e-01,1.93775877e-01
5345803-S04-156I3-A-L-C-190-7-1,20.02.2020-15:35:06,9.00000000e+00,6.46796644e-01,8.94808865e+00,2.33490719e-03,2.91942200e+02,7.99038239e+01,1.88233032e+01,1.43673807e-01,1.72894552e-01
5345803-S04-156I3-A-L-C-190-7-1,20.02.2020-15:35:08,2.10000000e+01,6.41500652e-01,8.88019180e+00,2.04779953e-03,1.40192871e+02,8.00733032e+01,1.85668144e+01,2.50171095e-01,4.03475314e-01
5345803-S04-156I3-A-L-C-190-7-1,20.02.2020-15:35:10,2.00000000e+00,6.37956738e-01,8.77311516e+00,1.81741337e-03,1.62246689e+02,8.00005035e+01,1.82250175e+01,3.39297384e-01,6.70450687e-01
5345803-S04-156I3-A-L-C-190-7-1,20.02.2020-15:35:12,2.00000000e+01,6.45052671e-01,8.86112499e+00,1.43531023e-03,1.21158165e+02,8.02148895e+01,1.86624737e+01,2.42964894e-01,2.88707972e-01
5345803-S04-156I3-A-L-C-190-7-1,20.02.2020-15:35:15,1.90000000e+01,6.43937409e-01,8.89556885e+00,2.02292367e-03,1.81186310e+02,8.02193375e+01,1.87036629e+01,1.98857337e-01,2.40645722e-01
5345803-S04-156I3-A-L-C-190-7-1,20.02.2020-15:35:17,2.00000000e+01,6.43234730e-01,8.89412975e+00,2.15735193e-03,3.55961853e+02,8.00559921e+01,1.86421928e+01,7.31267184e-02,1.09119251e-01
5345803-S04-156I3-A-L-C-190-7-1,20.02.2020-15:35:19,1.90000000e+01,6.45125329e-01,8.90613556e+00,1.90602080e-03,1.77383194e+02,8.01171951e+01,1.87365379e+01,1.45715818e-01,1.73447013e-01
5345803-S04-156I3-A-L-C-190-7-1,20.02.2020-15:35:21,2.00000000e+01,6.45661175e-01,8.84583950e+00,2.14655045e-03,3.29491119e+02,8.00969772e+01,1.86204433e+01,1.45650864e-01,3.89861166e-01
5345803-S04-156I3-A-L-C-190-7-1,20.02.2020-15:35:23,1.90000000e+01,6.46187007e-01,8.90963650e+00,1.99893489e-03,1.28935333e+02,7.98650742e+01,1.87156677e+01,1.97523579e-01,2.39777908e-01
5345803-S04-156I3-A-L-C-190-7-1,20.02.2020-15:35:25,2.00000000e+01,6.45328462e-01,8.90704155e+00,2.22008745e-03,2.51975052e+02,7.98479614e+01,1.86813545e+01,1.29291102e-01,1.57127336e-01
5345803-S04-156I3-A-L-C-190-7-1,20.02.2020-15:35:27,2.10000000e+01,6.41840100e-01,8.87164497e+00,1.93123450e-03,2.44801651e+02,8.00129471e+01,1.85447712e+01,1.18211880e-01,1.90463275e-01
5345803-S04-156I3-A-L-C-190-7-1,20.02.2020-15:35:29,1.90000000e+01,6.45426214e-01,8.90135574e+00,1.54053490e-03,2.14295593e+02,8.00134811e+01,1.87109604e+01,1.34474188e-01,1.62420616e-01
5345803-S04-156I3-A-L-C-190-7-1,20.02.2020-15:35:32,1.90000000e+01,6.45117223e-01,8.90357018e+00,1.96872861e-03,2.47595963e+02,8.00689011e+01,1.87196140e+01,1.38382241e-01,1.69501647e-01
5345803-S04-156I3-A-L-C-190-7-1,20.02.2020-15:35:34,2.00000000e+01,6.45201445e-01,8.88860703e+00,1.81612070e-03,1.88639481e+02,8.00371246e+01,1.86831760e+01,1.56746998e-01,1.90240622e-01
5345803-S04-156I3-A-L-C-190-7-1,20.02.2020-15:35:36,2.00000000e+01,6.44913435e-01,8.89259338e+00,2.27536820e-03,3.39418976e+02,7.98819962e+01,1.86469994e+01,1.27746373e-01,1.56743705e-01
5345803-S04-156I3-A-L-C-190-7-1,20.02.2020-15:35:38,2.10000000e+01,6.43204868e-01,8.86639118e+00,2.11184612e-03,1.73383316e+02,7.99983673e+01,1.85698128e+01,1.56170070e-01,2.33081639e-01
5345803-S04-156I3-A-L-C-190-7-1,20.02.2020-15:35:40,2.00000000e+01,6.45215750e-01,8.88039207e+00,2.18517543e-03,1.27477829e+02,7.98370972e+01,1.86196728e+01,1.89848512e-01,2.27934822e-01
5345803-S04-156I3-A-L-C-190-7-1,20.02.2020-15:35:42,2.10000000e+01,6.42049909e-01,8.86169529e+00,1.93844363e-03,1.67070786e+02,8.02947998e+01,1.85953007e+01,2.22993493e-01,4.17604655e-01
5345803-S04-156I3-A-L-C-190-7-1,20.02.2020-15:35:44,9.00000000e+00,6.46955967e-01,8.91946507e+00,1.55520090e-03,1.74989639e+02,8.03674393e+01,1.88766041e+01,1.49399877e-01,2.16590703e-01
5345803-S04-156I3-A-L-C-190-7-1,20.02.2020-15:35:46,2.00000000e+01,6.43749118e-01,8.89731312e+00,1.66102510e-03,1.54843796e+02,8.01159439e+01,1.86777554e+01,1.34946540e-01,1.62292987e-01
5345803-S04-156I3-A-L-C-190-7-1,20.02.2020-15:35:48,1.90000000e+01,6.45969033e-01,8.89138222e+00,1.85770995e-03,2.25219131e+02,8.02760162e+01,1.87670918e+01,1.56588286e-01,2.22780168e-01
5345803-S04-156I3-A-L-C-190-7-1,20.02.2020-15:35:50,1.90000000e+01,6.46092713e-01,8.90448666e+00,1.89863367e-03,2.32850357e+02,8.02215118e+01,1.87855873e+01,1.25847280e-01,1.95282459e-01
5345803-S04-156I3-A-L-C-190-7-1,20.02.2020-15:35:53,1.00000000e+00,6.41079009e-01,8.85472775e+00,2.10016430e-03,1.10004738e+02,7.98544006e+01,1.84508266e+01,3.68159205e-01,5.56920230e-01
5345803-S04-156I3-A-L-C-190-7-1,20.02.2020-15:35:55,1.00000000e+00,6.42010808e-01,8.91510105e+00,2.46138242e-03,3.95726562e+02,7.93169479e+01,1.84784184e+01,1.35312676e-01,1.94817454e-01
5345803-S04-156I3-A-L-C-190-7-1,20.02.2020-15:35:57,1.90000000e+01,6.45821333e-01,8.90607643e+00,2.14770320e-03,3.04712494e+02,7.98927460e+01,1.87040806e+01,1.41653299e-01,2.19622999e-01
5345803-S04-156I3-A-L-C-190-7-1,20.02.2020-15:35:59,1.90000000e+01,6.46195531e-01,8.90137005e+00,1.82469923e-03,1.23804352e+02,7.99841461e+01,1.87264290e+01,2.21149340e-01,3.05493385e-01
5345803-S04-156I3-A-L-C-190-7-1,20.02.2020-15:36:01,2.00000000e+01,6.43770933e-01,8.89833546e+00,1.76031468e-03,2.90487762e+02,8.01034851e+01,1.86776276e+01,1.32900536e-01,1.64301559e-01
5345803-S04-156I3-A-L-C-190-7-1,20.02.2020-15:36:03,9.00000000e+00,6.47655845e-01,8.86671162e+00,1.73649669e-03,3.69714600e+02,8.05633316e+01,1.88310471e+01,1.18814528e-01,2.69235522e-01
5345803-S04-156I3-A-L-C-190-7-1,20.02.2020-15:36:05,9.00000000e+00,6.47574365e-01,8.87745953e+00,1.97834661e-03,3.23519226e+02,8.04218979e+01,1.88184071e+01,1.68820620e-01,3.36863101e-01
5345803-S04-156I3-A-L-C-190-7-1,20.02.2020-15:36:07,2.00000000e+01,6.43226743e-01,8.89248943e+00,1.76300481e-03,3.69855591e+02,8.01775589e+01,1.86668262e+01,7.35802650e-02,9.12835523e-02
5345803-S04-156I3-A-L-C-190-7-1,20.02.2020-15:36:09,2.00000000e+01,6.40206814e-01,8.95245838e+00,2.20088963e-03,4.73196869e+02,7.97858429e+01,1.86130981e+01,9.49420631e-02,1.47147357e-01
5345803-S04-156I3-A-L-C-190-7-1,20.02.2020-15:36:12,1.90000000e+01,6.47358537e-01,8.85631180e+00,1.50606129e-03,3.70205353e+02,8.01648865e+01,1.87073441e+01,8.58704746e-02,1.63277149e-01
5345803-S04-156I3-A-L-C-190-7-1,20.02.2020-15:36:14,2.10000000e+01,6.42684281e-01,8.86509132e+00,1.66279275e-03,1.47805084e+02,8.01286850e+01,1.85822849e+01,2.45329186e-01,5.16363382e-01
5345803-S04-156I3-A-L-C-190-7-1,20.02.2020-15:36:16,1.90000000e+01,6.45919025e-01,8.89646435e+00,1.72701362e-03,1.63118271e+02,8.01696930e+01,1.87514954e+01,1.61412776e-01,2.82166094e-01
5345803-S04-156I3-A-L-C-190-7-1,20.02.2020-15:36:18,2.10000000e+01,6.42952859e-01,8.87129116e+00,1.69090147e-03,1.73937454e+02,8.00459442e+01,1.85838432e+01,1.80410266e-01,4.05406445e-01
5345803-S04-156I3-A-L-C-190-7-1,20.02.2020-15:36:20,2.10000000e+01,6.42782152e-01,8.85594273e+00,1.76108989e-03,1.54359573e+02,8.00613785e+01,1.85503387e+01,2.06460088e-01,4.29300934e-01
5345803-S04-156I3-A-L-C-190-7-1,20.02.2020-15:36:22,9.00000000e+00,6.47276640e-01,8.89422798e+00,1.95194315e-03,1.10543869e+02,8.03348389e+01,1.88248844e+01,3.38206917e-01,4.78845537e-01
5345803-S04-156I3-A-L-C-190-7-1,20.02.2020-15:36:24,1.90000000e+01,6.45574510e-01,8.90730953e+00,2.08974653e-03,2.96195282e+02,8.03105469e+01,1.87973099e+01,1.08770840e-01,1.57499060e-01
5345803-S04-156I3-A-L-C-190-7-1,20.02.2020-15:36:26,2.10000000e+01,6.41778708e-01,8.87656307e+00,1.90014637e-03,7.76808014e+01,8.00204163e+01,1.85550098e+01,4.13133472e-01,5.90187967e-01
5345803-S04-156I3-A-L-C-190-7-1,20.02.2020-15:36:28,2.00000000e+01,6.42319798e-01,8.89898300e+00,2.10846029e-03,2.43402588e+02,8.01117554e+01,1.86388092e+01,1.19956017e-01,2.74030596e-01
5345803-S04-156I3-A-L-C-190-7-1,20.02.2020-15:36:31,3.00000000e+00,6.35046542e-01,8.82954788e+00,2.24373653e-03,1.53178696e+02,7.95782776e+01,1.81622124e+01,2.59819210e-01,6.55487061e-01
5345803-S04-156I3-A-L-C-190-7-1,20.02.2020-15:36:33,2.00000000e+00,6.36965334e-01,8.84560013e+00,1.81882177e-03,1.28810699e+02,7.96297913e+01,1.82620239e+01,3.33588034e-01,7.81055748e-01
5345803-S04-156I3-A-L-C-190-7-1,20.02.2020-15:36:35,1.90000000e+01,6.43548667e-01,8.89854050e+00,2.03028717e-03,2.22918106e+02,8.02537079e+01,1.87066250e+01,1.84947804e-01,3.91826451e-01
5345803-S04-156I3-A-L-C-190-7-1,20.02.2020-15:36:37,2.00000000e+00,6.37529314e-01,8.84738731e+00,1.51067670e-03,1.87540710e+02,7.97473602e+01,1.83088760e+01,2.68539250e-01,6.52624488e-01
5345803-S04-156I3-A-L-C-190-7-1,20.02.2020-15:36:39,1.00000000e+00,6.41419768e-01,8.86661816e+00,2.35322863e-03,2.24334595e+02,7.98882294e+01,1.84932537e+01,1.63005605e-01,4.04471546e-01
5345803-S04-156I3-A-L-C-190-7-1,20.02.2020-15:36:41,3.00000000e+00,6.36455774e-01,8.75228691e+00,1.97371445e-03,1.87536331e+02,8.00699844e+01,1.81547260e+01,2.79743910e-01,8.69808078e-01
5345803-S04-156I3-A-L-C-190-7-1,20.02.2020-15:36:43,2.10000000e+01,6.43981934e-01,8.85911560e+00,1.61221472e-03,1.19572289e+02,8.00162048e+01,1.85811329e+01,2.22381160e-01,4.60944504e-01
5345803-S04-156I3-A-L-C-190-7-1,20.02.2020-15:36:45,2.00000000e+01,6.42874181e-01,8.88662338e+00,1.73540972e-03,9.82388306e+01,8.00466309e+01,1.86138420e+01,3.12712222e-01,4.10940140e-01
5345803-S04-156I3-A-L-C-190-7-1,20.02.2020-15:36:47,9.00000000e+00,6.46843970e-01,8.90977669e+00,1.93989498e-03,1.79249680e+02,8.01872177e+01,1.88105602e+01,1.49809480e-01,2.53012210e-01
5345803-S04-156I3-A-L-C-190-7-1,20.02.2020-15:36:50,1.90000000e+01,6.44605935e-01,8.89798927e+00,2.08172761e-03,2.56873901e+02,8.02356033e+01,1.87319698e+01,1.65847018e-01,2.49316186e-01
5345803-S04-156I3-A-L-C-190-7-1,20.02.2020-15:36:52,2.00000000e+01,6.44914031e-01,8.89052105e+00,2.14106031e-03,1.08796692e+02,8.01192551e+01,1.86980419e+01,2.55753428e-01,3.44891459e-01
5345803-S04-156I3-A-L-C-190-7-1,20.02.2020-15:36:54,2.00000000e+01,6.43611431e-01,8.88286304e+00,1.87215488e-03,1.40479294e+02,8.00613785e+01,1.86307335e+01,1.90343469e-01,3.86065811e-01
5345803-S04-156I3-A-L-C-190-7-1,20.02.2020-15:36:56,1.90000000e+01,6.46041036e-01,8.89575005e+00,2.07504840e-03,1.74242645e+02,8.02157516e+01,1.87643051e+01,1.61186203e-01,2.21012771e-01
5345803-S04-156I3-A-L-C-190-7-1,20.02.2020-15:36:58,2.00000000e+01,6.45376742e-01,8.90222073e+00,2.05673091e-03,6.88862549e+02,7.99174118e+01,1.86888809e+01,4.45351824e-02,6.27110153e-02
5345803-S04-156I3-A-L-C-190-7-1,20.02.2020-15:37:00,2.00000000e+01,6.44530296e-01,8.85908699e+00,2.17896630e-03,5.87363281e+02,8.01311417e+01,1.86236076e+01,8.17056522e-02,2.54668057e-01
5345803-S04-156I3-A-L-C-190-7-1,20.02.2020-15:37:02,2.10000000e+01,6.43665195e-01,8.87474823e+00,2.08616117e-03,2.54210052e+02,7.99505615e+01,1.85895042e+01,8.24489966e-02,2.11439937e-01
5345803-S04-156I3-A-L-C-190-7-1,20.02.2020-15:37:04,1.00000000e+00,6.41055048e-01,8.83320141e+00,1.71220745e-03,2.47037384e+02,8.00209122e+01,1.84436607e+01,9.88206267e-02,4.03663546e-01
5345803-S04-156I3-A-L-C-190-7-1,20.02.2020-15:37:07,1.90000000e+01,6.43568516e-01,8.89984417e+00,1.83752819e-03,2.69118134e+02,8.02537460e+01,1.87099552e+01,1.27779320e-01,2.80488461e-01
5345803-S04-156I3-A-L-C-190-7-1,20.02.2020-15:37:09,1.90000000e+01,6.43590927e-01,8.94888878e+00,2.20225635e-03,1.78039734e+02,7.98394318e+01,1.87165852e+01,1.39355242e-01,1.72863871e-01
5345803-S04-156I3-A-L-C-190-7-1,20.02.2020-15:37:11,1.90000000e+01,6.44427598e-01,8.91780853e+00,1.67674688e-03,3.10796143e+02,8.02001190e+01,1.87602005e+01,1.19961061e-01,2.45527104e-01
5345803-S04-156I3-A-L-C-190-7-1,20.02.2020-15:37:13,9.00000000e+00,6.45348668e-01,8.90793991e+00,1.85330154e-03,1.31236816e+02,8.04181747e+01,1.88172474e+01,2.17014119e-01,3.30265164e-01
5345803-S04-156I3-A-L-C-190-7-1,20.02.2020-15:37:15,1.90000000e+01,6.43770814e-01,8.89619541e+00,1.88256998e-03,1.54830902e+02,8.02771683e+01,1.87136211e+01,1.61423489e-01,3.23714346e-01
5345803-S04-156I3-A-L-C-190-7-1,20.02.2020-15:37:17,2.00000000e+01,6.43344402e-01,8.88557720e+00,2.03439477e-03,1.35541458e+02,8.01567688e+01,1.86508904e+01,2.02161893e-01,3.82611722e-01
5345803-S04-156I3-A-L-C-190-7-1,20.02.2020-15:37:19,1.00000000e+00,6.39804780e-01,8.91564751e+00,1.96619309e-03,6.91793335e+02,7.94916916e+01,1.84566269e+01,4.95104715e-02,6.47530779e-02
5345803-S04-156I3-A-L-C-190-7-1,20.02.2020-15:37:21,2.10000000e+01,6.43100858e-01,8.85190105e+00,1.80732505e-03,3.10811310e+02,8.01431885e+01,1.85700226e+01,9.32114348e-02,2.79643089e-01
5345803-S04-156I3-A-L-C-190-7-1,20.02.2020-15:37:23,2.10000000e+01,6.42369092e-01,8.82594872e+00,1.71943777e-03,1.02395630e+03,8.02302246e+01,1.85145950e+01,7.78413266e-02,4.34985161e-01
5345803-S04-156I3-A-L-C-190-7-1,20.02.2020-15:37:25,3.00000000e+00,6.35495245e-01,8.67333603e+00,1.29634223e-03,4.00839539e+02,8.08486252e+01,1.81384964e+01,1.10441647e-01,3.76983881e-01
5345803-S04-156I3-A-L-C-190-7-1,20.02.2020-15:37:28,2.00000000e+01,6.44259930e-01,8.86828518e+00,1.72227796e-03,4.05547424e+02,8.00355530e+01,1.86128941e+01,6.14301711e-02,2.20297933e-01
5345803-S04-156I3-A-L-C-190-7-1,20.02.2020-15:37:30,2.10000000e+01,6.42306805e-01,8.86308002e+00,1.83417287e-03,3.41521362e+02,8.00316696e+01,1.85446758e+01,9.84418094e-02,2.50427812e-01
5345803-S04-156I3-A-L-C-190-7-1,20.02.2020-15:37:32,1.00000000e+00,6.42569602e-01,8.83233261e+00,1.89805054e-03,7.09096191e+02,7.99768372e+01,1.84752388e+01,8.01405683e-02,4.23798293e-01
5345803-S04-156I3-A-L-C-190-7-1,20.02.2020-15:37:34,2.00000000e+00,6.40272379e-01,8.81560421e+00,1.93237117e-03,7.28202393e+02,7.96858444e+01,1.83074646e+01,6.26750812e-02,1.23675719e-01
5345803-S04-156I3-A-L-C-190-7-1,20.02.2020-15:37:36,2.00000000e+01,6.43586695e-01,8.88647079e+00,1.69235049e-03,2.08094757e+02,8.00655594e+01,1.86385593e+01,1.58562660e-01,3.71204436e-01
5345803-S04-156I3-A-L-C-190-7-1,20.02.2020-15:37:38,2.00000000e+00,6.40030921e-01,8.79368114e+00,1.70752499e-03,1.28168808e+02,7.97392807e+01,1.82672939e+01,2.25996822e-01,5.12302399e-01
5345803-S04-156I3-A-L-C-190-7-1,20.02.2020-15:37:40,9.00000000e+00,6.45861864e-01,8.93842506e+00,2.13000271e-03,9.82358856e+01,8.00881882e+01,1.88191185e+01,2.29869559e-01,5.06372154e-01
5345803-S04-156I3-A-L-C-190-7-1,20.02.2020-15:37:42,8.00000000e+00,6.45996273e-01,8.95063210e+00,1.98385003e-03,2.40660873e+02,8.03504410e+01,1.89104633e+01,9.57709923e-02,1.53247669e-01
5345803-S04-156I3-A-L-C-190-7-1,20.02.2020-15:37:44,9.00000000e+00,6.45255089e-01,8.94370174e+00,2.03399919e-03,1.42253799e+02,8.01798477e+01,1.88340683e+01,1.56127736e-01,3.46559256e-01
5345803-S04-156I3-A-L-C-190-7-1,20.02.2020-15:37:47,2.10000000e+01,6.42169356e-01,8.88159752e+00,1.89920189e-03,2.16751480e+02,8.00341721e+01,1.85800266e+01,2.29099497e-01,6.71555638e-01
5345803-S04-156I3-A-L-C-190-7-1,20.02.2020-15:37:49,9.00000000e+00,6.46063685e-01,8.92872524e+00,2.01360462e-03,1.24686981e+02,8.01110001e+01,1.88099289e+01,2.20530048e-01,2.85302222e-01
5345803-S04-156I3-A-L-C-190-7-1,20.02.2020-15:37:51,8.00000000e+00,6.48458004e-01,8.95341206e+00,1.95488636e-03,2.24720596e+02,8.04080124e+01,1.90020275e+01,1.28142148e-01,2.01145604e-01
5345803-S04-156I3-A-L-C-190-7-1,20.02.2020-15:37:53,9.00000000e+00,6.44772589e-01,8.93290424e+00,1.70185440e-03,1.61929214e+02,8.02152557e+01,1.88055668e+01,1.59023672e-01,4.06859905e-01
5345803-S04-156I3-A-L-C-190-7-1,20.02.2020-15:37:55,2.00000000e+00,6.34952247e-01,8.78820324e+00,2.05723615e-03,1.46552841e+02,8.01993256e+01,1.82155418e+01,2.39397243e-01,7.95694530e-01
5345803-S04-156I3-A-L-C-190-7-1,20.02.2020-15:37:57,9.00000000e+00,6.45916283e-01,8.93581867e+00,2.02394463e-03,1.65299484e+02,8.01075668e+01,1.88197689e+01,1.38387188e-01,3.35666329e-01
5345803-S04-156I3-A-L-C-190-7-1,20.02.2020-15:37:59,1.90000000e+01,6.45464361e-01,8.90055370e+00,1.73779624e-03,1.69971649e+02,8.00845032e+01,1.87269878e+01,2.01700658e-01,5.00944853e-01
5345803-S04-156I3-A-L-C-190-7-1,20.02.2020-15:38:01,9.00000000e+00,6.45715058e-01,8.92891216e+00,2.13113683e-03,8.27507553e+01,8.01121368e+01,1.88004379e+01,2.63124049e-01,5.74342012e-01
5345803-S04-156I3-A-L-C-190-7-1,20.02.2020-15:38:03,9.00000000e+00,6.46539271e-01,8.94279766e+00,1.90416526e-03,5.16721535e+01,8.03238068e+01,1.89035244e+01,7.05006838e-01,9.73732650e-01
5345803-S04-156I3-A-L-C-190-7-1,20.02.2020-15:38:05,8.00000000e+00,6.47427738e-01,8.95483208e+00,1.84918230e-03,1.12381546e+02,8.01943665e+01,1.89244308e+01,3.55451345e-01,4.85893399e-01
5345803-S04-156I3-A-L-C-190-7-1,20.02.2020-15:38:08,8.00000000e+00,6.48016036e-01,8.96588135e+00,1.73598703e-03,2.99255524e+02,8.03174667e+01,1.89941120e+01,1.25256330e-01,1.89002976e-01
5345803-S04-156I3-A-L-C-190-7-1,20.02.2020-15:38:10,8.00000000e+00,6.46950662e-01,8.96000195e+00,2.12345016e-03,9.92876968e+01,8.01731110e+01,1.89163857e+01,2.95836747e-01,4.06453192e-01
5345803-S04-156I3-A-L-C-190-7-1,20.02.2020-15:38:12,7.00000000e+00,6.48557603e-01,8.96603680e+00,1.97777408e-03,2.84221680e+02,8.04425201e+01,1.90399113e+01,1.45195439e-01,2.17769459e-01
5345803-S04-156I3-A-L-C-190-7-1,20.02.2020-15:38:14,9.00000000e+00,6.46861553e-01,8.95955658e+00,1.75361766e-03,2.94660095e+02,8.00843506e+01,1.88919029e+01,1.20232463e-01,1.53602138e-01
5345803-S04-156I3-A-L-C-190-7-1,20.02.2020-15:38:16,8.00000000e+00,6.47200227e-01,8.97977924e+00,1.91611389e-03,1.85246414e+02,8.03021317e+01,1.89959755e+01,1.58895671e-01,1.96175575e-01
5345803-S04-156I3-A-L-C-190-7-1,20.02.2020-15:38:18,1.90000000e+01,6.44370735e-01,8.92544365e+00,1.92614621e-03,2.20545456e+02,8.01809006e+01,1.87701092e+01,1.54692084e-01,2.78718561e-01
5345803-S04-156I3-A-L-C-190-7-1,20.02.2020-15:38:20,8.00000000e+00,6.45434380e-01,8.98821068e+00,1.67830929e-03,1.94364792e+02,8.01026764e+01,1.89148350e+01,1.02339983e-01,1.25399262e-01
5345803-S04-156I3-A-L-C-190-7-1,20.02.2020-15:38:22,9.00000000e+00,6.45673275e-01,8.94996643e+00,1.96408108e-03,2.90788513e+02,7.99794312e+01,1.88123379e+01,1.66366503e-01,3.06638867e-01
5345803-S04-156I3-A-L-C-190-7-1,20.02.2020-15:38:24,2.00000000e+01,6.42117858e-01,8.92181969e+00,1.92497345e-03,1.22822052e+02,8.00362091e+01,1.86631489e+01,4.05918032e-01,7.22299457e-01
5345803-S04-156I3-A-L-C-190-7-1,20.02.2020-15:38:27,1.90000000e+01,6.42664790e-01,8.92508602e+00,1.54698233e-03,1.78671524e+02,8.01144791e+01,1.87041569e+01,1.79500386e-01,4.28619027e-01
5345803-S04-156I3-A-L-C-190-7-1,20.02.2020-15:38:29,8.00000000e+00,6.45601034e-01,9.01507378e+00,2.06472306e-03,1.95520126e+02,8.00494385e+01,1.89636517e+01,1.49046108e-01,1.79723009e-01
5345803-S04-156I3-A-L-C-190-7-1,20.02.2020-15:38:31,8.00000000e+00,6.46309912e-01,9.01722813e+00,1.92385912e-03,2.71781128e+02,8.00756989e+01,1.89952431e+01,1.28048554e-01,1.57514289e-01
5345803-S04-156I3-A-L-C-190-7-1,20.02.2020-15:38:33,8.00000000e+00,6.45578623e-01,9.00295162e+00,2.13339878e-03,2.99859039e+02,7.99419632e+01,1.89120674e+01,1.30368710e-01,1.61279172e-01
5345803-S04-156I3-A-L-C-190-7-1,20.02.2020-15:38:35,1.90000000e+01,6.41811192e-01,8.93161201e+00,1.89386448e-03,1.42404724e+02,8.01907654e+01,1.87107697e+01,2.66803801e-01,5.93847811e-01
5345803-S04-156I3-A-L-C-190-7-1,20.02.2020-15:38:37,2.00000000e+01,6.42497778e-01,8.91636944e+00,2.14891625e-03,5.64783264e+02,7.99546661e+01,1.86437683e+01,1.46665320e-01,4.32568222e-01
5345803-S04-156I3-A-L-C-190-7-1,20.02.2020-15:38:39,8.00000000e+00,6.47621393e-01,8.97273922e+00,1.70708529e-03,2.01753464e+02,8.02532120e+01,1.89818649e+01,1.32977575e-01,1.67810574e-01
5345803-S04-156I3-A-L-C-190-7-1,20.02.2020-15:38:42,7.00000000e+00,6.48047268e-01,8.98049927e+00,1.66701758e-03,1.56361359e+02,8.03147202e+01,1.90253448e+01,2.39277020e-01,2.93659419e-01
5345803-S04-156I3-A-L-C-190-7-1,20.02.2020-15:38:44,9.00000000e+00,6.46070361e-01,8.93249416e+00,1.60481769e-03,1.16411797e+02,8.01789932e+01,1.88340340e+01,4.00926113e-01,4.81195986e-01
5345803-S04-156I3-A-L-C-190-7-1,20.02.2020-15:38:46,7.00000000e+00,6.47857785e-01,9.01204109e+00,2.10886844e-03,1.95621475e+02,8.00852356e+01,1.90320473e+01,1.58099815e-01,2.00686052e-01
5345803-S04-156I3-A-L-C-190-7-1,20.02.2020-15:38:48,1.90000000e+01,6.45948350e-01,8.93330288e+00,1.92432187e-03,2.91525085e+02,8.00201797e+01,1.87948818e+01,1.17595755e-01,1.90038607e-01
5345803-S04-156I3-A-L-C-190-7-1,20.02.2020-15:38:50,9.00000000e+00,6.46925807e-01,8.94352150e+00,1.74763473e-03,4.57437500e+02,8.02735748e+01,1.89045296e+01,1.10680543e-01,1.91725075e-01
5345803-S04-156I3-A-L-C-190-7-1,20.02.2020-15:38:52,8.00000000e+00,6.47531033e-01,8.93593407e+00,1.75294676e-03,1.66644455e+02,8.03936157e+01,1.89344330e+01,1.74278125e-01,4.06944096e-01
5345803-S04-156I3-A-L-C-190-7-1,20.02.2020-15:38:54,2.00000000e+01,6.40116394e-01,8.94519997e+00,1.79770705e-03,1.74913910e+02,7.98152390e+01,1.86022301e+01,2.00880393e-01,2.39787996e-01
5345803-S04-156I3-A-L-C-190-7-1,20.02.2020-15:39:05,2.10000000e+01,6.40462101e-01,8.87991714e+00,1.96656818e-03,2.65085022e+02,8.02190018e+01,1.85699081e+01,1.91917852e-01,4.80640292e-01
5345803-S04-156I3-A-L-C-190-7-1,20.02.2020-15:39:07,8.00000000e+00,6.46018505e-01,8.92914677e+00,1.76325592e-03,1.46085114e+02,8.05802917e+01,1.89196892e+01,2.27841675e-01,4.16822702e-01
5345803-S04-156I3-A-L-C-190-7-1,20.02.2020-15:39:09,2.00000000e+00,6.32821143e-01,8.80078411e+00,1.50075997e-03,1.86014877e+02,8.03512955e+01,1.82148438e+01,4.39459383e-01,9.98344779e-01
5345803-S04-156I3-A-L-C-190-7-1,20.02.2020-15:39:11,8.00000000e+00,6.47861063e-01,8.94301128e+00,1.93961558e-03,2.93276947e+02,8.03873291e+01,1.89576054e+01,1.06443904e-01,1.93592742e-01
5345803-S04-156I3-A-L-C-190-7-1,20.02.2020-15:39:13,8.00000000e+00,6.47110283e-01,8.94077110e+00,1.94923521e-03,3.53885895e+02,8.03939362e+01,1.89324474e+01,1.42641798e-01,3.40486765e-01
5345803-S04-156I3-A-L-C-190-7-1,20.02.2020-15:39:15,2.00000000e+01,6.42809331e-01,8.89584637e+00,1.62586465e-03,1.40783966e+02,8.01841431e+01,1.86632862e+01,2.70489067e-01,5.82821190e-01
5345803-S04-156I3-A-L-C-190-7-1,20.02.2020-15:39:17,2.00000000e+01,6.42726719e-01,8.89756870e+00,1.70516118e-03,1.55039490e+02,8.01183853e+01,1.86491947e+01,2.17661768e-01,4.16533887e-01
5345803-S04-156I3-A-L-C-190-7-1,20.02.2020-15:39:19,2.00000000e+01,6.45151913e-01,8.88351822e+00,1.99845247e-03,1.35274567e+02,8.01450729e+01,1.86962299e+01,2.44544595e-01,3.71944964e-01
5345803-S04-156I3-A-L-C-190-7-1,20.02.2020-15:39:22,1.90000000e+01,6.46449387e-01,8.89974117e+00,1.98602164e-03,1.35736694e+02,8.01178894e+01,1.87616749e+01,2.60443032e-01,3.97892535e-01
5345803-S04-156I3-A-L-C-190-7-1,20.02.2020-15:39:24,1.90000000e+01,6.45027399e-01,8.89312077e+00,1.86740863e-03,1.15174339e+02,8.01158981e+01,1.87060146e+01,2.93718994e-01,4.00410980e-01
5345803-S04-156I3-A-L-C-190-7-1,20.02.2020-15:39:26,1.90000000e+01,6.44982398e-01,8.93555069e+00,1.98177667e-03,3.48251038e+02,8.00325699e+01,1.87744026e+01,1.62557974e-01,2.42636040e-01
5345803-S04-156I3-A-L-C-190-7-1,20.02.2020-15:39:28,2.00000000e+01,6.45384610e-01,8.89458179e+00,2.13706982e-03,2.83150787e+02,7.99502945e+01,1.86807537e+01,1.52013138e-01,2.87091166e-01
5345803-S04-156I3-A-L-C-190-7-1,20.02.2020-15:39:30,2.00000000e+01,6.45171106e-01,8.88345051e+00,1.98845891e-03,3.80103455e+02,7.98261337e+01,1.86222382e+01,1.00884669e-01,1.33335903e-01
5345803-S04-156I3-A-L-C-190-7-1,20.02.2020-15:39:32,2.00000000e+01,6.44569814e-01,8.85930061e+00,1.82556384e-03,1.28539566e+02,8.00601273e+01,1.86086941e+01,3.23048711e-01,5.71960509e-01
5345803-S04-156I3-A-L-C-190-7-1,20.02.2020-15:39:34,1.00000000e+00,6.41207099e-01,8.84578323e+00,2.06486718e-03,1.94835251e+02,7.97796860e+01,1.84186211e+01,2.10324213e-01,2.84312904e-01
5345803-S04-156I3-A-L-C-190-7-1,20.02.2020-15:39:36,1.90000000e+01,6.44643009e-01,8.89987564e+00,2.11633951e-03,3.13893768e+02,8.01467209e+01,1.87162666e+01,8.50345194e-02,1.24725901e-01
5345803-S04-156I3-A-L-C-190-7-1,20.02.2020-15:39:38,2.00000000e+01,6.43462121e-01,8.84247971e+00,1.96890370e-03,2.57846466e+02,8.03492126e+01,1.86083927e+01,1.77100480e-01,6.53659284e-01
5345803-S04-156I3-A-L-C-190-7-1,20.02.2020-15:39:40,2.00000000e+01,6.43835366e-01,8.90960884e+00,2.11645337e-03,3.65715363e+02,7.99714127e+01,1.86723270e+01,1.72174647e-01,2.73288548e-01
5345803-S04-156I3-A-L-C-190-7-1,20.02.2020-15:39:43,1.00000000e+00,6.42099082e-01,8.86413002e+00,1.79794198e-03,2.47509491e+02,7.98350372e+01,1.84953213e+01,1.71022207e-01,2.47958720e-01
5345803-S04-156I3-A-L-C-190-7-1,20.02.2020-15:39:45,2.00000000e+01,6.43195271e-01,8.95341778e+00,2.05752859e-03,1.60782501e+02,7.93630447e+01,1.86028824e+01,2.07864404e-01,2.43165597e-01
5345803-S04-156I3-A-L-C-190-7-1,20.02.2020-15:39:47,2.10000000e+01,6.42140329e-01,8.88383484e+00,2.12483085e-03,1.38148743e+02,7.99522247e+01,1.85648384e+01,3.26240063e-01,4.94834542e-01
5345803-S04-156I3-A-L-C-190-7-1,20.02.2020-15:39:49,1.00000000e+00,6.40305459e-01,8.89974689e+00,1.98727427e-03,1.49351669e+02,7.96725922e+01,1.84800873e+01,2.40167156e-01,2.77572960e-01
5345803-S04-156I3-A-L-C-190-7-1,20.02.2020-15:39:51,2.10000000e+01,6.41441166e-01,8.93623161e+00,2.06055166e-03,1.78459290e+02,7.97030258e+01,1.85958614e+01,1.97259545e-01,2.31393427e-01
5345803-S04-156I3-A-L-C-190-7-1,20.02.2020-15:39:53,1.90000000e+01,6.44676805e-01,8.89851761e+00,2.01704423e-03,1.87884415e+02,8.01000595e+01,1.87034950e+01,2.22615182e-01,3.26354295e-01
5345803-S04-156I3-A-L-C-190-7-1,20.02.2020-15:39:55,2.00000000e+01,6.42632723e-01,8.89848137e+00,1.91103679e-03,2.37423080e+02,8.00571442e+01,1.86341248e+01,2.55452067e-01,4.16020304e-01
5345803-S04-156I3-A-L-C-190-7-1,20.02.2020-15:39:58,2.10000000e+01,6.41324282e-01,8.91378021e+00,1.90654991e-03,1.98353989e+02,7.97462540e+01,1.85558186e+01,1.95178106e-01,2.26113364e-01
5345803-S04-156I3-A-L-C-190-7-1,20.02.2020-15:40:00,2.00000000e+01,6.42342687e-01,8.97338772e+00,1.94485346e-03,1.15077148e+02,7.96765213e+01,1.86932068e+01,2.60719329e-01,3.05393010e-01
5345803-S04-156I3-A-L-C-190-7-1,20.02.2020-15:40:02,1.90000000e+01,6.45022631e-01,8.90110397e+00,1.75360404e-03,2.89605072e+02,8.01257324e+01,1.87249660e+01,2.12025017e-01,3.18808794e-01
5345803-S04-156I3-A-L-C-190-7-1,20.02.2020-15:40:04,2.10000000e+01,6.41777873e-01,8.86983871e+00,1.85518549e-03,1.92400803e+02,8.00428391e+01,1.85461235e+01,2.77604610e-01,5.31397700e-01
5345803-S04-156I3-A-L-C-190-7-1,20.02.2020-15:40:06,2.10000000e+01,6.42847121e-01,8.87558365e+00,2.00402620e-03,2.76371613e+02,7.98267212e+01,1.85388660e+01,1.04050547e-01,2.75478065e-01
5345803-S04-156I3-A-L-C-190-7-1,20.02.2020-15:40:08,2.10000000e+01,6.42235339e-01,8.86792946e+00,1.85949379e-03,3.45755310e+02,7.99019775e+01,1.85226955e+01,1.58748865e-01,2.24033281e-01
5345803-S04-156I3-A-L-C-190-7-1,20.02.2020-15:40:10,1.90000000e+01,6.43983841e-01,8.91425896e+00,2.03378033e-03,3.34592224e+02,8.00509491e+01,1.87049637e+01,1.49462089e-01,2.63430953e-01
5345803-S04-156I3-A-L-C-190-7-1,20.02.2020-15:40:12,1.00000000e+00,6.41530275e-01,8.83577347e+00,1.69140636e-03,3.89292999e+02,7.99672546e+01,1.84503288e+01,1.49296686e-01,2.21417710e-01
5345803-S04-156I3-A-L-C-190-7-1,20.02.2020-15:40:15,1.90000000e+01,6.45236194e-01,8.92383003e+00,1.86310592e-03,1.77330978e+02,8.00800018e+01,1.87682724e+01,1.62081823e-01,2.33506262e-01
5345803-S04-156I3-A-L-C-190-7-1,20.02.2020-15:40:17,2.00000000e+00,6.43426061e-01,8.83175659e+00,2.09238171e-03,1.66288300e+02,7.94723892e+01,1.83819771e+01,2.09640190e-01,2.52449900e-01
5345803-S04-156I3-A-L-C-190-7-1,20.02.2020-15:40:19,2.00000000e+00,6.41366959e-01,8.82473183e+00,1.90871861e-03,3.86637787e+02,7.98381577e+01,1.83928413e+01,1.63398489e-01,2.34246626e-01
5345803-S04-156I3-A-L-C-190-7-1,20.02.2020-15:40:21,1.90000000e+01,6.44743264e-01,8.92473507e+00,2.05628853e-03,3.03302277e+02,8.00044174e+01,1.87381325e+01,1.03175893e-01,1.68460369e-01
5345803-S04-156I3-A-L-C-190-7-1,20.02.2020-15:40:23,1.90000000e+01,6.45587444e-01,8.90470886e+00,1.96117139e-03,9.26195908e+01,8.01391907e+01,1.87521019e+01,2.62810856e-01,3.28567147e-01
5345803-S04-156I3-A-L-C-190-7-1,20.02.2020-15:40:25,1.00000000e+00,6.42214060e-01,8.81917953e+00,2.00008322e-03,1.47008255e+02,8.01830673e+01,1.84850597e+01,4.03562814e-01,1.01515079e+00
5345803-S04-156I3-A-L-C-190-7-1,20.02.2020-15:40:27,1.00000000e+00,6.44379258e-01,8.85811520e+00,1.86691340e-03,2.26780899e+02,7.96098022e+01,1.84960766e+01,1.44479826e-01,1.81861967e-01
5345803-S04-156I3-A-L-C-190-7-1,20.02.2020-15:40:29,2.00000000e+01,6.42891169e-01,8.91777039e+00,1.82347861e-03,2.41514923e+02,8.00824509e+01,1.86879330e+01,2.18326941e-01,4.75945085e-01
5345803-S04-156I3-A-L-C-190-7-1,20.02.2020-15:40:31,8.00000000e+00,6.46100402e-01,9.00468731e+00,1.85029511e-03,2.53711716e+02,7.99574356e+01,1.89346676e+01,9.54829156e-02,1.17379896e-01
5345803-S04-156I3-A-L-C-190-7-1,20.02.2020-15:40:33,2.00000000e+00,6.40375137e-01,8.80495739e+00,1.63387472e-03,1.69298935e+02,8.01029968e+01,1.83840275e+01,1.14725292e-01,2.07284763e-01
5345803-S04-156I3-A-L-C-190-7-1,20.02.2020-15:40:35,2.00000000e+00,6.41506314e-01,8.78110981e+00,2.21244711e-03,2.24686401e+02,7.98113785e+01,1.82997589e+01,2.17668161e-01,1.57211578e+00
5345803-S04-156I3-A-L-C-190-7-1,20.02.2020-15:40:38,2.00000000e+00,6.41180575e-01,8.76955700e+00,2.27055536e-03,6.44053802e+01,7.97509689e+01,1.82525768e+01,3.83654773e-01,1.40132213e+00
5345803-S04-156I3-A-L-C-190-7-1,20.02.2020-15:40:40,2.00000000e+01,6.45718932e-01,8.90203857e+00,2.37522251e-03,1.28313278e+02,7.97415466e+01,1.86572609e+01,1.52260989e-01,1.88397855e-01
5345803-S04-156I3-A-L-C-190-7-1,20.02.2020-15:40:42,1.00000000e+00,6.42553270e-01,8.86566830e+00,2.08651531e-03,3.74485588e+01,7.95969620e+01,1.84564114e+01,4.42784250e-01,5.44111729e-01
5345803-S04-156I3-A-L-C-190-7-1,20.02.2020-15:40:44,2.00000000e+00,6.41138971e-01,8.77124023e+00,2.19317828e-03,3.87657318e+01,7.98420486e+01,1.82757416e+01,5.16337991e-01,1.49879754e+00
5345803-S04-156I3-A-L-C-190-7-1,20.02.2020-15:40:46,2.00000000e+00,6.41969323e-01,8.77805614e+00,2.25078943e-03,5.54811478e+01,7.97668686e+01,1.82963886e+01,4.53900069e-01,1.54402697e+00
5345803-S04-156I3-A-L-C-190-7-1,20.02.2020-15:40:48,2.10000000e+01,6.43188834e-01,8.88332462e+00,2.00033886e-03,8.70685486e+02,7.97565765e+01,1.85485821e+01,6.22933023e-02,1.00586578e-01
5345803-S04-156I3-A-L-C-190-7-1,20.02.2020-15:40:50,2.10000000e+01,6.43526077e-01,8.88662815e+00,2.01398926e-03,9.47042297e+02,7.97079926e+01,1.85539017e+01,5.73852658e-02,1.04491204e-01
5345803-S04-156I3-A-L-C-190-7-1,20.02.2020-15:40:52,1.00000000e+00,6.41946137e-01,8.88665962e+00,2.45604338e-03,2.06517014e+02,7.96570282e+01,1.84965801e+01,1.01110399e-01,1.36502266e-01
5345803-S04-156I3-A-L-C-190-7-1,20.02.2020-15:40:54,1.00000000e+00,6.42606378e-01,8.86347103e+00,2.18564481e-03,3.12490292e+01,7.95151291e+01,1.84343929e+01,4.97206330e-01,6.01615369e-01
5345803-S04-156I3-A-L-C-190-7-1,20.02.2020-15:40:57,2.00000000e+00,6.40149772e-01,8.76693344e+00,1.94145553e-03,1.58075317e+02,7.99832687e+01,1.82708473e+01,2.89320350e-01,1.40963101e+00
5345803-S04-156I3-A-L-C-190-7-1,20.02.2020-15:40:59,2.10000000e+01,6.42174304e-01,8.90694046e+00,2.02293647e-03,1.33228485e+02,7.95323639e+01,1.85163574e+01,2.48543471e-01,3.00768197e-01
5345803-S04-156I3-A-L-C-190-7-1,20.02.2020-15:41:01,2.10000000e+01,6.44799113e-01,8.88042450e+00,2.48575583e-03,1.07094421e+02,7.96138763e+01,1.85556908e+01,3.04653704e-01,4.70154434e-01
5345803-S04-156I3-A-L-C-190-7-1,20.02.2020-15:41:03,1.90000000e+01,6.48123205e-01,8.91516685e+00,2.23069265e-03,2.79408386e+02,7.99132004e+01,1.87947159e+01,1.24876969e-01,1.81495294e-01
5345803-S04-156I3-A-L-C-190-7-1,20.02.2020-15:41:05,1.90000000e+01,6.47470891e-01,8.90846252e+00,2.43526255e-03,1.99827454e+02,7.99154968e+01,1.87622185e+01,1.97442219e-01,2.56281316e-01
5345803-S04-156I3-A-L-C-190-7-1,20.02.2020-15:41:07,1.00000000e+00,6.43249214e-01,8.86738110e+00,2.25805817e-03,3.64984375e+02,7.96790390e+01,1.84990292e+01,1.64058939e-01,3.50742787e-01
5345803-S04-156I3-A-L-C-190-7-1,20.02.2020-15:41:09,1.90000000e+01,6.46826386e-01,8.90721512e+00,2.34015007e-03,3.05013031e+02,8.00674057e+01,1.87765408e+01,1.06489591e-01,1.65973872e-01
5345803-S04-156I3-A-L-C-190-7-1,20.02.2020-15:41:11,2.10000000e+01,6.44409359e-01,8.87272549e+00,2.31096055e-03,1.19943039e+02,7.97338028e+01,1.85563068e+01,2.60141611e-01,4.35263544e-01
5345803-S04-156I3-A-L-C-190-7-1,20.02.2020-15:41:13,2.10000000e+01,6.43717825e-01,8.87800121e+00,2.26321723e-03,1.29492798e+02,7.96407852e+01,1.85257778e+01,2.23039865e-01,3.94221485e-01
5345803-S04-156I3-A-L-C-190-7-1,20.02.2020-15:41:16,1.90000000e+01,6.47838831e-01,8.90912056e+00,2.24047014e-03,1.81306259e+02,7.98948669e+01,1.87694225e+01,1.59418404e-01,2.27064520e-01
5345803-S04-156I3-A-L-C-190-7-1,20.02.2020-15:41:18,2.10000000e+01,6.41047060e-01,8.86445045e+00,1.72680430e-03,2.41360214e+02,8.00604630e+01,1.85178261e+01,1.61596030e-01,2.69816667e-01
5345803-S04-156I3-A-L-C-190-7-1,20.02.2020-15:41:20,2.10000000e+01,6.40750706e-01,8.84221268e+00,1.82234787e-03,3.64110809e+02,8.02594070e+01,1.85087109e+01,1.03938088e-01,2.73924142e-01
5345803-S04-156I3-A-L-C-190-7-1,20.02.2020-15:41:22,1.90000000e+01,6.43646359e-01,8.88964653e+00,1.93419319e-03,1.97128723e+02,8.03231430e+01,1.87069378e+01,1.47749603e-01,1.85032621e-01
5345803-S04-156I3-A-L-C-190-7-1,20.02.2020-15:41:24,1.00000000e+00,6.40964091e-01,8.82646370e+00,2.04870454e-03,3.71429199e+02,8.00725021e+01,1.84388580e+01,1.50428191e-01,5.15427589e-01
5345803-S04-156I3-A-L-C-190-7-1,20.02.2020-15:41:26,2.00000000e+00,6.39653265e-01,8.81916046e+00,2.31928215e-03,3.20310028e+02,8.00357666e+01,1.83774891e+01,1.59862310e-01,4.81135041e-01
5345803-S04-156I3-A-L-C-190-7-1,20.02.2020-15:41:28,3.00000000e+00,6.34947419e-01,8.76259136e+00,1.95664796e-03,2.07602753e+02,8.02175522e+01,1.81664429e+01,1.78118974e-01,5.74237823e-01
5345803-S04-156I3-A-L-C-190-7-1,20.02.2020-15:41:31,1.00000000e+00,6.40506029e-01,8.83277225e+00,1.96959218e-03,2.59514191e+02,8.02177582e+01,1.84722977e+01,1.53328404e-01,3.79630566e-01
5345803-S04-156I3-A-L-C-190-7-1,20.02.2020-15:41:33,2.10000000e+01,6.41761005e-01,8.85462570e+00,2.13627564e-03,2.84044617e+02,8.00038300e+01,1.85048027e+01,9.89480242e-02,1.54761076e-01
5345803-S04-156I3-A-L-C-190-7-1,20.02.2020-15:41:35,2.00000000e+00,6.38393462e-01,8.78273678e+00,2.08715629e-03,3.02802277e+02,8.01218491e+01,1.82851887e+01,1.70632586e-01,6.09074473e-01
5345803-S04-156I3-A-L-C-190-7-1,20.02.2020-15:41:37,1.00000000e+00,6.40909255e-01,8.82776546e+00,1.98660046e-03,3.56567596e+02,8.02729111e+01,1.84861526e+01,2.20461413e-01,6.14762366e-01
5345803-S04-156I3-A-L-C-190-7-1,20.02.2020-15:41:39,2.10000000e+01,6.43323123e-01,8.86610985e+00,2.22430960e-03,2.43740875e+02,7.98164749e+01,1.85304108e+01,1.60299465e-01,3.68010253e-01
5345803-S04-156I3-A-L-C-190-7-1,20.02.2020-15:41:41,2.00000000e+00,6.38569474e-01,8.84795189e+00,2.45609973e-03,2.23967728e+02,7.97303238e+01,1.83360004e+01,1.00325882e-01,2.10394904e-01
5345803-S04-156I3-A-L-C-190-7-1,20.02.2020-15:41:43,2.00000000e+01,6.44410610e-01,8.89435959e+00,2.06548185e-03,2.34930771e+02,8.01151047e+01,1.86905460e+01,6.62668571e-02,8.62667859e-02
5345803-S04-156I3-A-L-C-190-7-1,20.02.2020-15:41:45,2.00000000e+01,6.44648731e-01,8.88778973e+00,1.79848704e-03,3.46170746e+02,8.01378555e+01,1.86889458e+01,8.83475021e-02,1.19271457e-01
5345803-S04-156I3-A-L-C-190-7-1,20.02.2020-15:41:48,1.00000000e+00,6.38864040e-01,8.84972858e+00,1.90293626e-03,2.26237793e+02,7.99760971e+01,1.84047031e+01,1.67491466e-01,3.46989185e-01
5345803-S04-156I3-A-L-C-190-7-1,20.02.2020-15:41:50,2.00000000e+00,6.36864662e-01,8.82172489e+00,1.94564369e-03,1.88776550e+02,7.99885101e+01,1.82918854e+01,2.04248443e-01,4.83669996e-01
5345803-S04-156I3-A-L-C-190-7-1,20.02.2020-15:41:52,1.90000000e+01,6.44467711e-01,8.87701607e+00,1.86791585e-03,1.26993744e+02,8.04175873e+01,1.87261906e+01,2.26787820e-01,2.72612661e-01
5345803-S04-156I3-A-L-C-190-7-1,20.02.2020-15:41:54,2.10000000e+01,6.43133759e-01,8.87187290e+00,2.00600550e-03,1.05898834e+02,8.00530472e+01,1.85919399e+01,3.01798910e-01,3.80482197e-01
5345803-S04-156I3-A-L-C-190-7-1,20.02.2020-15:41:56,2.10000000e+01,6.42329872e-01,8.82614613e+00,1.85650983e-03,1.86655670e+02,8.01959229e+01,1.85059643e+01,1.88176587e-01,3.87333691e-01
5345803-S04-156I3-A-L-C-190-7-1,20.02.2020-15:41:58,2.00000000e+00,6.40757442e-01,8.79213524e+00,1.80994475e-03,4.33411377e+02,8.02037888e+01,1.83913288e+01,1.11484967e-01,4.83387709e-01
5345803-S04-156I3-A-L-C-190-7-1,20.02.2020-15:42:00,2.00000000e+01,6.43748045e-01,8.86408901e+00,1.90021971e-03,2.15545242e+02,8.04016113e+01,1.86743279e+01,1.24591663e-01,1.64293572e-01
5345803-S04-156I3-A-L-C-190-7-1,20.02.2020-15:42:02,2.00000000e+01,6.43608809e-01,8.88124847e+00,1.63820817e-03,1.58978745e+02,8.02982559e+01,1.86823864e+01,1.27846345e-01,1.64118260e-01
5345803-S04-156I3-A-L-C-190-7-1,20.02.2020-15:42:05,2.00000000e+01,6.43067777e-01,8.86695766e+00,1.76606548e-03,1.78239899e+02,8.03667679e+01,1.86525440e+01,1.74628019e-01,2.18395039e-01
5345803-S04-156I3-A-L-C-190-7-1,20.02.2020-15:42:07,2.10000000e+01,6.41983509e-01,8.82561874e+00,1.80135597e-03,1.80499207e+02,8.02785568e+01,1.85139370e+01,1.58096880e-01,3.84915888e-01
5345803-S04-156I3-A-L-C-190-7-1,20.02.2020-15:42:09,2.10000000e+01,6.42830968e-01,8.82519817e+00,1.89278810e-03,5.99796066e+01,8.02230606e+01,1.85246792e+01,4.45200324e-01,7.12496221e-01
5345803-S04-156I3-A-L-C-190-7-1,20.02.2020-15:42:11,2.00000000e+00,6.41582489e-01,8.79882336e+00,1.91067799e-03,3.19800323e+02,8.00624390e+01,1.83965378e+01,1.46770343e-01,1.12897503e+00
5345803-S04-156I3-A-L-C-190-7-1,20.02.2020-15:42:13,2.10000000e+01,6.43095374e-01,8.88980389e+00,1.85769296e-03,1.96832840e+02,7.98082199e+01,1.85714302e+01,9.90649834e-02,1.43959701e-01
5345803-S04-156I3-A-L-C-190-7-1,20.02.2020-15:42:15,2.00000000e+01,6.45648479e-01,8.89592457e+00,2.60405126e-03,2.45153168e+02,7.96423874e+01,1.86192284e+01,1.02772765e-01,1.41964108e-01
5345803-S04-156I3-A-L-C-190-7-1,20.02.2020-15:42:17,2.10000000e+01,6.42286241e-01,8.87957191e+00,2.00039102e-03,3.46581482e+02,7.99134979e+01,1.85511570e+01,7.05260411e-02,1.12901777e-01
5345803-S04-156I3-A-L-C-190-7-1,20.02.2020-15:42:19,2.00000000e+01,6.44337058e-01,8.89952183e+00,2.40415777e-03,3.79536591e+01,7.97802582e+01,1.86211033e+01,4.93062407e-01,5.99855900e-01
5345803-S04-156I3-A-L-C-190-7-1,20.02.2020-15:42:21,2.00000000e+00,6.42002940e-01,8.85884380e+00,2.33265269e-03,2.73252907e+01,7.94773941e+01,1.83987331e+01,5.81573486e-01,7.05150962e-01
5345803-S04-156I3-A-L-C-190-7-1,20.02.2020-15:42:24,2.00000000e+00,6.41022265e-01,8.76521111e+00,1.83443702e-03,5.25270576e+01,7.99004288e+01,1.82732086e+01,4.36116219e-01,1.42754340e+00
5345803-S04-156I3-A-L-C-190-7-1,20.02.2020-15:42:26,2.00000000e+00,6.40660942e-01,8.75273323e+00,1.92058459e-03,4.17280579e+01,7.98508911e+01,1.82256031e+01,5.34096599e-01,1.68694139e+00
5345803-S04-156I3-A-L-C-190-7-1,20.02.2020-15:42:28,2.10000000e+01,6.43281639e-01,8.88930035e+00,1.90592592e-03,1.37668655e+02,7.98553543e+01,1.85867290e+01,1.12660483e-01,1.53576910e-01
5345803-S04-156I3-A-L-C-190-7-1,20.02.2020-15:42:30,1.90000000e+01,6.45996571e-01,8.90925407e+00,1.86317787e-03,2.23613220e+02,7.99080734e+01,1.87194195e+01,6.46727532e-02,9.14172530e-02
5345803-S04-156I3-A-L-C-190-7-1,20.02.2020-15:42:32,1.00000000e+00,6.41771436e-01,8.83261108e+00,1.88988401e-03,6.14311951e+02,8.00741577e+01,1.84753246e+01,7.41606057e-02,2.23583221e-01
5345803-S04-156I3-A-L-C-190-7-1,20.02.2020-15:42:34,2.10000000e+01,6.43397689e-01,8.84112930e+00,1.56932476e-03,1.62368469e+02,8.03050079e+01,1.85934544e+01,1.08673669e-01,1.53995425e-01
5345803-S04-156I3-A-L-C-190-7-1,20.02.2020-15:42:36,1.00000000e+00,6.42433167e-01,8.78686142e+00,1.67243439e-03,1.81859940e+02,8.02982025e+01,1.84500561e+01,1.45622119e-01,2.82655299e-01
5345803-S04-156I3-A-L-C-190-7-1,20.02.2020-15:42:39,2.00000000e+00,6.39417529e-01,8.74630737e+00,1.74143328e-03,1.56742935e+02,8.00661392e+01,1.82258739e+01,1.98532581e-01,6.78644717e-01
5345803-S04-156I3-A-L-C-190-7-1,20.02.2020-15:42:41,2.10000000e+01,6.43756807e-01,8.85075474e+00,1.74919236e-03,9.38840103e+01,8.01199799e+01,1.85811729e+01,1.77000970e-01,2.44422346e-01
5345803-S04-156I3-A-L-C-190-7-1,20.02.2020-15:42:43,2.00000000e+00,6.40625834e-01,8.76521969e+00,1.82676723e-03,1.63052094e+02,8.01029816e+01,1.83082218e+01,2.20789477e-01,1.58925343e+00
5345803-S04-156I3-A-L-C-190-7-1,20.02.2020-15:42:45,2.10000000e+01,6.40878916e-01,8.87744713e+00,2.02708365e-03,1.94562469e+02,7.99158936e+01,1.85066338e+01,1.06535181e-01,1.64648294e-01
5345803-S04-156I3-A-L-C-190-7-1,20.02.2020-15:42:47,1.00000000e+00,6.41088188e-01,8.81944561e+00,1.54111092e-03,1.59078522e+02,8.01538315e+01,1.84464817e+01,1.56695768e-01,2.70501375e-01
5345803-S04-156I3-A-L-C-190-7-1,20.02.2020-15:42:49,1.00000000e+00,6.40817821e-01,8.80348969e+00,1.90809648e-03,1.88940887e+02,8.01996231e+01,1.84158573e+01,1.43964127e-01,1.21825457e+00
5345803-S04-156I3-A-L-C-190-7-1,20.02.2020-15:42:51,2.00000000e+01,6.43552065e-01,8.85730839e+00,1.96581194e-03,5.17941284e+02,8.01750641e+01,1.86018009e+01,5.64463586e-02,8.02653432e-02
5345803-S04-156I3-A-L-C-190-7-1,20.02.2020-15:42:54,2.00000000e+01,6.43657625e-01,8.84445953e+00,1.70655968e-03,1.90415421e+02,8.03086853e+01,1.86088219e+01,1.40016347e-01,3.11048180e-01
5345803-S04-156I3-A-L-C-190-7-1,20.02.2020-15:42:56,2.00000000e+00,6.40930712e-01,8.78531647e+00,2.00257497e-03,2.37644608e+02,8.01117935e+01,1.83609524e+01,1.46128282e-01,9.76667285e-01
5345803-S04-156I3-A-L-C-190-7-1,20.02.2020-15:42:58,1.90000000e+01,6.45315945e-01,8.91276169e+00,1.73729344e-03,3.43226929e+02,8.00934601e+01,1.87504616e+01,4.69792858e-02,8.13275203e-02
5345803-S04-156I3-A-L-C-190-7-1,20.02.2020-15:43:00,1.90000000e+01,6.44630730e-01,8.90718937e+00,1.84298854e-03,6.01962646e+02,8.02003021e+01,1.87438107e+01,3.81285213e-02,6.94006309e-02
5345803-S04-156I3-A-L-C-190-7-1,20.02.2020-15:43:02,1.00000000e+00,6.40341997e-01,8.79831219e+00,1.70827226e-03,2.50336243e+02,8.03338013e+01,1.84221325e+01,1.22211561e-01,9.92309034e-01
5345803-S04-156I3-A-L-C-190-7-1,20.02.2020-15:43:21,2.00000000e+01,6.44356310e-01,8.89583015e+00,1.89255993e-03,2.70952087e+02,8.01132812e+01,1.86916332e+01,7.20264241e-02,1.00397132e-01
5345803-S04-156I3-A-L-C-190-7-1,20.02.2020-15:43:23,2.10000000e+01,6.44074798e-01,8.83346939e+00,1.73273159e-03,2.22409622e+02,8.00807114e+01,1.85449543e+01,1.30888194e-01,2.90501297e-01
5345803-S04-156I3-A-L-C-190-7-1,20.02.2020-15:43:25,1.00000000e+00,6.41267061e-01,8.79728222e+00,1.88679248e-03,4.07200470e+02,8.02430573e+01,1.84257469e+01,1.02068633e-01,1.21660078e+00
5345803-S04-156I3-A-L-C-190-7-1,20.02.2020-15:43:27,2.10000000e+01,6.42983019e-01,8.85204124e+00,1.90074008e-03,3.32628815e+02,8.02408371e+01,1.85895367e+01,1.11274935e-01,3.22458744e-01
5345803-S04-156I3-A-L-C-190-7-1,20.02.2020-15:43:29,1.00000000e+00,6.39998674e-01,8.83577251e+00,1.42303796e-03,2.11085419e+02,8.01056442e+01,1.84381313e+01,1.13933131e-01,1.78023040e-01
5345803-S04-156I3-A-L-C-190-7-1,20.02.2020-15:43:31,2.10000000e+01,6.41770780e-01,8.84185410e+00,1.32930023e-03,1.59503769e+02,8.02773209e+01,1.85415649e+01,1.48920581e-01,2.18877062e-01
5345803-S04-156I3-A-L-C-190-7-1,20.02.2020-15:43:33,2.10000000e+01,6.43089175e-01,8.88789177e+00,1.60245947e-03,2.17170013e+02,7.96827850e+01,1.85380764e+01,2.38857195e-01,3.85583520e-01
5345803-S04-156I3-A-L-C-190-7-1,20.02.2020-15:43:36,2.00000000e+01,6.46275043e-01,8.87867451e+00,2.00350280e-03,1.41833374e+02,8.00314026e+01,1.86920166e+01,1.94632083e-01,2.60103434e-01
5345803-S04-156I3-A-L-C-190-7-1,20.02.2020-15:43:38,2.00000000e+01,6.44295931e-01,8.88683414e+00,2.28322274e-03,2.20490860e+02,7.99168167e+01,1.86251945e+01,2.23857582e-01,3.64268661e-01
5345803-S04-156I3-A-L-C-190-7-1,20.02.2020-15:43:40,2.00000000e+01,6.44948184e-01,8.88626003e+00,2.25430564e-03,1.89534393e+02,7.99260788e+01,1.86450081e+01,2.01050252e-01,3.66533935e-01
5345803-S04-156I3-A-L-C-190-7-1,20.02.2020-15:43:42,1.00000000e+00,6.40751123e-01,8.84748173e+00,1.92885986e-03,2.62914795e+02,7.98911438e+01,1.84347763e+01,2.31185764e-01,6.84132814e-01
5345803-S04-156I3-A-L-C-190-7-1,20.02.2020-15:43:44,1.00000000e+00,6.40960813e-01,8.84455299e+00,1.79650786e-03,1.13842911e+02,7.99788055e+01,1.84549351e+01,2.62384832e-01,7.32892811e-01
5345803-S04-156I3-A-L-C-190-7-1,20.02.2020-15:43:46,1.00000000e+00,6.40666008e-01,8.83331108e+00,1.94583705e-03,2.22873444e+02,7.99585876e+01,1.84183426e+01,2.44236678e-01,8.91677380e-01
5345803-S04-156I3-A-L-C-190-7-1,20.02.2020-15:43:48,1.00000000e+00,6.40717804e-01,8.82664871e+00,1.82889902e-03,2.14274246e+02,8.00247574e+01,1.84211712e+01,2.29285747e-01,8.36338162e-01
5345803-S04-156I3-A-L-C-190-7-1,20.02.2020-15:43:51,1.00000000e+00,6.40859008e-01,8.86128044e+00,1.81259797e-03,2.26958359e+02,7.99984055e+01,1.84914284e+01,2.49548137e-01,6.36395216e-01
5345803-S04-156I3-A-L-C-190-7-1,20.02.2020-15:43:53,2.10000000e+01,6.44345224e-01,8.87067699e+00,2.13033380e-03,4.08130035e+02,7.98978424e+01,1.85883427e+01,1.75423875e-01,2.88720012e-01
5345803-S04-156I3-A-L-C-190-7-1,20.02.2020-15:43:55,2.10000000e+01,6.44696593e-01,8.85681820e+00,2.11092480e-03,3.39411499e+02,7.99392242e+01,1.85790386e+01,1.94754034e-01,3.57060939e-01
5345803-S04-156I3-A-L-C-190-7-1,20.02.2020-15:43:57,1.90000000e+01,6.46190643e-01,8.88650417e+00,1.91043643e-03,1.41559952e+02,8.00269547e+01,1.87050171e+01,1.93403691e-01,3.01955074e-01
5345803-S04-156I3-A-L-C-190-7-1,20.02.2020-15:43:59,1.90000000e+01,6.44868970e-01,8.89397812e+00,2.12457683e-03,1.99498947e+02,8.01685638e+01,1.87155190e+01,1.55832887e-01,2.57054150e-01
5345803-S04-156I3-A-L-C-190-7-1,20.02.2020-15:44:01,2.00000000e+00,6.40564322e-01,8.83379841e+00,2.38130940e-03,2.44403702e+02,7.96287766e+01,1.83404694e+01,2.13600531e-01,3.59871447e-01
5345803-S04-156I3-A-L-C-190-7-1,20.02.2020-15:44:03,2.00000000e+01,6.44267976e-01,8.91280842e+00,2.03207042e-03,2.41458862e+02,7.96998596e+01,1.86281128e+01,2.25242674e-01,2.95080125e-01
5345803-S04-156I3-A-L-C-190-7-1,20.02.2020-15:44:06,2.00000000e+01,6.45369947e-01,8.89589882e+00,2.08868436e-03,2.39950104e+01,7.98258362e+01,1.86540127e+01,9.64454770e-01,1.16749358e+00
5345803-S04-156I3-A-L-C-190-7-1,20.02.2020-15:44:08,1.00000000e+00,6.44303024e-01,8.81954765e+00,2.11881497e-03,2.48387650e+02,7.98890152e+01,1.84779491e+01,1.75635710e-01,1.48921800e+00
5345803-S04-156I3-A-L-C-190-7-1,20.02.2020-15:44:10,1.00000000e+00,6.41906440e-01,8.83896542e+00,2.07682210e-03,2.70381927e+02,7.99488602e+01,1.84635677e+01,1.95531264e-01,6.69497788e-01
5345803-S04-156I3-A-L-C-190-7-1,20.02.2020-15:44:12,2.00000000e+01,6.46148980e-01,8.87801933e+00,2.03378778e-03,2.37314713e+02,8.00193405e+01,1.86841755e+01,1.07786320e-01,2.38689780e-01
5345803-S04-156I3-A-L-C-190-7-1,20.02.2020-15:44:14,2.00000000e+00,6.43030524e-01,8.83060360e+00,2.06013094e-03,2.32576080e+02,7.95241241e+01,1.83802357e+01,1.18602589e-01,1.48174793e-01
5345803-S04-156I3-A-L-C-190-7-1,20.02.2020-15:44:16,1.00000000e+00,6.43463254e-01,8.86053562e+00,2.05948646e-03,1.39435684e+02,7.96575241e+01,1.84859047e+01,1.82488024e-01,2.24855036e-01
5345803-S04-156I3-A-L-C-190-7-1,20.02.2020-15:44:18,1.00000000e+00,6.42607629e-01,8.85861969e+00,1.96687062e-03,1.51813889e+02,7.96528168e+01,1.84562416e+01,2.26466820e-01,2.78202415e-01
5345803-S04-156I3-A-L-C-190-7-1,20.02.2020-15:44:20,1.00000000e+00,6.43882871e-01,8.86040401e+00,2.18042289e-03,1.85676025e+02,7.94331970e+01,1.84455948e+01,1.42873600e-01,1.88535109e-01
5345803-S04-156I3-A-L-C-190-7-1,20.02.2020-15:44:22,1.00000000e+00,6.43881381e-01,8.85391426e+00,1.98381464e-03,1.00130646e+02,7.94344101e+01,1.84323215e+01,2.32714191e-01,2.87397593e-01
5345803-S04-156I3-A-L-C-190-7-1,20.02.2020-15:44:25,1.00000000e+00,6.40209377e-01,8.82891560e+00,1.89258205e-03,2.03102585e+02,8.00630112e+01,1.84200802e+01,3.15805554e-01,5.70593476e-01
5345803-S04-156I3-A-L-C-190-7-1,20.02.2020-15:44:27,2.00000000e+01,6.44075394e-01,8.86041069e+00,1.82975258e-03,1.54104019e+02,8.02162781e+01,1.86330223e+01,1.78924724e-01,2.54216284e-01
5345803-S04-156I3-A-L-C-190-7-1,20.02.2020-15:44:29,2.00000000e+01,6.44444227e-01,8.90555859e+00,2.06517545e-03,1.20596931e+02,8.00192642e+01,1.86926651e+01,2.64816046e-01,3.50058466e-01
5345803-S04-156I3-A-L-C-190-7-1,20.02.2020-15:44:31,2.00000000e+01,6.44563675e-01,8.86701775e+00,1.94311154e-03,1.68757477e+02,8.01104584e+01,1.86364326e+01,2.29399234e-01,3.58843774e-01
5345803-S04-156I3-A-L-C-190-7-1,20.02.2020-15:44:33,9.00000000e+00,6.44818306e-01,8.92339802e+00,1.83822541e-03,1.78309372e+02,8.02714233e+01,1.88000412e+01,1.89875051e-01,2.63792783e-01
5345803-S04-156I3-A-L-C-190-7-1,20.02.2020-15:44:35,2.00000000e+01,6.44293249e-01,8.89896679e+00,2.11819727e-03,1.58944153e+02,8.00894318e+01,1.86908283e+01,1.97211817e-01,2.68867284e-01
5345803-S04-156I3-A-L-C-190-7-1,20.02.2020-15:44:37,2.10000000e+01,6.43379390e-01,8.86917114e+00,2.00333423e-03,1.16495560e+02,8.00508804e+01,1.85928726e+01,2.42958680e-01,4.70772058e-01
5345803-S04-156I3-A-L-C-190-7-1,20.02.2020-15:44:39,2.10000000e+01,6.43307388e-01,8.86243820e+00,1.99628086e-03,1.04263718e+02,7.99393997e+01,1.85508080e+01,3.03138465e-01,3.96914363e-01
5345803-S04-156I3-A-L-C-190-7-1,20.02.2020-15:44:41,1.30000000e+01,6.36868834e-01,8.71518898e+00,1.75197760e-03,2.14116989e+02,7.93737869e+01,1.79322205e+01,2.18681142e-01,4.21896011e-01
5345803-S04-156I3-A-L-C-190-7-1,20.02.2020-15:44:44,3.00000000e+00,6.37544811e-01,8.76535702e+00,1.91244658e-03,1.59984482e+02,7.92915039e+01,1.80358753e+01,1.82272047e-01,3.11103731e-01
5345803-S04-156I3-A-L-C-190-7-1,20.02.2020-15:44:46,2.00000000e+01,6.43069327e-01,8.89150429e+00,1.92377379e-03,1.49312607e+02,8.00811844e+01,1.86377602e+01,2.10725367e-01,3.79508793e-01
5345803-S04-156I3-A-L-C-190-7-1,20.02.2020-15:44:48,3.00000000e+00,6.38655961e-01,8.75338650e+00,1.87445886e-03,1.58263885e+02,7.92328873e+01,1.80292969e+01,1.94880515e-01,3.40470195e-01
5345803-S04-156I3-A-L-C-190-7-1,20.02.2020-15:44:50,3.00000000e+00,6.38410032e-01,8.75270271e+00,1.86319067e-03,2.36144028e+02,7.92522507e+01,1.80253468e+01,1.81967184e-01,3.34231853e-01
5345803-S04-156I3-A-L-C-190-7-1,20.02.2020-15:44:52,2.10000000e+01,6.44692123e-01,8.86422062e+00,2.15976825e-03,2.32326859e+02,7.97732925e+01,1.85558414e+01,1.00732937e-01,1.30408838e-01
5345803-S04-156I3-A-L-C-190-7-1,20.02.2020-15:44:54,1.00000000e+00,6.42541885e-01,8.86060810e+00,2.38046190e-03,1.89583405e+02,7.94291382e+01,1.84066601e+01,1.55719936e-01,1.88212946e-01
5345803-S04-156I3-A-L-C-190-7-1,20.02.2020-15:44:56,2.00000000e+01,6.45690560e-01,8.85943317e+00,2.04394222e-03,2.11764496e+02,8.00048676e+01,1.86284599e+01,1.76484495e-01,3.55602354e-01
5345803-S04-156I3-A-L-C-190-7-1,20.02.2020-15:44:59,1.90000000e+01,6.45865560e-01,8.89742661e+00,2.09149974e-03,1.80653397e+02,8.00577087e+01,1.87257805e+01,2.55005419e-01,3.41007560e-01
5345803-S04-156I3-A-L-C-190-7-1,20.02.2020-15:45:01,2.00000000e+01,6.44870460e-01,8.87218666e+00,1.82736327e-03,1.14813545e+02,7.99455490e+01,1.86177673e+01,2.84935832e-01,4.38981205e-01
5345803-S04-156I3-A-L-C-190-7-1,20.02.2020-15:45:03,2.10000000e+01,6.44677877e-01,8.86772823e+00,2.20914837e-03,8.88556747e+01,7.98191223e+01,1.85734367e+01,3.57699007e-01,4.81505454e-01
5345803-S04-156I3-A-L-C-190-7-1,20.02.2020-15:45:05,2.00000000e+01,6.44932508e-01,8.88352203e+00,2.17967620e-03,7.12494202e+01,7.98826752e+01,1.86286869e+01,4.58742946e-01,5.60046613e-01
5345803-S04-156I3-A-L-C-190-7-1,20.02.2020-15:45:07,2.10000000e+01,6.43904865e-01,8.85789204e+00,2.13885121e-03,9.64180450e+01,7.98529739e+01,1.85384483e+01,3.80315304e-01,5.00475347e-01
5345803-S04-156I3-A-L-C-190-7-1,20.02.2020-15:45:09,2.00000000e+01,6.44802749e-01,8.87656975e+00,2.07093521e-03,6.27645187e+01,7.99223404e+01,1.86196041e+01,5.10864317e-01,7.38907695e-01
5345803-S04-156I3-A-L-C-190-7-1,20.02.2020-15:45:11,1.00000000e+00,6.43608749e-01,8.81709671e+00,2.16414756e-03,9.45840454e+01,7.98073425e+01,1.84340420e+01,4.69323695e-01,7.56740510e-01
5345803-S04-156I3-A-L-C-190-7-1,20.02.2020-15:45:13,1.00000000e+00,6.43076837e-01,8.87493038e+00,2.18703575e-03,5.76398392e+01,7.95538177e+01,1.84807262e+01,4.60138381e-01,5.30523777e-01
5345803-S04-156I3-A-L-C-190-7-1,20.02.2020-15:45:16,1.90000000e+01,6.46684587e-01,8.88233852e+00,1.63276738e-03,3.21671692e+02,8.02032776e+01,1.87517643e+01,1.09189920e-01,1.78527176e-01
5345803-S04-156I3-A-L-C-190-7-1,20.02.2020-15:45:18,2.00000000e+01,6.45179331e-01,8.87464046e+00,1.86185294e-03,3.41575500e+02,8.00710907e+01,1.86610966e+01,1.10017166e-01,1.43484741e-01
5345803-S04-156I3-A-L-C-190-7-1,20.02.2020-15:45:20,1.40000000e+01,6.29669249e-01,8.37151623e+00,1.57572713e-03,1.77526093e+02,7.86452255e+01,1.68740444e+01,1.26201317e-01,1.59024164e-01
5345803-S04-156I3-A-L-C-190-7-1,20.02.2020-15:45:22,1.40000000e+01,6.42452419e-01,8.85742760e+00,2.00358196e-03,1.54631815e+01,7.95807571e+01,1.84326115e+01,1.49920654e+00,1.87596917e+00
5345803-S04-156I3-A-L-C-190-7-1,20.02.2020-15:45:24,2.10000000e+01,6.44091308e-01,8.86327076e+00,2.09651655e-03,6.21100731e+01,7.99422836e+01,1.85758305e+01,4.30490196e-01,5.48688293e-01
5345803-S04-156I3-A-L-C-190-7-1,20.02.2020-15:45:26,1.00000000e+00,6.44044697e-01,8.81573963e+00,1.63061824e-03,5.66163864e+01,7.99968719e+01,1.84874897e+01,3.89194518e-01,5.86663306e-01
5345803-S04-156I3-A-L-C-190-7-1,20.02.2020-15:45:28,2.10000000e+01,6.42421484e-01,8.86361313e+00,2.06777314e-03,9.73045197e+01,7.98518219e+01,1.85074196e+01,3.19995075e-01,6.66586697e-01
5345803-S04-156I3-A-L-C-190-7-1,20.02.2020-15:45:31,1.00000000e+00,6.41723335e-01,8.85695839e+00,2.17389967e-03,6.13245850e+01,7.97395477e+01,1.84474545e+01,3.79100531e-01,5.52830398e-01
5345803-S04-156I3-A-L-C-190-7-1,20.02.2020-15:45:33,1.00000000e+00,6.41107082e-01,8.87050724e+00,2.18542200e-03,7.79246368e+01,7.97896042e+01,1.84695168e+01,3.61668825e-01,5.01598358e-01
5345803-S04-156I3-A-L-C-190-7-1,20.02.2020-15:45:35,2.00000000e+01,6.44682348e-01,8.87983418e+00,2.22817226e-03,1.19290016e+02,7.99615402e+01,1.86321087e+01,2.18141571e-01,3.26054603e-01
5345803-S04-156I3-A-L-C-190-7-1,20.02.2020-15:45:37,2.00000000e+00,6.41010225e-01,8.80690575e+00,2.39336025e-03,1.18174103e+02,7.95948486e+01,1.82895699e+01,2.71905303e-01,5.74814379e-01
5345803-S04-156I3-A-L-C-190-7-1,20.02.2020-15:45:39,1.90000000e+01,6.44646049e-01,8.87717819e+00,1.71028229e-03,6.50681229e+01,8.02987213e+01,1.87040253e+01,3.48946840e-01,5.09182870e-01
5345803-S04-156I3-A-L-C-190-7-1,20.02.2020-15:45:41,2.00000000e+00,6.40803635e-01,8.85349083e+00,2.21697451e-03,4.85058098e+01,7.94172974e+01,1.83393879e+01,5.44215858e-01,6.51959896e-01
5345803-S04-156I3-A-L-C-190-7-1,20.02.2020-15:45:43,2.10000000e+01,6.43575430e-01,8.87731743e+00,2.33030040e-03,5.27974358e+01,7.96878586e+01,1.85312004e+01,3.80721301e-01,4.45038021e-01
5345803-S04-156I3-A-L-C-190-7-1,20.02.2020-15:45:46,2.00000000e+01,6.43889964e-01,8.85602379e+00,2.21140264e-03,1.33730057e+02,8.01967621e+01,1.86139030e+01,2.38804519e-01,3.93588334e-01
5345803-S04-156I3-A-L-C-190-7-1,20.02.2020-15:45:52,1.40000000e+01,6.43569410e-01,8.84247971e+00,2.27520615e-03,1.71288548e+01,7.93259125e+01,1.83744678e+01,1.60482240e+00,2.13832426e+00
5345803-S04-156I3-A-L-C-190-7-1,20.02.2020-15:45:55,2.00000000e+00,6.39358342e-01,8.80891895e+00,2.25236616e-03,7.94910965e+01,7.96691055e+01,1.82636280e+01,3.31038505e-01,4.58450913e-01
5345803-S04-156I3-A-L-C-190-7-1,20.02.2020-15:45:57,2.00000000e+00,6.40956342e-01,8.83430290e+00,2.58214260e-03,7.94205475e+01,7.93050079e+01,1.82781200e+01,3.52535069e-01,4.42402542e-01
5345803-S04-156I3-A-L-C-190-7-1,20.02.2020-15:45:59,1.00000000e+00,6.44276381e-01,8.87617779e+00,2.63159070e-03,6.62416229e+01,7.94601364e+01,1.84959946e+01,3.09533924e-01,3.64870548e-01
5345803-S04-156I3-A-L-C-190-7-1,20.02.2020-15:46:01,2.00000000e+00,6.40307307e-01,8.83392620e+00,2.85284058e-03,6.77384033e+01,7.92183990e+01,1.82388935e+01,4.60535049e-01,5.68324208e-01
5345803-S04-156I3-A-L-C-190-7-1,20.02.2020-15:46:03,1.90000000e+01,6.47276402e-01,8.89278030e+00,2.09543412e-03,2.16206985e+02,7.99942322e+01,1.87420120e+01,1.42708614e-01,2.07297102e-01
5345803-S04-156I3-A-L-C-190-7-1,20.02.2020-15:46:05,1.90000000e+01,6.46695852e-01,8.87155342e+00,1.96568784e-03,2.51626953e+02,8.01435318e+01,1.87153702e+01,1.54790029e-01,2.20149815e-01
5345803-S04-156I3-A-L-C-190-7-1,20.02.2020-15:46:07,1.90000000e+01,6.47823095e-01,8.88884449e+00,2.08830740e-03,2.73211212e+02,8.00642853e+01,1.87659607e+01,1.02349743e-01,1.55408666e-01
5345803-S04-156I3-A-L-C-190-7-1,20.02.2020-15:46:10,1.90000000e+01,6.46681726e-01,8.87739468e+00,1.89447391e-03,2.44623169e+02,8.00620880e+01,1.87082539e+01,8.15745518e-02,1.37395203e-01
5345803-S04-156I3-A-L-C-190-7-1,20.02.2020-15:46:12,2.00000000e+00,6.40785754e-01,8.86027527e+00,2.11251108e-03,5.31401062e+01,7.94436417e+01,1.83590183e+01,4.41270441e-01,5.32317698e-01
5345803-S04-156I3-A-L-C-190-7-1,20.02.2020-15:46:14,1.00000000e+00,6.40197217e-01,8.86439610e+00,2.25102552e-03,7.97819061e+01,7.96778412e+01,1.84047813e+01,3.88592929e-01,4.70184863e-01
5345803-S04-156I3-A-L-C-190-7-1,20.02.2020-15:46:16,2.10000000e+01,6.43724501e-01,8.89554501e+00,2.44511594e-03,7.47143555e+01,7.97698822e+01,1.85926685e+01,3.03534061e-01,3.52882057e-01
5345803-S04-156I3-A-L-C-190-7-1,20.02.2020-15:46:18,2.00000000e+00,6.39942110e-01,8.82379150e+00,2.36088224e-03,5.83454132e+01,7.92619095e+01,1.82175789e+01,4.26358134e-01,5.48893571e-01
5345803-S04-156I3-A-L-C-190-7-1,20.02.2020-15:46:20,3.00000000e+00,6.39260232e-01,8.82159996e+00,2.89718620e-03,8.33403244e+01,7.92369461e+01,1.81879158e+01,3.31483662e-01,4.57216054e-01
5345803-S04-156I3-A-L-C-190-7-1,20.02.2020-15:46:22,2.00000000e+00,6.39345109e-01,8.82391834e+00,2.68588727e-03,7.28706894e+01,7.93584747e+01,1.82230206e+01,3.79858166e-01,4.94117081e-01
5345803-S04-156I3-A-L-C-190-7-1,20.02.2020-15:46:25,2.00000000e+00,6.40267015e-01,8.83279037e+00,2.72656791e-03,4.38546867e+01,7.92069397e+01,1.82327614e+01,5.46735942e-01,6.73290551e-01
5345803-S04-156I3-A-L-C-190-7-1,20.02.2020-15:46:27,2.00000000e+00,6.40650749e-01,8.83510685e+00,2.46182969e-03,5.81570320e+01,7.93804321e+01,1.82884464e+01,4.25610989e-01,5.48177719e-01
5345803-S04-156I3-A-L-C-190-7-1,20.02.2020-15:46:29,2.00000000e+00,6.39321446e-01,8.81003857e+00,2.49330630e-03,7.24390793e+01,7.94724274e+01,1.82198067e+01,3.02940458e-01,4.08011734e-01
5345803-S04-156I3-A-L-C-190-7-1,20.02.2020-15:46:31,2.10000000e+01,6.43951237e-01,8.87765789e+00,2.50027189e-03,3.71790047e+01,7.95674667e+01,1.85147171e+01,5.20974636e-01,6.13117635e-01
5345803-S04-156I3-A-L-C-190-7-1,20.02.2020-15:46:33,2.40000000e+01,6.39984012e-01,8.83659554e+00,2.15946720e-03,9.20659065e+00,7.90090561e+01,1.81870041e+01,2.62274504e+00,3.27673793e+00
5345803-S04-156I3-A-L-C-190-7-1,20.02.2020-15:46:35,2.40000000e+01,6.45522058e-01,8.91887283e+00,2.03824183e-03,8.90598488e+00,7.95447769e+01,1.86407299e+01,2.23198795e+00,2.59062743e+00
5345803-S04-156I3-A-L-C-190-7-1,20.02.2020-15:46:37,2.00000000e+01,6.44691229e-01,8.87038136e+00,2.11291085e-03,1.12506554e+02,7.99618378e+01,1.86125984e+01,1.99046791e-01,3.22374701e-01
5345803-S04-156I3-A-L-C-190-7-1,20.02.2020-15:46:40,2.00000000e+01,6.44966424e-01,8.87314606e+00,2.16668774e-03,1.11478615e+02,8.00166016e+01,1.86391048e+01,2.21879065e-01,3.37826997e-01
5345803-S04-156I3-A-L-C-190-7-1,20.02.2020-15:46:46,2.00000000e+00,6.40682936e-01,8.85442638e+00,1.90077233e-03,4.83212280e+01,7.94988251e+01,1.83566952e+01,5.61647773e-01,6.64672017e-01
5345803-S04-156I3-A-L-C-190-7-1,20.02.2020-15:46:48,2.00000000e+00,6.40620232e-01,8.84068298e+00,2.40654196e-03,5.21043587e+01,7.94762192e+01,1.83211956e+01,5.91764688e-01,7.39239931e-01
5345803-S04-156I3-A-L-C-190-7-1,20.02.2020-15:46:50,2.10000000e+01,6.43471479e-01,8.89064026e+00,2.33219215e-03,8.57305298e+01,7.98417206e+01,1.85918427e+01,2.80143797e-01,3.55391502e-01
5345803-S04-156I3-A-L-C-190-7-1,20.02.2020-15:46:53,2.10000000e+01,6.44032776e-01,8.87356281e+00,2.41411082e-03,1.07804390e+02,7.99365768e+01,1.85943813e+01,2.07585931e-01,3.25355023e-01
5345803-S04-156I3-A-L-C-190-7-1,20.02.2020-15:46:55,1.00000000e+00,6.40967965e-01,8.86466122e+00,2.31328257e-03,9.25020752e+01,7.96695404e+01,1.84255714e+01,2.63200194e-01,3.77393305e-01
5345803-S04-156I3-A-L-C-190-7-1,20.02.2020-15:46:57,1.00000000e+00,6.41880333e-01,8.86678028e+00,2.20574136e-03,9.04063339e+01,7.95852280e+01,1.84366779e+01,3.08447212e-01,4.35455084e-01
5345803-S04-156I3-A-L-C-190-7-1,20.02.2020-15:46:59,1.00000000e+00,6.44391119e-01,8.81881714e+00,2.01462233e-03,6.56915970e+01,7.99677124e+01,1.84971485e+01,3.70721042e-01,5.36927402e-01
5345803-S04-156I3-A-L-C-190-7-1,20.02.2020-15:47:01,1.00000000e+00,6.41037047e-01,8.85248661e+00,2.10238947e-03,5.68188286e+01,7.99814377e+01,1.84742928e+01,4.72051233e-01,7.97816873e-01
5345803-S04-156I3-A-L-C-190-7-1,20.02.2020-15:47:03,1.00000000e+00,6.41171336e-01,8.84966660e+00,1.79479911e-03,4.49278603e+01,8.00237579e+01,1.84820518e+01,5.06365538e-01,6.89316094e-01
5345803-S04-156I3-A-L-C-190-7-1,20.02.2020-15:47:05,2.10000000e+01,6.44389808e-01,8.87805367e+00,2.25090352e-03,5.66397896e+01,7.98619156e+01,1.85967197e+01,4.16452795e-01,5.37683308e-01
5345803-S04-156I3-A-L-C-190-7-1,20.02.2020-15:47:08,2.00000000e+00,6.41311109e-01,8.85755253e+00,2.72181397e-03,6.86311188e+01,7.92323608e+01,1.83195705e+01,3.56712937e-01,4.54435945e-01
5345803-S04-156I3-A-L-C-190-7-1,20.02.2020-15:47:10,1.00000000e+00,6.40382469e-01,8.84007549e+00,2.14482727e-03,8.60129547e+01,7.99091492e+01,1.84128971e+01,2.73323834e-01,3.66189092e-01
5345803-S04-156I3-A-L-C-190-7-1,20.02.2020-15:47:12,1.00000000e+00,6.42581224e-01,8.85437012e+00,2.12158216e-03,1.23424767e+02,7.97965317e+01,1.84799137e+01,1.89878106e-01,2.32890710e-01
5345803-S04-156I3-A-L-C-190-7-1,20.02.2020-15:47:14,1.00000000e+00,6.42378509e-01,8.85323238e+00,2.15950515e-03,8.92585678e+01,7.97356186e+01,1.84576092e+01,3.02872092e-01,3.59701902e-01
5345803-S04-156I3-A-L-C-190-7-1,20.02.2020-15:47:16,2.10000000e+01,6.43234372e-01,8.88287163e+00,2.21503084e-03,9.20029831e+01,7.99190903e+01,1.85867443e+01,2.42827356e-01,3.34751695e-01
5345803-S04-156I3-A-L-C-190-7-1,20.02.2020-15:47:18,2.10000000e+01,6.43111944e-01,8.84695148e+00,2.05111993e-03,1.07567123e+02,7.99501114e+01,1.85152454e+01,2.58859962e-01,3.51973623e-01
5345803-S04-156I3-A-L-C-190-7-1,20.02.2020-15:47:20,1.00000000e+00,6.43915772e-01,8.86146832e+00,2.40370072e-03,1.25960693e+02,7.96315079e+01,1.84948101e+01,1.90101162e-01,2.60035008e-01
5345803-S04-156I3-A-L-C-190-7-1,20.02.2020-15:47:22,1.00000000e+00,6.42942071e-01,8.84738064e+00,2.37176521e-03,1.37724350e+02,7.96438522e+01,1.84403439e+01,2.25010872e-01,3.21640998e-01
5345803-S04-156I3-A-L-C-190-7-1,20.02.2020-15:47:24,1.00000000e+00,6.41509116e-01,8.84768772e+00,1.94614416e-03,8.67785339e+01,7.99091187e+01,1.84611664e+01,2.64400005e-01,3.62724483e-01
5345803-S04-156I3-A-L-C-190-7-1,20.02.2020-15:47:27,2.10000000e+01,6.42061830e-01,8.85711288e+00,1.84529112e-03,1.04238983e+02,8.01088028e+01,1.85429783e+01,2.07713053e-01,3.06619912e-01
5345803-S04-156I3-A-L-C-190-7-1,20.02.2020-15:47:29,2.10000000e+01,6.42394483e-01,8.85126209e+00,1.87243044e-03,1.03778419e+02,8.00419388e+01,1.85248547e+01,2.35075161e-01,3.37203383e-01
5345803-S04-156I3-A-L-C-190-7-1,20.02.2020-15:47:31,2.00000000e+01,6.44898891e-01,8.88673210e+00,2.15155631e-03,4.83449631e+01,7.99614029e+01,1.86528130e+01,5.14906704e-01,6.06536508e-01
5345803-S04-156I3-A-L-C-190-7-1,20.02.2020-15:47:33,2.00000000e+00,6.40636206e-01,8.86179924e+00,2.10729172e-03,8.37614517e+01,7.94604645e+01,1.83617744e+01,3.27079922e-01,3.99754763e-01
5345803-S04-156I3-A-L-C-190-7-1,20.02.2020-15:47:35,2.10000000e+01,6.44228995e-01,8.88931370e+00,2.44957372e-03,9.14938660e+01,7.96974335e+01,1.85773182e+01,3.43077958e-01,4.07092541e-01
5345803-S04-156I3-A-L-C-190-7-1,20.02.2020-15:47:37,1.00000000e+00,6.41722858e-01,8.86530113e+00,1.96074601e-03,4.61553612e+01,7.97748871e+01,1.84729996e+01,4.20873553e-01,5.95317602e-01
5345803-S04-156I3-A-L-C-190-7-1,20.02.2020-15:47:39,3.00000000e+00,6.36820138e-01,8.80017090e+00,2.16750312e-03,4.18141327e+01,7.95112839e+01,1.81370583e+01,8.16552162e-01,2.15852451e+00
5345803-S04-156I3-A-L-C-190-7-1,20.02.2020-15:47:41,2.00000000e+01,6.44446790e-01,8.90640259e+00,2.14797026e-03,4.76891212e+01,7.98970490e+01,1.86659584e+01,4.81965452e-01,6.04317963e-01
5345803-S04-156I3-A-L-C-190-7-1,20.02.2020-15:47:44,2.00000000e+00,6.40763223e-01,8.84329510e+00,2.36887508e-03,3.37252083e+01,7.93597412e+01,1.83038387e+01,6.66136563e-01,9.59388614e-01
5345803-S04-156I3-A-L-C-190-7-1,20.02.2020-15:47:46,2.10000000e+01,6.44691110e-01,8.85864925e+00,2.18355958e-03,3.07640495e+01,7.98278427e+01,1.85568295e+01,8.78348291e-01,1.35755587e+00
5345803-S04-156I3-A-L-C-190-7-1,20.02.2020-15:47:48,2.00000000e+01,6.43961549e-01,8.89491367e+00,2.18097772e-03,4.98734627e+01,7.99327393e+01,1.86361637e+01,5.33454180e-01,6.86860561e-01
5345803-S04-156I3-A-L-C-190-7-1,20.02.2020-15:47:50,2.00000000e+00,6.40120208e-01,8.82730198e+00,2.84639886e-03,7.72362671e+01,7.91622162e+01,1.82069683e+01,3.36234391e-01,4.59708691e-01
5345803-S04-156I3-A-L-C-190-7-1,20.02.2020-15:47:52,2.00000000e+01,6.44248307e-01,8.87836742e+00,2.07675458e-03,7.04820709e+01,8.01477051e+01,1.86598301e+01,2.71305084e-01,4.35877442e-01
5345803-S04-156I3-A-L-C-190-7-1,20.02.2020-15:47:54,2.10000000e+01,6.42605066e-01,8.87011147e+00,2.01498810e-03,6.02702789e+01,7.98363800e+01,1.85226994e+01,3.53194177e-01,4.56250787e-01
5345803-S04-156I3-A-L-C-190-7-1,20.02.2020-15:47:57,2.10000000e+01,6.42679989e-01,8.86961174e+00,1.91454380e-03,1.13903084e+02,7.99904099e+01,1.85595531e+01,1.96635664e-01,3.00904065e-01
5345803-S04-156I3-A-L-C-190-7-1,20.02.2020-15:47:59,2.10000000e+01,6.41194999e-01,8.87128258e+00,1.97605719e-03,7.98706360e+01,8.00192261e+01,1.85268288e+01,2.91217595e-01,3.89037609e-01
5345803-S04-156I3-A-L-C-190-7-1,20.02.2020-15:48:01,1.00000000e+00,6.42366648e-01,8.87671661e+00,2.18694587e-03,2.32993889e+01,7.96127701e+01,1.84777145e+01,1.04691482e+00,1.33795595e+00
5345803-S04-156I3-A-L-C-190-7-1,20.02.2020-15:48:03,1.00000000e+00,6.42856181e-01,8.87893772e+00,2.35566474e-03,2.05163250e+01,7.95983353e+01,1.84930687e+01,1.21284771e+00,1.51902211e+00
5345803-S04-156I3-A-L-C-190-7-1,20.02.2020-15:48:05,2.00000000e+00,6.40490174e-01,8.81468010e+00,2.40106741e-03,2.79462795e+01,7.93314285e+01,1.82303295e+01,8.82660031e-01,1.29340649e+00
5345803-S04-156I3-A-L-C-190-7-1,20.02.2020-15:48:07,1.00000000e+00,6.39694154e-01,8.86047935e+00,2.22313963e-03,4.78222618e+01,7.97693100e+01,1.84032955e+01,4.90186155e-01,7.40546882e-01
5345803-S04-156I3-A-L-C-190-7-1,20.02.2020-15:48:09,2.10000000e+01,6.42525971e-01,8.89595222e+00,2.39066943e-03,4.18014832e+01,7.97345581e+01,1.85506840e+01,6.86078250e-01,9.02497232e-01
5345803-S04-156I3-A-L-C-190-7-1,20.02.2020-15:48:11,2.00000000e+00,6.39963925e-01,8.84954739e+00,2.40511075e-03,5.54894028e+01,7.95929871e+01,1.83476963e+01,5.52392304e-01,8.66106093e-01
5345803-S04-156I3-A-L-C-190-7-1,20.02.2020-15:48:14,3.00000000e+00,6.40294015e-01,8.80367279e+00,2.71825795e-03,5.84654922e+01,7.92089844e+01,1.81738949e+01,4.79928195e-01,8.39225590e-01
5345803-S04-156I3-A-L-C-190-7-1,20.02.2020-15:48:16,9.00000000e+00,6.47526205e-01,8.91239548e+00,2.13368307e-03,7.03859177e+01,8.00780563e+01,1.88102932e+01,4.12444025e-01,5.99704921e-01
5345803-S04-156I3-A-L-C-190-7-1,20.02.2020-15:48:18,1.00000000e+00,6.40899658e-01,8.87135506e+00,2.11052271e-03,6.12216873e+01,7.98483353e+01,1.84788990e+01,5.23717165e-01,7.37616777e-01
5345803-S04-156I3-A-L-C-190-7-1,20.02.2020-15:48:20,2.10000000e+01,6.44316018e-01,8.91956711e+00,2.42174137e-03,5.28603134e+01,7.95106430e+01,1.85993671e+01,4.61153209e-01,5.64866722e-01
5345803-S04-156I3-A-L-C-190-7-1,20.02.2020-15:48:22,2.10000000e+01,6.43761158e-01,8.88529873e+00,2.68168538e-03,6.31975098e+01,7.96065369e+01,1.85342827e+01,4.36099708e-01,5.13950706e-01
5345803-S04-156I3-A-L-C-190-7-1,20.02.2020-15:48:24,2.00000000e+00,6.39814854e-01,8.85353565e+00,2.23616092e-03,1.01377602e+02,7.96337357e+01,1.83610840e+01,2.66739428e-01,3.30832839e-01
5345803-S04-156I3-A-L-C-190-7-1,20.02.2020-15:48:26,2.00000000e+00,6.40224040e-01,8.83069897e+00,2.26574601e-03,7.32380676e+01,7.94733810e+01,1.82885361e+01,3.54706943e-01,4.76603955e-01
5345803-S04-156I3-A-L-C-190-7-1,20.02.2020-15:48:28,2.00000000e+00,6.40366495e-01,8.83707714e+00,2.29493296e-03,7.68667450e+01,7.97598114e+01,1.83717957e+01,3.89810443e-01,5.35880148e-01
5345803-S04-156I3-A-L-C-190-7-1,20.02.2020-15:48:31,2.10000000e+01,6.42368734e-01,8.86118031e+00,2.04628869e-03,1.57269806e+02,7.98815384e+01,1.85077057e+01,1.20734967e-01,2.00848117e-01
5345803-S04-156I3-A-L-C-190-7-1,20.02.2020-15:48:33,2.00000000e+01,6.44534528e-01,8.86265278e+00,2.08339165e-03,1.29478775e+02,8.00913162e+01,1.86219692e+01,1.93998784e-01,3.11083794e-01
5345803-S04-156I3-A-L-C-190-7-1,20.02.2020-15:48:35,2.00000000e+00,6.39414787e-01,8.81532669e+00,1.94333855e-03,9.10874252e+01,8.01128006e+01,1.83803272e+01,3.19033623e-01,6.35580242e-01
5345803-S04-156I3-A-L-C-190-7-1,20.02.2020-15:48:37,2.10000000e+01,6.43355012e-01,8.85653877e+00,2.16800976e-03,1.61949066e+02,7.97849197e+01,1.85040054e+01,2.40420610e-01,3.36060286e-01
5345803-S04-156I3-A-L-C-190-7-1,20.02.2020-15:48:39,2.00000000e+00,6.38634443e-01,8.80597878e+00,1.84791884e-03,1.14650490e+02,7.98857651e+01,1.82864552e+01,2.56845653e-01,3.86801958e-01
5345803-S04-156I3-A-L-C-190-7-1,20.02.2020-15:48:42,1.00000000e+00,6.42246485e-01,8.86150074e+00,2.37808609e-03,8.22341690e+01,7.97384567e+01,1.84717083e+01,3.13000619e-01,4.14204895e-01
5345803-S04-156I3-A-L-C-190-7-1,20.02.2020-15:48:44,3.00000000e+00,6.35443032e-01,8.65400124e+00,1.42126472e-03,1.30216217e+02,8.08226776e+01,1.80907688e+01,3.15814048e-01,6.39166594e-01
5345803-S04-156I3-A-L-C-190-7-1,20.02.2020-15:48:46,2.00000000e+01,6.44911408e-01,8.88948631e+00,2.39280332e-03,1.13610123e+02,7.98781357e+01,1.86395264e+01,2.62137532e-01,3.18411678e-01
5345803-S04-156I3-A-L-C-190-7-1,20.02.2020-15:48:48,2.10000000e+01,6.42704248e-01,8.85693741e+00,1.81085861e-03,1.23633736e+02,7.99938812e+01,1.85345364e+01,2.31897607e-01,3.20355475e-01
5345803-S04-156I3-A-L-C-190-7-1,20.02.2020-15:48:50,2.10000000e+01,6.42686367e-01,8.85485649e+00,1.94493250e-03,7.77986679e+01,8.00561523e+01,1.85440922e+01,3.11272144e-01,5.05890965e-01
5345803-S04-156I3-A-L-C-190-7-1,20.02.2020-15:48:52,2.10000000e+01,6.44665658e-01,8.87051868e+00,2.67131906e-03,3.58426170e+01,7.94834976e+01,1.85008106e+01,6.97845340e-01,8.09330642e-01
5345803-S04-156I3-A-L-C-190-7-1,20.02.2020-15:48:54,9.00000000e+00,6.47467613e-01,8.88749218e+00,1.84060447e-03,2.33036530e+02,8.03549652e+01,1.88208904e+01,9.60826650e-02,2.08232820e-01
5345803-S04-156I3-A-L-C-190-7-1,20.02.2020-15:48:56,2.00000000e+00,6.39340401e-01,8.73914337e+00,1.73849356e-03,3.36797974e+02,8.01842270e+01,1.82356033e+01,2.57462531e-01,3.69797087e+00
5345803-S04-156I3-A-L-C-190-7-1,20.02.2020-15:48:59,1.00000000e+00,6.40680254e-01,8.82665730e+00,1.68023747e-03,4.49594452e+02,8.03357162e+01,1.84916840e+01,8.16376135e-02,2.70513952e-01
5345803-S04-156I3-A-L-C-190-7-1,20.02.2020-15:49:01,1.90000000e+01,6.46527648e-01,8.87537956e+00,1.76927983e-03,2.57683990e+02,8.04539185e+01,1.87910671e+01,9.91728976e-02,2.44801611e-01
5345803-S04-156I3-A-L-C-190-7-1,20.02.2020-15:49:03,2.00000000e+00,6.39085591e-01,8.77738762e+00,2.14872416e-03,6.23658867e+01,7.99605331e+01,1.82570305e+01,5.61438799e-01,2.70863605e+00
5345803-S04-156I3-A-L-C-190-7-1,20.02.2020-15:49:05,9.00000000e+00,6.46467507e-01,8.89490891e+00,2.07283720e-03,2.44521301e+02,8.03594437e+01,1.88085499e+01,1.11926049e-01,2.12701514e-01
5345803-S04-156I3-A-L-C-190-7-1,20.02.2020-15:49:07,2.00000000e+00,6.39216840e-01,8.77061844e+00,2.05904176e-03,1.86399078e+02,7.99931030e+01,1.82541313e+01,2.91870713e-01,2.32567048e+00
5345803-S04-156I3-A-L-C-190-7-1,20.02.2020-15:49:09,1.90000000e+01,6.46473587e-01,8.87572861e+00,1.95647636e-03,5.03573822e+02,8.04265976e+01,1.87838535e+01,8.26618522e-02,2.16658682e-01
5345803-S04-156I3-A-L-C-190-7-1,20.02.2020-15:49:11,1.90000000e+01,6.46410823e-01,8.86511040e+00,1.79198547e-03,2.12158508e+02,8.04256058e+01,1.87593288e+01,1.30904481e-01,2.97707677e-01
5345803-S04-156I3-A-L-C-190-7-1,20.02.2020-15:49:13,1.00000000e+00,6.41221523e-01,8.81106853e+00,1.94756733e-03,3.27225403e+02,8.02339935e+01,1.84512272e+01,1.96000814e-01,1.89595234e+00
5345803-S04-156I3-A-L-C-190-7-1,20.02.2020-15:49:16,1.00000000e+00,6.39365017e-01,8.84665203e+00,1.73124892e-03,1.42969406e+02,8.01392899e+01,1.84503002e+01,1.46460950e-01,2.85006553e-01
5345803-S04-156I3-A-L-C-190-7-1,20.02.2020-15:49:18,2.10000000e+01,6.41795635e-01,8.83922768e+00,1.85303390e-03,2.96457550e+02,8.03140869e+01,1.85452633e+01,1.23512141e-01,5.49262702e-01
5345803-S04-156I3-A-L-C-190-7-1,20.02.2020-15:49:20,2.10000000e+01,6.41439199e-01,8.86525917e+00,1.92531175e-03,1.79514786e+02,8.01223145e+01,1.85451603e+01,1.34995893e-01,2.43900925e-01
5345803-S04-156I3-A-L-C-190-7-1,20.02.2020-15:49:22,2.00000000e+00,6.38706505e-01,8.72502136e+00,1.64632231e-03,2.41920319e+02,8.03510208e+01,1.82259178e+01,2.89460927e-01,3.67841411e+00
5345803-S04-156I3-A-L-C-190-7-1,20.02.2020-15:49:24,9.00000000e+00,6.47223353e-01,8.85615158e+00,1.82072981e-03,4.36127319e+02,8.07454453e+01,1.88385487e+01,6.32911995e-02,2.73461759e-01
5345803-S04-156I3-A-L-C-190-7-1,20.02.2020-15:49:26,2.10000000e+01,6.40079677e-01,8.83716106e+00,1.71717431e-03,2.17805206e+02,8.04226837e+01,1.85163593e+01,1.06238663e-01,2.43214786e-01
5345803-S04-156I3-A-L-C-190-7-1,20.02.2020-15:49:28,3.00000000e+00,6.38712525e-01,8.71230030e+00,1.68261386e-03,2.62274689e+02,8.03137817e+01,1.81910839e+01,2.68145055e-01,3.65189004e+00
5345803-S04-156I3-A-L-C-190-7-1,20.02.2020-15:49:31,9.00000000e+00,6.47637188e-01,8.86520863e+00,1.79623032e-03,6.07438416e+02,8.06827469e+01,1.88552208e+01,5.86810969e-02,4.07042474e-01
5345803-S04-156I3-A-L-C-190-7-1,20.02.2020-15:49:33,9.00000000e+00,6.47005856e-01,8.86440372e+00,1.79793150e-03,3.31759827e+02,8.07639313e+01,1.88540802e+01,9.88561958e-02,3.32759291e-01
5345803-S04-156I3-A-L-C-190-7-1,20.02.2020-15:49:35,1.90000000e+01,6.46410644e-01,8.85888958e+00,1.98623235e-03,2.88429108e+02,8.03886719e+01,1.87375507e+01,1.29792944e-01,3.82369697e-01
5345803-S04-156I3-A-L-C-190-7-1,20.02.2020-15:49:37,1.90000000e+01,6.45835817e-01,8.87647629e+00,1.84934796e-03,2.42958908e+02,8.04159012e+01,1.87644062e+01,8.61140415e-02,1.68285474e-01
5345803-S04-156I3-A-L-C-190-7-1,20.02.2020-15:49:39,2.10000000e+01,6.41903520e-01,8.84510136e+00,1.73914048e-03,3.01159668e+02,8.00733261e+01,1.85050659e+01,8.29769745e-02,2.06881508e-01
5345803-S04-156I3-A-L-C-190-7-1,20.02.2020-15:49:41,2.10000000e+01,6.41891301e-01,8.84259415e+00,1.84497004e-03,2.87663086e+02,8.01904373e+01,1.85265255e+01,8.84696469e-02,2.41489008e-01
5345803-S04-156I3-A-L-C-190-7-1,20.02.2020-15:49:43,2.10000000e+01,6.42139375e-01,8.85697174e+00,1.81467878e-03,2.38884857e+02,8.03079453e+01,1.85910225e+01,1.42317668e-01,2.86055297e-01
5345803-S04-156I3-A-L-C-190-7-1,20.02.2020-15:49:45,2.00000000e+00,6.39091134e-01,8.78220940e+00,1.68969773e-03,1.48408066e+02,7.99925919e+01,1.82745438e+01,2.37134963e-01,7.41243839e-01
5345803-S04-156I3-A-L-C-190-7-1,20.02.2020-15:49:47,2.00000000e+00,6.39181674e-01,8.80250835e+00,2.14483053e-03,1.86155579e+02,7.96788025e+01,1.82475147e+01,1.97780356e-01,5.73117971e-01
5345803-S04-156I3-A-L-C-190-7-1,20.02.2020-15:49:49,2.00000000e+01,6.44809723e-01,8.87596226e+00,2.14950647e-03,4.55462555e+02,8.00435562e+01,1.86467686e+01,7.28599727e-02,2.49537647e-01
5345803-S04-156I3-A-L-C-190-7-1,20.02.2020-15:49:52,3.00000000e+00,6.38041317e-01,8.71868420e+00,1.84451567e-03,5.15658020e+02,8.03621063e+01,1.81962242e+01,2.90098011e-01,3.61629081e+00
5345803-S04-156I3-A-L-C-190-7-1,20.02.2020-15:49:54,2.10000000e+01,6.42210722e-01,8.80738258e+00,1.52509613e-03,2.49526886e+02,8.05448532e+01,1.85435295e+01,1.45406336e-01,1.33788264e+00
5345803-S04-156I3-A-L-C-190-7-1,20.02.2020-15:49:56,9.00000000e+00,6.47070765e-01,8.86481476e+00,1.99577212e-03,3.42026398e+02,8.06423111e+01,1.88284512e+01,6.72046840e-02,2.96198726e-01
5345803-S04-156I3-A-L-C-190-7-1,20.02.2020-15:49:58,9.00000000e+00,6.46948695e-01,8.86013222e+00,1.81613560e-03,4.86120087e+02,8.07697678e+01,1.88446922e+01,6.11420274e-02,3.39119375e-01
5345803-S04-156I3-A-L-C-190-7-1,20.02.2020-15:50:00,2.10000000e+01,6.41031682e-01,8.83616924e+00,1.70755351e-03,2.43117828e+02,8.03046494e+01,1.85146027e+01,1.31126747e-01,3.40310961e-01
5345803-S04-156I3-A-L-C-190-7-1,20.02.2020-15:50:02,2.00000000e+00,6.38669729e-01,8.71718788e+00,1.66910130e-03,3.33673218e+02,8.03845215e+01,1.82160988e+01,2.38237515e-01,3.63026977e+00
5345803-S04-156I3-A-L-C-190-7-1,20.02.2020-15:50:04,1.00000000e+00,6.40510142e-01,8.82417583e+00,1.87830813e-03,3.26798157e+02,8.02141800e+01,1.84536190e+01,7.23090544e-02,1.91812247e-01
5345803-S04-156I3-A-L-C-190-7-1,20.02.2020-15:50:06,2.00000000e+01,6.43818021e-01,8.87881088e+00,1.91345462e-03,3.57263580e+02,8.01341934e+01,1.86451550e+01,5.94391115e-02,8.74290913e-02
5345803-S04-156I3-A-L-C-190-7-1,20.02.2020-15:50:08,2.10000000e+01,6.40146196e-01,8.87053585e+00,1.99232204e-03,2.64908081e+02,8.00944138e+01,1.85123482e+01,1.14326395e-01,2.19760567e-01
5345803-S04-156I3-A-L-C-190-7-1,20.02.2020-15:50:10,2.10000000e+01,6.41689181e-01,8.83410358e+00,1.87964970e-03,2.30478455e+02,8.03548279e+01,1.85408363e+01,1.06310710e-01,4.98049825e-01
5345803-S04-156I3-A-L-C-190-7-1,20.02.2020-15:50:13,2.10000000e+01,6.41216040e-01,8.81707668e+00,1.72735995e-03,2.67493561e+02,8.04221649e+01,1.85069542e+01,1.12532735e-01,4.96847928e-01
5345803-S04-156I3-A-L-C-190-7-1,20.02.2020-15:50:15,2.00000000e+01,6.45143926e-01,8.90235233e+00,1.86594925e-03,3.21039001e+02,7.99165726e+01,1.86822166e+01,8.66579562e-02,1.10683784e-01
5345803-S04-156I3-A-L-C-190-7-1,20.02.2020-15:50:17,2.10000000e+01,6.41839802e-01,8.88312149e+00,2.06021778e-03,2.11398849e+02,7.99307404e+01,1.85496750e+01,2.26661563e-01,4.89270121e-01
5345803-S04-156I3-A-L-C-190-7-1,20.02.2020-15:50:19,1.90000000e+01,6.41653597e-01,8.93312168e+00,1.73026847e-03,8.44514694e+01,8.02345200e+01,1.87195492e+01,2.47810408e-01,4.20474321e-01
5345803-S04-156I3-A-L-C-190-7-1,20.02.2020-15:50:21,1.90000000e+01,6.42867744e-01,8.92175484e+00,1.86581200e-03,1.18061707e+02,8.02945023e+01,1.87451077e+01,2.00580508e-01,4.73653942e-01
5345803-S04-156I3-A-L-C-190-7-1,20.02.2020-15:50:23,2.00000000e+00,6.38063252e-01,8.80033302e+00,1.81129703e-03,1.36688217e+02,8.02547684e+01,1.83427258e+01,2.64848948e-01,1.14052892e+00
5345803-S04-156I3-A-L-C-190-7-1,20.02.2020-15:50:25,2.00000000e+00,6.38932347e-01,8.76180649e+00,2.22931942e-03,1.81956833e+02,7.99372482e+01,1.82149467e+01,2.94979185e-01,2.23780298e+00
5345803-S04-156I3-A-L-C-190-7-1,20.02.2020-15:50:27,1.90000000e+01,6.46392763e-01,8.84949398e+00,2.10388377e-03,2.32100098e+02,8.03439941e+01,1.87067585e+01,1.31736785e-01,4.77396429e-01
5345803-S04-156I3-A-L-C-190-7-1,20.02.2020-15:50:29,1.90000000e+01,6.46859527e-01,8.85645866e+00,1.90213672e-03,2.61522064e+02,8.04184265e+01,1.87523556e+01,1.56068861e-01,4.87665325e-01
5345803-S04-156I3-A-L-C-190-7-1,20.02.2020-15:50:32,1.90000000e+01,6.45183802e-01,8.87206554e+00,2.09444878e-03,1.03031006e+02,8.04352188e+01,1.87406483e+01,2.40756020e-01,3.94467771e-01
5345803-S04-156I3-A-L-C-190-7-1,20.02.2020-15:50:34,1.90000000e+01,6.46340847e-01,8.86702251e+00,1.83316611e-03,8.42902222e+01,8.03363190e+01,1.87405148e+01,2.36953646e-01,3.92667413e-01
5345803-S04-156I3-A-L-C-190-7-1,20.02.2020-15:50:36,1.00000000e+00,6.40492499e-01,8.83737373e+00,2.02269619e-03,4.03252014e+02,8.01702576e+01,1.84705887e+01,1.09374098e-01,3.08284312e-01
5345803-S04-156I3-A-L-C-190-7-1,20.02.2020-15:50:38,2.00000000e+00,6.39386058e-01,8.73642921e+00,1.71802484e-03,7.34876099e+02,8.02983475e+01,1.82571888e+01,2.08048061e-01,3.32787776e+00
5345803-S04-156I3-A-L-C-190-7-1,20.02.2020-15:50:40,2.10000000e+01,6.40838385e-01,8.84660625e+00,1.70350936e-03,2.40996414e+02,8.03419113e+01,1.85394802e+01,1.02447599e-01,2.25913167e-01
5345803-S04-156I3-A-L-C-190-7-1,20.02.2020-15:50:42,1.00000000e+00,6.41194761e-01,8.83773232e+00,2.24774959e-03,2.20487518e+02,7.99016037e+01,1.84296227e+01,9.11757648e-02,2.11056635e-01
5345803-S04-156I3-A-L-C-190-7-1,20.02.2020-15:50:44,2.10000000e+01,6.43398345e-01,8.84449768e+00,2.10400554e-03,2.96383881e+02,8.01453247e+01,1.85635700e+01,1.53550893e-01,5.38283885e-01
5345803-S04-156I3-A-L-C-190-7-1,20.02.2020-15:50:46,1.30000000e+01,6.32031441e-01,8.65330696e+00,1.64258108e-03,1.92346359e+02,8.06605530e+01,1.79561081e+01,2.75121540e-01,2.56558919e+00
5345803-S04-156I3-A-L-C-190-7-1,20.02.2020-15:50:48,2.10000000e+01,6.44476831e-01,8.85642052e+00,2.15178030e-03,1.94137054e+02,7.99890442e+01,1.85834465e+01,1.86207354e-01,3.02522719e-01
5345803-S04-156I3-A-L-C-190-7-1,20.02.2020-15:50:50,2.10000000e+01,6.46367431e-01,8.85510159e+00,2.20867642e-03,1.64685562e+02,7.96888046e+01,1.85652390e+01,2.04656810e-01,3.20640773e-01
5345803-S04-156I3-A-L-C-190-7-1,20.02.2020-15:50:53,2.10000000e+01,6.44534886e-01,8.87466240e+00,2.12442758e-03,2.19573944e+02,7.97751389e+01,1.85735970e+01,2.32826084e-01,5.33719897e-01
5345803-S04-156I3-A-L-C-190-7-1,20.02.2020-15:50:55,2.10000000e+01,6.42736554e-01,8.84678650e+00,1.76086009e-03,2.66557220e+02,7.99380188e+01,1.85012970e+01,2.16525361e-01,7.53492236e-01
5345803-S04-156I3-A-L-C-190-7-1,20.02.2020-15:50:57,1.00000000e+00,6.40997291e-01,8.84946918e+00,2.16747099e-03,2.70388977e+02,7.98091736e+01,1.84270763e+01,1.45438716e-01,4.02886391e-01
5345803-S04-156I3-A-L-C-190-7-1,20.02.2020-15:50:59,2.10000000e+01,6.45933986e-01,8.84519577e+00,2.20926479e-03,2.58590820e+02,7.97142181e+01,1.85379429e+01,1.14892960e-01,2.17051551e-01
5345803-S04-156I3-A-L-C-190-7-1,20.02.2020-15:51:01,9.00000000e+00,6.47414744e-01,8.92273808e+00,1.94138905e-03,3.16876495e+02,8.03585739e+01,1.88948383e+01,8.30725059e-02,1.19016290e-01
5345803-S04-156I3-A-L-C-190-7-1,20.02.2020-15:51:03,9.00000000e+00,6.46969974e-01,8.92198658e+00,1.79440575e-03,1.63730515e+02,8.03912506e+01,1.88879433e+01,2.38456324e-01,2.82284617e-01
5345803-S04-156I3-A-L-C-190-7-1,20.02.2020-15:51:05,2.10000000e+01,6.41308784e-01,8.90308189e+00,1.99699379e-03,2.13092972e+02,7.97835464e+01,1.85417671e+01,1.25500560e-01,1.47152498e-01
5345803-S04-156I3-A-L-C-190-7-1,20.02.2020-15:51:07,1.90000000e+01,6.46227598e-01,8.88821030e+00,1.93544233e-03,1.91083725e+02,8.02820816e+01,1.87693253e+01,2.11663395e-01,2.51051545e-01
5345803-S04-156I3-A-L-C-190-7-1,20.02.2020-15:51:09,1.90000000e+01,6.47180200e-01,8.88137531e+00,1.98104861e-03,5.75294739e+02,8.01146545e+01,1.87433681e+01,7.31024966e-02,1.26211941e-01
5345803-S04-156I3-A-L-C-190-7-1,20.02.2020-15:51:12,2.10000000e+01,6.43221080e-01,8.85958576e+00,2.09311745e-03,3.67440826e+02,8.00854187e+01,1.85762196e+01,1.13239892e-01,2.84906626e-01
5345803-S04-156I3-A-L-C-190-7-1,20.02.2020-15:51:14,9.00000000e+00,6.47504091e-01,8.93464661e+00,1.99104543e-03,3.11279175e+02,8.02246628e+01,1.88911324e+01,1.85502350e-01,2.38437220e-01
5345803-S04-156I3-A-L-C-190-7-1,20.02.2020-15:51:16,1.00000000e+00,6.39627695e-01,8.90241909e+00,1.98772061e-03,1.85962006e+02,7.94754562e+01,1.84203777e+01,1.35948226e-01,1.83901295e-01
5345803-S04-156I3-A-L-C-190-7-1,20.02.2020-15:51:18,1.00000000e+00,6.39736235e-01,8.89717865e+00,1.82904676e-03,2.08881180e+02,7.94687347e+01,1.84111004e+01,1.63817987e-01,2.13494807e-01
5345803-S04-156I3-A-L-C-190-7-1,20.02.2020-15:51:20,1.90000000e+01,6.46963060e-01,8.88062859e+00,1.95157784e-03,5.26905151e+02,8.01588516e+01,1.87458382e+01,1.17888495e-01,1.91200554e-01
5345803-S04-156I3-A-L-C-190-7-1,20.02.2020-15:51:22,2.10000000e+01,6.44249737e-01,8.87347221e+00,1.93769881e-03,1.34165421e+02,7.97918015e+01,1.85667667e+01,2.51503289e-01,4.00885642e-01
5345803-S04-156I3-A-L-C-190-7-1,20.02.2020-15:51:24,2.10000000e+01,6.43662810e-01,8.87429047e+00,2.02337559e-03,1.12834618e+02,7.99163055e+01,1.85805111e+01,3.41614664e-01,5.35215020e-01
5345803-S04-156I3-A-L-C-190-7-1,20.02.2020-15:51:26,2.00000000e+01,6.44448876e-01,8.86483669e+00,1.88017148e-03,1.88354156e+02,8.01980591e+01,1.86489010e+01,1.65566444e-01,3.12531054e-01
5345803-S04-156I3-A-L-C-190-7-1,20.02.2020-15:51:28,1.00000000e+00,6.42304361e-01,8.85428524e+00,2.02993630e-03,2.89470917e+02,7.99105377e+01,1.84981632e+01,1.54022932e-01,5.18165588e-01
5345803-S04-156I3-A-L-C-190-7-1,20.02.2020-15:51:30,1.00000000e+00,6.42575264e-01,8.86011505e+00,2.20171502e-03,3.24255493e+02,7.98061905e+01,1.84939690e+01,2.16848761e-01,6.24073625e-01
5345803-S04-156I3-A-L-C-190-7-1,20.02.2020-15:51:32,1.90000000e+01,6.45055115e-01,8.92682457e+00,1.77274446e-03,4.34190887e+02,8.00547485e+01,1.87633801e+01,8.32408518e-02,1.06420822e-01
5345803-S04-156I3-A-L-C-190-7-1,20.02.2020-15:51:35,1.90000000e+01,6.45602763e-01,8.93602371e+00,2.19772523e-03,3.35811279e+02,7.99409409e+01,1.87719402e+01,1.60222605e-01,1.98092803e-01
5345803-S04-156I3-A-L-C-190-7-1,20.02.2020-15:51:37,1.00000000e+00,6.42337739e-01,8.84884357e+00,2.23586522e-03,1.93697983e+02,7.96601410e+01,1.84298248e+01,2.35692695e-01,6.77765429e-01
5345803-S04-156I3-A-L-C-190-7-1,20.02.2020-15:51:39,1.90000000e+01,6.45766020e-01,8.90157890e+00,1.80948339e-03,1.86247528e+02,8.01638412e+01,1.87564640e+01,1.69237122e-01,2.41777450e-01
5345803-S04-156I3-A-L-C-190-7-1,20.02.2020-15:51:41,2.00000000e+01,6.45945072e-01,8.87445450e+00,2.17638095e-03,3.46787476e+02,8.01445007e+01,1.86999817e+01,1.29759595e-01,2.63652235e-01
5345803-S04-156I3-A-L-C-190-7-1,20.02.2020-15:51:43,2.10000000e+01,6.43372416e-01,8.85460091e+00,2.04166328e-03,1.34190170e+02,7.98627167e+01,1.85184956e+01,2.53028214e-01,5.27857244e-01
5345803-S04-156I3-A-L-C-190-7-1,20.02.2020-15:51:47,2.10000000e+01,6.40969872e-01,8.86531448e+00,1.91847328e-03,1.52271851e+02,8.00297546e+01,1.85102978e+01,1.85052797e-01,2.65454113e-01
5345803-S04-156I3-A-L-C-190-7-1,20.02.2020-15:51:49,1.00000000e+00,6.41297698e-01,8.83452702e+00,2.11797864e-03,1.74291733e+02,7.99778748e+01,1.84434853e+01,1.79543421e-01,2.19454810e-01
5345803-S04-156I3-A-L-C-190-7-1,20.02.2020-15:51:51,2.10000000e+01,6.42000675e-01,8.86283112e+00,1.73222192e-03,1.92154404e+02,8.01478577e+01,1.85622272e+01,1.37284681e-01,1.69761270e-01
5345803-S04-156I3-A-L-C-190-7-1,20.02.2020-15:51:53,1.00000000e+00,6.39949143e-01,8.82700634e+00,2.01062928e-03,9.34648819e+01,8.00954590e+01,1.84160709e+01,3.24382573e-01,4.90462542e-01
5345803-S04-156I3-A-L-C-190-7-1,20.02.2020-15:51:56,1.00000000e+00,6.40937507e-01,8.83805656e+00,2.02627457e-03,1.05110977e+02,8.01036911e+01,1.84695015e+01,1.76794931e-01,2.16620162e-01
5345803-S04-156I3-A-L-C-190-7-1,20.02.2020-15:51:58,2.10000000e+01,6.41587317e-01,8.83500385e+00,1.92590139e-03,1.92595047e+02,8.03030853e+01,1.85278454e+01,2.56349742e-01,4.37801421e-01
5345803-S04-156I3-A-L-C-190-7-1,20.02.2020-15:52:00,1.00000000e+00,6.41356230e-01,8.81885719e+00,1.62548758e-03,1.12102112e+02,8.03365326e+01,1.84950237e+01,2.68416733e-01,4.96360749e-01
5345803-S04-156I3-A-L-C-190-7-1,20.02.2020-15:52:02,2.00000000e+01,6.43816829e-01,8.87868118e+00,2.02318188e-03,2.05784195e+02,8.01550827e+01,1.86497097e+01,1.62585452e-01,2.09503442e-01
5345803-S04-156I3-A-L-C-190-7-1,20.02.2020-15:52:04,2.00000000e+01,6.42824113e-01,8.87389851e+00,2.09389580e-03,1.08538147e+02,8.01120377e+01,1.86009274e+01,2.57800281e-01,3.97434354e-01
5345803-S04-156I3-A-L-C-190-7-1,20.02.2020-15:52:06,2.10000000e+01,6.41597450e-01,8.84516621e+00,1.84390217e-03,8.78092728e+01,8.02304840e+01,1.85326805e+01,2.59786248e-01,4.32522953e-01
5345803-S04-156I3-A-L-C-190-7-1,20.02.2020-15:52:08,1.00000000e+00,6.42271042e-01,8.85121918e+00,2.03585136e-03,1.19498924e+02,7.98942795e+01,1.84870377e+01,2.71719605e-01,4.76326913e-01
5345803-S04-156I3-A-L-C-190-7-1,20.02.2020-15:52:10,2.10000000e+01,6.42868936e-01,8.90594864e+00,2.14307359e-03,9.15553741e+01,7.98028717e+01,1.85973606e+01,2.92205334e-01,4.15898025e-01
5345803-S04-156I3-A-L-C-190-7-1,20.02.2020-15:52:12,2.10000000e+01,6.40644908e-01,8.88333607e+00,1.95802352e-03,8.93327103e+01,8.00152969e+01,1.85351753e+01,4.83643323e-01,5.97357512e-01
5345803-S04-156I3-A-L-C-190-7-1,20.02.2020-15:52:14,1.90000000e+01,6.44057572e-01,8.91103649e+00,2.04621325e-03,1.01334221e+02,8.01616592e+01,1.87262077e+01,3.11520398e-01,3.91590804e-01
5345803-S04-156I3-A-L-C-190-7-1,20.02.2020-15:52:16,2.10000000e+01,6.44758523e-01,8.87538815e+00,1.98802375e-03,1.11413277e+02,7.98526230e+01,1.85996113e+01,2.77561575e-01,3.56594592e-01
5345803-S04-156I3-A-L-C-190-7-1,20.02.2020-15:52:19,1.90000000e+01,6.43940032e-01,8.89845276e+00,1.84959662e-03,1.58817764e+02,8.02486267e+01,1.87166328e+01,2.74219185e-01,3.96010399e-01
5345803-S04-156I3-A-L-C-190-7-1,20.02.2020-15:52:21,2.00000000e+01,6.42351151e-01,8.91410351e+00,2.17491062e-03,1.48974731e+02,7.99462357e+01,1.86328106e+01,1.83501393e-01,2.16628745e-01
5345803-S04-156I3-A-L-C-190-7-1,20.02.2020-15:52:23,2.00000000e+01,6.41319692e-01,8.90744781e+00,1.99410389e-03,1.92438980e+02,8.00140610e+01,1.86047726e+01,1.99773818e-01,2.81456321e-01
5345803-S04-156I3-A-L-C-190-7-1,20.02.2020-15:52:25,2.00000000e+01,6.43252790e-01,8.91082764e+00,1.61921093e-03,1.07269623e+02,7.98968048e+01,1.86405754e+01,3.71352017e-01,4.30546939e-01
5345803-S04-156I3-A-L-C-190-7-1,20.02.2020-15:52:27,2.10000000e+01,6.40894473e-01,8.88481522e+00,1.92929013e-03,1.48687302e+02,8.00674362e+01,1.85575676e+01,2.38190964e-01,3.23272049e-01
5345803-S04-156I3-A-L-C-190-7-1,20.02.2020-15:52:29,2.00000000e+01,6.42187536e-01,8.89851761e+00,1.78217888e-03,1.54498062e+02,8.00057907e+01,1.86093483e+01,2.76337475e-01,3.60299468e-01
5345803-S04-156I3-A-L-C-190-7-1,20.02.2020-15:52:31,2.00000000e+01,6.43496275e-01,8.89446449e+00,2.09918804e-03,2.41600296e+02,8.02563171e+01,1.86971436e+01,1.93936273e-01,2.78339773e-01
5345803-S04-156I3-A-L-C-190-7-1,20.02.2020-15:52:33,2.00000000e+01,6.44200444e-01,8.90211964e+00,2.09917105e-03,1.41136200e+02,8.00961838e+01,1.86963329e+01,2.70714402e-01,3.61078829e-01
5345803-S04-156I3-A-L-C-190-7-1,20.02.2020-15:52:35,2.00000000e+01,6.42660975e-01,8.90520287e+00,1.80368929e-03,2.01550598e+02,7.99713821e+01,1.86290417e+01,1.93042547e-01,2.27384567e-01
5345803-S04-156I3-A-L-C-190-7-1,20.02.2020-15:52:38,2.00000000e+01,6.43501401e-01,8.91397190e+00,1.78371137e-03,1.09930237e+02,7.98922577e+01,1.86532974e+01,2.79588521e-01,3.26854020e-01
5345803-S04-156I3-A-L-C-190-7-1,20.02.2020-15:52:40,2.10000000e+01,6.42163157e-01,8.84119511e+00,1.78494107e-03,2.87823669e+02,8.02083511e+01,1.85355797e+01,7.30763674e-02,9.74985436e-02
5345803-S04-156I3-A-L-C-190-7-1,20.02.2020-15:52:42,1.00000000e+00,6.41495943e-01,8.82947254e+00,1.99860195e-03,2.03665192e+02,8.00805435e+01,1.84623032e+01,9.10546780e-02,1.21809721e-01
5345803-S04-156I3-A-L-C-190-7-1,20.02.2020-15:52:44,2.10000000e+01,6.41924977e-01,8.83522129e+00,1.52233487e-03,1.40420288e+02,8.01765594e+01,1.85088463e+01,1.34276643e-01,1.63975909e-01
5345803-S04-156I3-A-L-C-190-7-1,20.02.2020-15:52:46,2.10000000e+01,6.41969085e-01,8.85208225e+00,2.14140676e-03,2.85963806e+02,7.99848938e+01,1.85011063e+01,8.90422910e-02,1.12426989e-01
5345803-S04-156I3-A-L-C-190-7-1,20.02.2020-15:52:48,2.10000000e+01,6.42343223e-01,8.85235119e+00,1.97990355e-03,1.64471878e+02,8.00428314e+01,1.85258617e+01,1.24355383e-01,1.55147702e-01
5345803-S04-156I3-A-L-C-190-7-1,20.02.2020-15:52:50,2.10000000e+01,6.41893744e-01,8.85160542e+00,1.81682105e-03,4.32317780e+02,8.02241669e+01,1.85532780e+01,7.31921867e-02,1.01653218e-01
5345803-S04-156I3-A-L-C-190-7-1,20.02.2020-15:52:52,2.00000000e+01,6.44681633e-01,8.89340973e+00,1.85842393e-03,6.21166504e+02,8.00294876e+01,1.86764297e+01,5.22050969e-02,8.78993571e-02
5345803-S04-156I3-A-L-C-190-7-1,20.02.2020-15:52:54,2.00000000e+01,6.42577231e-01,8.87627697e+00,2.00292957e-03,3.77733643e+02,8.01527023e+01,1.86082077e+01,6.08870462e-02,1.05619311e-01
5345803-S04-156I3-A-L-C-190-7-1,20.02.2020-15:52:57,1.00000000e+00,6.40114844e-01,8.84761333e+00,1.71714509e-03,6.78777527e+02,7.99237823e+01,1.84242668e+01,7.12234527e-02,1.41280890e-01
5345803-S04-156I3-A-L-C-190-7-1,20.02.2020-15:52:59,2.10000000e+01,6.43553436e-01,8.85063553e+00,2.11133249e-03,3.08352692e+02,8.01772308e+01,1.85883255e+01,1.10250130e-01,4.11053598e-01
5345803-S04-156I3-A-L-C-190-7-1,20.02.2020-15:53:01,2.10000000e+01,6.42181575e-01,8.84753323e+00,2.06417567e-03,3.70620605e+02,8.01183777e+01,1.85285892e+01,7.36988708e-02,3.60024124e-01
5345803-S04-156I3-A-L-C-190-7-1,20.02.2020-15:53:03,2.00000000e+01,6.44215167e-01,8.86718750e+00,1.86559407e-03,1.83901947e+02,8.03591232e+01,1.86845322e+01,1.38273567e-01,2.41052166e-01
5345803-S04-156I3-A-L-C-190-7-1,20.02.2020-15:53:05,2.00000000e+01,6.44436538e-01,8.85535240e+00,1.75109063e-03,3.13220764e+02,8.03510437e+01,1.86641273e+01,1.15865029e-01,2.63321966e-01
5345803-S04-156I3-A-L-C-190-7-1,20.02.2020-15:53:07,2.00000000e+01,6.44585431e-01,8.86442852e+00,1.78899744e-03,2.42542679e+02,8.02017136e+01,1.86528435e+01,1.03891969e-01,2.28192493e-01
5345803-S04-156I3-A-L-C-190-7-1,20.02.2020-15:53:09,2.00000000e+01,6.43415868e-01,8.86118221e+00,1.92624261e-03,1.65755508e+02,8.04366608e+01,1.86667042e+01,1.22431733e-01,2.65360564e-01
5345803-S04-156I3-A-L-C-190-7-1,20.02.2020-15:53:11,2.00000000e+01,6.44384623e-01,8.85009193e+00,1.83394761e-03,3.19138184e+02,8.03208237e+01,1.86445236e+01,9.04957503e-02,1.90033257e-01
5345803-S04-156I3-A-L-C-190-7-1,20.02.2020-15:53:13,2.10000000e+01,6.42300189e-01,8.84692192e+00,1.88164983e-03,3.00272461e+02,8.02843857e+01,1.85691280e+01,9.30279121e-02,4.73938078e-01
5345803-S04-156I3-A-L-C-190-7-1,20.02.2020-15:53:16,1.90000000e+01,6.45100892e-01,8.86936188e+00,1.97507301e-03,2.16155350e+02,8.03683014e+01,1.87169456e+01,9.94407982e-02,3.38726491e-01
5345803-S04-156I3-A-L-C-190-7-1,20.02.2020-15:53:18,2.00000000e+01,6.43912077e-01,8.84606457e+00,1.84660964e-03,2.75949707e+02,8.03670273e+01,1.86330872e+01,8.99532288e-02,3.85836899e-01
5345803-S04-156I3-A-L-C-190-7-1,20.02.2020-15:53:20,1.00000000e+00,6.39970064e-01,8.85910511e+00,1.94050861e-03,2.65147888e+02,7.98755798e+01,1.84329052e+01,9.57152843e-02,1.59357592e-01
5345803-S04-156I3-A-L-C-190-7-1,20.02.2020-15:53:22,1.90000000e+01,6.45019710e-01,8.89833450e+00,1.69503212e-03,3.50737274e+02,8.01946564e+01,1.87351570e+01,5.91170564e-02,9.39344987e-02
5345803-S04-156I3-A-L-C-190-7-1,20.02.2020-15:53:24,1.00000000e+00,6.40925288e-01,8.82752800e+00,1.71784731e-03,1.71361282e+02,8.00954666e+01,1.84452534e+01,1.55993164e-01,2.45855227e-01
5345803-S04-156I3-A-L-C-190-7-1,20.02.2020-15:53:26,1.00000000e+00,6.43125951e-01,8.81286716e+00,1.56240643e-03,1.65836349e+02,7.97619171e+01,1.84008999e+01,2.55754471e-01,3.82408798e-01
5345803-S04-156I3-A-L-C-190-7-1,20.02.2020-15:53:28,9.00000000e+00,6.46258891e-01,8.92378998e+00,2.05640914e-03,1.74119064e+02,8.01288605e+01,1.88094044e+01,1.41653046e-01,1.98336899e-01
5345803-S04-156I3-A-L-C-190-7-1,20.02.2020-15:53:30,9.00000000e+00,6.45790577e-01,8.92237854e+00,1.78113300e-03,3.29691711e+02,8.02406235e+01,1.88190117e+01,7.47400150e-02,1.36895955e-01
5345803-S04-156I3-A-L-C-190-7-1,20.02.2020-15:53:32,9.00000000e+00,6.45371437e-01,8.91785145e+00,1.97661854e-03,2.84245728e+02,8.03662796e+01,1.88266926e+01,1.29607350e-01,1.97379872e-01
5345803-S04-156I3-A-L-C-190-7-1,20.02.2020-15:53:35,2.00000000e+00,6.42646611e-01,8.80226421e+00,1.79669936e-03,2.24421967e+02,7.97536469e+01,1.83631573e+01,1.52810723e-01,3.12689245e-01
5345803-S04-156I3-A-L-C-190-7-1,20.02.2020-15:53:37,2.10000000e+01,6.44685805e-01,8.87028599e+00,2.42441287e-03,1.86096252e+02,7.97297821e+01,1.85582275e+01,1.87393650e-01,7.51244128e-01
5345803-S04-156I3-A-L-C-190-7-1,20.02.2020-15:53:39,2.00000000e+01,6.46828473e-01,8.87993431e+00,1.56172132e-03,1.26809196e+02,7.97848587e+01,1.86530361e+01,2.55356044e-01,3.39181155e-01
5345803-S04-156I3-A-L-C-190-7-1,20.02.2020-15:53:41,1.00000000e+00,6.44342065e-01,8.83672047e+00,1.77570735e-03,6.08919754e+01,7.95936279e+01,1.84465885e+01,3.31350923e-01,5.74835539e-01
5345803-S04-156I3-A-L-C-190-7-1,20.02.2020-15:53:43,1.00000000e+00,6.44574881e-01,8.84586143e+00,2.07904563e-03,1.87351639e+02,7.96327057e+01,1.84814129e+01,1.89897716e-01,4.97418314e-01
5345803-S04-156I3-A-L-C-190-7-1,20.02.2020-15:53:45,9.00000000e+00,6.45047128e-01,8.94006157e+00,2.06237799e-03,1.90268402e+02,8.01417007e+01,1.88113842e+01,1.32131547e-01,1.92871317e-01
5345803-S04-156I3-A-L-C-190-7-1,20.02.2020-15:53:47,2.10000000e+01,6.44156873e-01,8.86836910e+00,2.09832611e-03,1.58423645e+02,7.99649887e+01,1.85936852e+01,2.91716427e-01,8.18917513e-01
5345803-S04-156I3-A-L-C-190-7-1,20.02.2020-15:53:49,2.10000000e+01,6.42745972e-01,8.88314152e+00,2.11949018e-03,2.10229904e+02,7.98548508e+01,1.85582676e+01,1.25801429e-01,1.58707097e-01
5345803-S04-156I3-A-L-C-190-7-1,20.02.2020-15:53:52,2.10000000e+01,6.44371748e-01,8.86034298e+00,2.14515906e-03,2.38087341e+02,8.00223541e+01,1.85963860e+01,1.55458108e-01,8.12631369e-01
5345803-S04-156I3-A-L-C-190-7-1,20.02.2020-15:53:54,2.00000000e+01,6.45327151e-01,8.87731075e+00,2.02810531e-03,1.01392220e+02,8.01380310e+01,1.86865978e+01,3.38486463e-01,6.39653146e-01
5345803-S04-156I3-A-L-C-190-7-1,20.02.2020-15:53:56,2.00000000e+00,6.42320812e-01,8.80886745e+00,1.70628983e-03,1.99508423e+02,7.98900528e+01,1.83990307e+01,1.73289686e-01,3.31819266e-01
5345803-S04-156I3-A-L-C-190-7-1,20.02.2020-15:53:58,1.00000000e+00,6.43034160e-01,8.83288193e+00,1.54432934e-03,2.40338852e+02,7.99212875e+01,1.84769020e+01,1.32279038e-01,3.21484804e-01
5345803-S04-156I3-A-L-C-190-7-1,20.02.2020-15:54:00,1.90000000e+01,6.46349847e-01,8.89036465e+00,2.09466927e-03,2.96873322e+02,8.01415176e+01,1.87445469e+01,1.43506840e-01,2.40749985e-01
5345803-S04-156I3-A-L-C-190-7-1,20.02.2020-15:54:02,9.00000000e+00,6.48045063e-01,8.91987896e+00,1.96766015e-03,3.33292297e+02,8.01773453e+01,1.88645306e+01,1.11345395e-01,1.74591377e-01
5345803-S04-156I3-A-L-C-190-7-1,20.02.2020-15:54:04,2.00000000e+01,6.45270348e-01,8.89210606e+00,2.08484707e-03,2.05347198e+02,7.98485947e+01,1.86484985e+01,1.26599923e-01,2.35928029e-01
5345803-S04-156I3-A-L-C-190-7-1,20.02.2020-15:54:06,9.00000000e+00,6.47111475e-01,8.90578556e+00,2.05955096e-03,3.00864197e+02,8.02437363e+01,1.88231659e+01,1.37200996e-01,2.49432281e-01
5345803-S04-156I3-A-L-C-190-7-1,20.02.2020-15:54:08,1.90000000e+01,6.47017956e-01,8.90147972e+00,1.99690787e-03,2.66504486e+02,8.01064911e+01,1.87791729e+01,1.38161644e-01,2.39643127e-01
5345803-S04-156I3-A-L-C-190-7-1,20.02.2020-15:54:11,2.10000000e+01,6.44380629e-01,8.88265419e+00,2.24123197e-03,1.92163055e+02,7.97972870e+01,1.85910339e+01,1.35839507e-01,4.47054148e-01
5345803-S04-156I3-A-L-C-190-7-1,20.02.2020-15:54:13,2.00000000e+01,6.47661269e-01,8.88518047e+00,2.03864416e-03,3.61791748e+02,7.97189178e+01,1.86726418e+01,9.99846980e-02,1.91849858e-01
5345803-S04-156I3-A-L-C-190-7-1,20.02.2020-15:54:15,1.90000000e+01,6.47206843e-01,8.89681149e+00,2.07995111e-03,2.84717957e+02,8.00354385e+01,1.87581501e+01,1.04755655e-01,4.14815038e-01
5345803-S04-156I3-A-L-C-190-7-1,20.02.2020-15:54:17,3.00000000e+00,6.36890650e-01,8.73437595e+00,1.99254835e-03,2.50575302e+02,8.00268631e+01,1.81201916e+01,2.01255903e-01,1.54812670e+00
5345803-S04-156I3-A-L-C-190-7-1,20.02.2020-15:54:21,1.90000000e+01,6.47207737e-01,8.90392113e+00,1.97823066e-03,2.97096802e+02,8.00703888e+01,1.87813663e+01,1.01900928e-01,1.88461825e-01
5345803-S04-156I3-A-L-C-190-7-1,20.02.2020-15:54:23,2.10000000e+01,6.44195616e-01,8.85340691e+00,1.84729358e-03,1.82561859e+02,8.00025177e+01,1.85721436e+01,1.82560131e-01,2.31831774e-01
5345803-S04-156I3-A-L-C-190-7-1,20.02.2020-15:54:25,2.00000000e+01,6.46595299e-01,8.85956478e+00,1.68434635e-03,1.53051407e+02,7.99697571e+01,1.86466560e+01,1.67416155e-01,2.68905401e-01
5345803-S04-156I3-A-L-C-190-7-1,20.02.2020-15:54:27,1.90000000e+01,6.44853175e-01,8.92882156e+00,2.06079753e-03,9.79664230e+01,7.98676758e+01,1.87178612e+01,2.84960002e-01,4.46164459e-01
5345803-S04-156I3-A-L-C-190-7-1,20.02.2020-15:54:29,2.00000000e+01,6.44924343e-01,8.92968369e+00,2.13175383e-03,5.76353302e+01,7.97077713e+01,1.86842518e+01,5.28893352e-01,7.51537859e-01
5345803-S04-156I3-A-L-C-190-7-1,20.02.2020-15:54:32,1.90000000e+01,6.45350814e-01,8.93883801e+00,1.98593154e-03,8.09203491e+01,7.97735825e+01,1.87312279e+01,3.85389239e-01,4.48042095e-01
5345803-S04-156I3-A-L-C-190-7-1,20.02.2020-15:54:34,1.90000000e+01,6.45122468e-01,8.94064426e+00,1.95519975e-03,6.06339836e+01,7.97400742e+01,1.87205162e+01,4.56317306e-01,5.30308306e-01
5345803-S04-156I3-A-L-C-190-7-1,20.02.2020-15:54:36,9.00000000e+00,6.45502210e-01,8.98025513e+00,2.00572750e-03,5.69428101e+01,7.97493210e+01,1.88167076e+01,5.91427505e-01,6.88670754e-01
5345803-S04-156I3-A-L-C-190-7-1,20.02.2020-15:54:38,1.90000000e+01,6.45012498e-01,8.99524975e+00,2.06578546e-03,4.70240402e+01,7.95436935e+01,1.87852631e+01,5.68947792e-01,6.55560970e-01
5345803-S04-156I3-A-L-C-190-7-1,20.02.2020-15:54:40,1.90000000e+01,6.44987106e-01,8.95418167e+00,1.74607546e-03,9.71878510e+01,7.99494934e+01,1.87941551e+01,3.97268474e-01,4.73237127e-01
5345803-S04-156I3-A-L-C-190-7-1,20.02.2020-15:54:42,1.90000000e+01,6.44890666e-01,8.92881107e+00,1.97472121e-03,8.75963058e+01,7.99656830e+01,1.87418976e+01,4.05437171e-01,5.56874931e-01
5345803-S04-156I3-A-L-C-190-7-1,20.02.2020-15:54:44,1.90000000e+01,6.45287573e-01,8.96054363e+00,1.80324900e-03,4.02008133e+01,7.98191986e+01,1.87856083e+01,8.38551044e-01,9.73525763e-01
5345803-S04-156I3-A-L-C-190-7-1,20.02.2020-15:54:46,2.40000000e+01,6.43737674e-01,8.88932323e+00,1.60433236e-03,1.28977938e+01,7.96499710e+01,1.85521164e+01,2.54556775e+00,2.93899846e+00
5345803-S04-156I3-A-L-C-190-7-1,20.02.2020-15:54:49,2.00000000e+01,6.45040929e-01,8.92590618e+00,2.06802762e-03,1.51001556e+02,7.97056122e+01,1.86792183e+01,1.92003742e-01,3.45479608e-01
5345803-S04-156I3-A-L-C-190-7-1,20.02.2020-15:54:51,2.00000000e+01,6.44693017e-01,8.91838074e+00,2.23035458e-03,2.05129471e+02,7.96998291e+01,1.86520500e+01,1.84225634e-01,3.59825850e-01
5345803-S04-156I3-A-L-C-190-7-1,20.02.2020-15:54:53,2.00000000e+01,6.43599868e-01,8.93014336e+00,2.25347513e-03,1.74172546e+02,7.97654953e+01,1.86603451e+01,1.69421315e-01,2.80850619e-01
5345803-S04-156I3-A-L-C-190-7-1,20.02.2020-15:54:55,2.00000000e+01,6.42871201e-01,8.92276573e+00,2.01098621e-03,1.64622101e+02,7.97814407e+01,1.86275406e+01,2.12929308e-01,4.53607976e-01
5345803-S04-156I3-A-L-C-190-7-1,20.02.2020-15:54:57,8.00000000e+00,6.48320079e-01,8.97172356e+00,1.97342294e-03,1.68619812e+02,8.02968979e+01,1.90105343e+01,1.76422834e-01,2.63369828e-01
5345803-S04-156I3-A-L-C-190-7-1,20.02.2020-15:54:59,1.90000000e+01,6.44458413e-01,8.92323017e+00,1.95069460e-03,1.10274666e+02,7.99938889e+01,1.87242298e+01,2.94538438e-01,3.64732981e-01
5345803-S04-156I3-A-L-C-190-7-1,20.02.2020-15:55:01,1.90000000e+01,6.43692315e-01,8.91866779e+00,1.94666081e-03,1.81655151e+02,8.01035004e+01,1.87180252e+01,1.82245791e-01,2.37654924e-01
5345803-S04-156I3-A-L-C-190-7-1,20.02.2020-15:55:03,8.00000000e+00,6.48553848e-01,8.97777367e+00,1.88293657e-03,1.51912933e+02,8.02199860e+01,1.90119839e+01,1.53767422e-01,2.15157852e-01
5345803-S04-156I3-A-L-C-190-7-1,20.02.2020-15:55:34,1.90000000e+01,6.46184504e-01,8.87597561e+00,1.85173436e-03,2.54864868e+02,8.03538589e+01,1.87589951e+01,8.61676633e-02,1.97218493e-01
5345803-S04-156I3-A-L-C-190-7-1,20.02.2020-15:55:36,1.00000000e+00,6.42795146e-01,8.81930828e+00,1.93342729e-03,1.93614365e+02,7.98944244e+01,1.84354515e+01,2.63059556e-01,4.17726040e-01
5345803-S04-156I3-A-L-C-190-7-1,20.02.2020-15:55:38,9.00000000e+00,6.46383703e-01,8.92462540e+00,1.78826158e-03,1.89827072e+02,8.04447021e+01,1.88889580e+01,1.39463216e-01,1.83022037e-01
5345803-S04-156I3-A-L-C-190-7-1,20.02.2020-15:55:41,2.00000000e+01,6.45126700e-01,8.86476040e+00,1.90034846e-03,1.44645386e+02,8.03160248e+01,1.86958160e+01,2.21359983e-01,4.62690711e-01
5345803-S04-156I3-A-L-C-190-7-1,20.02.2020-15:55:43,2.10000000e+01,6.44118190e-01,8.85206699e+00,2.02364754e-03,1.46883224e+02,7.99039536e+01,1.85442276e+01,2.04256251e-01,4.21588838e-01
5345803-S04-156I3-A-L-C-190-7-1,20.02.2020-15:55:45,1.00000000e+00,6.42713308e-01,8.83859253e+00,1.87131460e-03,2.60380249e+02,7.97912369e+01,1.84495487e+01,1.43730566e-01,4.30419445e-01
5345803-S04-156I3-A-L-C-190-7-1,20.02.2020-15:55:47,1.90000000e+01,6.45599723e-01,8.88129520e+00,2.08276603e-03,2.82757599e+02,8.01858292e+01,1.87140369e+01,1.33523837e-01,5.05312622e-01
5345803-S04-156I3-A-L-C-190-7-1,20.02.2020-15:55:49,9.00000000e+00,6.46019459e-01,8.93159389e+00,1.96858076e-03,1.76344452e+02,8.01962509e+01,1.88347054e+01,1.50706932e-01,2.42927581e-01
5345803-S04-156I3-A-L-C-190-7-1,20.02.2020-15:55:51,2.00000000e+01,6.44188404e-01,8.90148640e+00,2.03465158e-03,1.62368378e+02,7.98793945e+01,1.86440563e+01,2.04459339e-01,3.52425337e-01
5345803-S04-156I3-A-L-C-190-7-1,20.02.2020-15:55:53,2.00000000e+01,6.47199392e-01,8.87897301e+00,2.09752354e-03,1.32874710e+02,7.97560806e+01,1.86549835e+01,2.73024350e-01,4.10298914e-01
5345803-S04-156I3-A-L-C-190-7-1,20.02.2020-15:55:55,9.00000000e+00,6.46128356e-01,8.93521118e+00,1.94125506e-03,9.76421967e+01,8.00288925e+01,1.88061810e+01,3.26189399e-01,4.34839159e-01
5345803-S04-156I3-A-L-C-190-7-1,20.02.2020-15:55:57,1.90000000e+01,6.47503853e-01,8.92363739e+00,2.05487199e-03,1.05827644e+02,7.97783890e+01,1.87628899e+01,3.41703832e-01,4.25320953e-01
5345803-S04-156I3-A-L-C-190-7-1,20.02.2020-15:56:00,2.10000000e+01,6.44741535e-01,8.86983776e+00,2.31447327e-03,4.15080833e+01,7.97683105e+01,1.85678635e+01,4.91995692e-01,1.14802754e+00
5345803-S04-156I3-A-L-C-190-7-1,20.02.2020-15:56:02,2.00000000e+00,6.42077088e-01,8.80376720e+00,1.80755893e-03,5.64718132e+01,7.98657761e+01,1.83758144e+01,4.95906323e-01,6.67411566e-01
5345803-S04-156I3-A-L-C-190-7-1,20.02.2020-15:56:04,1.90000000e+01,6.45625472e-01,8.89926434e+00,1.80221070e-03,2.67818207e+02,8.02617798e+01,1.87704086e+01,1.42719746e-01,2.03018621e-01
5345803-S04-156I3-A-L-C-190-7-1,20.02.2020-15:56:06,1.00000000e+00,6.42772317e-01,8.81894302e+00,1.89199240e-03,2.09204987e+02,7.98198318e+01,1.84168224e+01,1.83218777e-01,3.60517353e-01
5345803-S04-156I3-A-L-C-190-7-1,20.02.2020-15:56:08,1.00000000e+00,6.43028378e-01,8.83586979e+00,1.93150598e-03,2.65388855e+02,7.98378906e+01,1.84636974e+01,1.15854271e-01,2.08854198e-01
5345803-S04-156I3-A-L-C-190-7-1,20.02.2020-15:56:10,8.00000000e+00,6.46815717e-01,8.93867302e+00,1.79129536e-03,2.66801361e+02,8.04606476e+01,1.89350872e+01,1.21328853e-01,1.80683523e-01
5345803-S04-156I3-A-L-C-190-7-1,20.02.2020-15:56:14,2.10000000e+01,6.43623173e-01,8.85067177e+00,1.92225853e-03,2.31942154e+02,7.99004745e+01,1.85262489e+01,2.10546434e-01,3.53253812e-01
5345803-S04-156I3-A-L-C-190-7-1,20.02.2020-15:56:16,1.90000000e+01,6.45877600e-01,8.90001202e+00,2.08838587e-03,1.54792938e+02,8.00723267e+01,1.87349892e+01,2.08043724e-01,3.49362254e-01
5345803-S04-156I3-A-L-C-190-7-1,20.02.2020-15:56:18,2.10000000e+01,6.41841531e-01,8.91311359e+00,2.13871174e-03,4.06362183e+02,7.97788544e+01,1.85769863e+01,7.43851215e-02,8.81897584e-02
5345803-S04-156I3-A-L-C-190-7-1,20.02.2020-15:56:20,1.00000000e+00,6.42815471e-01,8.81852436e+00,1.90386479e-03,2.17625168e+02,7.98706131e+01,1.84289017e+01,1.64895207e-01,4.30401713e-01
5345803-S04-156I3-A-L-C-190-7-1,20.02.2020-15:56:23,1.00000000e+00,6.43100739e-01,8.81130505e+00,1.85122201e-03,2.19737503e+02,7.98153381e+01,1.84092369e+01,2.18830690e-01,4.57908154e-01
5345803-S04-156I3-A-L-C-190-7-1,20.02.2020-15:56:25,1.00000000e+00,6.43093288e-01,8.81986046e+00,1.93143205e-03,1.54590042e+02,7.97855453e+01,1.84200191e+01,1.96277723e-01,4.36233938e-01
5345803-S04-156I3-A-L-C-190-7-1,20.02.2020-15:56:27,1.00000000e+00,6.42904818e-01,8.82838154e+00,2.10857554e-03,1.87217926e+02,7.96715546e+01,1.84060783e+01,1.61123991e-01,4.06592429e-01
5345803-S04-156I3-A-L-C-190-7-1,20.02.2020-15:56:29,9.00000000e+00,6.46242201e-01,8.91991234e+00,1.86574296e-03,3.15962250e+02,8.01844482e+01,1.88137875e+01,9.57829058e-02,1.47002712e-01
5345803-S04-156I3-A-L-C-190-7-1,20.02.2020-15:56:31,1.90000000e+01,6.46000803e-01,8.90025234e+00,2.18468835e-03,1.93102676e+02,8.02245865e+01,1.87747021e+01,2.35275626e-01,3.45386833e-01
5345803-S04-156I3-A-L-C-190-7-1,20.02.2020-15:56:33,2.00000000e+01,6.43886745e-01,8.86185074e+00,1.87923084e-03,1.53817291e+02,8.01651306e+01,1.86187115e+01,2.15462044e-01,5.28387666e-01
5345803-S04-156I3-A-L-C-190-7-1,20.02.2020-15:56:35,2.00000000e+01,6.43924356e-01,8.86900425e+00,1.84117141e-03,1.56014328e+02,8.02395935e+01,1.86521397e+01,1.88443378e-01,4.39509124e-01
5345803-S04-156I3-A-L-C-190-7-1,20.02.2020-15:56:37,2.10000000e+01,6.42260969e-01,8.91306496e+00,1.84885203e-03,4.35284271e+01,7.97253189e+01,1.85765495e+01,7.32930720e-01,8.50653172e-01
5345803-S04-156I3-A-L-C-190-7-1,20.02.2020-15:56:40,3.00000000e+00,6.34276807e-01,8.77184200e+00,1.74187124e-03,4.12195374e+02,8.03175125e+01,1.81890545e+01,7.13258088e-02,9.95344073e-02
5345803-S04-156I3-A-L-C-190-7-1,20.02.2020-15:56:42,2.10000000e+01,6.40842795e-01,8.88725662e+00,1.83462247e-03,2.36749725e+02,8.00321350e+01,1.85529861e+01,1.31027326e-01,1.52628854e-01
5345803-S04-156I3-A-L-C-190-7-1,20.02.2020-15:56:44,2.00000000e+01,6.45946741e-01,8.88665295e+00,2.28250492e-03,7.19149399e+01,7.96707230e+01,1.86150360e+01,5.07034183e-01,6.71925366e-01
5345803-S04-156I3-A-L-C-190-7-1,20.02.2020-15:56:46,2.10000000e+01,6.41930997e-01,8.90652370e+00,1.96914282e-03,3.04945618e+02,7.96897583e+01,1.85451031e+01,8.89973193e-02,1.05158366e-01
5345803-S04-156I3-A-L-C-190-7-1,20.02.2020-15:56:48,1.90000000e+01,6.46192193e-01,8.90181923e+00,2.15700478e-03,2.75240997e+02,8.00168991e+01,1.87349434e+01,1.45487115e-01,2.31319204e-01
5345803-S04-156I3-A-L-C-190-7-1,20.02.2020-15:56:50,1.90000000e+01,6.45874679e-01,8.89130306e+00,1.87447050e-03,2.38182465e+02,8.01336060e+01,1.87308960e+01,1.65930003e-01,2.34545574e-01
5345803-S04-156I3-A-L-C-190-7-1,20.02.2020-15:56:52,1.00000000e+00,6.43620372e-01,8.87372875e+00,2.08230037e-03,5.87018814e+01,7.94476852e+01,1.84691696e+01,4.90868568e-01,8.92318130e-01
5345803-S04-156I3-A-L-C-190-7-1,20.02.2020-15:56:54,2.10000000e+01,6.44187748e-01,8.85448933e+00,2.07996485e-03,2.86607971e+02,7.99744263e+01,1.85676651e+01,1.67639121e-01,5.13972700e-01
5345803-S04-156I3-A-L-C-190-7-1,20.02.2020-15:56:56,1.90000000e+01,6.45934105e-01,8.89348221e+00,1.99800148e-03,2.25044464e+02,8.01197739e+01,1.87339764e+01,1.98749959e-01,2.87550718e-01
5345803-S04-156I3-A-L-C-190-7-1,20.02.2020-15:56:59,2.10000000e+01,6.43131554e-01,8.84606075e+00,1.81862200e-03,2.81253754e+02,8.01852341e+01,1.85683918e+01,1.53136685e-01,4.51360106e-01
5345803-S04-156I3-A-L-C-190-7-1,20.02.2020-15:57:01,1.90000000e+01,6.44624174e-01,8.90805054e+00,1.87508913e-03,3.52066193e+02,8.02549286e+01,1.87582016e+01,6.17682971e-02,9.72881839e-02
5345803-S04-156I3-A-L-C-190-7-1,20.02.2020-15:57:03,2.00000000e+01,6.45029247e-01,8.88090611e+00,1.83924683e-03,1.11074829e+02,7.98239212e+01,1.86122932e+01,2.60978967e-01,3.63530815e-01
5345803-S04-156I3-A-L-C-190-7-1,20.02.2020-15:57:05,1.90000000e+01,6.45934641e-01,8.93861198e+00,2.18438613e-03,1.02273308e+02,7.98095551e+01,1.87561531e+01,2.27461055e-01,2.89781451e-01
5345803-S04-156I3-A-L-C-190-7-1,20.02.2020-15:57:07,9.00000000e+00,6.44957542e-01,8.93535709e+00,1.70731894e-03,1.65104874e+02,8.02380676e+01,1.88214779e+01,1.47800907e-01,1.83146983e-01
5345803-S04-156I3-A-L-C-190-7-1,20.02.2020-15:57:10,2.00000000e+01,6.44370139e-01,8.90027905e+00,1.93171052e-03,1.56828064e+02,7.97538376e+01,1.86174755e+01,2.56755322e-01,4.18581367e-01
5345803-S04-156I3-A-L-C-190-7-1,20.02.2020-15:57:12,8.00000000e+00,6.48177743e-01,8.95959663e+00,1.80188427e-03,1.39639084e+02,8.00299377e+01,1.89175644e+01,2.24430889e-01,2.77053654e-01
5345803-S04-156I3-A-L-C-190-7-1,20.02.2020-15:57:14,9.00000000e+00,6.45370066e-01,8.95987701e+00,1.81884086e-03,1.06284393e+02,8.00191040e+01,1.88336601e+01,2.73058623e-01,3.31696182e-01
5345803-S04-156I3-A-L-C-190-7-1,20.02.2020-15:57:16,2.00000000e+01,6.43940568e-01,8.89368248e+00,1.82345440e-03,1.26809082e+02,7.99411469e+01,1.86349373e+01,3.58060837e-01,5.66924810e-01
5345803-S04-156I3-A-L-C-190-7-1,20.02.2020-15:57:18,1.90000000e+01,6.43884540e-01,8.93044949e+00,1.96643686e-03,1.11413391e+02,7.99036331e+01,1.87015705e+01,3.44766080e-01,4.54391837e-01
5345803-S04-156I3-A-L-C-190-7-1,20.02.2020-15:57:20,1.90000000e+01,6.44054830e-01,8.93404198e+00,1.93793711e-03,5.57572174e+01,7.98927460e+01,1.87114887e+01,5.35910070e-01,6.81997597e-01
5345803-S04-156I3-A-L-C-190-7-1,20.02.2020-15:57:23,1.90000000e+01,6.44226551e-01,8.94513226e+00,1.75617088e-03,7.71680756e+01,7.99434128e+01,1.87515984e+01,3.44781905e-01,4.26980317e-01
5345803-S04-156I3-A-L-C-190-7-1,20.02.2020-15:57:25,1.90000000e+01,6.44619644e-01,8.95089626e+00,1.88674533e-03,1.22969864e+02,7.99837799e+01,1.87846088e+01,2.85163939e-01,3.49421233e-01
5345803-S04-156I3-A-L-C-190-7-1,20.02.2020-15:57:27,1.90000000e+01,6.44278109e-01,8.94567585e+00,1.84244243e-03,2.23887970e+02,7.99999924e+01,1.87675114e+01,1.42943248e-01,1.81829259e-01
5345803-S04-156I3-A-L-C-190-7-1,20.02.2020-15:57:29,2.00000000e+01,6.44341648e-01,8.92669487e+00,1.94212957e-03,9.55484467e+01,7.98271179e+01,1.86890621e+01,3.12004596e-01,4.67176050e-01
5345803-S04-156I3-A-L-C-190-7-1,20.02.2020-15:57:31,2.00000000e+01,6.43312752e-01,8.90914917e+00,1.75742968e-03,1.18925873e+02,8.01524429e+01,1.86984406e+01,2.29240254e-01,3.15070122e-01
5345803-S04-156I3-A-L-C-190-7-1,20.02.2020-15:57:33,1.90000000e+01,6.46990836e-01,8.91269207e+00,2.06333376e-03,1.11578926e+02,7.99291382e+01,1.87604122e+01,2.36290708e-01,4.42005515e-01
5345803-S04-156I3-A-L-C-190-7-1,20.02.2020-15:57:35,2.00000000e+01,6.45182669e-01,8.93407631e+00,2.10087677e-03,2.39097061e+02,7.96352692e+01,1.86839180e+01,1.65483370e-01,3.27052563e-01
5345803-S04-156I3-A-L-C-190-7-1,20.02.2020-15:57:37,2.10000000e+01,6.41669333e-01,8.90611172e+00,1.97688863e-03,1.33271423e+02,7.95889359e+01,1.85132332e+01,2.82589883e-01,5.05056858e-01
5345803-S04-156I3-A-L-C-190-7-1,20.02.2020-15:57:39,1.90000000e+01,6.45085514e-01,8.92661095e+00,1.99963804e-03,1.36601990e+02,7.98085175e+01,1.87061062e+01,2.10313171e-01,3.92872334e-01
5345803-S04-156I3-A-L-C-190-7-1,20.02.2020-15:57:42,2.00000000e+01,6.44128084e-01,8.92505074e+00,2.14866363e-03,2.63354736e+02,7.97418137e+01,1.86594677e+01,1.29613563e-01,2.46522561e-01
5345803-S04-156I3-A-L-C-190-7-1,20.02.2020-15:57:44,9.00000000e+00,6.47782683e-01,8.96254539e+00,2.13061646e-03,1.67768600e+02,7.97838364e+01,1.88541012e+01,2.28178963e-01,3.05523753e-01
5345803-S04-156I3-A-L-C-190-7-1,20.02.2020-15:57:46,2.00000000e+01,6.44475341e-01,8.87407112e+00,2.27202964e-03,5.73348816e+02,7.99655838e+01,1.86149769e+01,9.60476622e-02,2.58458406e-01
5345803-S04-156I3-A-L-C-190-7-1,20.02.2020-15:57:48,2.00000000e+01,6.43467069e-01,8.86236572e+00,1.94331713e-03,3.06735077e+02,8.01437378e+01,1.86026936e+01,1.18503250e-01,1.79676816e-01
5345803-S04-156I3-A-L-C-190-7-1,20.02.2020-15:57:50,2.00000000e+01,6.44835830e-01,8.86879349e+00,2.07938603e-03,3.66408905e+02,8.00784073e+01,1.86405773e+01,1.49656773e-01,2.28133827e-01
5345803-S04-156I3-A-L-C-190-7-1,20.02.2020-15:57:52,2.00000000e+00,6.37533605e-01,8.72200394e+00,1.35376805e-03,1.08980705e+02,8.07473297e+01,1.82758560e+01,2.79060841e-01,4.67065930e-01
5345803-S04-156I3-A-L-C-190-7-1,20.02.2020-15:57:54,2.10000000e+01,6.43527746e-01,8.86052608e+00,1.89307530e-03,4.07228813e+01,8.00136566e+01,1.85703926e+01,4.85525578e-01,6.04191363e-01
5345803-S04-156I3-A-L-C-190-7-1,20.02.2020-15:57:56,2.10000000e+01,6.42760038e-01,8.85199928e+00,1.94514915e-03,1.95469498e+02,7.99469833e+01,1.85149479e+01,1.53318986e-01,2.48738512e-01
5345803-S04-156I3-A-L-C-190-7-1,20.02.2020-15:57:58,2.10000000e+01,6.43323660e-01,8.85969257e+00,2.04908359e-03,2.01036133e+02,8.00058136e+01,1.85609379e+01,1.30786315e-01,1.78166643e-01
5345803-S04-156I3-A-L-C-190-7-1,20.02.2020-15:58:01,1.90000000e+01,6.45918727e-01,8.89606857e+00,1.91604963e-03,5.30861389e+02,8.02488861e+01,1.87691746e+01,7.44137391e-02,1.79395318e-01
5345803-S04-156I3-A-L-C-190-7-1,20.02.2020-15:58:03,2.00000000e+01,6.43511593e-01,8.86792946e+00,1.89306482e-03,4.07973724e+02,8.02217865e+01,1.86337872e+01,1.05839364e-01,3.95762026e-01
5345803-S04-156I3-A-L-C-190-7-1,20.02.2020-15:58:05,2.10000000e+01,6.41374469e-01,8.90328503e+00,1.75256294e-03,4.53710266e+02,7.99829178e+01,1.85904293e+01,6.38995022e-02,7.71866962e-02
5345803-S04-156I3-A-L-C-190-7-1,20.02.2020-15:58:07,2.00000000e+01,6.44343317e-01,8.87386894e+00,1.88266940e-03,1.68415771e+02,8.01122665e+01,1.86448784e+01,2.39174843e-01,4.88003016e-01
5345803-S04-156I3-A-L-C-190-7-1,20.02.2020-15:58:09,2.00000000e+01,6.44613326e-01,8.88190460e+00,2.09468789e-03,1.36572296e+02,8.00276031e+01,1.86498508e+01,3.08989465e-01,6.42752111e-01
5345803-S04-156I3-A-L-C-190-7-1,20.02.2020-15:58:11,2.00000000e+01,6.44984901e-01,8.88700485e+00,2.16681929e-03,3.03810669e+02,8.01080093e+01,1.86900768e+01,1.03812009e-01,1.93330958e-01
5345803-S04-156I3-A-L-C-190-7-1,20.02.2020-15:58:13,1.90000000e+01,6.46292567e-01,8.90790749e+00,2.18341802e-03,1.85945099e+02,8.00005798e+01,1.87468452e+01,2.11613864e-01,3.09356093e-01
5345803-S04-156I3-A-L-C-190-7-1,20.02.2020-15:58:15,2.10000000e+01,6.41948640e-01,8.90530968e+00,1.64301333e-03,3.59750519e+02,7.98866882e+01,1.85889111e+01,7.27310032e-02,8.78084674e-02
5345803-S04-156I3-A-L-C-190-7-1,20.02.2020-15:58:17,1.90000000e+01,6.43684566e-01,8.88769722e+00,1.82930473e-03,2.61417084e+02,8.03652344e+01,1.87137470e+01,1.11370012e-01,2.09514022e-01
5345803-S04-156I3-A-L-C-190-7-1,20.02.2020-15:58:21,2.10000000e+01,6.41086102e-01,8.89409733e+00,1.99770671e-03,3.65343079e+02,7.98355942e+01,1.85287018e+01,5.66355474e-02,6.91572055e-02
5345803-S04-156I3-A-L-C-190-7-1,20.02.2020-15:58:23,2.00000000e+01,6.44245565e-01,8.89315701e+00,1.90055335e-03,3.20837311e+02,8.01512604e+01,1.86916637e+01,1.30473450e-01,2.52770573e-01
5345803-S04-156I3-A-L-C-190-7-1,20.02.2020-15:58:25,2.00000000e+01,6.45499170e-01,8.87591267e+00,2.06781947e-03,4.91606293e+02,8.01376648e+01,1.86885490e+01,9.16166082e-02,2.12635040e-01
5345803-S04-156I3-A-L-C-190-7-1,20.02.2020-15:58:28,2.00000000e+01,6.44212306e-01,8.88619804e+00,2.26802193e-03,3.56169952e+02,7.99437637e+01,1.86277256e+01,1.64547652e-01,4.78322953e-01
5345803-S04-156I3-A-L-C-190-7-1,20.02.2020-15:58:30,1.90000000e+01,6.45895839e-01,8.90399647e+00,2.03550002e-03,8.66400375e+01,8.01502228e+01,1.87621403e+01,2.81256318e-01,3.58477414e-01
5345803-S04-156I3-A-L-C-190-7-1,20.02.2020-15:58:32,1.90000000e+01,6.46461964e-01,8.90387821e+00,2.00033979e-03,3.01638245e+02,8.01592102e+01,1.87804413e+01,8.98025259e-02,1.59000620e-01
5345803-S04-156I3-A-L-C-190-7-1,20.02.2020-15:58:34,1.90000000e+01,6.46450579e-01,8.92026711e+00,2.28117569e-03,4.28983337e+02,8.00621185e+01,1.87918892e+01,1.06261455e-01,1.94965735e-01
5345803-S04-156I3-A-L-C-190-7-1,20.02.2020-15:58:36,1.90000000e+01,6.45758569e-01,8.91897964e+00,2.21477426e-03,3.75302612e+02,8.00849533e+01,1.87744198e+01,7.51377791e-02,1.31495014e-01
5345803-S04-156I3-A-L-C-190-7-1,20.02.2020-15:58:38,1.00000000e+00,6.43197238e-01,8.82777691e+00,1.91430491e-03,1.99866974e+02,7.97898636e+01,1.84405327e+01,1.85193270e-01,3.67546767e-01
5345803-S04-156I3-A-L-C-190-7-1,20.02.2020-15:58:40,1.90000000e+01,6.45378590e-01,8.89841080e+00,2.09504878e-03,4.89607452e+02,8.01939240e+01,1.87455711e+01,8.70879591e-02,1.58857197e-01
5345803-S04-156I3-A-L-C-190-7-1,20.02.2020-15:58:42,1.90000000e+01,6.46148622e-01,8.89992142e+00,1.95237342e-03,3.11467072e+02,8.02980576e+01,1.87954979e+01,1.03121080e-01,1.89414367e-01
5345803-S04-156I3-A-L-C-190-7-1,20.02.2020-15:58:44,1.00000000e+00,6.42964900e-01,8.83214569e+00,1.97223364e-03,2.32053986e+02,7.97913589e+01,1.84433384e+01,1.05840951e-01,2.96704918e-01
5345803-S04-156I3-A-L-C-190-7-1,20.02.2020-15:58:47,2.00000000e+01,6.42165542e-01,8.91264629e+00,1.88492739e-03,1.56830048e+02,7.98633728e+01,1.86050797e+01,2.02332288e-01,2.35154152e-01
5345803-S04-156I3-A-L-C-190-7-1,20.02.2020-15:58:49,2.10000000e+01,6.42692149e-01,8.85687160e+00,1.88767863e-03,2.79007507e+02,8.02691803e+01,1.85978336e+01,1.88897103e-01,4.23114270e-01
5345803-S04-156I3-A-L-C-190-7-1,20.02.2020-15:58:51,1.90000000e+01,6.44580841e-01,8.91765976e+00,1.73034077e-03,1.68270660e+02,8.02119675e+01,1.87671223e+01,1.62114039e-01,2.09046423e-01
5345803-S04-156I3-A-L-C-190-7-1,20.02.2020-15:58:53,1.90000000e+01,6.47437513e-01,8.91411209e+00,2.44898186e-03,2.66250427e+02,7.97960129e+01,1.87450829e+01,1.06588647e-01,1.66618317e-01
5345803-S04-156I3-A-L-C-190-7-1,20.02.2020-15:58:55,2.00000000e+01,6.44922316e-01,8.88424683e+00,2.11711181e-03,1.59973557e+02,8.00328598e+01,1.86649399e+01,2.02838495e-01,4.40290183e-01
5345803-S04-156I3-A-L-C-190-7-1,20.02.2020-15:58:57,2.10000000e+01,6.44414306e-01,8.88687992e+00,2.73626531e-03,6.73739929e+02,7.94192352e+01,1.85127277e+01,7.08775148e-02,2.08829299e-01
5345803-S04-156I3-A-L-C-190-7-1,20.02.2020-15:58:59,2.00000000e+01,6.43752992e-01,8.88837624e+00,1.81427435e-03,3.71555145e+02,7.99467545e+01,1.86197014e+01,1.90026775e-01,5.15106499e-01
5345803-S04-156I3-A-L-C-190-7-1,20.02.2020-15:59:01,2.00000000e+01,6.45820320e-01,8.93048859e+00,2.35911319e-03,3.86510803e+02,7.96208878e+01,1.86914997e+01,1.27354696e-01,1.66315123e-01
5345803-S04-156I3-A-L-C-190-7-1,20.02.2020-15:59:03,2.00000000e+01,6.45786643e-01,8.92502975e+00,2.45596096e-03,3.43080170e+02,7.96560211e+01,1.86873417e+01,1.14544898e-01,1.49030522e-01
5345803-S04-156I3-A-L-C-190-7-1,20.02.2020-15:59:06,2.10000000e+01,6.42058969e-01,8.91114807e+00,2.32078088e-03,2.94653900e+02,7.95139389e+01,1.85174866e+01,1.25800252e-01,1.51619390e-01
5345803-S04-156I3-A-L-C-190-7-1,20.02.2020-15:59:08,2.00000000e+01,6.46798909e-01,8.90568638e+00,2.27661454e-03,1.38695511e+02,7.95920868e+01,1.86610794e+01,1.95504308e-01,2.37930417e-01
5345803-S04-156I3-A-L-C-190-7-1,20.02.2020-15:59:10,1.90000000e+01,6.45101845e-01,8.92618275e+00,2.21682992e-03,1.40806183e+02,7.98972397e+01,1.87264748e+01,1.72622949e-01,2.17666760e-01
5345803-S04-156I3-A-L-C-190-7-1,20.02.2020-15:59:12,2.00000000e+01,6.46522760e-01,8.90077591e+00,2.29106331e-03,1.55956573e+02,7.95446625e+01,1.86317177e+01,2.01747119e-01,2.45682880e-01
5345803-S04-156I3-A-L-C-190-7-1,20.02.2020-15:59:14,2.00000000e+01,6.44028187e-01,8.89409351e+00,2.21406203e-03,1.87200363e+02,7.98370209e+01,1.86140594e+01,1.78745195e-01,2.30786353e-01
5345803-S04-156I3-A-L-C-190-7-1,20.02.2020-15:59:16,2.10000000e+01,6.44232869e-01,8.89137936e+00,2.33782548e-03,1.55707138e+02,7.96681213e+01,1.85749130e+01,2.12946609e-01,3.18026990e-01
5345803-S04-156I3-A-L-C-190-7-1,20.02.2020-15:59:18,8.00000000e+00,6.47714913e-01,8.95446205e+00,2.21557938e-03,1.54922897e+02,8.01640015e+01,1.89248734e+01,1.88613370e-01,3.15483361e-01
5345803-S04-156I3-A-L-C-190-7-1,20.02.2020-15:59:22,9.00000000e+00,6.47159517e-01,8.95433426e+00,2.02110200e-03,1.11561852e+02,8.01706848e+01,1.89099522e+01,3.19996208e-01,4.71953958e-01
5345803-S04-156I3-A-L-C-190-7-1,20.02.2020-15:59:24,9.00000000e+00,6.47644579e-01,8.96422577e+00,2.13093613e-03,1.41566162e+02,8.00034714e+01,1.89055157e+01,1.84245363e-01,2.99750507e-01
5345803-S04-156I3-A-L-C-190-7-1,20.02.2020-15:59:28,8.00000000e+00,6.48542702e-01,8.95121193e+00,2.09803507e-03,2.07135376e+02,8.00838776e+01,1.89232502e+01,1.58794075e-01,2.65451074e-01
5345803-S04-156I3-A-L-C-190-7-1,20.02.2020-15:59:30,1.90000000e+01,6.45843387e-01,8.94130993e+00,1.89843692e-03,1.44547211e+02,7.99037323e+01,1.87812996e+01,2.26953700e-01,2.99361855e-01
5345803-S04-156I3-A-L-C-190-7-1,20.02.2020-15:59:32,1.90000000e+01,6.48639381e-01,8.91775799e+00,1.93003367e-03,1.30473526e+02,7.97286148e+01,1.87716923e+01,2.34297842e-01,3.29254359e-01
5345803-S04-156I3-A-L-C-190-7-1,20.02.2020-15:59:34,9.00000000e+00,6.45146906e-01,8.93726540e+00,1.56574557e-03,1.23916435e+02,8.02593842e+01,1.88360271e+01,2.41692588e-01,2.86480904e-01
5345803-S04-156I3-A-L-C-190-7-1,20.02.2020-15:59:37,2.10000000e+01,6.41535044e-01,8.89386368e+00,2.13712989e-03,1.07870667e+02,7.97171173e+01,1.85136738e+01,3.39330673e-01,5.73351800e-01
5345803-S04-156I3-A-L-C-190-7-1,20.02.2020-15:59:39,9.00000000e+00,6.44795120e-01,8.96757603e+00,1.92058249e-03,1.49371536e+02,8.00582733e+01,1.88422680e+01,2.56666452e-01,3.11470687e-01
5345803-S04-156I3-A-L-C-190-7-1,20.02.2020-15:59:41,9.00000000e+00,6.45335734e-01,8.96481514e+00,1.85627339e-03,9.56469955e+01,8.00118713e+01,1.88413372e+01,3.06270957e-01,3.64035577e-01
5345803-S04-156I3-A-L-C-190-7-1,20.02.2020-15:59:43,9.00000000e+00,6.45496368e-01,8.96135902e+00,1.75006362e-03,1.31124252e+02,7.99874878e+01,1.88330193e+01,2.80112207e-01,3.32306087e-01
5345803-S04-156I3-A-L-C-190-7-1,20.02.2020-15:59:45,9.00000000e+00,6.44855738e-01,8.96369839e+00,2.03266926e-03,7.50526886e+01,7.99175110e+01,1.88027763e+01,3.82274896e-01,4.53556597e-01
5345803-S04-156I3-A-L-C-190-7-1,20.02.2020-15:59:47,2.00000000e+01,6.42872393e-01,8.97940731e+00,1.95238285e-03,7.40770721e+01,7.95533142e+01,1.86922226e+01,3.52274507e-01,4.07516956e-01
5345803-S04-156I3-A-L-C-190-7-1,20.02.2020-15:59:49,9.00000000e+00,6.45235062e-01,8.96021461e+00,1.98597624e-03,7.13255386e+01,7.99651871e+01,1.88177414e+01,4.63393241e-01,5.96867919e-01
5345803-S04-156I3-A-L-C-190-7-1,20.02.2020-15:59:51,1.90000000e+01,6.45074427e-01,8.93407440e+00,2.03544856e-03,7.80201569e+01,7.97666397e+01,1.87115993e+01,3.32995683e-01,3.88752967e-01
5345803-S04-156I3-A-L-C-190-7-1,20.02.2020-15:59:53,8.00000000e+00,6.49066746e-01,8.96397591e+00,1.83653552e-03,7.87674179e+01,8.01076889e+01,1.89711857e+01,4.05859649e-01,5.88370979e-01
5345803-S04-156I3-A-L-C-190-7-1,20.02.2020-15:59:56,7.00000000e+00,6.50492013e-01,8.95786667e+00,1.81088294e-03,3.83303871e+01,8.03434906e+01,1.90558109e+01,6.09090626e-01,8.26931477e-01
5345803-S04-156I3-A-L-C-190-7-1,20.02.2020-15:59:58,9.00000000e+00,6.48015499e-01,8.95685768e+00,1.77802879e-03,3.16023617e+01,7.99915466e+01,1.88979778e+01,8.49357247e-01,1.01536000e+00
5345803-S04-156I3-A-L-C-190-7-1,20.02.2020-16:00:00,8.00000000e+00,6.47578597e-01,8.95142460e+00,1.96651905e-03,2.07354755e+01,8.01471100e+01,1.89104862e+01,1.02268279e+00,1.26145649e+00
5345803-S04-156I3-A-L-C-190-7-1,20.02.2020-16:00:02,2.00000000e+01,6.45198286e-01,8.92186356e+00,2.46679410e-03,2.21852966e+02,7.95754395e+01,1.86448135e+01,1.93642288e-01,2.50241578e-01
5345803-S04-156I3-A-L-C-190-7-1,20.02.2020-16:00:04,1.00000000e+00,6.44881964e-01,8.91225719e+00,2.91623524e-03,1.81331512e+02,7.90760498e+01,1.84987793e+01,1.85085595e-01,2.32006550e-01
5345803-S04-156I3-A-L-C-190-7-1,20.02.2020-16:00:06,1.90000000e+01,6.46472931e-01,8.91228962e+00,2.19828752e-03,5.00624359e+02,8.00208054e+01,1.87660446e+01,7.69007877e-02,1.36637226e-01
5345803-S04-156I3-A-L-C-190-7-1,20.02.2020-16:00:08,1.90000000e+01,6.47970736e-01,8.91026592e+00,2.28528609e-03,4.23919434e+02,7.99041748e+01,1.87778454e+01,1.13101937e-01,1.70332581e-01
5345803-S04-156I3-A-L-C-190-7-1,20.02.2020-16:00:10,2.00000000e+01,6.45181477e-01,8.92246914e+00,2.39618355e-03,1.80781204e+02,7.95493774e+01,1.86394863e+01,1.23964667e-01,1.57586738e-01
5345803-S04-156I3-A-L-C-190-7-1,20.02.2020-16:00:12,2.00000000e+01,6.45211399e-01,8.92023659e+00,2.39038467e-03,1.32650040e+02,7.96295242e+01,1.86544609e+01,2.99181342e-01,3.75381559e-01
5345803-S04-156I3-A-L-C-190-7-1,20.02.2020-16:00:15,2.10000000e+01,6.42122805e-01,8.94933319e+00,2.45040841e-03,2.47165253e+02,7.93434982e+01,1.85588169e+01,1.39927879e-01,1.75079644e-01
5345803-S04-156I3-A-L-C-190-7-1,20.02.2020-16:00:17,2.10000000e+01,6.42632902e-01,8.93628693e+00,2.26259511e-03,4.60679230e+02,7.93643188e+01,1.85513515e+01,7.44879246e-02,9.60567892e-02
5345803-S04-156I3-A-L-C-190-7-1,20.02.2020-16:00:19,1.00000000e+00,6.41058385e-01,8.94823933e+00,2.46396381e-03,2.99758209e+02,7.91947861e+01,1.84910660e+01,1.08864591e-01,1.38447970e-01
5345803-S04-156I3-A-L-C-190-7-1,20.02.2020-16:00:21,2.00000000e+01,6.45260155e-01,8.93051147e+00,2.32458930e-03,2.02837753e+02,7.96609802e+01,1.86847382e+01,1.85649276e-01,2.32021213e-01
5345803-S04-156I3-A-L-C-190-7-1,20.02.2020-16:00:23,1.90000000e+01,6.44877553e-01,8.86960125e+00,1.78066373e-03,2.43819473e+02,8.03230133e+01,1.87004280e+01,2.02058509e-01,4.34152603e-01
5345803-S04-156I3-A-L-C-190-7-1,20.02.2020-16:00:25,2.40000000e+01,6.43789172e-01,8.88529873e+00,2.10813410e-03,1.84446373e+01,7.97246017e+01,1.85625763e+01,2.23961544e+00,2.84928656e+00
5345803-S04-156I3-A-L-C-190-7-1,20.02.2020-16:00:27,2.00000000e+01,6.44861221e-01,8.85103893e+00,2.06372212e-03,3.67858551e+02,8.00950394e+01,1.86078548e+01,1.24043025e-01,3.89848411e-01
5345803-S04-156I3-A-L-C-190-7-1,20.02.2020-16:00:29,2.10000000e+01,6.45042777e-01,8.86615849e+00,2.54929392e-03,2.93318451e+02,7.96089096e+01,1.85317268e+01,1.10081017e-01,2.68143892e-01
5345803-S04-156I3-A-L-C-190-7-1,20.02.2020-16:00:31,2.10000000e+01,6.44719958e-01,8.87486744e+00,2.44776346e-03,3.49721466e+02,7.96688843e+01,1.85546131e+01,1.07378311e-01,2.54215896e-01
5345803-S04-156I3-A-L-C-190-7-1,20.02.2020-16:00:34,2.10000000e+01,6.43511951e-01,8.88556957e+00,2.17850786e-03,2.55185562e+02,7.97874451e+01,1.85697746e+01,1.91844881e-01,5.00178516e-01
5345803-S04-156I3-A-L-C-190-7-1,20.02.2020-16:00:36,2.00000000e+01,6.47099137e-01,8.88864803e+00,2.21528555e-03,2.19967285e+02,7.95530472e+01,1.86248817e+01,1.65119663e-01,2.10268915e-01
5345803-S04-156I3-A-L-C-190-7-1,20.02.2020-16:00:38,2.00000000e+01,6.47402644e-01,8.90576077e+00,2.14410783e-03,1.17520691e+02,7.95788879e+01,1.86755562e+01,2.42842034e-01,2.89375573e-01
5345803-S04-156I3-A-L-C-190-7-1,20.02.2020-16:00:40,2.00000000e+01,6.47056401e-01,8.89929390e+00,2.30676401e-03,1.73521057e+02,7.95571747e+01,1.86469250e+01,1.56428263e-01,2.00082719e-01
5345803-S04-156I3-A-L-C-190-7-1,20.02.2020-16:00:42,1.00000000e+00,6.41154706e-01,8.94473934e+00,2.37590121e-03,2.45984970e+02,7.92235718e+01,1.84933319e+01,1.35172591e-01,1.65913805e-01
5345803-S04-156I3-A-L-C-190-7-1,20.02.2020-16:00:44,2.00000000e+01,6.47184193e-01,8.89350033e+00,2.20313808e-03,2.50222382e+02,7.96606750e+01,1.86627159e+01,1.67705342e-01,2.14451090e-01
5345803-S04-156I3-A-L-C-190-7-1,20.02.2020-16:00:46,2.00000000e+01,6.47080421e-01,8.89843845e+00,2.15723529e-03,5.13633232e+01,7.96096115e+01,1.86581135e+01,3.55873525e-01,4.35572565e-01
5345803-S04-156I3-A-L-C-190-7-1,20.02.2020-16:00:48,2.00000000e+01,6.44484401e-01,8.89666939e+00,2.36256793e-03,2.93978333e+02,7.97627258e+01,1.86152992e+01,1.31993964e-01,2.24118337e-01
5345803-S04-156I3-A-L-C-190-7-1,20.02.2020-16:00:50,1.90000000e+01,6.47403240e-01,8.91021156e+00,2.17868621e-03,2.13242096e+02,7.96535873e+01,1.87024479e+01,1.18614249e-01,1.49883702e-01
5345803-S04-156I3-A-L-C-190-7-1,20.02.2020-16:00:52,2.00000000e+01,6.44858062e-01,8.89171314e+00,2.25648237e-03,2.10434296e+02,7.97596893e+01,1.86150093e+01,2.30522752e-01,3.13161731e-01
5345803-S04-156I3-A-L-C-190-7-1,20.02.2020-16:00:55,2.10000000e+01,6.44698858e-01,8.87818909e+00,2.20250641e-03,5.18796082e+02,7.97445984e+01,1.85785904e+01,1.14087209e-01,1.66030288e-01
5345803-S04-156I3-A-L-C-190-7-1,20.02.2020-16:00:58,2.10000000e+01,6.45227849e-01,8.88839912e+00,2.32288707e-03,3.02622253e+02,7.96725159e+01,1.85983925e+01,1.32566750e-01,2.69056737e-01
5345803-S04-156I3-A-L-C-190-7-1,20.02.2020-16:01:01,1.90000000e+01,6.47582054e-01,8.90454388e+00,2.14214297e-03,5.33956726e+02,7.99450531e+01,1.87641220e+01,1.08022809e-01,1.62780806e-01
5345803-S04-156I3-A-L-C-190-7-1,20.02.2020-16:01:03,1.90000000e+01,6.47920370e-01,8.90377140e+00,2.31117359e-03,2.65610138e+02,7.99565735e+01,1.87750034e+01,1.19111910e-01,1.78029135e-01
5345803-S04-156I3-A-L-C-190-7-1,20.02.2020-16:01:05,2.10000000e+01,6.44766748e-01,8.87529182e+00,2.42097583e-03,2.93072784e+02,7.97097702e+01,1.85663719e+01,1.38583750e-01,2.72150338e-01
5345803-S04-156I3-A-L-C-190-7-1,20.02.2020-16:01:07,1.90000000e+01,6.44915998e-01,8.91222572e+00,2.01463071e-03,3.06238068e+02,8.00979767e+01,1.87387714e+01,1.27666205e-01,1.74619988e-01
5345803-S04-156I3-A-L-C-190-7-1,20.02.2020-16:01:09,2.00000000e+01,6.43901825e-01,8.86379528e+00,1.67806842e-03,2.05226440e+02,8.02476349e+01,1.86423988e+01,1.93925112e-01,3.24715734e-01
5345803-S04-156I3-A-L-C-190-7-1,20.02.2020-16:01:11,2.00000000e+01,6.41727924e-01,8.90270138e+00,1.71147671e-03,3.07119690e+02,7.99910889e+01,1.86013546e+01,1.12733804e-01,1.32191300e-01
5345803-S04-156I3-A-L-C-190-7-1,20.02.2020-16:01:13,1.90000000e+01,6.46016657e-01,8.87280369e+00,1.91851438e-03,1.21065880e+02,8.01653824e+01,1.87034473e+01,3.46236706e-01,4.60479051e-01
5345803-S04-156I3-A-L-C-190-7-1,20.02.2020-16:01:15,2.10000000e+01,6.41499996e-01,8.85814381e+00,2.06117705e-03,2.76231018e+02,8.01071396e+01,1.85285244e+01,1.56359911e-01,3.88743162e-01
5345803-S04-156I3-A-L-C-190-7-1,20.02.2020-16:01:17,2.10000000e+01,6.41251564e-01,8.86018276e+00,2.03659502e-03,2.96881989e+02,8.02101669e+01,1.85494366e+01,1.27963319e-01,2.02125534e-01
5345803-S04-156I3-A-L-C-190-7-1,20.02.2020-16:01:20,2.10000000e+01,6.45224750e-01,8.86177826e+00,2.25719949e-03,2.34452957e+02,7.98910675e+01,1.85934639e+01,1.57696351e-01,3.15255284e-01
5345803-S04-156I3-A-L-C-190-7-1,20.02.2020-16:01:22,2.10000000e+01,6.45275652e-01,8.85123730e+00,1.77890726e-03,2.25250641e+02,7.98736191e+01,1.85687561e+01,1.13579936e-01,1.57988131e-01
5345803-S04-156I3-A-L-C-190-7-1,20.02.2020-16:01:24,2.10000000e+01,6.45600259e-01,8.85348415e+00,1.83213281e-03,2.23054138e+02,7.98803635e+01,1.85843830e+01,1.50984943e-01,2.11411521e-01
5345803-S04-156I3-A-L-C-190-7-1,20.02.2020-16:01:26,2.00000000e+00,6.38350487e-01,8.77656364e+00,1.88209454e-03,1.67200409e+02,8.01978073e+01,1.82884274e+01,2.51653463e-01,7.38565445e-01
5345803-S04-156I3-A-L-C-190-7-1,20.02.2020-16:01:28,1.00000000e+00,6.41621172e-01,8.85675716e+00,1.99184543e-03,3.05238312e+02,7.99634781e+01,1.84958916e+01,1.58404350e-01,4.00316626e-01
5345803-S04-156I3-A-L-C-190-7-1,20.02.2020-16:01:30,2.00000000e+00,6.37333512e-01,8.78913307e+00,1.90854340e-03,1.58862869e+02,8.00597153e+01,1.82539577e+01,2.34711826e-01,6.36806607e-01
5345803-S04-156I3-A-L-C-190-7-1,20.02.2020-16:01:32,2.10000000e+01,6.42042756e-01,8.85059166e+00,2.13555316e-03,1.85773392e+02,8.00778656e+01,1.85216217e+01,1.58991560e-01,3.71442407e-01
5345803-S04-156I3-A-L-C-190-7-1,20.02.2020-16:01:34,2.00000000e+01,6.44289494e-01,8.87191677e+00,2.04061344e-03,2.30261703e+02,7.99722900e+01,1.86066513e+01,1.74308911e-01,3.49970430e-01
5345803-S04-156I3-A-L-C-190-7-1,20.02.2020-16:01:36,1.90000000e+01,6.47474229e-01,8.89525032e+00,2.12237774e-03,3.25940796e+02,8.00725555e+01,1.87713108e+01,8.56818929e-02,1.42969579e-01
5345803-S04-156I3-A-L-C-190-7-1,20.02.2020-16:01:39,1.00000000e+00,6.40513778e-01,8.83184624e+00,1.87512918e-03,2.22734879e+02,8.00686722e+01,1.84362602e+01,1.66659787e-01,4.07605857e-01
5345803-S04-156I3-A-L-C-190-7-1,20.02.2020-16:01:41,1.00000000e+00,6.40390635e-01,8.83718872e+00,1.72506762e-03,1.12537720e+02,8.01035919e+01,1.84519081e+01,3.27499449e-01,5.06991744e-01
5345803-S04-156I3-A-L-C-190-7-1,20.02.2020-16:01:43,2.00000000e+01,6.43934846e-01,8.87862396e+00,1.78208435e-03,2.23652481e+02,8.02146606e+01,1.86668720e+01,9.65417027e-02,2.00257450e-01
5345803-S04-156I3-A-L-C-190-7-1,20.02.2020-16:01:45,1.90000000e+01,6.44582450e-01,8.89240360e+00,1.74166856e-03,3.39657501e+02,8.02981796e+01,1.87341290e+01,1.07274652e-01,1.94997802e-01
5345803-S04-156I3-A-L-C-190-7-1,20.02.2020-16:02:09,2.10000000e+01,6.40780210e-01,8.85714436e+00,1.85210258e-03,1.47157074e+02,8.02887802e+01,1.85476055e+01,2.59355336e-01,4.58476901e-01
5345803-S04-156I3-A-L-C-190-7-1,20.02.2020-16:02:12,2.10000000e+01,6.40893459e-01,8.85353470e+00,1.96414953e-03,2.15842484e+02,8.01997147e+01,1.85227528e+01,1.68589041e-01,3.18624049e-01
5345803-S04-156I3-A-L-C-190-7-1,20.02.2020-16:02:14,1.00000000e+00,6.38679385e-01,8.85537434e+00,2.16128677e-03,2.62244202e+02,8.01270828e+01,1.84458790e+01,1.21242732e-01,2.29581520e-01
5345803-S04-156I3-A-L-C-190-7-1,20.02.2020-16:02:16,2.00000000e+01,6.41356587e-01,8.86520672e+00,1.73133868e-03,2.66318146e+02,8.04285355e+01,1.86135311e+01,9.36226025e-02,1.46194786e-01
5345803-S04-156I3-A-L-C-190-7-1,20.02.2020-16:02:18,2.10000000e+01,6.41448855e-01,8.87249184e+00,2.20039231e-03,3.50365509e+02,8.02495728e+01,1.85900517e+01,9.89429280e-02,1.23634286e-01
5345803-S04-156I3-A-L-C-190-7-1,20.02.2020-16:02:20,2.00000000e+01,6.42882228e-01,8.86687851e+00,1.69785216e-03,2.26241745e+02,8.03616333e+01,1.86458035e+01,1.66771263e-01,3.44335079e-01
5345803-S04-156I3-A-L-C-190-7-1,20.02.2020-16:02:22,1.90000000e+01,6.44407570e-01,8.90091324e+00,1.89422921e-03,3.86462860e+02,8.04382019e+01,1.87796612e+01,1.24838606e-01,2.13580206e-01
5345803-S04-156I3-A-L-C-190-7-1,20.02.2020-16:02:24,2.00000000e+01,6.40884221e-01,8.86261082e+00,1.81995623e-03,3.07352722e+02,8.04748917e+01,1.86050949e+01,1.61504447e-01,3.64896595e-01
5345803-S04-156I3-A-L-C-190-7-1,20.02.2020-16:02:27,8.00000000e+00,6.46929324e-01,8.93048477e+00,1.93335395e-03,2.40348846e+02,8.05035629e+01,1.89311581e+01,1.59484908e-01,1.92075476e-01
5345803-S04-156I3-A-L-C-190-7-1,20.02.2020-16:02:29,8.00000000e+00,6.47176683e-01,8.92284393e+00,1.71440840e-03,2.69802673e+02,8.05096283e+01,1.89236202e+01,1.05461366e-01,1.36616603e-01
5345803-S04-156I3-A-L-C-190-7-1,20.02.2020-16:02:31,1.90000000e+01,6.44170403e-01,8.89280033e+00,1.74460909e-03,2.19790680e+02,8.03668747e+01,1.87390079e+01,1.87280342e-01,3.00467849e-01
5345803-S04-156I3-A-L-C-190-7-1,20.02.2020-16:02:33,1.90000000e+01,6.44802749e-01,8.89961910e+00,1.83588127e-03,3.98820610e+01,8.02441788e+01,1.87431259e+01,4.06924993e-01,5.28976500e-01
5345803-S04-156I3-A-L-C-190-7-1,20.02.2020-16:02:35,1.00000000e+00,6.38370275e-01,8.77593899e+00,1.53881125e-03,2.24900894e+02,8.09506912e+01,1.84593754e+01,1.01468019e-01,2.38670915e-01
5345803-S04-156I3-A-L-C-190-7-1,20.02.2020-16:02:37,1.90000000e+01,6.44190609e-01,8.89069843e+00,1.75271730e-03,2.75808838e+02,8.03709946e+01,1.87361259e+01,1.44754574e-01,2.19357818e-01
5345803-S04-156I3-A-L-C-190-7-1,20.02.2020-16:02:39,1.00000000e+00,6.39975905e-01,8.83779240e+00,1.96428155e-03,2.60585876e+02,8.02422714e+01,1.84731445e+01,1.92078307e-01,4.19689834e-01
5345803-S04-156I3-A-L-C-190-7-1,20.02.2020-16:02:41,2.00000000e+01,6.43592298e-01,8.87692738e+00,2.02672579e-03,2.34896984e+01,8.01045151e+01,1.86277637e+01,5.71387589e-01,7.07754374e-01
5345803-S04-156I3-A-L-C-190-7-1,20.02.2020-16:02:43,2.10000000e+01,6.41247392e-01,8.85353374e+00,1.81796984e-03,3.51359009e+02,8.03477097e+01,1.85671806e+01,1.46337599e-01,2.88498074e-01
5345803-S04-156I3-A-L-C-190-7-1,20.02.2020-16:02:45,1.90000000e+01,6.47186935e-01,8.90266418e+00,2.15834612e-03,1.77472183e+02,8.01455765e+01,1.87957420e+01,2.46458396e-01,3.36324006e-01
5345803-S04-156I3-A-L-C-190-7-1,20.02.2020-16:02:48,2.10000000e+01,6.44437730e-01,8.86823368e+00,2.26714415e-03,1.95985565e+02,7.99303665e+01,1.85934525e+01,1.89845353e-01,3.68587852e-01
5345803-S04-156I3-A-L-C-190-7-1,20.02.2020-16:02:50,2.10000000e+01,6.43146217e-01,8.86852551e+00,2.12981249e-03,1.48943771e+02,7.98622971e+01,1.85409985e+01,2.58580148e-01,4.92533952e-01
5345803-S04-156I3-A-L-C-190-7-1,20.02.2020-16:02:52,1.00000000e+00,6.41938388e-01,8.83893204e+00,1.87871617e-03,2.08941086e+02,8.00359802e+01,1.84845371e+01,1.53588235e-01,2.09301174e-01
5345803-S04-156I3-A-L-C-190-7-1,20.02.2020-16:02:54,3.00000000e+00,6.35648608e-01,8.76762962e+00,1.91250280e-03,8.14581680e+01,8.00430222e+01,1.81573696e+01,3.31802577e-01,7.79860020e-01
5345803-S04-156I3-A-L-C-190-7-1,20.02.2020-16:02:56,1.00000000e+00,6.41847432e-01,8.84027958e+00,2.12451001e-03,1.54107697e+02,7.99885101e+01,1.84737740e+01,2.23680064e-01,5.54337263e-01
5345803-S04-156I3-A-L-C-190-7-1,20.02.2020-16:02:58,2.10000000e+01,6.41965151e-01,8.86357498e+00,2.05554883e-03,2.03984344e+02,8.02110901e+01,1.85774021e+01,1.88202322e-01,3.65487576e-01
5345803-S04-156I3-A-L-C-190-7-1,20.02.2020-16:03:00,2.00000000e+00,6.38465583e-01,8.80084801e+00,2.08333344e-03,2.46545212e+02,7.99424362e+01,1.82839317e+01,1.90179169e-01,5.36806703e-01
5345803-S04-156I3-A-L-C-190-7-1,20.02.2020-16:03:02,1.30000000e+01,6.30245507e-01,8.65294361e+00,1.34852296e-03,2.41295242e+02,8.06544800e+01,1.79032669e+01,1.52799934e-01,4.29811776e-01
5345803-S04-156I3-A-L-C-190-7-1,20.02.2020-16:03:04,1.90000000e+01,6.46853447e-01,8.89504147e+00,2.33501452e-03,2.74903625e+02,7.99962997e+01,1.87350121e+01,1.41681939e-01,2.14552775e-01
5345803-S04-156I3-A-L-C-190-7-1,20.02.2020-16:03:06,2.00000000e+01,6.44815922e-01,8.87992859e+00,2.30453280e-03,1.14504013e+02,7.98705215e+01,1.86149540e+01,2.14676052e-01,3.63382250e-01
5345803-S04-156I3-A-L-C-190-7-1,20.02.2020-16:03:09,2.10000000e+01,6.44466639e-01,8.86872387e+00,2.24678451e-03,5.79259491e+01,7.97985992e+01,1.85646591e+01,4.52391744e-01,6.43607497e-01
5345803-S04-156I3-A-L-C-190-7-1,20.02.2020-16:03:11,2.10000000e+01,6.42133117e-01,8.87224102e+00,2.02741101e-03,2.02021072e+02,8.00168915e+01,1.85553989e+01,1.87349483e-01,3.54640514e-01
5345803-S04-156I3-A-L-C-190-7-1,20.02.2020-16:03:13,1.90000000e+01,6.44228637e-01,8.89029503e+00,1.83028379e-03,5.91296692e+01,8.03393860e+01,1.87290115e+01,5.50697565e-01,6.98330522e-01
5345803-S04-156I3-A-L-C-190-7-1,20.02.2020-16:03:15,2.10000000e+01,6.40438855e-01,8.84326935e+00,1.74558302e-03,1.64884125e+02,8.02647247e+01,1.85031414e+01,2.65260458e-01,4.84113067e-01
5345803-S04-156I3-A-L-C-190-7-1,20.02.2020-16:03:17,2.00000000e+01,6.46363556e-01,8.88789940e+00,2.01696018e-03,3.54485168e+01,7.95659485e+01,1.86051598e+01,8.81330311e-01,1.02025628e+00
5345803-S04-156I3-A-L-C-190-7-1,20.02.2020-16:03:19,2.00000000e+01,6.46317065e-01,8.90169144e+00,2.30509811e-03,1.24391884e+02,7.95545654e+01,1.86300259e+01,2.69296497e-01,3.26881766e-01
5345803-S04-156I3-A-L-C-190-7-1,20.02.2020-16:03:21,1.00000000e+00,6.41336560e-01,8.89843559e+00,2.19985703e-03,3.76963959e+02,7.94092789e+01,1.84459534e+01,7.76244923e-02,9.15934071e-02
5345803-S04-156I3-A-L-C-190-7-1,20.02.2020-16:03:23,1.00000000e+00,6.42059207e-01,8.90045071e+00,2.16730498e-03,2.33511887e+02,7.94095612e+01,1.84709854e+01,1.05203427e-01,1.27267063e-01
5345803-S04-156I3-A-L-C-190-7-1,20.02.2020-16:03:25,1.00000000e+00,6.41060829e-01,8.90710545e+00,2.29526986e-03,2.71390320e+02,7.95463409e+01,1.84878445e+01,1.05629668e-01,1.25274554e-01
5345803-S04-156I3-A-L-C-190-7-1,20.02.2020-16:03:28,2.10000000e+01,6.43456817e-01,8.87666035e+00,2.09272094e-03,7.03436890e+01,7.99189072e+01,1.85801296e+01,3.91574055e-01,5.13661861e-01
5345803-S04-156I3-A-L-C-190-7-1,20.02.2020-16:03:30,2.10000000e+01,6.42964661e-01,8.87924671e+00,2.20993697e-03,8.18433990e+01,7.98648987e+01,1.85587788e+01,2.72921592e-01,3.42186213e-01
5345803-S04-156I3-A-L-C-190-7-1,20.02.2020-16:03:32,2.10000000e+01,6.40633643e-01,8.93439579e+00,2.32712319e-03,3.33678223e+02,7.96460037e+01,1.85553493e+01,1.23698793e-01,1.49312854e-01
5345803-S04-156I3-A-L-C-190-7-1,20.02.2020-16:03:34,2.00000000e+01,6.47075653e-01,8.89247417e+00,1.97191909e-03,1.65731903e+02,7.96068649e+01,1.86448288e+01,1.67275533e-01,2.02358842e-01
5345803-S04-156I3-A-L-C-190-7-1,20.02.2020-16:03:36,1.90000000e+01,6.47276759e-01,8.91124058e+00,1.90708286e-03,2.03663910e+02,7.96718750e+01,1.87052460e+01,1.82405144e-01,2.31353536e-01
5345803-S04-156I3-A-L-C-190-7-1,20.02.2020-16:03:38,2.00000000e+01,6.44565046e-01,8.89113235e+00,2.09801923e-03,1.38533112e+02,7.97700958e+01,1.86077614e+01,2.88772464e-01,4.05621827e-01
5345803-S04-156I3-A-L-C-190-7-1,20.02.2020-16:03:40,1.90000000e+01,6.45034969e-01,8.89929676e+00,2.02517677e-03,4.63477516e+01,8.01175766e+01,1.87196178e+01,5.89962542e-01,9.04155552e-01
5345803-S04-156I3-A-L-C-190-7-1,20.02.2020-16:03:42,2.00000000e+01,6.43185496e-01,8.89738274e+00,1.71839900e-03,3.31631203e+01,7.99320221e+01,1.86187057e+01,7.21976876e-01,8.90904069e-01
5345803-S04-156I3-A-L-C-190-7-1,20.02.2020-16:03:44,9.00000000e+00,6.46611094e-01,8.92053127e+00,1.87686039e-03,8.33799591e+01,8.02449493e+01,1.88400364e+01,3.00730258e-01,6.97736979e-01
5345803-S04-156I3-A-L-C-190-7-1,20.02.2020-16:03:46,9.00000000e+00,6.45944297e-01,8.91780090e+00,1.86122849e-03,2.15754662e+01,8.02055359e+01,1.88056087e+01,8.89320433e-01,1.32233942e+00
5345803-S04-156I3-A-L-C-190-7-1,20.02.2020-16:03:49,2.40000000e+01,6.42093301e-01,8.89316750e+00,1.69873913e-03,5.18638229e+00,7.93514557e+01,1.84433460e+01,3.92697525e+00,4.57467318e+00
5345803-S04-156I3-A-L-C-190-7-1,20.02.2020-16:03:51,1.40000000e+01,6.41250372e-01,8.93015099e+00,1.67380122e-03,1.77940331e+01,7.97938385e+01,1.85988445e+01,1.35632920e+00,1.68462014e+00
5345803-S04-156I3-A-L-C-190-7-1,20.02.2020-16:03:53,2.40000000e+01,6.42228365e-01,8.90334129e+00,1.83646323e-03,8.06905651e+00,7.92654572e+01,1.84483128e+01,3.25412893e+00,3.95562983e+00
5345803-S04-156I3-A-L-C-190-7-1,20.02.2020-16:03:55,9.00000000e+00,6.44986212e-01,8.97605324e+00,1.96775794e-03,2.21077862e+01,7.98630142e+01,1.88196583e+01,8.46386611e-01,9.74776447e-01
5345803-S04-156I3-A-L-C-190-7-1,20.02.2020-16:03:57,1.90000000e+01,6.44625545e-01,8.95891762e+00,2.16829265e-03,2.92883205e+01,7.99645767e+01,1.87971001e+01,7.15983987e-01,8.32017303e-01
5345803-S04-156I3-A-L-C-190-7-1,20.02.2020-16:03:59,2.00000000e+01,6.45307720e-01,8.93012142e+00,2.20077904e-03,9.09892502e+01,7.96793213e+01,1.86896019e+01,3.78288090e-01,5.69510281e-01
5345803-S04-156I3-A-L-C-190-7-1,20.02.2020-16:04:01,8.00000000e+00,6.48154974e-01,8.95299339e+00,1.88275729e-03,1.34335815e+02,8.00910187e+01,1.89173851e+01,2.40014344e-01,3.90135020e-01
5345803-S04-156I3-A-L-C-190-7-1,20.02.2020-16:04:03,8.00000000e+00,6.49382234e-01,8.93697929e+00,1.89128937e-03,2.17216812e+02,8.02387161e+01,1.89541950e+01,1.49327606e-01,2.65650302e-01
5345803-S04-156I3-A-L-C-190-7-1,20.02.2020-16:04:05,9.00000000e+00,6.46551728e-01,8.97259045e+00,2.18936917e-03,5.78691444e+01,7.97511444e+01,1.88316460e+01,4.11604285e-01,4.89597291e-01
5345803-S04-156I3-A-L-C-190-7-1,20.02.2020-16:04:23,1.90000000e+01,6.44789338e-01,8.93891335e+00,2.37383996e-03,1.14535538e+02,7.97623749e+01,1.87124596e+01,2.28512898e-01,3.47464472e-01
5345803-S04-156I3-A-L-C-190-7-1,20.02.2020-16:04:25,8.00000000e+00,6.48211956e-01,8.95425320e+00,2.08491366e-03,8.67008743e+01,8.03009491e+01,1.89713078e+01,3.51369768e-01,5.40171683e-01
5345803-S04-156I3-A-L-C-190-7-1,20.02.2020-16:04:28,1.90000000e+01,6.45062566e-01,8.93856335e+00,2.01934041e-03,6.18496094e+01,7.99202576e+01,1.87567101e+01,4.12755221e-01,6.03341162e-01
5345803-S04-156I3-A-L-C-190-7-1,20.02.2020-16:04:30,1.90000000e+01,6.44705951e-01,8.93924713e+00,1.95704517e-03,3.86048813e+01,7.98636246e+01,1.87344894e+01,4.61162925e-01,6.31604612e-01
5345803-S04-156I3-A-L-C-190-7-1,20.02.2020-16:04:32,9.00000000e+00,6.47360682e-01,8.96221447e+00,1.87726528e-03,8.04537506e+01,8.00304642e+01,1.88993626e+01,3.37283999e-01,4.15558696e-01
5345803-S04-156I3-A-L-C-190-7-1,20.02.2020-16:04:34,2.00000000e+01,6.46884263e-01,8.89845943e+00,2.29503401e-03,1.82839050e+02,7.94594498e+01,1.86173191e+01,1.46853462e-01,1.81906551e-01
5345803-S04-156I3-A-L-C-190-7-1,20.02.2020-16:04:36,2.00000000e+01,6.46499872e-01,8.89600086e+00,2.32377392e-03,1.47901871e+02,7.95244751e+01,1.86163387e+01,1.39341190e-01,1.81915134e-01
5345803-S04-156I3-A-L-C-190-7-1,20.02.2020-16:04:38,2.10000000e+01,6.41358316e-01,8.93664551e+00,2.23552831e-03,3.19374268e+02,7.95143967e+01,1.85503139e+01,1.09855071e-01,1.35353401e-01
5345803-S04-156I3-A-L-C-190-7-1,20.02.2020-16:04:40,1.90000000e+01,6.45838678e-01,8.93034649e+00,2.33513908e-03,1.44659119e+02,7.96571045e+01,1.87002335e+01,2.97675163e-01,3.71537417e-01
5345803-S04-156I3-A-L-C-190-7-1,20.02.2020-16:04:42,2.10000000e+01,6.43956482e-01,8.88902569e+00,2.36608204e-03,2.26823639e+02,7.97486801e+01,1.85807972e+01,1.40094101e-01,2.09003687e-01
5345803-S04-156I3-A-L-C-190-7-1,20.02.2020-16:04:44,2.10000000e+01,6.41333759e-01,8.94964314e+00,2.34496966e-03,3.29131287e+02,7.92202530e+01,1.85078621e+01,1.63336053e-01,2.12270990e-01
5345803-S04-156I3-A-L-C-190-7-1,20.02.2020-16:04:47,2.00000000e+01,6.44569218e-01,8.90420437e+00,2.03229836e-03,1.86415649e+02,7.98575668e+01,1.86556740e+01,1.65992960e-01,2.34894291e-01
5345803-S04-156I3-A-L-C-190-7-1,20.02.2020-16:04:49,1.00000000e+00,6.43292785e-01,8.87338734e+00,2.54107034e-03,1.42492981e+02,7.95513916e+01,1.84831543e+01,3.23267192e-01,5.40226877e-01
5345803-S04-156I3-A-L-C-190-7-1,20.02.2020-16:04:51,2.10000000e+01,6.43405139e-01,8.87152576e+00,1.97749212e-03,8.80678101e+01,7.98056946e+01,1.85415878e+01,3.35838288e-01,5.71667910e-01
5345803-S04-156I3-A-L-C-190-7-1,20.02.2020-16:04:53,2.10000000e+01,6.45096421e-01,8.88719940e+00,2.34966027e-03,8.76156769e+01,7.97059402e+01,1.85998917e+01,3.99400741e-01,6.13170445e-01
5345803-S04-156I3-A-L-C-190-7-1,20.02.2020-16:04:55,2.10000000e+01,6.40112281e-01,8.84187603e+00,1.78409554e-03,1.57322556e+02,8.03292160e+01,1.85056477e+01,2.40894929e-01,4.77556497e-01
5345803-S04-156I3-A-L-C-190-7-1,20.02.2020-16:04:57,2.10000000e+01,6.43417776e-01,8.85678959e+00,1.98836508e-03,1.05841347e+02,8.01489258e+01,1.85907650e+01,2.96404094e-01,5.31813443e-01
5345803-S04-156I3-A-L-C-190-7-1,20.02.2020-16:04:59,2.10000000e+01,6.43211901e-01,8.84988403e+00,1.99087500e-03,8.51532059e+01,8.01929474e+01,1.85805283e+01,2.71755725e-01,4.51423377e-01
5345803-S04-156I3-A-L-C-190-7-1,20.02.2020-16:05:01,1.00000000e+00,6.41157091e-01,8.84104347e+00,2.12257286e-03,2.27200684e+02,7.97983551e+01,1.84116230e+01,1.30241066e-01,2.42488980e-01
5345803-S04-156I3-A-L-C-190-7-1,20.02.2020-16:05:03,2.10000000e+01,6.44016266e-01,8.87809658e+00,2.13493826e-03,1.16997032e+02,7.98921585e+01,1.85930691e+01,2.39047006e-01,3.73546571e-01
5345803-S04-156I3-A-L-C-190-7-1,20.02.2020-16:05:06,1.00000000e+00,6.40432119e-01,8.85163689e+00,1.82955479e-03,5.51306915e+01,7.99826813e+01,1.84553738e+01,4.73260850e-01,6.71272695e-01
5345803-S04-156I3-A-L-C-190-7-1,20.02.2020-16:05:08,2.00000000e+01,6.44410372e-01,8.87114811e+00,2.03652005e-03,2.23550903e+02,7.99844971e+01,1.86113720e+01,2.12518737e-01,5.21085143e-01
5345803-S04-156I3-A-L-C-190-7-1,20.02.2020-16:05:10,2.00000000e+01,6.44282460e-01,8.86974621e+00,1.80735043e-03,1.61847870e+02,8.01555099e+01,1.86445141e+01,1.58525407e-01,2.26970226e-01
5345803-S04-156I3-A-L-C-190-7-1,20.02.2020-16:05:12,2.00000000e+01,6.44454896e-01,8.88737392e+00,1.77690608e-03,2.19148758e+02,8.00589294e+01,1.86640530e+01,1.60989165e-01,3.58454674e-01
5345803-S04-156I3-A-L-C-190-7-1,20.02.2020-16:05:14,2.10000000e+01,6.43447876e-01,8.86917686e+00,2.17580958e-03,1.98142578e+02,7.99674454e+01,1.85754833e+01,1.82270169e-01,4.95767295e-01
5345803-S04-156I3-A-L-C-190-7-1,20.02.2020-16:05:16,2.00000000e+01,6.45966053e-01,8.88292789e+00,2.14079930e-03,1.94388290e+02,7.99822235e+01,1.86805420e+01,1.07526831e-01,1.54318541e-01
5345803-S04-156I3-A-L-C-190-7-1,20.02.2020-16:05:18,3.00000000e+00,6.37571931e-01,8.75076199e+00,1.95618370e-03,2.47313629e+02,7.93286819e+01,1.80150528e+01,1.30989134e-01,3.27588052e-01
5345803-S04-156I3-A-L-C-190-7-1,20.02.2020-16:05:20,1.30000000e+01,6.38302267e-01,8.74459934e+00,1.89845241e-03,3.60255676e+02,7.91895294e+01,1.79913692e+01,1.34316117e-01,3.17407131e-01
5345803-S04-156I3-A-L-C-190-7-1,20.02.2020-16:05:22,2.00000000e+01,6.46396697e-01,8.86818504e+00,1.94741471e-03,2.84089844e+02,8.00024872e+01,1.86666985e+01,1.26400501e-01,2.13577718e-01
5345803-S04-156I3-A-L-C-190-7-1,20.02.2020-16:05:25,2.10000000e+01,6.44763649e-01,8.84478760e+00,1.93307118e-03,5.01702148e+02,7.99910126e+01,1.85677528e+01,5.01842462e-02,7.84886628e-02
5345803-S04-156I3-A-L-C-190-7-1,20.02.2020-16:05:27,2.10000000e+01,6.45017266e-01,8.85598564e+00,2.00522598e-03,3.53126617e+02,7.98783875e+01,1.85723877e+01,1.00860395e-01,1.36904553e-01
5345803-S04-156I3-A-L-C-190-7-1,20.02.2020-16:05:29,1.30000000e+01,6.36180818e-01,8.72236824e+00,1.97874266e-03,2.85120117e+02,7.94011917e+01,1.79337959e+01,1.28831357e-01,3.44057143e-01
5345803-S04-156I3-A-L-C-190-7-1,20.02.2020-16:05:31,1.00000000e+00,6.43352985e-01,8.84720707e+00,2.22361227e-03,1.98260437e+02,7.98103638e+01,1.84903469e+01,1.52118862e-01,3.47480178e-01
5345803-S04-156I3-A-L-C-190-7-1,20.02.2020-16:05:33,2.10000000e+01,6.43851280e-01,8.85124588e+00,1.96625432e-03,2.94909729e+02,8.00055923e+01,1.85583973e+01,7.17398450e-02,1.02477185e-01
5345803-S04-156I3-A-L-C-190-7-1,20.02.2020-16:05:35,2.10000000e+01,6.44370735e-01,8.86039639e+00,1.97066204e-03,3.16273407e+02,7.99642410e+01,1.85829659e+01,8.56646001e-02,1.14281885e-01
5345803-S04-156I3-A-L-C-190-7-1,20.02.2020-16:05:37,2.00000000e+01,6.44812524e-01,8.86725616e+00,2.17130501e-03,3.56663666e+02,8.00512466e+01,1.86303501e+01,7.50619471e-02,1.77059501e-01
5345803-S04-156I3-A-L-C-190-7-1,20.02.2020-16:05:39,1.30000000e+01,6.36426508e-01,8.71357346e+00,1.81888440e-03,2.00211105e+02,7.93439331e+01,1.79097061e+01,1.35215506e-01,3.28257173e-01
5345803-S04-156I3-A-L-C-190-7-1,20.02.2020-16:05:41,2.00000000e+01,6.44316673e-01,8.87544823e+00,2.18017399e-03,3.20298889e+02,8.00632935e+01,1.86360264e+01,8.47240835e-02,1.93761230e-01
5345803-S04-156I3-A-L-C-190-7-1,20.02.2020-16:05:44,2.10000000e+01,6.44482732e-01,8.83442116e+00,2.14641308e-03,2.21798996e+02,7.98968582e+01,1.85160904e+01,1.23708665e-01,1.75380364e-01
5345803-S04-156I3-A-L-C-190-7-1,20.02.2020-16:05:46,2.10000000e+01,6.45071626e-01,8.82398987e+00,2.25584884e-03,2.85678070e+02,7.98761444e+01,1.85063267e+01,1.11807235e-01,2.11890519e-01
5345803-S04-156I3-A-L-C-190-7-1,20.02.2020-16:05:48,2.10000000e+01,6.45088494e-01,8.86861134e+00,2.01570941e-03,3.60955994e+02,7.98289337e+01,1.85894012e+01,6.89246804e-02,9.79763195e-02
5345803-S04-156I3-A-L-C-190-7-1,20.02.2020-16:05:50,1.90000000e+01,6.47424698e-01,8.90301514e+00,1.91264669e-03,2.83071350e+02,7.99798584e+01,1.87645092e+01,1.08360082e-01,1.55112967e-01
5345803-S04-156I3-A-L-C-190-7-1,20.02.2020-16:05:52,1.90000000e+01,6.45713449e-01,8.89819527e+00,2.23740982e-03,2.89859772e+02,7.99712067e+01,1.87027569e+01,1.25679895e-01,1.83664083e-01
5345803-S04-156I3-A-L-C-190-7-1,20.02.2020-16:05:54,1.00000000e+00,6.40643060e-01,8.84469986e+00,2.25551310e-03,1.05274940e+02,7.98935547e+01,1.84264278e+01,2.41778985e-01,4.42486346e-01
5345803-S04-156I3-A-L-C-190-7-1,20.02.2020-16:05:56,2.10000000e+01,6.42799616e-01,8.84521294e+00,1.65848667e-03,1.95763824e+02,8.03470764e+01,1.85944862e+01,1.16381638e-01,1.68339193e-01
5345803-S04-156I3-A-L-C-190-7-1,20.02.2020-16:05:58,2.00000000e+00,6.43081307e-01,8.78003502e+00,1.39462214e-03,1.63467255e+02,8.00506058e+01,1.83974228e+01,1.32534713e-01,2.01143190e-01
5345803-S04-156I3-A-L-C-190-7-1,20.02.2020-16:06:00,2.00000000e+00,6.40327930e-01,8.78796387e+00,1.53790682e-03,2.33759979e+02,8.01162720e+01,1.83502350e+01,1.16090022e-01,4.83128667e-01
5345803-S04-156I3-A-L-C-190-7-1,20.02.2020-16:06:03,1.00000000e+00,6.41431987e-01,8.81141949e+00,1.59330375e-03,2.90507904e+02,8.03647385e+01,1.84880981e+01,9.47852582e-02,3.11834365e-01
5345803-S04-156I3-A-L-C-190-7-1,20.02.2020-16:06:05,2.10000000e+01,6.42664075e-01,8.83068943e+00,1.99592183e-03,6.65844238e+02,8.01115265e+01,1.85056267e+01,5.06479256e-02,1.22730330e-01
5345803-S04-156I3-A-L-C-190-7-1,20.02.2020-16:06:07,2.00000000e+00,6.39012575e-01,8.76874352e+00,1.92699733e-03,3.07397736e+02,8.01405029e+01,1.82780151e+01,1.30103961e-01,5.37868559e-01
5345803-S04-156I3-A-L-C-190-7-1,20.02.2020-16:06:09,2.00000000e+00,6.40089035e-01,8.79096031e+00,1.52969314e-03,3.08647369e+02,8.00074768e+01,1.83247261e+01,8.03063363e-02,1.63689703e-01
5345803-S04-156I3-A-L-C-190-7-1,20.02.2020-16:06:11,2.10000000e+01,6.43393457e-01,8.83494282e+00,1.68576068e-03,3.22247681e+02,8.02344437e+01,1.85639935e+01,7.32129067e-02,1.14930108e-01
5345803-S04-156I3-A-L-C-190-7-1,20.02.2020-16:06:13,2.00000000e+01,6.44206524e-01,8.88472271e+00,1.82342203e-03,3.10103302e+02,8.01733932e+01,1.86779613e+01,7.82054067e-02,1.16340019e-01
5345803-S04-156I3-A-L-C-190-7-1,20.02.2020-16:06:15,2.00000000e+01,6.43226624e-01,8.86296940e+00,1.76032551e-03,2.07206009e+02,8.04619217e+01,1.86708393e+01,9.18127298e-02,1.60263702e-01
5345803-S04-156I3-A-L-C-190-7-1,20.02.2020-16:06:17,2.00000000e+01,6.43957794e-01,8.85013771e+00,1.74043479e-03,2.03441803e+02,8.01874161e+01,1.86013222e+01,1.09427154e-01,1.73832998e-01
5345803-S04-156I3-A-L-C-190-7-1,20.02.2020-16:06:19,2.00000000e+01,6.43090367e-01,8.84999657e+00,1.67136185e-03,2.38743423e+02,8.03030167e+01,1.86027508e+01,1.03676654e-01,1.45696625e-01
5345803-S04-156I3-A-L-C-190-7-1,20.02.2020-16:06:22,1.00000000e+00,6.39436066e-01,8.86075020e+00,1.87596329e-03,2.73707123e+02,7.98901596e+01,1.84243050e+01,9.12433043e-02,1.95310578e-01
5345803-S04-156I3-A-L-C-190-7-1,20.02.2020-16:06:24,1.00000000e+00,6.40115201e-01,8.87163925e+00,1.73766818e-03,1.79758255e+02,7.99810944e+01,1.84875565e+01,1.54152095e-01,2.71136254e-01
5345803-S04-156I3-A-L-C-190-7-1,20.02.2020-16:06:26,1.00000000e+00,6.40604794e-01,8.87708950e+00,1.82799436e-03,1.90184067e+02,7.98863983e+01,1.84911461e+01,1.75917134e-01,2.93656021e-01
5345803-S04-156I3-A-L-C-190-7-1,20.02.2020-16:06:28,2.00000000e+01,6.44413352e-01,8.89611053e+00,2.23045819e-03,2.67768402e+02,7.98598480e+01,1.86347408e+01,8.81999955e-02,1.09547384e-01
5345803-S04-156I3-A-L-C-190-7-1,20.02.2020-16:06:30,1.00000000e+00,6.39492750e-01,8.87325668e+00,2.05136789e-03,1.70868729e+02,7.99547272e+01,1.84668579e+01,1.40733272e-01,2.18088299e-01
5345803-S04-156I3-A-L-C-190-7-1,20.02.2020-16:06:32,1.90000000e+01,6.43977344e-01,8.89542294e+00,2.08586571e-03,3.35662445e+02,8.03215256e+01,1.87283421e+01,7.57530630e-02,1.32445499e-01
5345803-S04-156I3-A-L-C-190-7-1,20.02.2020-16:06:34,1.00000000e+00,6.40135884e-01,8.88698387e+00,2.08287570e-03,3.67900879e+02,7.98367996e+01,1.84867191e+01,7.05473945e-02,1.63687900e-01
5345803-S04-156I3-A-L-C-190-7-1,20.02.2020-16:06:36,2.10000000e+01,6.42846167e-01,8.84590721e+00,1.99528644e-03,1.74983978e+02,8.00928345e+01,1.85384445e+01,1.48705423e-01,3.69758248e-01
5345803-S04-156I3-A-L-C-190-7-1,20.02.2020-16:06:38,2.00000000e+01,6.44459546e-01,8.84490681e+00,1.55119749e-03,1.77018585e+02,8.03146667e+01,1.86343403e+01,1.03013761e-01,2.44975924e-01
5345803-S04-156I3-A-L-C-190-7-1,20.02.2020-16:06:41,2.10000000e+01,6.42612696e-01,8.82451630e+00,1.51730492e-03,1.46578201e+02,8.02413025e+01,1.85211678e+01,1.60760254e-01,4.02890354e-01
5345803-S04-156I3-A-L-C-190-7-1,20.02.2020-16:07:08,2.10000000e+01,6.41452551e-01,8.83695412e+00,1.56902184e-03,2.69115112e+02,8.02473602e+01,1.85151882e+01,1.23963438e-01,2.12176278e-01
5345803-S04-156I3-A-L-C-190-7-1,20.02.2020-16:07:10,2.00000000e+01,6.42939031e-01,8.85205173e+00,1.60480035e-03,3.85269135e+02,8.05389252e+01,1.86573391e+01,5.84353730e-02,1.10751368e-01
5345803-S04-156I3-A-L-C-190-7-1,20.02.2020-16:07:13,2.00000000e+01,6.43779814e-01,8.85819721e+00,1.75914424e-03,2.66793640e+02,8.04475708e+01,1.86735020e+01,1.06081717e-01,1.54000014e-01
5345803-S04-156I3-A-L-C-190-7-1,20.02.2020-16:07:15,1.90000000e+01,6.45362735e-01,8.88724518e+00,1.78220181e-03,2.75455750e+02,8.03000565e+01,1.87463665e+01,1.18456788e-01,2.09139660e-01
5345803-S04-156I3-A-L-C-190-7-1,20.02.2020-16:07:17,2.00000000e+01,6.43603444e-01,8.88220978e+00,2.05270224e-03,3.00086273e+02,8.02374191e+01,1.86700954e+01,6.21356703e-02,7.89537504e-02
5345803-S04-156I3-A-L-C-190-7-1,20.02.2020-16:07:19,1.00000000e+00,6.38223231e-01,8.85730457e+00,1.94497977e-03,2.14024796e+02,8.01329956e+01,1.84380856e+01,1.11685708e-01,2.74615139e-01
5345803-S04-156I3-A-L-C-190-7-1,20.02.2020-16:07:22,1.00000000e+00,6.38975680e-01,8.85251331e+00,1.99775095e-03,2.70865479e+02,8.00580063e+01,1.84325695e+01,1.34110495e-01,2.67387658e-01
5345803-S04-156I3-A-L-C-190-7-1,20.02.2020-16:07:24,1.90000000e+01,6.45536065e-01,8.90148544e+00,1.62192166e-03,3.65239349e+02,8.02309570e+01,1.87652836e+01,8.66417214e-02,1.42548114e-01
5345803-S04-156I3-A-L-C-190-7-1,20.02.2020-16:07:26,1.00000000e+00,6.39282286e-01,8.85056400e+00,1.46982237e-03,1.51570023e+02,8.00727463e+01,1.84407501e+01,1.67801037e-01,3.46806854e-01
5345803-S04-156I3-A-L-C-190-7-1,20.02.2020-16:07:28,2.10000000e+01,6.41625881e-01,8.87880135e+00,1.96234439e-03,3.86131775e+02,7.99679413e+01,1.85431004e+01,7.04002082e-02,1.19076394e-01
5345803-S04-156I3-A-L-C-190-7-1,20.02.2020-16:07:30,2.10000000e+01,6.41496539e-01,8.87899780e+00,2.13288656e-03,2.31022293e+02,7.98810272e+01,1.85196209e+01,1.08115509e-01,1.90831989e-01
5345803-S04-156I3-A-L-C-190-7-1,20.02.2020-16:07:32,1.90000000e+01,6.44926488e-01,8.89786911e+00,1.77923543e-03,2.03814621e+02,8.00625076e+01,1.87006035e+01,9.00481790e-02,1.18010797e-01
5345803-S04-156I3-A-L-C-190-7-1,20.02.2020-16:07:34,1.00000000e+00,6.40102744e-01,8.86578751e+00,1.94327324e-03,3.12261169e+02,8.00135422e+01,1.84825001e+01,1.05370745e-01,1.79032624e-01
5345803-S04-156I3-A-L-C-190-7-1,20.02.2020-16:07:36,1.90000000e+01,6.45132542e-01,8.89471531e+00,1.85171026e-03,4.46186462e+02,8.02726440e+01,1.87490292e+01,6.72584698e-02,1.04367912e-01
5345803-S04-156I3-A-L-C-190-7-1,20.02.2020-16:07:39,2.10000000e+01,6.44142270e-01,8.83214569e+00,1.83204294e-03,2.17876373e+02,8.00325546e+01,1.85329647e+01,9.32753608e-02,1.76696897e-01
5345803-S04-156I3-A-L-C-190-7-1,20.02.2020-16:07:41,2.00000000e+01,6.42192245e-01,8.85919476e+00,1.85412262e-03,2.21198044e+02,8.03828888e+01,1.86145744e+01,1.24855518e-01,1.68237969e-01
5345803-S04-156I3-A-L-C-190-7-1,20.02.2020-16:07:43,2.00000000e+01,6.43697202e-01,8.84437656e+00,1.69216399e-03,2.80948547e+02,8.06147156e+01,1.86807098e+01,1.34956211e-01,3.43215913e-01
5345803-S04-156I3-A-L-C-190-7-1,20.02.2020-16:07:45,1.00000000e+00,6.42874599e-01,8.78014374e+00,1.89094734e-03,8.11221390e+01,8.01149445e+01,1.84065189e+01,2.27466911e-01,4.10696864e-01
5345803-S04-156I3-A-L-C-190-7-1,20.02.2020-16:07:47,2.00000000e+00,6.40158892e-01,8.78850460e+00,1.52344350e-03,3.86156891e+02,8.00848923e+01,1.83393326e+01,4.79846895e-02,1.23621672e-01
5345803-S04-156I3-A-L-C-190-7-1,20.02.2020-16:07:49,2.10000000e+01,6.42678082e-01,8.82568741e+00,1.93664385e-03,2.82315796e+02,8.02035828e+01,1.85168018e+01,9.84734446e-02,1.48149028e-01
5345803-S04-156I3-A-L-C-190-7-1,20.02.2020-16:07:51,2.10000000e+01,6.42393172e-01,8.82089233e+00,1.82974234e-03,2.54217285e+02,8.03407745e+01,1.85301819e+01,1.12070404e-01,1.55135125e-01
5345803-S04-156I3-A-L-C-190-7-1,20.02.2020-16:07:53,2.10000000e+01,6.41995728e-01,8.82297039e+00,1.83522608e-03,2.16541687e+02,8.03380356e+01,1.85224476e+01,1.05574161e-01,1.50802270e-01
5345803-S04-156I3-A-L-C-190-7-1,20.02.2020-16:07:55,2.10000000e+01,6.43851697e-01,8.81348896e+00,1.41804945e-03,1.65400955e+02,8.01160660e+01,1.85047626e+01,1.20408438e-01,2.14780554e-01
5345803-S04-156I3-A-L-C-190-7-1,20.02.2020-16:07:58,2.10000000e+01,6.41075611e-01,8.91294289e+00,2.00740644e-03,2.65512390e+02,7.98727646e+01,1.85763016e+01,1.02980360e-01,1.26937047e-01
5345803-S04-156I3-A-L-C-190-7-1,20.02.2020-16:08:00,2.00000000e+00,6.40018761e-01,8.76309776e+00,1.57080090e-03,2.47537506e+02,8.01830063e+01,1.83047123e+01,1.28510728e-01,4.93322045e-01
5345803-S04-156I3-A-L-C-190-7-1,20.02.2020-16:08:02,2.00000000e+00,6.40159488e-01,8.77110291e+00,1.48227334e-03,2.52335800e+02,8.02540054e+01,1.83416901e+01,1.47426799e-01,5.57564378e-01
5345803-S04-156I3-A-L-C-190-7-1,20.02.2020-16:08:04,1.00000000e+00,6.41399443e-01,8.80469513e+00,1.73594267e-03,2.88004669e+02,8.02735825e+01,1.84520950e+01,1.44369349e-01,4.68978435e-01
5345803-S04-156I3-A-L-C-190-7-1,20.02.2020-16:08:06,2.00000000e+01,6.44753516e-01,8.89859295e+00,2.02638935e-03,4.52014221e+02,7.97664642e+01,1.86279736e+01,6.60656244e-02,9.13300738e-02
5345803-S04-156I3-A-L-C-190-7-1,20.02.2020-16:08:08,1.90000000e+01,6.44966125e-01,8.94316387e+00,1.96579751e-03,2.56444336e+02,7.97458496e+01,1.87226086e+01,1.33580014e-01,1.62926167e-01
5345803-S04-156I3-A-L-C-190-7-1,20.02.2020-16:08:10,8.00000000e+00,6.45965576e-01,8.96073151e+00,1.81920780e-03,2.53890976e+02,8.03322449e+01,1.89266148e+01,1.61301523e-01,2.75892019e-01
5345803-S04-156I3-A-L-C-190-7-1,20.02.2020-16:08:12,8.00000000e+00,6.46028399e-01,8.96308517e+00,1.94381189e-03,2.85157166e+02,8.02644882e+01,1.89174576e+01,1.24586724e-01,2.23502800e-01
5345803-S04-156I3-A-L-C-190-7-1,20.02.2020-16:08:14,2.00000000e+01,6.43866122e-01,8.90370274e+00,1.96502940e-03,1.34179626e+02,7.98800201e+01,1.86395149e+01,2.26664245e-01,4.27443624e-01
5345803-S04-156I3-A-L-C-190-7-1,20.02.2020-16:08:16,1.00000000e+00,6.37366831e-01,8.85398865e+00,1.95702864e-03,1.36907883e+02,8.01091232e+01,1.84009647e+01,2.03184247e-01,3.11333328e-01
5345803-S04-156I3-A-L-C-190-7-1,20.02.2020-16:08:18,8.00000000e+00,6.47146046e-01,8.98040485e+00,1.84595585e-03,1.23505722e+02,8.00298386e+01,1.89312954e+01,2.45217070e-01,3.18884104e-01
5345803-S04-156I3-A-L-C-190-7-1,20.02.2020-16:08:21,2.00000000e+01,6.43701613e-01,8.91802120e+00,1.87288516e-03,1.55582657e+02,7.99861221e+01,1.86895123e+01,2.57020563e-01,8.96126390e-01
5345803-S04-156I3-A-L-C-190-7-1,20.02.2020-16:08:23,2.00000000e+01,6.42511249e-01,8.90558529e+00,1.99943618e-03,1.12525482e+02,8.00912399e+01,1.86534176e+01,2.69027650e-01,6.81635320e-01
5345803-S04-156I3-A-L-C-190-7-1,20.02.2020-16:08:25,1.90000000e+01,6.44364297e-01,8.93009567e+00,1.81301159e-03,2.16673508e+02,7.98864288e+01,1.87107334e+01,1.46080285e-01,3.61304015e-01
5345803-S04-156I3-A-L-C-190-7-1,20.02.2020-16:08:27,2.00000000e+01,6.43881142e-01,8.92223358e+00,2.00250582e-03,1.84202682e+02,7.98472519e+01,1.86710815e+01,1.77164182e-01,3.42180699e-01
5345803-S04-156I3-A-L-C-190-7-1,20.02.2020-16:08:29,1.90000000e+01,6.46799088e-01,8.92680168e+00,1.86039147e-03,2.90432617e+02,7.99360123e+01,1.87861576e+01,1.29667416e-01,2.36216977e-01
5345803-S04-156I3-A-L-C-190-7-1,20.02.2020-16:08:31,9.00000000e+00,6.45314276e-01,8.94818020e+00,2.04995438e-03,1.34278030e+02,8.00132828e+01,1.88060780e+01,1.80383861e-01,2.34888092e-01
5345803-S04-156I3-A-L-C-190-7-1,20.02.2020-16:08:33,8.00000000e+00,6.48582458e-01,8.96351528e+00,2.12910119e-03,1.13865105e+02,8.02086182e+01,1.89799385e+01,2.18627140e-01,3.27236980e-01
5345803-S04-156I3-A-L-C-190-7-1,20.02.2020-16:08:35,1.90000000e+01,6.45224392e-01,8.90743637e+00,2.01071496e-03,1.29944550e+02,8.02026596e+01,1.87621441e+01,2.08847314e-01,4.10929084e-01
5345803-S04-156I3-A-L-C-190-7-1,20.02.2020-16:08:37,2.00000000e+01,6.43764257e-01,8.92315388e+00,2.20311829e-03,1.74973724e+02,7.98466644e+01,1.86694813e+01,1.29348338e-01,1.70150921e-01
5345803-S04-156I3-A-L-C-190-7-1,20.02.2020-16:08:39,7.00000000e+00,6.48436964e-01,8.98132038e+00,1.79017545e-03,1.13653564e+02,8.02898865e+01,1.90326385e+01,1.87313840e-01,2.50898510e-01
5345803-S04-156I3-A-L-C-190-7-1,20.02.2020-16:08:42,9.00000000e+00,6.45048201e-01,8.93828201e+00,1.81635167e-03,1.24737633e+02,8.01828995e+01,1.88173370e+01,2.21356660e-01,2.85990715e-01
5345803-S04-156I3-A-L-C-190-7-1,20.02.2020-16:08:44,9.00000000e+00,6.46899462e-01,8.95698833e+00,1.85917481e-03,2.01781296e+02,8.00392609e+01,1.88769627e+01,1.34411648e-01,1.89875960e-01
5345803-S04-156I3-A-L-C-190-7-1,20.02.2020-16:08:46,9.00000000e+00,6.47215366e-01,8.93635273e+00,1.62384100e-03,2.62554321e+02,8.02705612e+01,1.88971195e+01,1.91960320e-01,3.62219691e-01
5345803-S04-156I3-A-L-C-190-7-1,20.02.2020-16:08:48,2.00000000e+01,6.43951774e-01,8.91865730e+00,2.07754411e-03,2.51823914e+02,7.98524551e+01,1.86668606e+01,1.20836839e-01,2.46010512e-01
5345803-S04-156I3-A-L-C-190-7-1,20.02.2020-16:08:50,9.00000000e+00,6.47239447e-01,8.93167210e+00,2.18658731e-03,2.25443710e+02,7.99772949e+01,1.88189201e+01,9.68584940e-02,2.77260512e-01
5345803-S04-156I3-A-L-C-190-7-1,20.02.2020-16:08:52,9.00000000e+00,6.44812107e-01,8.94908237e+00,2.06979946e-03,1.51606476e+02,8.00917282e+01,1.88117638e+01,1.50340632e-01,2.07008541e-01
5345803-S04-156I3-A-L-C-190-7-1,20.02.2020-16:08:54,9.00000000e+00,6.44364655e-01,8.96038342e+00,1.97349116e-03,7.45232544e+01,8.00214386e+01,1.88059292e+01,4.39299911e-01,5.24512470e-01
5345803-S04-156I3-A-L-C-190-7-1,20.02.2020-16:08:56,1.90000000e+01,6.43879354e-01,8.94821739e+00,1.59738527e-03,1.06604668e+02,8.00595856e+01,1.87751980e+01,2.93207079e-01,3.91790152e-01
5345803-S04-156I3-A-L-C-190-7-1,20.02.2020-16:08:58,1.90000000e+01,6.43614113e-01,8.93162346e+00,2.02962221e-03,2.52130661e+02,8.00539246e+01,1.87313366e+01,1.50731191e-01,2.30195612e-01
5345803-S04-156I3-A-L-C-190-7-1,20.02.2020-16:09:01,2.10000000e+01,6.42611623e-01,8.84747410e+00,1.75996067e-03,3.17925323e+02,7.99681549e+01,1.85061111e+01,1.73014507e-01,5.83121955e-01
5345803-S04-156I3-A-L-C-190-7-1,20.02.2020-16:09:03,1.00000000e+00,6.43670022e-01,8.85869408e+00,2.03686953e-03,1.69316589e+02,7.95536652e+01,1.84638977e+01,2.75921196e-01,4.23483074e-01
5345803-S04-156I3-A-L-C-190-7-1,20.02.2020-16:09:05,1.00000000e+00,6.43885791e-01,8.85004807e+00,2.24650651e-03,2.36090973e+02,7.94703293e+01,1.84327316e+01,1.85426295e-01,3.26067328e-01
5345803-S04-156I3-A-L-C-190-7-1,20.02.2020-16:09:07,1.90000000e+01,6.45910621e-01,8.92280197e+00,2.22239201e-03,1.99659134e+02,8.00800323e+01,1.87857323e+01,2.17764080e-01,3.20997715e-01
5345803-S04-156I3-A-L-C-190-7-1,20.02.2020-16:09:09,2.10000000e+01,6.44229412e-01,8.86335468e+00,1.68385718e-03,4.72335815e+02,8.00086517e+01,1.85954132e+01,1.33516610e-01,2.96747953e-01
5345803-S04-156I3-A-L-C-190-7-1,20.02.2020-16:09:11,9.00000000e+00,6.45414770e-01,8.93662262e+00,1.96393370e-03,2.38358734e+02,8.04256210e+01,1.88815193e+01,1.16127230e-01,1.68567553e-01
5345803-S04-156I3-A-L-C-190-7-1,20.02.2020-16:09:13,2.10000000e+01,6.43660843e-01,8.85737133e+00,1.98203791e-03,6.83688538e+02,7.98587189e+01,1.85316658e+01,8.80166814e-02,2.13375703e-01
5345803-S04-156I3-A-L-C-190-7-1,20.02.2020-16:09:15,2.00000000e+01,6.45581543e-01,8.88874054e+00,2.17811135e-03,2.89986603e+02,7.98632050e+01,1.86538391e+01,1.64637059e-01,2.58537471e-01
5345803-S04-156I3-A-L-C-190-7-1,20.02.2020-16:09:17,9.00000000e+00,6.46444380e-01,8.94363785e+00,1.96420425e-03,2.01415497e+02,8.02820129e+01,1.88926907e+01,1.31332248e-01,1.72836766e-01
5345803-S04-156I3-A-L-C-190-7-1,20.02.2020-16:09:20,2.10000000e+01,6.44338846e-01,8.86383724e+00,1.53263705e-03,2.53375839e+02,7.99257584e+01,1.85803165e+01,1.49336353e-01,2.91504443e-01
5345803-S04-156I3-A-L-C-190-7-1,20.02.2020-16:09:22,9.00000000e+00,6.46307945e-01,8.93451977e+00,1.83532888e-03,3.45416504e+02,8.03781433e+01,1.88920383e+01,1.10709339e-01,1.84507489e-01
5345803-S04-156I3-A-L-C-190-7-1,20.02.2020-16:09:24,1.90000000e+01,6.46638393e-01,8.90473175e+00,1.90992630e-03,3.51567780e+02,7.99327927e+01,1.87343006e+01,7.39839450e-02,1.53044537e-01
5345803-S04-156I3-A-L-C-190-7-1,20.02.2020-16:09:26,2.10000000e+01,6.43935680e-01,8.86520863e+00,1.98778627e-03,2.61185120e+02,7.98974304e+01,1.85649776e+01,1.50968924e-01,2.52435952e-01
5345803-S04-156I3-A-L-C-190-7-1,20.02.2020-16:09:28,2.10000000e+01,6.43561542e-01,8.90056896e+00,2.36023217e-03,2.15341400e+02,7.97740784e+01,1.85994396e+01,1.76412180e-01,3.95338088e-01
5345803-S04-156I3-A-L-C-190-7-1,20.02.2020-16:09:30,2.10000000e+01,6.44245625e-01,8.85543823e+00,1.78091286e-03,5.39246826e+02,7.99827881e+01,1.85732651e+01,9.39141437e-02,2.15914384e-01
5345803-S04-156I3-A-L-C-190-7-1,20.02.2020-16:09:32,2.00000000e+01,6.45700157e-01,8.88227558e+00,1.76029466e-03,3.09429199e+02,8.00607300e+01,1.86898098e+01,1.54785156e-01,2.26948529e-01
5345803-S04-156I3-A-L-C-190-7-1,20.02.2020-16:09:34,2.10000000e+01,6.44117534e-01,8.86414719e+00,1.64578587e-03,4.74027893e+02,7.96955948e+01,1.85210915e+01,1.05470724e-01,2.05346912e-01
5345803-S04-156I3-A-L-C-190-7-1,20.02.2020-16:09:37,8.00000000e+00,6.45936012e-01,8.94009972e+00,1.93643419e-03,4.03796356e+02,8.04635773e+01,1.89130421e+01,8.30642954e-02,1.37177452e-01
5345803-S04-156I3-A-L-C-190-7-1,20.02.2020-16:09:39,9.00000000e+00,6.46661282e-01,8.94015884e+00,1.94219628e-03,4.49462494e+02,8.02811279e+01,1.88914700e+01,9.29148048e-02,1.45745486e-01
5345803-S04-156I3-A-L-C-190-7-1,20.02.2020-16:09:41,8.00000000e+00,6.46708250e-01,8.94139957e+00,1.84015301e-03,5.09821198e+02,8.03555298e+01,1.89129753e+01,8.33625197e-02,1.38085231e-01
5345803-S04-156I3-A-L-C-190-7-1,20.02.2020-16:09:43,9.00000000e+00,6.46035552e-01,8.94077873e+00,2.04071519e-03,5.75710999e+02,8.03241196e+01,1.88846035e+01,7.32083470e-02,1.11265466e-01
5345803-S04-156I3-A-L-C-190-7-1,20.02.2020-16:09:45,2.10000000e+01,6.43254399e-01,8.86859417e+00,1.97335286e-03,4.26748444e+02,7.99059753e+01,1.85544052e+01,1.01421840e-01,2.04888880e-01
5345803-S04-156I3-A-L-C-190-7-1,20.02.2020-16:09:47,2.10000000e+01,6.45345628e-01,8.85381031e+00,1.91312050e-03,2.16358078e+02,7.97752914e+01,1.85533028e+01,1.16488166e-01,3.75420541e-01
5345803-S04-156I3-A-L-C-190-7-1,20.02.2020-16:09:49,2.00000000e+01,6.44828439e-01,8.87370968e+00,1.77306437e-03,2.31497208e+02,7.99850922e+01,1.86289635e+01,1.49368495e-01,5.06032825e-01
5345803-S04-156I3-A-L-C-190-7-1,20.02.2020-16:09:51,2.00000000e+01,6.44921660e-01,8.89649105e+00,1.84847659e-03,3.52921417e+02,7.98383865e+01,1.86452255e+01,6.81129992e-02,9.64823365e-02
5345803-S04-156I3-A-L-C-190-7-1,20.02.2020-16:09:54,1.90000000e+01,6.46874666e-01,8.88822079e+00,2.29935395e-03,2.37130386e+02,8.00504456e+01,1.87339306e+01,1.47888631e-01,4.35130686e-01
5345803-S04-156I3-A-L-C-190-7-1,20.02.2020-16:09:56,1.90000000e+01,6.45631015e-01,8.91862202e+00,2.19242671e-03,2.95836884e+02,7.99622574e+01,1.87411995e+01,8.35024118e-02,1.15373403e-01
5345803-S04-156I3-A-L-C-190-7-1,20.02.2020-16:09:58,2.00000000e+00,6.36530995e-01,8.81312370e+00,1.89362478e-03,2.43931534e+02,7.98158798e+01,1.82250576e+01,3.52354676e-01,1.14885628e+00
5345803-S04-156I3-A-L-C-190-7-1,20.02.2020-16:10:00,2.00000000e+01,6.43698156e-01,8.88329220e+00,2.08772626e-03,3.75334198e+02,8.00656052e+01,1.86351299e+01,1.49887800e-01,3.27999383e-01
5345803-S04-156I3-A-L-C-190-7-1,20.02.2020-16:10:02,2.00000000e+01,6.43607080e-01,8.88335323e+00,1.80406822e-03,2.39893906e+02,8.03023987e+01,1.86877251e+01,1.64473787e-01,2.99337655e-01
5345803-S04-156I3-A-L-C-190-7-1,20.02.2020-16:10:04,2.40000000e+01,6.43437028e-01,8.87785530e+00,1.81524374e-03,1.02457743e+01,7.96605606e+01,1.85219917e+01,2.67505622e+00,3.19777870e+00
5345803-S04-156I3-A-L-C-190-7-1,20.02.2020-16:10:06,2.00000000e+01,6.42153561e-01,8.95717049e+00,2.12056027e-03,2.94465027e+02,7.95111694e+01,1.86152172e+01,1.16052575e-01,1.44602969e-01
5345803-S04-156I3-A-L-C-190-7-1,20.02.2020-16:10:08,2.00000000e+01,6.41897023e-01,8.95548534e+00,2.01895810e-03,3.96694946e+02,7.95704346e+01,1.86181450e+01,6.24164604e-02,8.34978744e-02
5345803-S04-156I3-A-L-C-190-7-1,20.02.2020-16:10:10,2.00000000e+00,6.36904359e-01,8.79417706e+00,1.64103881e-03,1.73060608e+02,8.05968018e+01,1.83745804e+01,2.61770606e-01,6.84949040e-01
5345803-S04-156I3-A-L-C-190-7-1,20.02.2020-16:10:13,2.00000000e+01,6.44566119e-01,8.89790249e+00,2.04248354e-03,1.80300797e+02,7.98544617e+01,1.86416569e+01,1.85230985e-01,2.45432675e-01
5345803-S04-156I3-A-L-C-190-7-1,20.02.2020-16:10:15,1.90000000e+01,6.44935131e-01,8.92406845e+00,2.14709807e-03,3.49839844e+02,7.98420868e+01,1.87042809e+01,1.16179004e-01,1.50038421e-01
5345803-S04-156I3-A-L-C-190-7-1,20.02.2020-16:10:17,9.00000000e+00,6.45442486e-01,8.93776417e+00,1.95971783e-03,2.32846786e+02,8.01885681e+01,1.88290787e+01,1.42117918e-01,1.89283013e-01
5345803-S04-156I3-A-L-C-190-7-1,20.02.2020-16:10:19,1.90000000e+01,6.44574225e-01,8.92513561e+00,2.11789832e-03,2.49048645e+02,7.99814682e+01,1.87286873e+01,8.79760683e-02,1.23988084e-01
5345803-S04-156I3-A-L-C-190-7-1,20.02.2020-16:10:21,2.00000000e+01,6.41629279e-01,8.91554642e+00,1.79120095e-03,2.56792755e+02,7.99929657e+01,1.86257668e+01,1.27125293e-01,1.53397754e-01
5345803-S04-156I3-A-L-C-190-7-1,20.02.2020-16:10:23,2.00000000e+01,6.43994391e-01,8.88810253e+00,1.82799320e-03,4.15199158e+02,8.02442474e+01,1.86954193e+01,1.04292251e-01,1.48248062e-01
5345803-S04-156I3-A-L-C-190-7-1,20.02.2020-16:10:25,2.00000000e+01,6.41564071e-01,8.91136456e+00,1.66528195e-03,2.97697510e+02,8.00955276e+01,1.86390057e+01,1.06746450e-01,1.26730025e-01
5345803-S04-156I3-A-L-C-190-7-1,20.02.2020-16:10:27,2.10000000e+01,6.41142666e-01,8.90142250e+00,1.86686427e-03,1.85041962e+02,7.99800873e+01,1.85791645e+01,1.82575405e-01,2.15838224e-01
5345803-S04-156I3-A-L-C-190-7-1,20.02.2020-16:10:29,2.10000000e+01,6.41593218e-01,8.89783764e+00,1.74153713e-03,2.59345245e+02,8.00101624e+01,1.85917187e+01,1.02570675e-01,1.20421425e-01
5345803-S04-156I3-A-L-C-190-7-1,20.02.2020-16:10:32,2.10000000e+01,6.41576707e-01,8.89779758e+00,2.02936819e-03,2.62805939e+02,7.97831345e+01,1.85384045e+01,1.10378653e-01,1.30822599e-01
5345803-S04-156I3-A-L-C-190-7-1,20.02.2020-16:10:34,2.10000000e+01,6.41979814e-01,8.91116810e+00,1.99268921e-03,4.98109100e+02,7.98639297e+01,1.85967426e+01,7.53019229e-02,9.12316516e-02
5345803-S04-156I3-A-L-C-190-7-1,20.02.2020-16:10:36,2.10000000e+01,6.41754210e-01,8.91328144e+00,1.79250189e-03,4.98740387e+02,7.98686981e+01,1.85957279e+01,6.50220662e-02,7.89382458e-02
5345803-S04-156I3-A-L-C-190-7-1,20.02.2020-16:10:38,8.00000000e+00,6.48282290e-01,8.96440887e+00,1.72699091e-03,1.35238754e+02,8.01020584e+01,1.89478378e+01,3.29482228e-01,4.00355905e-01
5345803-S04-156I3-A-L-C-190-7-1,20.02.2020-16:10:40,2.00000000e+01,6.44265056e-01,8.88890076e+00,1.74819154e-03,1.67054047e+02,7.99819565e+01,1.86438179e+01,2.64950126e-01,4.29148048e-01
5345803-S04-156I3-A-L-C-190-7-1,20.02.2020-16:10:42,1.90000000e+01,6.43808782e-01,8.93203449e+00,1.80534483e-03,7.74568176e+01,8.01659851e+01,1.87640953e+01,3.77503872e-01,5.02705455e-01
5345803-S04-156I3-A-L-C-190-7-1,20.02.2020-16:10:44,9.00000000e+00,6.44904494e-01,8.96064281e+00,1.62243936e-03,1.59574448e+02,8.01740189e+01,1.88581219e+01,2.32148513e-01,2.85627484e-01
5345803-S04-156I3-A-L-C-190-7-1,20.02.2020-16:10:46,2.00000000e+01,6.43933177e-01,8.90483665e+00,1.87286746e-03,8.62887573e+01,7.98789978e+01,1.86435890e+01,5.26682615e-01,7.67112195e-01
5345803-S04-156I3-A-L-C-190-7-1,20.02.2020-16:10:48,2.00000000e+01,6.43448889e-01,8.88507843e+00,1.73090002e-03,9.01406860e+01,8.00299072e+01,1.86233521e+01,3.74728203e-01,6.66065693e-01
5345803-S04-156I3-A-L-C-190-7-1,20.02.2020-16:10:51,9.00000000e+00,6.44823670e-01,8.95580101e+00,1.74359942e-03,1.46763367e+02,8.01342850e+01,1.88362312e+01,1.87063277e-01,2.31381252e-01
5345803-S04-156I3-A-L-C-190-7-1,20.02.2020-16:10:53,2.00000000e+01,6.43943369e-01,8.90959930e+00,1.87062565e-03,7.13741150e+01,7.98860016e+01,1.86554909e+01,3.20957512e-01,3.85716110e-01
5345803-S04-156I3-A-L-C-190-7-1,20.02.2020-16:10:55,7.00000000e+00,6.48709297e-01,8.97645473e+00,1.75204861e-03,1.16624153e+02,8.03201675e+01,1.90374928e+01,1.86112374e-01,2.64409184e-01
5345803-S04-156I3-A-L-C-190-7-1,20.02.2020-16:10:57,7.00000000e+00,6.48709595e-01,8.97379684e+00,1.92623737e-03,1.88210556e+02,8.03599243e+01,1.90412865e+01,1.82014316e-01,2.44759709e-01
5345803-S04-156I3-A-L-C-190-7-1,20.02.2020-16:10:59,1.90000000e+01,6.43741727e-01,8.91586399e+00,1.79240305e-03,1.30591248e+02,8.00997238e+01,1.87126942e+01,2.35917926e-01,3.89903665e-01
5345803-S04-156I3-A-L-C-190-7-1,20.02.2020-16:11:01,8.00000000e+00,6.47378147e-01,8.95914936e+00,2.02644872e-03,1.30538422e+02,8.02051926e+01,1.89346600e+01,1.72118381e-01,2.46504560e-01
5345803-S04-156I3-A-L-C-190-7-1,20.02.2020-16:11:03,8.00000000e+00,6.48633838e-01,8.95382118e+00,1.87170575e-03,1.65723007e+02,8.03165512e+01,1.89864273e+01,2.14749396e-01,3.16981196e-01
5345803-S04-156I3-A-L-C-190-7-1,20.02.2020-16:11:05,1.90000000e+01,6.45122886e-01,8.92730427e+00,2.03110557e-03,1.27504959e+02,7.99228210e+01,1.87354374e+01,2.26369902e-01,3.94213825e-01
5345803-S04-156I3-A-L-C-190-7-1,20.02.2020-16:11:07,1.90000000e+01,6.45014644e-01,8.92309570e+00,1.93361624e-03,2.62637207e+02,7.99246826e+01,1.87238960e+01,1.48169547e-01,2.96448439e-01
5345803-S04-156I3-A-L-C-190-7-1,20.02.2020-16:11:10,1.90000000e+01,6.43726349e-01,8.93979549e+00,2.00415519e-03,1.99735077e+02,7.99363708e+01,1.87242088e+01,1.78334713e-01,2.92655289e-01
5345803-S04-156I3-A-L-C-190-7-1,20.02.2020-16:11:12,9.00000000e+00,6.45790815e-01,8.95631409e+00,2.03776849e-03,1.94618805e+02,7.99705582e+01,1.88270168e+01,1.94764018e-01,2.40810171e-01
5345803-S04-156I3-A-L-C-190-7-1,20.02.2020-16:11:14,2.00000000e+01,6.42583728e-01,8.93662262e+00,2.03218078e-03,1.55584000e+02,7.99226990e+01,1.86811447e+01,1.39878049e-01,1.63269475e-01
5345803-S04-156I3-A-L-C-190-7-1,20.02.2020-16:11:16,2.00000000e+01,6.42907500e-01,8.92049217e+00,1.65426987e-03,2.30743500e+02,7.99843445e+01,1.86712093e+01,1.39404267e-01,2.91668415e-01
5345803-S04-156I3-A-L-C-190-7-1,20.02.2020-16:11:18,1.90000000e+01,6.44940197e-01,8.92632866e+00,1.93190633e-03,3.44785645e+02,7.99176712e+01,1.87268772e+01,1.52168334e-01,3.37126404e-01
5345803-S04-156I3-A-L-C-190-7-1,20.02.2020-16:11:20,9.00000000e+00,6.43619895e-01,8.99257946e+00,1.92065816e-03,1.50701416e+02,7.99271622e+01,1.88294811e+01,1.69589102e-01,1.98152646e-01
5345803-S04-156I3-A-L-C-190-7-1,20.02.2020-16:11:22,1.90000000e+01,6.44448638e-01,8.90892601e+00,1.80096854e-03,7.78290405e+01,8.00225601e+01,1.87006302e+01,4.16320801e-01,6.16630137e-01
5345803-S04-156I3-A-L-C-190-7-1,20.02.2020-16:11:24,2.00000000e+01,6.44590795e-01,8.89340591e+00,1.69045886e-03,5.32917366e+01,7.99593735e+01,1.86574306e+01,5.86378276e-01,8.41538727e-01
5345803-S04-156I3-A-L-C-190-7-1,20.02.2020-16:11:26,2.00000000e+01,6.42665029e-01,8.91224003e+00,1.85531040e-03,8.66867218e+01,7.98755112e+01,1.86215305e+01,3.43719095e-01,5.42605758e-01
5345803-S04-156I3-A-L-C-190-7-1,20.02.2020-16:11:29,2.00000000e+01,6.43628895e-01,8.87556744e+00,2.00268393e-03,2.03935272e+02,8.01073837e+01,1.86266346e+01,1.40296668e-01,1.89037994e-01
5345803-S04-156I3-A-L-C-190-7-1,20.02.2020-16:11:31,2.00000000e+01,6.43602610e-01,8.87362862e+00,1.99415046e-03,2.17755569e+02,8.00689621e+01,1.86128750e+01,1.28525451e-01,1.69742957e-01
5345803-S04-156I3-A-L-C-190-7-1,20.02.2020-16:11:33,1.90000000e+01,6.46127045e-01,8.89602947e+00,2.12605158e-03,3.10380646e+02,8.02634964e+01,1.87785645e+01,1.11917496e-01,1.69428289e-01
5345803-S04-156I3-A-L-C-190-7-1,20.02.2020-16:11:35,1.90000000e+01,6.46482527e-01,8.88856316e+00,1.69561745e-03,3.21617920e+02,8.03236771e+01,1.87872028e+01,1.26644894e-01,2.03815773e-01
5345803-S04-156I3-A-L-C-190-7-1,20.02.2020-16:11:37,9.00000000e+00,6.46586180e-01,8.89375019e+00,1.73255662e-03,2.57656403e+02,8.03372726e+01,1.88043633e+01,1.32212400e-01,2.02289924e-01
5345803-S04-156I3-A-L-C-190-7-1,20.02.2020-16:11:39,1.90000000e+01,6.45823717e-01,8.88980484e+00,1.91743881e-03,1.99428162e+02,8.03542557e+01,1.87778244e+01,1.54642716e-01,2.49785990e-01
5345803-S04-156I3-A-L-C-190-7-1,20.02.2020-16:11:41,2.10000000e+01,6.43240511e-01,8.84183979e+00,1.73321704e-03,2.18937317e+02,8.02890625e+01,1.85867138e+01,1.64744496e-01,5.15946686e-01
5345803-S04-156I3-A-L-C-190-7-1,20.02.2020-16:11:43,1.00000000e+00,6.39464617e-01,8.86378765e+00,2.00464390e-03,2.84630249e+02,8.00953674e+01,1.84787865e+01,1.28695980e-01,1.96569428e-01
5345803-S04-156I3-A-L-C-190-7-1,20.02.2020-16:11:45,2.00000000e+01,6.45239174e-01,8.86816025e+00,1.84227084e-03,2.74178955e+02,8.01977386e+01,1.86786995e+01,9.86902639e-02,1.39002219e-01
5345803-S04-156I3-A-L-C-190-7-1,20.02.2020-16:11:47,2.00000000e+01,6.45704567e-01,8.86396027e+00,2.12018378e-03,2.45177414e+02,8.01126785e+01,1.86634998e+01,1.37479022e-01,1.98455289e-01
5345803-S04-156I3-A-L-C-190-7-1,20.02.2020-16:11:50,2.10000000e+01,6.41754746e-01,8.92584896e+00,1.94801483e-03,4.04083466e+02,7.94066620e+01,1.85142365e+01,9.77445021e-02,1.25573501e-01
5345803-S04-156I3-A-L-C-190-7-1,20.02.2020-16:11:52,1.00000000e+00,6.41254306e-01,8.92364311e+00,2.17999541e-03,4.01063995e+02,7.92174377e+01,1.84511509e+01,6.30483925e-02,8.63191858e-02
5345803-S04-156I3-A-L-C-190-7-1,20.02.2020-16:11:56,2.10000000e+01,6.44336939e-01,8.89438820e+00,2.10826145e-03,1.43914886e+02,7.97129517e+01,1.85946579e+01,2.24210903e-01,2.84878105e-01
5345803-S04-156I3-A-L-C-190-7-1,20.02.2020-16:11:58,2.10000000e+01,6.41437829e-01,8.91505814e+00,2.33550556e-03,2.45973038e+02,7.94876099e+01,1.85015621e+01,1.10742010e-01,1.30107835e-01
5345803-S04-156I3-A-L-C-190-7-1,20.02.2020-16:12:00,1.90000000e+01,6.44890726e-01,8.93256283e+00,2.16318620e-03,5.19886589e+01,7.97980423e+01,1.87104683e+01,6.86641216e-01,8.94644976e-01
5345803-S04-156I3-A-L-C-190-7-1,20.02.2020-16:12:02,1.00000000e+00,6.40686512e-01,8.88750648e+00,2.09090929e-03,8.17195511e+01,7.96917114e+01,1.84700832e+01,3.49568546e-01,5.63555837e-01
5345803-S04-156I3-A-L-C-190-7-1,20.02.2020-16:12:04,2.40000000e+01,6.48707509e-01,8.96945286e+00,1.98539160e-03,3.88056159e+00,7.90284958e+01,1.87166786e+01,7.43334818e+00,8.48656559e+00
5345803-S04-156I3-A-L-C-190-7-1,20.02.2020-16:12:06,9.00000000e+00,6.47295773e-01,8.94710255e+00,2.12846114e-03,4.59161987e+01,7.99714203e+01,1.88516865e+01,5.52600503e-01,7.24850476e-01
5345803-S04-156I3-A-L-C-190-7-1,20.02.2020-16:12:08,1.90000000e+01,6.45063698e-01,8.91526699e+00,1.99336722e-03,6.80715714e+01,8.00355606e+01,1.87348461e+01,4.80763733e-01,8.10713053e-01
5345803-S04-156I3-A-L-C-190-7-1,20.02.2020-16:12:11,1.90000000e+01,6.44672692e-01,8.90527821e+00,1.76317710e-03,5.22668533e+01,8.01707535e+01,1.87341061e+01,5.23715794e-01,8.14468086e-01
5345803-S04-156I3-A-L-C-190-7-1,20.02.2020-16:12:13,1.00000000e+00,6.40381098e-01,8.89343452e+00,1.73330982e-03,5.35834885e+01,7.97517166e+01,1.84875011e+01,4.61069614e-01,7.46264458e-01
5345803-S04-156I3-A-L-C-190-7-1,20.02.2020-16:12:15,2.40000000e+01,6.44111276e-01,8.95465946e+00,1.74697023e-03,4.88776207e+00,7.90286636e+01,1.85534554e+01,3.59696269e+00,4.10975122e+00
5345803-S04-156I3-A-L-C-190-7-1,20.02.2020-16:12:17,1.40000000e+01,6.43208623e-01,8.89408302e+00,1.78632850e-03,1.58305035e+01,7.97738419e+01,1.85756378e+01,9.39591169e-01,1.12068224e+00
5345803-S04-156I3-A-L-C-190-7-1,20.02.2020-16:12:20,1.90000000e+01,6.45921648e-01,8.91415501e+00,2.12890469e-03,2.06095657e+01,8.01053772e+01,1.87737865e+01,8.83419633e-01,1.37689447e+00
5345803-S04-156I3-A-L-C-190-7-1,20.02.2020-16:12:22,2.00000000e+01,6.44802630e-01,8.88827515e+00,1.91122678e-03,2.66626434e+01,8.01409378e+01,1.86951485e+01,7.15946555e-01,1.08145332e+00
5345803-S04-156I3-A-L-C-190-7-1,20.02.2020-16:12:24,2.00000000e+01,6.44432008e-01,8.89460278e+00,2.27313233e-03,3.50444374e+01,7.99712830e+01,1.86581211e+01,6.44445896e-01,9.76939559e-01
5345803-S04-156I3-A-L-C-190-7-1,20.02.2020-16:12:26,1.90000000e+01,6.46203041e-01,8.91295719e+00,1.77583692e-03,4.50683975e+01,8.01430283e+01,1.87882710e+01,5.02149522e-01,9.69790339e-01
5345803-S04-156I3-A-L-C-190-7-1,20.02.2020-16:12:28,1.90000000e+01,6.45755053e-01,8.90940189e+00,1.80686009e-03,1.26981857e+02,8.02051620e+01,1.87823067e+01,2.51536220e-01,4.24163342e-01
5345803-S04-156I3-A-L-C-190-7-1,20.02.2020-16:12:30,1.90000000e+01,6.45195603e-01,8.90131950e+00,1.83158764e-03,1.80751022e+02,8.02655334e+01,1.87631226e+01,1.60208747e-01,2.93960571e-01
5345803-S04-156I3-A-L-C-190-7-1,20.02.2020-16:12:32,2.00000000e+01,6.45140707e-01,8.88841820e+00,1.88161386e-03,1.64646622e+02,8.01154327e+01,1.86992970e+01,2.01593131e-01,3.90754908e-01
5345803-S04-156I3-A-L-C-190-7-1,20.02.2020-16:12:34,9.00000000e+00,6.46683693e-01,8.94321537e+00,1.85102015e-03,1.56292480e+02,8.00904160e+01,1.88536873e+01,1.66567773e-01,2.29539976e-01
5345803-S04-156I3-A-L-C-190-7-1,20.02.2020-16:12:36,1.90000000e+01,6.45513296e-01,8.88964748e+00,1.87176198e-03,1.71202209e+02,8.02431564e+01,1.87425175e+01,2.55497664e-01,4.86712366e-01
5345803-S04-156I3-A-L-C-190-7-1,20.02.2020-16:12:39,9.00000000e+00,6.44266784e-01,8.94498158e+00,1.84721290e-03,1.43291000e+02,8.02883682e+01,1.88333683e+01,2.37031832e-01,3.30706477e-01
5345803-S04-156I3-A-L-C-190-7-1,20.02.2020-16:12:41,1.90000000e+01,6.43257916e-01,8.95882893e+00,1.92086829e-03,1.45660217e+02,7.98706665e+01,1.87350063e+01,1.72279939e-01,2.09515512e-01
5345803-S04-156I3-A-L-C-190-7-1,20.02.2020-16:12:43,8.00000000e+00,6.46200836e-01,8.98033619e+00,1.76337780e-03,1.71277939e+02,8.01138000e+01,1.89233322e+01,1.65892243e-01,2.20693693e-01
5345803-S04-156I3-A-L-C-190-7-1,20.02.2020-16:12:45,1.90000000e+01,6.40903175e-01,8.92902565e+00,1.71751506e-03,9.11818619e+01,8.03978348e+01,1.87271214e+01,3.77143055e-01,6.56754911e-01
5345803-S04-156I3-A-L-C-190-7-1,20.02.2020-16:12:47,2.00000000e+01,6.44170046e-01,8.89690590e+00,2.25523557e-03,1.04481735e+02,7.97704086e+01,1.86085072e+01,3.25169981e-01,4.41310763e-01
5345803-S04-156I3-A-L-C-190-7-1,20.02.2020-16:12:49,2.00000000e+01,6.46561682e-01,8.88978958e+00,2.17107683e-03,1.86247574e+02,7.96665802e+01,1.86383667e+01,1.53309911e-01,1.95509285e-01
5345803-S04-156I3-A-L-C-190-7-1,20.02.2020-16:12:51,1.00000000e+00,6.41841054e-01,8.91017246e+00,2.36977357e-03,1.90669510e+02,7.94251785e+01,1.84885139e+01,1.63509578e-01,1.93110809e-01
5345803-S04-156I3-A-L-C-190-7-1,20.02.2020-16:12:53,1.00000000e+00,6.40328467e-01,8.83779812e+00,2.08983733e-03,6.69347153e+01,7.99187775e+01,1.84088192e+01,4.78280395e-01,7.78022826e-01
5345803-S04-156I3-A-L-C-190-7-1,20.02.2020-16:12:56,2.00000000e+01,6.44000053e-01,8.87842369e+00,1.86405866e-03,1.81106430e+02,8.03246689e+01,1.86939430e+01,1.32483959e-01,2.02597976e-01
5345803-S04-156I3-A-L-C-190-7-1,20.02.2020-16:12:58,2.00000000e+01,6.45824790e-01,8.87250805e+00,2.07132543e-03,3.32230774e+02,8.00609894e+01,1.86729221e+01,1.00785054e-01,1.79682121e-01
5345803-S04-156I3-A-L-C-190-7-1,20.02.2020-16:13:00,1.00000000e+00,6.42592311e-01,8.89352989e+00,2.47103535e-03,3.43049744e+02,7.93368835e+01,1.84550419e+01,6.27272576e-02,9.87222120e-02
5345803-S04-156I3-A-L-C-190-7-1,20.02.2020-16:13:02,2.10000000e+01,6.42981768e-01,8.85072231e+00,2.18070019e-03,1.28748352e+02,8.00734940e+01,1.85479679e+01,1.86845213e-01,4.13757175e-01
5345803-S04-156I3-A-L-C-190-7-1,20.02.2020-16:13:04,2.00000000e+01,6.44721985e-01,8.89533043e+00,1.89370324e-03,1.25882889e+02,7.99697571e+01,1.86676903e+01,1.62198514e-01,2.05614612e-01
5345803-S04-156I3-A-L-C-190-7-1,20.02.2020-16:13:06,2.00000000e+01,6.43383563e-01,8.85796642e+00,1.92695332e-03,1.37228455e+02,8.01929092e+01,1.86024494e+01,2.11884037e-01,4.01290864e-01
5345803-S04-156I3-A-L-C-190-7-1,20.02.2020-16:13:08,2.10000000e+01,6.43543601e-01,8.87604904e+00,2.36208481e-03,1.76956589e+02,7.97027893e+01,1.85311089e+01,1.46147400e-01,2.60489404e-01
5345803-S04-156I3-A-L-C-190-7-1,20.02.2020-16:13:10,1.00000000e+00,6.42036498e-01,8.89513969e+00,2.33573164e-03,1.91401077e+02,7.95196533e+01,1.84849033e+01,1.30336106e-01,1.77284136e-01
5345803-S04-156I3-A-L-C-190-7-1,20.02.2020-16:13:12,1.90000000e+01,6.46007359e-01,8.89125347e+00,2.32951762e-03,2.84490906e+02,8.00372162e+01,1.87121048e+01,1.25244781e-01,1.94914237e-01
5345803-S04-156I3-A-L-C-190-7-1,20.02.2020-16:13:15,2.00000000e+01,6.45983636e-01,8.89444637e+00,2.51121889e-03,2.48825577e+02,7.98060532e+01,1.86640759e+01,9.69509259e-02,1.77992955e-01
5345803-S04-156I3-A-L-C-190-7-1,20.02.2020-16:13:17,2.00000000e+01,6.45314991e-01,8.89195728e+00,2.32508918e-03,3.37176971e+02,7.99030075e+01,1.86621838e+01,9.99003127e-02,1.55268505e-01
5345803-S04-156I3-A-L-C-190-7-1,20.02.2020-16:13:19,1.00000000e+00,6.40489042e-01,8.88537407e+00,2.03939294e-03,1.45218430e+02,7.96720505e+01,1.84554081e+01,1.54743478e-01,1.87773973e-01
5345803-S04-156I3-A-L-C-190-7-1,20.02.2020-16:13:21,2.00000000e+01,6.42418921e-01,8.87593746e+00,1.90212927e-03,1.82073074e+02,8.01674042e+01,1.86063232e+01,1.28321826e-01,2.38443106e-01
5345803-S04-156I3-A-L-C-190-7-1,20.02.2020-16:13:23,1.90000000e+01,6.44640982e-01,8.89725018e+00,1.87148363e-03,1.31293411e+02,8.03324661e+01,1.87540474e+01,1.71474457e-01,2.62243688e-01
5345803-S04-156I3-A-L-C-190-7-1,20.02.2020-16:13:25,2.00000000e+01,6.43158019e-01,8.84840870e+00,1.86339405e-03,1.39990051e+02,8.04141617e+01,1.86271152e+01,1.99912369e-01,4.41559464e-01
5345803-S04-156I3-A-L-C-190-7-1,20.02.2020-16:13:28,2.00000000e+01,6.43248022e-01,8.87700176e+00,1.96623825e-03,1.78047134e+02,8.03296814e+01,1.86702862e+01,1.60121292e-01,2.51231521e-01
5345803-S04-156I3-A-L-C-190-7-1,20.02.2020-16:13:30,1.90000000e+01,6.44102871e-01,8.88319778e+00,1.73723197e-03,1.53961731e+02,8.03626099e+01,1.87158184e+01,1.38791502e-01,2.21397653e-01
5345803-S04-156I3-A-L-C-190-7-1,20.02.2020-16:13:32,2.00000000e+00,6.37413025e-01,8.92706013e+00,1.84319913e-03,2.50224411e+02,7.94144516e+01,1.83932781e+01,1.01800218e-01,1.27274320e-01
5345803-S04-156I3-A-L-C-190-7-1,20.02.2020-16:13:34,1.90000000e+01,6.44359529e-01,8.88976383e+00,1.85980555e-03,2.29404526e+02,8.03584518e+01,1.87361450e+01,1.23882145e-01,2.27811843e-01
5345803-S04-156I3-A-L-C-190-7-1,20.02.2020-16:13:36,1.00000000e+00,6.42644048e-01,8.83445740e+00,1.80295389e-03,2.03837357e+02,7.99633255e+01,1.84786987e+01,1.28574729e-01,3.97218049e-01
5345803-S04-156I3-A-L-C-190-7-1,20.02.2020-16:13:38,2.00000000e+00,6.40103579e-01,8.78965092e+00,1.76572043e-03,2.20212067e+02,8.00104523e+01,1.83230934e+01,1.88946545e-01,9.22106028e-01
5345803-S04-156I3-A-L-C-190-7-1,20.02.2020-16:13:40,2.00000000e+00,6.39124215e-01,8.82099533e+00,1.74871669e-03,1.55487869e+02,8.00718918e+01,1.83743973e+01,1.63022354e-01,3.95876586e-01
5345803-S04-156I3-A-L-C-190-7-1,20.02.2020-16:13:42,2.00000000e+00,6.39995456e-01,8.80033112e+00,1.84444292e-03,2.51210510e+02,7.99690170e+01,1.83327599e+01,1.68663815e-01,6.58335745e-01
5345803-S04-156I3-A-L-C-190-7-1,20.02.2020-16:13:45,1.00000000e+00,6.41120315e-01,8.83009624e+00,1.84511696e-03,2.00445770e+02,8.01245804e+01,1.84629421e+01,2.03736931e-01,4.87157673e-01
5345803-S04-156I3-A-L-C-190-7-1,20.02.2020-16:13:47,2.10000000e+01,6.41608298e-01,8.87918186e+00,1.87534594e-03,1.88829910e+02,8.00764313e+01,1.85685444e+01,1.52302995e-01,3.12869340e-01
5345803-S04-156I3-A-L-C-190-7-1,20.02.2020-16:13:49,1.90000000e+01,6.44638062e-01,8.89797211e+00,2.00018007e-03,2.90861176e+02,8.03206482e+01,1.87527256e+01,1.36565328e-01,1.96792930e-01
5345803-S04-156I3-A-L-C-190-7-1,20.02.2020-16:13:51,2.00000000e+01,6.44198895e-01,8.88322258e+00,2.23909132e-03,2.23429352e+02,8.01068954e+01,1.86590939e+01,1.61541089e-01,2.47046724e-01
5345803-S04-156I3-A-L-C-190-7-1,20.02.2020-16:13:53,2.00000000e+00,6.37367785e-01,8.91528320e+00,1.95353269e-03,1.40578568e+02,7.94851761e+01,1.83840675e+01,1.41440362e-01,1.78782001e-01
5345803-S04-156I3-A-L-C-190-7-1,20.02.2020-16:13:55,1.90000000e+01,6.44071877e-01,8.88094616e+00,1.86600408e-03,1.33588470e+02,8.03902740e+01,1.87166157e+01,1.64427280e-01,2.39436269e-01
5345803-S04-156I3-A-L-C-190-7-1,20.02.2020-16:13:57,2.00000000e+01,6.42834008e-01,8.88631725e+00,1.98169472e-03,1.45196960e+02,8.00546570e+01,1.86139050e+01,1.65298417e-01,2.17297792e-01
5345803-S04-156I3-A-L-C-190-7-1,20.02.2020-16:14:00,2.00000000e+00,6.37808442e-01,8.77550793e+00,1.73887087e-03,1.27140480e+02,8.02109909e+01,1.82737045e+01,3.75447154e-01,1.76380777e+00
5345803-S04-156I3-A-L-C-190-7-1,20.02.2020-16:14:02,1.90000000e+01,6.44177794e-01,8.88184738e+00,1.81274756e-03,1.16102440e+02,8.03476105e+01,1.87116547e+01,2.28846103e-01,3.00412983e-01
5345803-S04-156I3-A-L-C-190-7-1,20.02.2020-16:14:04,2.00000000e+01,6.43809021e-01,8.88784218e+00,2.12582038e-03,1.04820763e+02,8.00240555e+01,1.86382084e+01,2.32513547e-01,3.43059182e-01
5345803-S04-156I3-A-L-C-190-7-1,20.02.2020-16:14:06,2.00000000e+01,6.44280612e-01,8.86860752e+00,1.90394558e-03,7.42448807e+01,8.00583878e+01,1.86194782e+01,3.83200377e-01,6.09206498e-01
5345803-S04-156I3-A-L-C-190-7-1,20.02.2020-16:14:08,1.90000000e+01,6.43315911e-01,8.96976471e+00,1.70346152e-03,1.42355713e+02,7.99777527e+01,1.87847214e+01,2.10917935e-01,2.96903700e-01
5345803-S04-156I3-A-L-C-190-7-1,20.02.2020-16:14:10,9.00000000e+00,6.43949747e-01,8.95254517e+00,1.83728151e-03,1.71581253e+02,8.02120895e+01,1.88221207e+01,1.53653011e-01,2.37166718e-01
5345803-S04-156I3-A-L-C-190-7-1,20.02.2020-16:14:12,1.90000000e+01,6.43356800e-01,8.93697548e+00,1.62729633e-03,1.94475876e+02,8.00993652e+01,1.87457027e+01,1.54465869e-01,1.84218720e-01
5345803-S04-156I3-A-L-C-190-7-1,20.02.2020-16:14:14,1.90000000e+01,6.43505454e-01,8.94443130e+00,1.82894245e-03,9.91237259e+01,7.99627380e+01,1.87336674e+01,2.19610900e-01,2.60165095e-01
5345803-S04-156I3-A-L-C-190-7-1,20.02.2020-16:14:17,2.10000000e+01,6.41449213e-01,8.86423111e+00,1.77347427e-03,2.21935730e+02,8.02659760e+01,1.85765476e+01,2.11295515e-01,6.11337602e-01
5345803-S04-156I3-A-L-C-190-7-1,20.02.2020-16:14:19,1.90000000e+01,6.44859076e-01,8.90673447e+00,1.77104550e-03,1.62179733e+02,8.03095551e+01,1.87750359e+01,2.00583443e-01,2.69196868e-01
5345803-S04-156I3-A-L-C-190-7-1,20.02.2020-16:14:21,1.90000000e+01,6.44529045e-01,8.92636967e+00,1.67069805e-03,1.60562698e+02,8.02320709e+01,1.87886486e+01,2.49315336e-01,6.37627542e-01
5345803-S04-156I3-A-L-C-190-7-1,20.02.2020-16:14:23,9.00000000e+00,6.45038068e-01,8.96860886e+00,1.83933449e-03,1.01626106e+02,8.02179947e+01,1.88891506e+01,3.49042445e-01,4.65960801e-01
5345803-S04-156I3-A-L-C-190-7-1,20.02.2020-16:14:25,1.90000000e+01,6.42848611e-01,8.96379566e+00,1.79334939e-03,1.04637054e+02,7.99944534e+01,1.87625008e+01,3.09668183e-01,4.05314177e-01
5345803-S04-156I3-A-L-C-190-7-1,20.02.2020-16:14:27,9.00000000e+00,6.44726574e-01,8.99226093e+00,1.87861908e-03,1.00474335e+02,7.98786316e+01,1.88497372e+01,2.28533655e-01,2.66447455e-01
5345803-S04-156I3-A-L-C-190-7-1,20.02.2020-16:14:29,1.90000000e+01,6.42470837e-01,8.96145821e+00,1.83257938e-03,1.00103821e+02,8.00731354e+01,1.87650261e+01,3.59952509e-01,4.61942255e-01
5345803-S04-156I3-A-L-C-190-7-1,20.02.2020-16:14:31,1.90000000e+01,6.43223166e-01,8.96527863e+00,1.77447416e-03,1.13701981e+02,8.00356216e+01,1.87862015e+01,2.41123825e-01,3.18751752e-01
5345803-S04-156I3-A-L-C-190-7-1,20.02.2020-16:14:34,1.90000000e+01,6.44989014e-01,8.94040775e+00,2.08066590e-03,1.08153992e+02,7.99777374e+01,1.87719326e+01,2.66252398e-01,4.82363552e-01
5345803-S04-156I3-A-L-C-190-7-1,20.02.2020-16:14:36,9.00000000e+00,6.44094586e-01,8.97632504e+00,1.79133797e-03,1.20540611e+02,7.99102097e+01,1.88053169e+01,2.08187193e-01,2.45193645e-01
5345803-S04-156I3-A-L-C-190-7-1,20.02.2020-16:14:38,1.90000000e+01,6.42285168e-01,8.93076706e+00,1.69902947e-03,1.04190353e+02,8.02312469e+01,1.87322693e+01,3.56919289e-01,6.00313365e-01
5345803-S04-156I3-A-L-C-190-7-1,20.02.2020-16:14:40,1.90000000e+01,6.45151198e-01,8.90684605e+00,1.84606202e-03,1.27402252e+02,8.02476273e+01,1.87692890e+01,2.89251596e-01,4.72096026e-01
5345803-S04-156I3-A-L-C-190-7-1,20.02.2020-16:14:42,2.00000000e+01,6.44799173e-01,8.89636517e+00,1.69456622e-03,1.08296768e+02,7.99601288e+01,1.86698475e+01,2.82188088e-01,6.33893251e-01
5345803-S04-156I3-A-L-C-190-7-1,20.02.2020-16:14:44,8.00000000e+00,6.47409499e-01,8.94115448e+00,1.81177619e-03,1.25066826e+02,8.03941116e+01,1.89420547e+01,1.98466867e-01,2.72331804e-01
5345803-S04-156I3-A-L-C-190-7-1,20.02.2020-16:14:46,1.00000000e+00,6.41419947e-01,8.83660030e+00,2.01569125e-03,5.57705803e+01,7.98522568e+01,1.84223518e+01,4.81779009e-01,8.23947012e-01
5345803-S04-156I3-A-L-C-190-7-1,20.02.2020-16:14:48,1.00000000e+00,6.41122639e-01,8.83322906e+00,2.08330574e-03,1.49979980e+02,8.00116425e+01,1.84435253e+01,2.63224095e-01,7.27675855e-01
5345803-S04-156I3-A-L-C-190-7-1,20.02.2020-16:14:50,2.10000000e+01,6.42983615e-01,8.90242290e+00,2.15497077e-03,1.18028046e+02,7.94516296e+01,1.85114784e+01,2.08250716e-01,2.70261794e-01
5345803-S04-156I3-A-L-C-190-7-1,20.02.2020-16:14:53,2.10000000e+01,6.43807948e-01,8.89049149e+00,2.15374981e-03,1.19341011e+02,7.97040176e+01,1.85691700e+01,2.15593681e-01,3.10826451e-01
5345803-S04-156I3-A-L-C-190-7-1,20.02.2020-16:14:55,1.00000000e+00,6.43870413e-01,8.84763432e+00,2.32026796e-03,1.31378250e+02,7.97178268e+01,1.84846516e+01,1.52456850e-01,3.25137883e-01
5345803-S04-156I3-A-L-C-190-7-1,20.02.2020-16:14:57,1.00000000e+00,6.42413020e-01,8.89701843e+00,2.42138095e-03,7.12893143e+01,7.93047943e+01,1.84496651e+01,3.09371203e-01,3.83343637e-01
5345803-S04-156I3-A-L-C-190-7-1,20.02.2020-16:14:59,2.10000000e+01,6.43521190e-01,8.85023785e+00,1.77897408e-03,6.89745178e+01,8.01488724e+01,1.85799885e+01,3.93214375e-01,5.99927664e-01
5345803-S04-156I3-A-L-C-190-7-1,20.02.2020-16:15:01,2.00000000e+01,6.44054472e-01,8.89806366e+00,1.94517791e-03,2.24396896e+01,7.99299088e+01,1.86447964e+01,1.08042276e+00,1.23797619e+00
5345803-S04-156I3-A-L-C-190-7-1,20.02.2020-16:15:03,2.00000000e+01,6.43078268e-01,8.89632320e+00,1.65510492e-03,9.04034653e+01,7.99014587e+01,1.86062679e+01,2.94310689e-01,6.48344517e-01
5345803-S04-156I3-A-L-C-190-7-1,20.02.2020-16:15:05,1.00000000e+00,6.41178310e-01,8.85301781e+00,1.96213694e-03,8.41327896e+01,7.98215942e+01,1.84425430e+01,3.57261002e-01,9.57600713e-01
5345803-S04-156I3-A-L-C-190-7-1,20.02.2020-16:15:07,2.00000000e+01,6.43239677e-01,8.90366459e+00,1.79453660e-03,2.63021118e+02,8.00223160e+01,1.86544685e+01,1.72259018e-01,5.24375618e-01
5345803-S04-156I3-A-L-C-190-7-1,20.02.2020-16:15:09,2.00000000e+01,6.42941773e-01,8.90022087e+00,1.92454353e-03,2.65752380e+02,8.01600952e+01,1.86707077e+01,1.59448087e-01,6.38327122e-01
5345803-S04-156I3-A-L-C-190-7-1,20.02.2020-16:15:12,2.00000000e+01,6.43126488e-01,8.91003513e+00,1.98838115e-03,1.58404526e+02,7.98682709e+01,1.86286011e+01,1.85483187e-01,5.43951869e-01
5345803-S04-156I3-A-L-C-190-7-1,20.02.2020-16:15:14,2.00000000e+01,6.43440604e-01,8.91083050e+00,1.76012516e-03,1.30579865e+02,7.98527679e+01,1.86357479e+01,2.29804397e-01,5.02037644e-01
5345803-S04-156I3-A-L-C-190-7-1,20.02.2020-16:15:16,2.00000000e+01,6.41795874e-01,8.91990757e+00,1.72545156e-03,1.83593338e+02,8.00705338e+01,1.86577911e+01,2.04741463e-01,4.89429116e-01
5345803-S04-156I3-A-L-C-190-7-1,20.02.2020-16:15:18,1.90000000e+01,6.44433558e-01,8.92823887e+00,1.84941688e-03,8.29047241e+01,7.99820099e+01,1.87312374e+01,3.13350022e-01,7.23159432e-01
5345803-S04-156I3-A-L-C-190-7-1,20.02.2020-16:15:20,2.10000000e+01,6.41145408e-01,8.90531254e+00,1.92433875e-03,9.46592560e+01,7.97791672e+01,1.85406704e+01,4.65047210e-01,1.43595958e+00
5345803-S04-156I3-A-L-C-190-7-1,20.02.2020-16:15:22,2.10000000e+01,6.40879095e-01,8.89832973e+00,1.99728599e-03,1.93285950e+02,7.98170013e+01,1.85272160e+01,3.27047467e-01,1.37710702e+00
5345803-S04-156I3-A-L-C-190-7-1,20.02.2020-16:15:24,1.90000000e+01,6.44156098e-01,8.93702221e+00,1.74190768e-03,1.65414963e+02,8.00356064e+01,1.87541523e+01,1.98993981e-01,2.53449708e-01
5345803-S04-156I3-A-L-C-190-7-1,20.02.2020-16:15:26,1.90000000e+01,6.43924177e-01,8.90742779e+00,1.77342130e-03,1.69794434e+02,8.02542801e+01,1.87363701e+01,2.24505514e-01,4.68052268e-01
5345803-S04-156I3-A-L-C-190-7-1,20.02.2020-16:15:28,1.90000000e+01,6.43793762e-01,8.93865585e+00,2.02964945e-03,1.91644684e+02,8.00512619e+01,1.87506943e+01,1.69761941e-01,2.88229793e-01
5345803-S04-156I3-A-L-C-190-7-1,20.02.2020-16:15:30,1.90000000e+01,6.43793523e-01,8.92352295e+00,1.82926736e-03,2.68039185e+02,8.02954025e+01,1.87760315e+01,1.11744680e-01,2.72015870e-01
5345803-S04-156I3-A-L-C-190-7-1,20.02.2020-16:15:33,2.00000000e+01,6.43277943e-01,8.87606239e+00,1.46911677e-03,1.45387878e+02,8.03051147e+01,1.86634712e+01,1.60143107e-01,4.51635569e-01
5345803-S04-156I3-A-L-C-190-7-1,20.02.2020-16:15:35,9.00000000e+00,6.45058692e-01,8.96590710e+00,1.98202394e-03,2.96902954e+02,8.02649918e+01,1.88951263e+01,1.09603472e-01,1.74153462e-01
5345803-S04-156I3-A-L-C-190-7-1,20.02.2020-16:15:37,8.00000000e+00,6.46691442e-01,8.97562695e+00,1.92830584e-03,2.23391068e+02,8.00969391e+01,1.89237843e+01,1.30851671e-01,1.77862853e-01
5345803-S04-156I3-A-L-C-190-7-1,20.02.2020-16:15:39,2.00000000e+01,6.42808139e-01,8.93081284e+00,1.94802065e-03,1.88073563e+02,7.99197617e+01,1.86748333e+01,1.67684659e-01,3.61753464e-01
5345803-S04-156I3-A-L-C-190-7-1,20.02.2020-16:15:41,9.00000000e+00,6.46611512e-01,8.96403980e+00,1.80454541e-03,2.31109528e+02,8.01320419e+01,1.89053020e+01,1.19532272e-01,1.60756946e-01
5345803-S04-156I3-A-L-C-190-7-1,20.02.2020-16:15:43,9.00000000e+00,6.46157682e-01,8.94271755e+00,2.07918789e-03,2.37520447e+02,8.00977173e+01,1.88390217e+01,1.08739026e-01,1.93060994e-01
5345803-S04-156I3-A-L-C-190-7-1,20.02.2020-16:15:45,2.00000000e+01,6.42294109e-01,8.89677334e+00,1.89687242e-03,2.52932297e+02,8.00375977e+01,1.86161861e+01,2.19653368e-01,5.61584115e-01
5345803-S04-156I3-A-L-C-190-7-1,20.02.2020-16:15:47,2.00000000e+01,6.43421113e-01,8.91135693e+00,1.80186122e-03,1.58423599e+02,8.00140686e+01,1.86739292e+01,2.25603759e-01,5.63854873e-01
5345803-S04-156I3-A-L-C-190-7-1,20.02.2020-16:15:49,2.10000000e+01,6.41642869e-01,8.90828514e+00,2.23844498e-03,1.76169876e+02,7.96207886e+01,1.85244007e+01,2.34711915e-01,5.88508427e-01
5345803-S04-156I3-A-L-C-190-7-1,20.02.2020-16:15:52,8.00000000e+00,6.48546457e-01,8.98098660e+00,2.00942112e-03,1.29421814e+02,8.00423889e+01,1.89764671e+01,1.16383933e-01,1.61071226e-01
5345803-S04-156I3-A-L-C-190-7-1,20.02.2020-16:15:54,1.90000000e+01,6.44922256e-01,8.94718266e+00,1.93406653e-03,2.28311096e+02,7.98715363e+01,1.87592678e+01,1.26272380e-01,1.87076092e-01
5345803-S04-156I3-A-L-C-190-7-1,20.02.2020-16:15:56,9.00000000e+00,6.47422552e-01,8.94420719e+00,1.85046787e-03,1.66887360e+02,8.01210709e+01,1.88845482e+01,1.10394791e-01,1.55093834e-01
5345803-S04-156I3-A-L-C-190-7-1,20.02.2020-16:15:58,9.00000000e+00,6.45268083e-01,8.94597149e+00,1.90188305e-03,1.05422150e+02,8.01912460e+01,1.88419056e+01,2.14378849e-01,3.37140501e-01
5345803-S04-156I3-A-L-C-190-7-1,20.02.2020-16:16:00,9.00000000e+00,6.47240281e-01,8.95987129e+00,2.15048599e-03,2.47680969e+02,7.99632492e+01,1.88750439e+01,1.24267876e-01,2.44994417e-01
5345803-S04-156I3-A-L-C-190-7-1,20.02.2020-16:16:02,9.00000000e+00,6.47524238e-01,8.96379566e+00,2.13678111e-03,3.40881256e+02,8.00294647e+01,1.89072361e+01,1.03060961e-01,2.09650978e-01
5345803-S04-156I3-A-L-C-190-7-1,20.02.2020-16:16:04,9.00000000e+00,6.46927953e-01,8.94767952e+00,2.06850562e-03,2.59442383e+02,8.00369720e+01,1.88576317e+01,1.17595904e-01,1.67198345e-01
5345803-S04-156I3-A-L-C-190-7-1,20.02.2020-16:16:06,8.00000000e+00,6.47081554e-01,8.98468876e+00,1.87613291e-03,2.52030045e+02,8.01149521e+01,1.89585819e+01,1.41933531e-01,2.72918284e-01
5345803-S04-156I3-A-L-C-190-7-1,20.02.2020-16:16:08,9.00000000e+00,6.46641076e-01,8.95529652e+00,1.88577152e-03,2.81620697e+02,8.01723862e+01,1.88972340e+01,8.10446814e-02,1.83055729e-01
5345803-S04-156I3-A-L-C-190-7-1,20.02.2020-16:16:11,1.90000000e+01,6.43736005e-01,8.95652676e+00,2.08004727e-03,2.50592758e+02,7.99871521e+01,1.87714500e+01,8.65516663e-02,1.36162728e-01
5345803-S04-156I3-A-L-C-190-7-1,20.02.2020-16:16:13,2.00000000e+01,6.44531012e-01,8.92083263e+00,2.20143818e-03,2.01143204e+02,7.98921738e+01,1.86975040e+01,1.61489308e-01,2.96736568e-01
5345803-S04-156I3-A-L-C-190-7-1,20.02.2020-16:16:15,1.90000000e+01,6.44615352e-01,8.92161751e+00,2.14118673e-03,9.72028732e+01,7.98865204e+01,1.87002716e+01,2.14211449e-01,3.07711989e-01
5345803-S04-156I3-A-L-C-190-7-1,20.02.2020-16:16:17,2.00000000e+01,6.42516792e-01,8.91350555e+00,1.91014353e-03,1.61718201e+02,8.00186081e+01,1.86532364e+01,1.88402414e-01,3.46082807e-01
5345803-S04-156I3-A-L-C-190-7-1,20.02.2020-16:16:19,2.00000000e+01,6.42126977e-01,8.90625095e+00,1.92288612e-03,1.50253876e+02,8.01176682e+01,1.86498070e+01,2.49006286e-01,5.19893706e-01
5345803-S04-156I3-A-L-C-190-7-1,20.02.2020-16:16:21,9.00000000e+00,6.46926999e-01,8.96867085e+00,2.44585751e-03,2.53197464e+02,7.97669754e+01,1.88380833e+01,1.39031276e-01,2.06530973e-01
5345803-S04-156I3-A-L-C-190-7-1,20.02.2020-16:16:23,2.00000000e+01,6.42727375e-01,8.91106224e+00,1.82802440e-03,1.21958931e+02,7.99982300e+01,1.86494846e+01,2.07535252e-01,4.15622354e-01
5345803-S04-156I3-A-L-C-190-7-1,20.02.2020-16:16:28,2.10000000e+01,6.41830206e-01,8.90562534e+00,1.87219307e-03,3.15224579e+02,7.98851700e+01,1.85857868e+01,1.26603827e-01,3.06183875e-01
5345803-S04-156I3-A-L-C-190-7-1,20.02.2020-16:16:30,9.00000000e+00,6.46351755e-01,8.95316887e+00,1.93507434e-03,1.95190109e+02,7.99887009e+01,1.88410244e+01,1.54619336e-01,2.72531390e-01
5345803-S04-156I3-A-L-C-190-7-1,20.02.2020-16:16:32,1.00000000e+00,6.41654909e-01,8.87559128e+00,1.82327232e-03,3.10940918e+02,7.97909927e+01,1.84962177e+01,1.46415740e-01,3.91579717e-01
5345803-S04-156I3-A-L-C-190-7-1,20.02.2020-16:16:34,1.90000000e+01,6.45496905e-01,8.93055916e+00,1.85274612e-03,3.35161682e+02,8.00482559e+01,1.87825661e+01,9.84685794e-02,1.59993798e-01
5345803-S04-156I3-A-L-C-190-7-1,20.02.2020-16:16:36,2.00000000e+01,6.42654836e-01,8.88487625e+00,1.57625438e-03,1.62402588e+02,8.00978851e+01,1.86157455e+01,2.08606988e-01,4.75213051e-01
5345803-S04-156I3-A-L-C-190-7-1,20.02.2020-16:16:38,9.00000000e+00,6.46235049e-01,8.94883537e+00,2.00243155e-03,1.79804718e+02,8.00342255e+01,1.88392220e+01,1.32175788e-01,1.74945608e-01
5345803-S04-156I3-A-L-C-190-7-1,20.02.2020-16:16:41,2.10000000e+01,6.43109560e-01,8.89240837e+00,2.03548698e-03,1.38856079e+02,7.98603363e+01,1.85894127e+01,2.37511054e-01,4.53777403e-01
5345803-S04-156I3-A-L-C-190-7-1,20.02.2020-16:16:43,9.00000000e+00,6.45706773e-01,8.94544315e+00,2.01806193e-03,8.09553070e+01,8.00525436e+01,1.88209934e+01,2.70182103e-01,3.31204087e-01
5345803-S04-156I3-A-L-C-190-7-1,20.02.2020-16:16:45,2.10000000e+01,6.42650247e-01,8.86520386e+00,2.07766914e-03,9.59716187e+01,7.99565582e+01,1.85416203e+01,3.33740801e-01,8.82756889e-01
5345803-S04-156I3-A-L-C-190-7-1,20.02.2020-16:16:47,1.90000000e+01,6.45657122e-01,8.93461132e+00,2.15614541e-03,2.15504547e+02,8.00364990e+01,1.87929916e+01,9.97010693e-02,1.82918161e-01
5345803-S04-156I3-A-L-C-190-7-1,20.02.2020-16:16:49,7.00000000e+00,6.49634004e-01,8.98653221e+00,2.14651413e-03,2.05727631e+02,8.01920700e+01,1.90555954e+01,1.35629520e-01,1.74759015e-01
5345803-S04-156I3-A-L-C-190-7-1,20.02.2020-16:16:51,9.00000000e+00,6.45950139e-01,8.96172237e+00,2.02397071e-03,1.24050636e+02,7.99724197e+01,1.88434715e+01,2.26335511e-01,3.32150280e-01
5345803-S04-156I3-A-L-C-190-7-1,20.02.2020-16:16:53,1.90000000e+01,6.45702183e-01,8.95154953e+00,2.04243721e-03,8.17645416e+01,7.98200912e+01,1.87790203e+01,4.30450052e-01,5.19087851e-01
5345803-S04-156I3-A-L-C-190-7-1,20.02.2020-16:16:55,2.10000000e+01,6.42037392e-01,8.90104485e+00,1.91949354e-03,3.25699501e+01,7.97394333e+01,1.85483227e+01,7.21157670e-01,8.43689144e-01
5345803-S04-156I3-A-L-C-190-7-1,20.02.2020-16:16:57,9.00000000e+00,6.46004856e-01,8.94904137e+00,1.83472794e-03,1.46827133e+02,8.02166748e+01,1.88758755e+01,2.03480527e-01,2.71403462e-01
5345803-S04-156I3-A-L-C-190-7-1,20.02.2020-16:17:00,2.00000000e+01,6.42871976e-01,8.92447853e+00,1.79859344e-03,1.38158035e+02,8.00406723e+01,1.86916771e+01,2.54084617e-01,4.16756004e-01
5345803-S04-156I3-A-L-C-190-7-1,20.02.2020-16:17:03,2.00000000e+00,6.41146123e-01,8.75923061e+00,1.82386953e-03,1.44553833e+02,7.96671524e+01,1.82109451e+01,2.23087355e-01,1.37063873e+00
5345803-S04-156I3-A-L-C-190-7-1,20.02.2020-16:17:06,1.00000000e+00,6.41260505e-01,8.85611534e+00,1.70345895e-03,1.93964325e+02,8.00006104e+01,1.84927387e+01,1.84453577e-01,4.43275183e-01
5345803-S04-156I3-A-L-C-190-7-1,20.02.2020-16:17:08,1.90000000e+01,6.45789683e-01,8.93188858e+00,2.02885061e-03,2.47215500e+02,8.00682144e+01,1.87985668e+01,1.13921069e-01,2.33299449e-01
5345803-S04-156I3-A-L-C-190-7-1,20.02.2020-16:17:10,8.00000000e+00,6.47606194e-01,8.96497536e+00,2.04620557e-03,2.23150253e+02,8.00488815e+01,1.89167061e+01,1.56584069e-01,2.24416077e-01
5345803-S04-156I3-A-L-C-190-7-1,20.02.2020-16:17:12,9.00000000e+00,6.46228015e-01,8.94112587e+00,2.09476519e-03,3.17333832e+02,7.99597473e+01,1.88052731e+01,1.05445586e-01,2.31244370e-01
5345803-S04-156I3-A-L-C-190-7-1,20.02.2020-16:17:14,1.90000000e+01,6.44712508e-01,8.91620064e+00,1.99461193e-03,1.77020065e+02,8.00253448e+01,1.87242165e+01,1.86775416e-01,2.77898997e-01
5345803-S04-156I3-A-L-C-190-7-1,20.02.2020-16:17:16,1.90000000e+01,6.45996094e-01,8.93390560e+00,2.18259450e-03,2.37017776e+02,7.97890625e+01,1.87432461e+01,1.47057697e-01,3.48693132e-01
5345803-S04-156I3-A-L-C-190-7-1,20.02.2020-16:17:19,2.00000000e+01,6.42640293e-01,8.88195133e+00,1.73751824e-03,1.62255417e+02,8.02031403e+01,1.86336479e+01,2.18599990e-01,6.24950588e-01
5345803-S04-156I3-A-L-C-190-7-1,20.02.2020-16:17:21,9.00000000e+00,6.45639956e-01,8.95068932e+00,1.90622534e-03,2.46150269e+02,8.01085510e+01,1.88432560e+01,1.17184609e-01,1.82744414e-01
5345803-S04-156I3-A-L-C-190-7-1,20.02.2020-16:17:23,9.00000000e+00,6.46016419e-01,8.92193890e+00,1.77381979e-03,2.27697968e+02,8.01386642e+01,1.88007469e+01,1.27427161e-01,2.33103916e-01
5345803-S04-156I3-A-L-C-190-7-1,20.02.2020-16:17:25,1.90000000e+01,6.44295633e-01,8.92489243e+00,1.87266059e-03,2.25853302e+02,8.00749359e+01,1.87419586e+01,9.19724852e-02,1.47735298e-01
5345803-S04-156I3-A-L-C-190-7-1,20.02.2020-16:17:27,2.00000000e+01,6.44505441e-01,8.88574982e+00,2.04245537e-03,2.27275909e+02,8.01175690e+01,1.86757755e+01,1.17178880e-01,1.71123534e-01
5345803-S04-156I3-A-L-C-190-7-1,20.02.2020-16:17:29,9.00000000e+00,6.45302951e-01,8.93683720e+00,1.88024726e-03,1.72134232e+02,8.01248016e+01,1.88080883e+01,1.73366681e-01,3.12234700e-01
5345803-S04-156I3-A-L-C-190-7-1,20.02.2020-16:17:31,9.00000000e+00,6.46809638e-01,8.95449543e+00,2.28201644e-03,2.60903656e+02,7.99512024e+01,1.88483276e+01,1.63163781e-01,3.17689985e-01
5345803-S04-156I3-A-L-C-190-7-1,20.02.2020-16:17:33,9.00000000e+00,6.47027910e-01,8.94828892e+00,2.24868883e-03,3.61911041e+02,7.99694366e+01,1.88459148e+01,1.12223066e-01,1.66799918e-01
5345803-S04-156I3-A-L-C-190-7-1,20.02.2020-16:17:35,9.00000000e+00,6.45176589e-01,8.96342754e+00,1.76685117e-03,1.88488754e+02,8.01160507e+01,1.88582973e+01,1.67519733e-01,2.26349846e-01
5345803-S04-156I3-A-L-C-190-7-1,20.02.2020-16:17:37,9.00000000e+00,6.47037983e-01,8.94977093e+00,1.90079212e-03,2.27462082e+02,8.00603180e+01,1.88707523e+01,1.44493684e-01,2.89006531e-01
5345803-S04-156I3-A-L-C-190-7-1,20.02.2020-16:17:40,9.00000000e+00,6.46658421e-01,8.94214725e+00,2.18463177e-03,1.78892227e+02,8.00752029e+01,1.88471203e+01,1.25565752e-01,1.73044175e-01
5345803-S04-156I3-A-L-C-190-7-1,20.02.2020-16:17:42,1.90000000e+01,6.44495547e-01,8.91738796e+00,1.71899667e-03,2.20999664e+02,8.02946320e+01,1.87834034e+01,1.79004744e-01,3.47478867e-01
5345803-S04-156I3-A-L-C-190-7-1,20.02.2020-16:17:44,1.90000000e+01,6.44487500e-01,8.93497372e+00,2.00153026e-03,1.52071655e+02,7.99553223e+01,1.87406788e+01,1.94570825e-01,2.58628130e-01
5345803-S04-156I3-A-L-C-190-7-1,20.02.2020-16:17:46,9.00000000e+00,6.45070016e-01,8.93640995e+00,1.88054331e-03,1.35272125e+02,8.01709595e+01,1.88112316e+01,1.84906632e-01,3.27212840e-01
5345803-S04-156I3-A-L-C-190-7-1,20.02.2020-16:17:48,2.00000000e+01,6.44961298e-01,8.87880135e+00,1.86364783e-03,2.10611115e+02,8.01547699e+01,1.86830406e+01,1.95144653e-01,5.64405203e-01
5345803-S04-156I3-A-L-C-190-7-1,20.02.2020-16:17:50,1.90000000e+01,6.45614564e-01,8.93184185e+00,2.40366999e-03,1.53410172e+02,7.97524796e+01,1.87192631e+01,2.35416040e-01,4.63227093e-01
5345803-S04-156I3-A-L-C-190-7-1,20.02.2020-16:17:52,8.00000000e+00,6.46375239e-01,8.97254658e+00,2.06328509e-03,1.84040665e+02,8.01361771e+01,1.89173050e+01,1.41130909e-01,2.55954474e-01
5345803-S04-156I3-A-L-C-190-7-1,20.02.2020-16:17:54,9.00000000e+00,6.44717693e-01,9.00418949e+00,1.83418556e-03,2.23623047e+02,7.97950668e+01,1.88547363e+01,1.12510741e-01,1.38587773e-01
5345803-S04-156I3-A-L-C-190-7-1,20.02.2020-16:17:57,1.90000000e+01,6.44848824e-01,8.91683006e+00,2.08727783e-03,1.99480820e+02,7.99493713e+01,1.87117176e+01,1.43599808e-01,2.83949047e-01
5345803-S04-156I3-A-L-C-190-7-1,20.02.2020-16:17:59,1.00000000e+00,6.37988806e-01,8.83399200e+00,1.79332017e-03,1.72661362e+02,8.06434097e+01,1.84998894e+01,1.75329685e-01,3.98642421e-01
5345803-S04-156I3-A-L-C-190-7-1,20.02.2020-16:18:01,8.00000000e+00,6.46022558e-01,8.96368599e+00,1.84263883e-03,1.16979790e+02,8.03656616e+01,1.89424038e+01,2.04689324e-01,2.57085294e-01
5345803-S04-156I3-A-L-C-190-7-1,20.02.2020-16:18:03,9.00000000e+00,6.45346284e-01,9.01550961e+00,2.09912239e-03,1.80034195e+02,7.98223190e+01,1.89032993e+01,1.42964542e-01,1.71018690e-01
5345803-S04-156I3-A-L-C-190-7-1,20.02.2020-16:18:05,2.40000000e+01,6.41219258e-01,8.92714214e+00,2.07654713e-03,4.29556084e+00,7.86876831e+01,1.83339481e+01,7.21842098e+00,8.37514591e+00
5345803-S04-156I3-A-L-C-190-7-1,20.02.2020-16:18:07,2.00000000e+00,6.37471378e-01,9.04983330e+00,2.32673087e-03,2.23428604e+02,7.82890015e+01,1.83836708e+01,8.04105550e-02,9.72532183e-02
5345803-S04-156I3-A-L-C-190-7-1,20.02.2020-16:18:09,1.90000000e+01,6.43753946e-01,9.00016212e+00,2.18021404e-03,2.01104874e+02,7.96066895e+01,1.87737045e+01,1.40260175e-01,1.76009014e-01
5345803-S04-156I3-A-L-C-190-7-1,20.02.2020-16:18:11,8.00000000e+00,6.46651924e-01,8.99397659e+00,1.90297759e-03,1.44947586e+02,8.00851440e+01,1.89585228e+01,1.77372977e-01,2.15667441e-01
5345803-S04-156I3-A-L-C-190-7-1,20.02.2020-16:18:13,1.90000000e+01,6.42173111e-01,8.99988461e+00,1.86172058e-03,2.33501801e+02,7.97478943e+01,1.87602444e+01,1.16033658e-01,1.52906060e-01
5345803-S04-156I3-A-L-C-190-7-1,20.02.2020-16:18:16,8.00000000e+00,6.46013439e-01,9.00129890e+00,1.92789244e-03,1.49489182e+02,7.99748917e+01,1.89291286e+01,1.41287625e-01,1.62041828e-01
5345803-S04-156I3-A-L-C-190-7-1,20.02.2020-16:18:18,1.90000000e+01,6.44513965e-01,8.94067478e+00,1.87728740e-03,1.03146835e+02,7.98932953e+01,1.87388592e+01,2.41094261e-01,3.27031344e-01
5345803-S04-156I3-A-L-C-190-7-1,20.02.2020-16:18:20,1.90000000e+01,6.44711137e-01,8.96003246e+00,2.19621602e-03,1.92510361e+02,7.97831802e+01,1.87592850e+01,1.42468914e-01,2.32796043e-01
5345803-S04-156I3-A-L-C-190-7-1,20.02.2020-16:18:22,9.00000000e+00,6.46470189e-01,8.92705917e+00,1.65863277e-03,1.71930313e+02,8.02885971e+01,1.88599682e+01,1.74170151e-01,4.63519484e-01
5345803-S04-156I3-A-L-C-190-7-1,20.02.2020-16:18:24,9.00000000e+00,6.44478142e-01,8.96192169e+00,1.92830851e-03,1.99030762e+02,8.00261917e+01,1.88135891e+01,1.83386907e-01,2.88271040e-01
5345803-S04-156I3-A-L-C-190-7-1,20.02.2020-16:18:26,1.00000000e+00,6.43422425e-01,8.85920143e+00,2.77818623e-03,1.56779373e+02,7.95038223e+01,1.84462872e+01,1.40141904e-01,5.34902215e-01
5345803-S04-156I3-A-L-C-190-7-1,20.02.2020-16:18:28,1.90000000e+01,6.44300759e-01,8.93337631e+00,1.94552692e-03,1.94990738e+02,7.98258896e+01,1.87015781e+01,1.73094630e-01,2.54200935e-01
5345803-S04-156I3-A-L-C-190-7-1,20.02.2020-16:18:30,9.00000000e+00,6.45889819e-01,8.92250633e+00,1.73882511e-03,1.02875565e+02,8.01949997e+01,1.88114719e+01,2.36988023e-01,6.14933610e-01
5345803-S04-156I3-A-L-C-190-7-1,20.02.2020-16:18:32,2.00000000e+01,6.44302487e-01,8.86230755e+00,1.84599066e-03,1.59510941e+02,8.01513062e+01,1.86284809e+01,2.52304584e-01,1.17436016e+00
5345803-S04-156I3-A-L-C-190-7-1,20.02.2020-16:18:35,9.00000000e+00,6.46293640e-01,8.97647762e+00,2.00796453e-03,1.54780945e+02,8.00518494e+01,1.89032898e+01,1.56751409e-01,2.37299949e-01
5345803-S04-156I3-A-L-C-190-7-1,20.02.2020-16:18:37,9.00000000e+00,6.45661592e-01,8.93927383e+00,2.08581216e-03,1.56530350e+02,8.01470032e+01,1.88288879e+01,2.22119376e-01,6.62604392e-01
5345803-S04-156I3-A-L-C-190-7-1,20.02.2020-16:18:39,1.90000000e+01,6.43714070e-01,8.94533443e+00,1.77314342e-03,1.49862640e+02,8.00476532e+01,1.87615376e+01,2.22783700e-01,3.18578929e-01
5345803-S04-156I3-A-L-C-190-7-1,20.02.2020-16:18:41,9.00000000e+00,6.47082627e-01,8.92881870e+00,2.07752897e-03,2.10257782e+02,7.99964523e+01,1.88128548e+01,1.67023584e-01,4.58176732e-01
5345803-S04-156I3-A-L-C-190-7-1,20.02.2020-16:18:43,9.00000000e+00,6.46423578e-01,8.93306351e+00,1.89388066e-03,7.51680069e+01,8.01971359e+01,1.88497963e+01,6.45271003e-01,1.16832280e+00
5345803-S04-156I3-A-L-C-190-7-1,20.02.2020-16:18:45,2.00000000e+00,6.38820827e-01,8.83782482e+00,2.45780149e-03,2.18426147e+02,7.93257446e+01,1.82292480e+01,7.69515261e-02,1.90023899e-01
5345803-S04-156I3-A-L-C-190-7-1,20.02.2020-16:18:47,9.00000000e+00,6.46722138e-01,8.93962288e+00,1.99335581e-03,1.33271240e+02,8.00916290e+01,1.88475208e+01,2.14390919e-01,5.32063782e-01
5345803-S04-156I3-A-L-C-190-7-1,20.02.2020-16:18:50,1.90000000e+01,6.44257069e-01,8.94400120e+00,1.81272009e-03,2.39662094e+02,8.00247498e+01,1.87691917e+01,1.36868432e-01,2.21213564e-01
5345803-S04-156I3-A-L-C-190-7-1,20.02.2020-16:18:52,1.90000000e+01,6.44018531e-01,8.96435738e+00,2.04291521e-03,1.70215591e+02,7.99773026e+01,1.87937946e+01,1.61774784e-01,2.44836852e-01
5345803-S04-156I3-A-L-C-190-7-1,20.02.2020-16:18:54,9.00000000e+00,6.46862626e-01,8.92458916e+00,1.97994360e-03,2.44945801e+02,8.00508728e+01,1.88103371e+01,1.29502743e-01,4.24590439e-01
5345803-S04-156I3-A-L-C-190-7-1,20.02.2020-16:18:56,2.10000000e+01,6.41500294e-01,8.90559387e+00,2.07690708e-03,2.45801620e+02,7.97694321e+01,1.85492535e+01,1.64909646e-01,2.78596699e-01
5345803-S04-156I3-A-L-C-190-7-1,20.02.2020-16:18:58,2.10000000e+01,6.40927315e-01,8.89117718e+00,1.97484274e-03,3.00062134e+02,7.98674545e+01,1.85254211e+01,1.17284566e-01,1.41619116e-01
5345803-S04-156I3-A-L-C-190-7-1,20.02.2020-16:19:00,1.90000000e+01,6.44850791e-01,8.90971184e+00,1.77341443e-03,2.23387756e+02,8.01711349e+01,1.87486992e+01,1.15712263e-01,1.51814610e-01
5345803-S04-156I3-A-L-C-190-7-1,20.02.2020-16:19:02,1.90000000e+01,6.44901156e-01,8.91261387e+00,1.73889939e-03,2.48792435e+02,8.01904678e+01,1.87607937e+01,1.35736495e-01,1.73278049e-01
5345803-S04-156I3-A-L-C-190-7-1,20.02.2020-16:19:04,2.00000000e+01,6.44158542e-01,8.88028049e+00,1.93094451e-03,2.69908264e+02,8.01962814e+01,1.86725597e+01,1.19706877e-01,1.64025098e-01
5345803-S04-156I3-A-L-C-190-7-1,20.02.2020-16:19:07,2.10000000e+01,6.41407251e-01,8.88762283e+00,1.76344754e-03,2.07500565e+02,7.99941483e+01,1.85612793e+01,1.67519376e-01,1.98190764e-01
5345803-S04-156I3-A-L-C-190-7-1,20.02.2020-16:19:09,2.00000000e+01,6.43766880e-01,8.86181259e+00,1.90214615e-03,2.13080994e+02,8.02158890e+01,1.86269512e+01,1.58792764e-01,2.14284614e-01
5345803-S04-156I3-A-L-C-190-7-1,20.02.2020-16:19:11,2.00000000e+01,6.43948317e-01,8.87238693e+00,2.08492507e-03,2.21144058e+02,8.01140594e+01,1.86307526e+01,1.89475864e-01,2.57371366e-01
5345803-S04-156I3-A-L-C-190-7-1,20.02.2020-16:19:13,2.10000000e+01,6.42000854e-01,8.90239048e+00,1.96303171e-03,2.74506409e+02,7.99528580e+01,1.85997219e+01,8.62605423e-02,1.03767499e-01
5345803-S04-156I3-A-L-C-190-7-1,20.02.2020-16:19:15,2.10000000e+01,6.41889513e-01,8.89370346e+00,1.64456887e-03,2.31120682e+02,7.99198532e+01,1.85706787e+01,9.89970639e-02,1.18303627e-01
5345803-S04-156I3-A-L-C-190-7-1,20.02.2020-16:19:17,2.10000000e+01,6.41957939e-01,8.92016315e+00,2.07372569e-03,2.20039658e+02,7.97731781e+01,1.85937271e+01,1.37229502e-01,1.67406231e-01
5345803-S04-156I3-A-L-C-190-7-1,20.02.2020-16:19:19,1.90000000e+01,6.45230770e-01,8.93998241e+00,2.21641688e-03,2.94414001e+02,7.99178314e+01,1.87640095e+01,8.87737051e-02,1.33764237e-01
5345803-S04-156I3-A-L-C-190-7-1,20.02.2020-16:19:21,2.00000000e+01,6.44451380e-01,8.89655685e+00,2.13914807e-03,2.71396454e+02,7.98540573e+01,1.86354237e+01,1.30332991e-01,1.78906068e-01
5345803-S04-156I3-A-L-C-190-7-1,20.02.2020-16:19:24,1.90000000e+01,6.45136714e-01,8.92154789e+00,2.09816103e-03,2.83429169e+02,7.98907928e+01,1.87162533e+01,1.18842900e-01,1.58046588e-01
5345803-S04-156I3-A-L-C-190-7-1,20.02.2020-16:19:26,2.10000000e+01,6.40743852e-01,8.94926548e+00,1.87773583e-03,2.44709457e+02,7.96278763e+01,1.85851974e+01,1.29962206e-01,1.69917837e-01
5345803-S04-156I3-A-L-C-190-7-1,20.02.2020-16:19:28,2.00000000e+01,6.42160058e-01,8.94619560e+00,1.83399231e-03,3.56274475e+02,7.95896378e+01,1.86109447e+01,7.88354054e-02,1.03151895e-01
5345803-S04-156I3-A-L-C-190-7-1,20.02.2020-16:19:30,1.40000000e+01,6.40808940e-01,8.89936829e+00,1.80410617e-03,1.91911850e+01,7.97889481e+01,1.85208378e+01,1.31195974e+00,1.52075791e+00
5345803-S04-156I3-A-L-C-190-7-1,20.02.2020-16:19:32,2.10000000e+01,6.41307890e-01,8.89010715e+00,2.05958704e-03,2.57958984e+02,7.97867813e+01,1.85154705e+01,1.85420215e-01,2.18586177e-01
5345803-S04-156I3-A-L-C-190-7-1,20.02.2020-16:19:34,1.90000000e+01,6.44800782e-01,8.91050625e+00,1.65291375e-03,1.23880722e+02,8.01994095e+01,1.87555275e+01,2.62656480e-01,3.20777416e-01
5345803-S04-156I3-A-L-C-190-7-1,20.02.2020-16:19:36,2.00000000e+01,6.44150436e-01,8.86038589e+00,1.53641356e-03,1.51148361e+02,8.02339172e+01,1.86392365e+01,3.17167908e-01,6.02703273e-01
5345803-S04-156I3-A-L-C-190-7-1,20.02.2020-16:29:25,1.90000000e+01,6.44002259e-01,8.96017075e+00,2.07184674e-03,3.17614685e+02,7.98873978e+01,1.87634258e+01,1.62257180e-01,1.94730088e-01
5345803-S04-156I3-A-L-C-190-7-1,20.02.2020-16:29:28,2.00000000e+01,6.43093228e-01,8.92061520e+00,1.88807060e-03,1.09745766e+02,7.98447800e+01,1.86442738e+01,6.39187574e-01,7.97783375e-01
5345803-S04-156I3-A-L-C-190-7-1,20.02.2020-16:29:30,2.10000000e+01,6.44268394e-01,8.86304855e+00,1.85651402e-03,3.27377991e+02,7.99981384e+01,1.85934525e+01,1.55555442e-01,3.04540694e-01
5345803-S04-156I3-A-L-C-190-7-1,20.02.2020-16:29:32,2.10000000e+01,6.39165580e-01,8.95149231e+00,1.85365858e-03,2.03676743e+02,7.97406998e+01,1.85703068e+01,1.52909100e-01,2.08723351e-01
5345803-S04-156I3-A-L-C-190-7-1,20.02.2020-16:29:34,1.90000000e+01,6.42684996e-01,8.96312237e+00,1.75501523e-03,3.71990265e+02,7.99108276e+01,1.87367096e+01,8.14144164e-02,1.09603912e-01
5345803-S04-156I3-A-L-C-190-7-1,20.02.2020-16:29:36,1.00000000e+00,6.41219020e-01,8.87266922e+00,2.06939643e-03,1.52451675e+02,7.97452850e+01,1.84669819e+01,1.82183921e-01,2.23336771e-01
5345803-S04-156I3-A-L-C-190-7-1,20.02.2020-16:29:38,1.00000000e+00,6.41207576e-01,8.86872768e+00,2.26579700e-03,1.90126236e+02,7.97170715e+01,1.84519176e+01,1.60642147e-01,1.96086153e-01
5345803-S04-156I3-A-L-C-190-7-1,20.02.2020-16:29:40,2.10000000e+01,6.42393887e-01,8.85719395e+00,1.88644452e-03,2.53226364e+02,8.01324844e+01,1.85582218e+01,1.77654862e-01,3.34332585e-01
5345803-S04-156I3-A-L-C-190-7-1,20.02.2020-16:29:43,2.00000000e+01,6.43453956e-01,8.86033916e+00,1.91700156e-03,2.70524292e+02,8.03090210e+01,1.86364136e+01,1.30788311e-01,2.66061306e-01
5345803-S04-156I3-A-L-C-190-7-1,20.02.2020-16:29:45,2.00000000e+01,6.43004596e-01,8.88108349e+00,1.62750692e-03,2.49210129e+02,8.01198196e+01,1.86230221e+01,9.31902677e-02,2.19167814e-01
5345803-S04-156I3-A-L-C-190-7-1,20.02.2020-16:29:47,2.00000000e+01,6.43105149e-01,8.88222694e+00,1.94161444e-03,2.08199524e+02,8.02235947e+01,1.86524620e+01,9.84918401e-02,1.84658468e-01
5345803-S04-156I3-A-L-C-190-7-1,20.02.2020-16:29:49,1.00000000e+00,6.42923772e-01,8.82280350e+00,1.85497210e-03,6.78069916e+01,7.98782349e+01,1.84427109e+01,4.87473160e-01,6.60507441e-01
5345803-S04-156I3-A-L-C-190-7-1,20.02.2020-16:29:51,8.00000000e+00,6.48258090e-01,8.93734932e+00,1.87535200e-03,2.28854309e+02,8.04137878e+01,1.89634514e+01,1.65802017e-01,3.08517247e-01
5345803-S04-156I3-A-L-C-190-7-1,20.02.2020-16:29:53,1.90000000e+01,6.42904878e-01,8.96679592e+00,1.94182491e-03,2.07502808e+02,7.97802505e+01,1.87201614e+01,1.47812575e-01,1.81356952e-01
5345803-S04-156I3-A-L-C-190-7-1,20.02.2020-16:29:55,2.00000000e+01,6.43489957e-01,8.94556141e+00,2.04323954e-03,3.87441833e+02,7.98106766e+01,1.86999550e+01,9.16066617e-02,1.04491040e-01
5345803-S04-156I3-A-L-C-190-7-1,20.02.2020-16:29:58,1.90000000e+01,6.44689500e-01,8.96937943e+00,2.14581331e-03,2.39235748e+02,7.98383484e+01,1.87912102e+01,1.13799937e-01,1.34101331e-01
5345803-S04-156I3-A-L-C-190-7-1,20.02.2020-16:30:00,2.00000000e+01,6.41499519e-01,8.96767426e+00,1.81698415e-03,4.24822784e+02,7.96804199e+01,1.86576939e+01,9.29072574e-02,1.32009134e-01
5345803-S04-156I3-A-L-C-190-7-1,20.02.2020-16:30:02,9.00000000e+00,6.45047188e-01,8.95568943e+00,1.96953630e-03,4.27341736e+02,8.01039276e+01,1.88353863e+01,8.86192247e-02,1.09440058e-01
5345803-S04-156I3-A-L-C-190-7-1,20.02.2020-16:30:04,2.10000000e+01,6.41080916e-01,8.96033478e+00,2.33207247e-03,3.47304901e+02,7.93199692e+01,1.85459805e+01,9.92068648e-02,1.35547638e-01
5345803-S04-156I3-A-L-C-190-7-1,20.02.2020-16:30:06,2.00000000e+01,6.44345403e-01,8.91194725e+00,2.07882328e-03,1.62691025e+02,7.98083801e+01,1.86539173e+01,2.02029318e-01,3.33652288e-01
5345803-S04-156I3-A-L-C-190-7-1,20.02.2020-16:30:08,2.00000000e+01,6.44463003e-01,8.92395020e+00,2.17862637e-03,2.18495804e+02,7.97774200e+01,1.86752014e+01,1.34257033e-01,2.06309050e-01
5345803-S04-156I3-A-L-C-190-7-1,20.02.2020-16:30:10,2.00000000e+01,6.41600609e-01,8.96792316e+00,2.05424963e-03,2.09898819e+02,7.94295349e+01,1.86023941e+01,1.38044849e-01,1.77333936e-01
5345803-S04-156I3-A-L-C-190-7-1,20.02.2020-16:30:12,1.90000000e+01,6.44479394e-01,8.89894104e+00,1.93703768e-03,7.73863220e+02,8.03080750e+01,1.87472172e+01,4.60828058e-02,1.83766171e-01
5345803-S04-156I3-A-L-C-190-7-1,20.02.2020-16:30:14,1.40000000e+01,6.31428123e-01,8.58798122e+00,1.51436089e-03,3.07363220e+02,7.93722000e+01,1.75191746e+01,7.63167292e-02,9.77217928e-02
5345803-S04-156I3-A-L-C-190-7-1,20.02.2020-16:30:17,2.10000000e+01,6.40886962e-01,8.87824154e+00,1.99271226e-03,4.45879028e+02,8.02395248e+01,1.85834732e+01,1.00211807e-01,2.64132679e-01
5345803-S04-156I3-A-L-C-190-7-1,20.02.2020-16:30:19,1.90000000e+01,6.45772517e-01,8.87478542e+00,1.83542888e-03,2.62487396e+02,8.05629654e+01,1.87933006e+01,9.56141800e-02,4.31826442e-01
5345803-S04-156I3-A-L-C-190-7-1,20.02.2020-16:30:21,2.00000000e+00,6.38558030e-01,8.75384808e+00,1.70910696e-03,4.40522064e+02,8.03565140e+01,1.82831345e+01,2.65202969e-01,3.14937043e+00
5345803-S04-156I3-A-L-C-190-7-1,20.02.2020-16:30:23,2.10000000e+01,6.41376972e-01,8.87969589e+00,1.81311963e-03,3.11518982e+02,8.02138214e+01,1.85947723e+01,1.02297567e-01,2.65982211e-01
5345803-S04-156I3-A-L-C-190-7-1,20.02.2020-16:30:25,1.90000000e+01,6.44571245e-01,8.89519215e+00,1.84404536e-03,5.04481415e+02,8.03208618e+01,1.87449722e+01,4.54090722e-02,8.78657401e-02
5345803-S04-156I3-A-L-C-190-7-1,20.02.2020-16:30:27,9.00000000e+00,6.46965921e-01,8.87068176e+00,1.77718548e-03,3.21654541e+02,8.05683670e+01,1.88205891e+01,9.92419943e-02,5.18886387e-01
5345803-S04-156I3-A-L-C-190-7-1,20.02.2020-16:30:30,9.00000000e+00,6.47218883e-01,8.88368130e+00,2.01020925e-03,3.05979156e+02,8.05725403e+01,1.88565140e+01,9.42636654e-02,4.42454338e-01
5345803-S04-156I3-A-L-C-190-7-1,20.02.2020-16:30:32,1.90000000e+01,6.44529879e-01,8.90833092e+00,1.74873148e-03,3.27586487e+02,8.03562393e+01,1.87797241e+01,8.63845050e-02,2.62790978e-01
5345803-S04-156I3-A-L-C-190-7-1,20.02.2020-16:30:34,1.90000000e+01,6.44581437e-01,8.88466835e+00,2.02934421e-03,2.41136383e+02,8.02586288e+01,1.87085857e+01,9.29803029e-02,1.89976543e-01
5345803-S04-156I3-A-L-C-190-7-1,20.02.2020-16:30:36,9.00000000e+00,6.47370756e-01,8.89234734e+00,1.83635089e-03,1.97950134e+02,8.06064758e+01,1.88872890e+01,1.23023644e-01,4.61799234e-01
5345803-S04-156I3-A-L-C-190-7-1,20.02.2020-16:30:38,9.00000000e+00,6.46867692e-01,8.87896538e+00,1.72190426e-03,2.70750671e+02,8.06221466e+01,1.88478737e+01,9.78741050e-02,5.26103437e-01
5345803-S04-156I3-A-L-C-190-7-1,20.02.2020-16:30:40,9.00000000e+00,6.46299839e-01,8.88601208e+00,1.80862390e-03,2.01772705e+02,8.05539093e+01,1.88303223e+01,1.84446901e-01,6.94462776e-01
5345803-S04-156I3-A-L-C-190-7-1,20.02.2020-16:30:42,1.90000000e+01,6.44626439e-01,8.89430332e+00,1.93677377e-03,2.66714752e+02,8.02975693e+01,1.87392673e+01,1.08285889e-01,2.24551618e-01
5345803-S04-156I3-A-L-C-190-7-1,20.02.2020-16:30:44,1.00000000e+00,6.40870452e-01,8.84439087e+00,2.14193133e-03,5.69763916e+02,7.99899216e+01,1.84545574e+01,5.81846051e-02,1.14931703e-01
5345803-S04-156I3-A-L-C-190-7-1,20.02.2020-16:30:47,1.00000000e+00,6.42221749e-01,8.79815102e+00,1.44595187e-03,2.30174698e+02,8.01293945e+01,1.84288616e+01,1.07864007e-01,2.24068403e-01
5345803-S04-156I3-A-L-C-190-7-1,20.02.2020-16:30:49,1.90000000e+01,6.43432796e-01,8.88832664e+00,1.97990192e-03,3.05175354e+02,8.03802872e+01,1.87112579e+01,8.32448155e-02,2.24774152e-01
5345803-S04-156I3-A-L-C-190-7-1,20.02.2020-16:30:51,1.90000000e+01,6.43674850e-01,8.88409805e+00,1.80936547e-03,6.17369263e+02,8.04913254e+01,1.87352352e+01,5.52478991e-02,1.00253396e-01
5345803-S04-156I3-A-L-C-190-7-1,20.02.2020-16:30:53,1.90000000e+01,6.44053757e-01,8.88671303e+00,1.93506677e-03,4.48356934e+02,8.03980179e+01,1.87300434e+01,1.09328948e-01,1.79047555e-01
5345803-S04-156I3-A-L-C-190-7-1,20.02.2020-16:30:55,1.90000000e+01,6.44132137e-01,8.88070583e+00,1.53239770e-03,2.76151886e+02,8.03617783e+01,1.87112236e+01,8.15212503e-02,1.42352507e-01
5345803-S04-156I3-A-L-C-190-7-1,20.02.2020-16:30:57,2.00000000e+01,6.43291533e-01,8.86739349e+00,1.77168578e-03,1.84657730e+02,8.03888931e+01,1.86650906e+01,1.13317788e-01,1.66366041e-01
5345803-S04-156I3-A-L-C-190-7-1,20.02.2020-16:30:59,1.90000000e+01,6.44486666e-01,8.89545918e+00,1.91457407e-03,2.53953964e+02,8.04759903e+01,1.87792759e+01,9.81980264e-02,2.17721134e-01
5345803-S04-156I3-A-L-C-190-7-1,20.02.2020-16:31:01,1.90000000e+01,6.44413173e-01,8.89928722e+00,1.92361081e-03,2.27861343e+02,8.04822311e+01,1.87866707e+01,9.24602002e-02,1.96623057e-01
5345803-S04-156I3-A-L-C-190-7-1,20.02.2020-16:31:03,9.00000000e+00,6.44965112e-01,8.90688801e+00,1.62838877e-03,2.25668350e+02,8.04767609e+01,1.88175430e+01,1.33669674e-01,2.42853478e-01
5345803-S04-156I3-A-L-C-190-7-1,20.02.2020-16:31:06,9.00000000e+00,6.44803703e-01,8.90958881e+00,1.98550057e-03,6.22420227e+02,8.04025345e+01,1.88011818e+01,5.08912802e-02,1.65862933e-01
5345803-S04-156I3-A-L-C-190-7-1,20.02.2020-16:31:08,1.90000000e+01,6.44430041e-01,8.87763309e+00,1.96306244e-03,1.42720200e+02,8.03446655e+01,1.87094173e+01,1.78595737e-01,2.88122475e-01
5345803-S04-156I3-A-L-C-190-7-1,20.02.2020-16:31:10,9.00000000e+00,6.46476686e-01,8.89211559e+00,1.92345981e-03,2.73659973e+02,8.07216797e+01,1.88876686e+01,1.27690732e-01,4.73493695e-01
5345803-S04-156I3-A-L-C-190-7-1,20.02.2020-16:31:12,1.90000000e+01,6.45457923e-01,8.88704109e+00,2.00075307e-03,1.78731384e+02,8.02745056e+01,1.87427349e+01,1.30080268e-01,3.83556724e-01
5345803-S04-156I3-A-L-C-190-7-1,20.02.2020-16:31:14,1.90000000e+01,6.44515991e-01,8.88468742e+00,1.94486405e-03,3.19923981e+02,8.04664230e+01,1.87551594e+01,8.30513611e-02,1.93525895e-01
5345803-S04-156I3-A-L-C-190-7-1,20.02.2020-16:31:16,2.00000000e+01,6.43894255e-01,8.88199711e+00,2.42755073e-03,3.14251953e+02,8.00510483e+01,1.86347027e+01,1.03933267e-01,1.69365540e-01
5345803-S04-156I3-A-L-C-190-7-1,20.02.2020-16:31:18,1.90000000e+01,6.44574523e-01,8.89397907e+00,2.04310985e-03,1.92995117e+02,8.04075623e+01,1.87627430e+01,1.43232599e-01,2.23971561e-01
5345803-S04-156I3-A-L-C-190-7-1,20.02.2020-16:31:20,2.10000000e+01,6.42086387e-01,8.89270210e+00,2.02991231e-03,4.13531586e+02,7.99268188e+01,1.85759029e+01,7.34172016e-02,1.83706820e-01
5345803-S04-156I3-A-L-C-190-7-1,20.02.2020-16:31:22,9.00000000e+00,6.44477248e-01,8.91285515e+00,1.50180969e-03,2.26986206e+02,8.05685425e+01,1.88373661e+01,1.35725796e-01,3.22752804e-01
5345803-S04-156I3-A-L-C-190-7-1,20.02.2020-16:31:24,2.00000000e+01,6.42901242e-01,8.88027668e+00,1.87739125e-03,3.40304016e+02,8.04245911e+01,1.86891632e+01,1.06791012e-01,1.73877791e-01
5345803-S04-156I3-A-L-C-190-7-1,20.02.2020-16:31:26,1.90000000e+01,6.44974470e-01,8.90641212e+00,2.01188005e-03,2.37575363e+02,8.03033524e+01,1.87762661e+01,1.17374897e-01,2.11495772e-01
5345803-S04-156I3-A-L-C-190-7-1,20.02.2020-16:31:29,1.90000000e+01,6.44411802e-01,8.90427017e+00,1.76783919e-03,1.46800781e+02,8.03397446e+01,1.87638702e+01,1.97137877e-01,3.91267955e-01
5345803-S04-156I3-A-L-C-190-7-1,20.02.2020-16:31:31,1.90000000e+01,6.46061420e-01,8.90876865e+00,2.03533028e-03,4.06297607e+01,8.02283096e+01,1.87953014e+01,5.44138074e-01,7.97511697e-01
5345803-S04-156I3-A-L-C-190-7-1,20.02.2020-16:31:33,9.00000000e+00,6.45045280e-01,8.91939735e+00,1.73034845e-03,2.22386475e+02,8.03819351e+01,1.88241043e+01,1.09992363e-01,2.62448698e-01
5345803-S04-156I3-A-L-C-190-7-1,20.02.2020-16:31:35,1.90000000e+01,6.44674838e-01,8.90622425e+00,1.89065177e-03,1.99938553e+02,8.04180145e+01,1.87939415e+01,1.21666178e-01,2.28864387e-01
5345803-S04-156I3-A-L-C-190-7-1,20.02.2020-16:31:37,2.00000000e+00,6.42138302e-01,8.79281902e+00,1.80296041e-03,6.23724243e+02,7.99504700e+01,1.83741779e+01,3.78913954e-02,1.22223392e-01
5345803-S04-156I3-A-L-C-190-7-1,20.02.2020-16:31:39,1.00000000e+00,6.42000318e-01,8.81050205e+00,1.66770676e-03,1.89631516e+02,8.00353241e+01,1.84267082e+01,9.49326038e-01,1.32089949e+00
5345803-S04-156I3-A-L-C-190-7-1,20.02.2020-16:31:41,1.90000000e+01,6.44302547e-01,8.89436245e+00,1.79382460e-03,2.42233780e+02,8.04993668e+01,1.87770500e+01,1.14875168e-01,3.42626512e-01
5345803-S04-156I3-A-L-C-190-7-1,20.02.2020-16:31:44,9.00000000e+00,6.44408882e-01,8.89830780e+00,1.80236821e-03,3.75299500e+02,8.05824127e+01,1.88078613e+01,8.69913399e-02,2.84952015e-01
5345803-S04-156I3-A-L-C-190-7-1,20.02.2020-16:31:46,1.90000000e+01,6.44726753e-01,8.89537525e+00,1.68227218e-03,2.58066895e+02,8.04035873e+01,1.87691936e+01,7.36224651e-02,1.79016858e-01
5345803-S04-156I3-A-L-C-190-7-1,20.02.2020-16:31:48,1.90000000e+01,6.43856943e-01,8.88833714e+00,1.93881313e-03,2.75511749e+02,8.03608246e+01,1.87190781e+01,1.29051581e-01,4.54150796e-01
5345803-S04-156I3-A-L-C-190-7-1,20.02.2020-16:31:50,2.00000000e+01,6.44958377e-01,8.89000988e+00,2.00112117e-03,7.66357849e+02,8.00846024e+01,1.86901646e+01,6.53245226e-02,1.79280102e-01
5345803-S04-156I3-A-L-C-190-7-1,20.02.2020-16:31:52,2.10000000e+01,6.41203940e-01,8.87192154e+00,1.87234837e-03,5.64648926e+02,8.02324982e+01,1.85778027e+01,7.39694461e-02,2.17005879e-01
5345803-S04-156I3-A-L-C-190-7-1,20.02.2020-16:31:54,9.00000000e+00,6.45569921e-01,8.90756035e+00,1.92889862e-03,4.21580444e+02,8.03449936e+01,1.88057690e+01,9.52455848e-02,2.19627306e-01
5345803-S04-156I3-A-L-C-190-7-1,20.02.2020-16:31:56,2.00000000e+01,6.43153548e-01,8.86949825e+00,1.83275680e-03,2.80105743e+02,8.04108429e+01,1.86706104e+01,9.59048867e-02,4.92766976e-01
5345803-S04-156I3-A-L-C-190-7-1,20.02.2020-16:31:58,1.90000000e+01,6.44120634e-01,8.87871742e+00,1.82745547e-03,2.37015854e+02,8.04011459e+01,1.87158642e+01,1.25775740e-01,2.19319344e-01
5345803-S04-156I3-A-L-C-190-7-1,20.02.2020-16:32:00,2.00000000e+00,6.38731420e-01,8.79270267e+00,1.67331519e-03,3.09635315e+02,8.03175278e+01,1.83603592e+01,2.34714970e-01,2.84278035e+00
5345803-S04-156I3-A-L-C-190-7-1,20.02.2020-16:32:03,2.00000000e+00,6.38804376e-01,8.79911613e+00,1.78410287e-03,2.47623413e+02,8.03174820e+01,1.83758411e+01,2.41215691e-01,2.84766865e+00
5345803-S04-156I3-A-L-C-190-7-1,20.02.2020-16:32:05,2.00000000e+00,6.38376832e-01,8.77273083e+00,1.91581179e-03,2.80352386e+02,8.01008987e+01,1.82591076e+01,2.57488638e-01,2.78029847e+00
5345803-S04-156I3-A-L-C-190-7-1,20.02.2020-16:32:07,2.00000000e+00,6.38073921e-01,8.78074551e+00,2.05894816e-03,2.11926300e+02,8.01142273e+01,1.82701530e+01,2.85427123e-01,3.18780303e+00
5345803-S04-156I3-A-L-C-190-7-1,20.02.2020-16:32:09,2.10000000e+01,6.40545964e-01,8.86213684e+00,1.72683049e-03,3.66582367e+02,8.03047180e+01,1.85549583e+01,1.01048432e-01,3.60824674e-01
5345803-S04-156I3-A-L-C-190-7-1,20.02.2020-16:32:11,2.10000000e+01,6.40970349e-01,8.85140419e+00,1.55574828e-03,3.02538391e+02,8.02564621e+01,1.85336227e+01,1.17868930e-01,3.70269775e-01
5345803-S04-156I3-A-L-C-190-7-1,20.02.2020-16:32:13,2.00000000e+01,6.43506646e-01,8.85214996e+00,1.90484384e-03,2.52129150e+02,8.03006821e+01,1.86187801e+01,1.68723777e-01,4.57696080e-01
5345803-S04-156I3-A-L-C-190-7-1,20.02.2020-16:32:15,9.00000000e+00,6.45808339e-01,8.90661430e+00,1.71504705e-03,1.95146774e+02,8.03908539e+01,1.88214512e+01,1.39080465e-01,2.13522285e-01
5345803-S04-156I3-A-L-C-190-7-1,20.02.2020-16:32:17,9.00000000e+00,6.45710289e-01,8.91378307e+00,1.87008572e-03,2.28531631e+02,8.04502487e+01,1.88476562e+01,1.46380574e-01,2.65562445e-01
5345803-S04-156I3-A-L-C-190-7-1,20.02.2020-16:32:19,2.00000000e+01,6.43074930e-01,8.87043476e+00,2.08843290e-03,2.11399872e+02,8.03658981e+01,1.86598644e+01,1.13533415e-01,4.86766428e-01
5345803-S04-156I3-A-L-C-190-7-1,20.02.2020-16:32:22,1.90000000e+01,6.44008219e-01,8.86913586e+00,1.62405137e-03,2.06363724e+02,8.04608383e+01,1.87062817e+01,1.09997936e-01,3.77533257e-01
5345803-S04-156I3-A-L-C-190-7-1,20.02.2020-16:32:24,1.90000000e+01,6.45053029e-01,8.90670681e+00,2.07122788e-03,1.82243378e+02,8.03463898e+01,1.87892380e+01,1.63244873e-01,2.86235660e-01
5345803-S04-156I3-A-L-C-190-7-1,20.02.2020-16:32:26,1.00000000e+00,6.41631663e-01,8.81414223e+00,1.55512185e-03,7.20340698e+02,8.01947937e+01,1.84604492e+01,5.91439903e-02,1.44534513e-01
5345803-S04-156I3-A-L-C-190-7-1,20.02.2020-16:32:28,1.00000000e+00,6.42629445e-01,8.82530499e+00,1.44979369e-03,3.18081573e+02,8.01275482e+01,1.84970474e+01,1.01415128e-01,1.75676897e-01
5345803-S04-156I3-A-L-C-190-7-1,20.02.2020-16:32:30,9.00000000e+00,6.44923925e-01,8.90381908e+00,1.87518715e-03,2.53197968e+02,8.04598083e+01,1.88058929e+01,1.07006304e-01,1.97408468e-01
5345803-S04-156I3-A-L-C-190-7-1,20.02.2020-16:32:32,1.90000000e+01,6.45399153e-01,8.90172672e+00,2.18431070e-03,2.05851959e+02,7.99871140e+01,1.87047920e+01,1.18600413e-01,1.95372224e-01
5345803-S04-156I3-A-L-C-190-7-1,20.02.2020-16:32:34,1.00000000e+00,6.42301261e-01,8.81935024e+00,1.44623301e-03,3.17238464e+02,8.01430969e+01,1.84787102e+01,8.98864418e-02,1.70037001e-01
5345803-S04-156I3-A-L-C-190-7-1,20.02.2020-16:32:36,1.90000000e+01,6.45351708e-01,8.87473965e+00,1.78703642e-03,3.98120575e+02,8.04744568e+01,1.87603226e+01,7.60957599e-02,2.83396691e-01
5345803-S04-156I3-A-L-C-190-7-1,20.02.2020-16:32:38,1.00000000e+00,6.41171336e-01,8.81514454e+00,1.83935487e-03,2.05644714e+02,8.02433929e+01,1.84604816e+01,2.57160246e-01,2.14505792e+00
5345803-S04-156I3-A-L-C-190-7-1,20.02.2020-16:32:40,1.90000000e+01,6.44252121e-01,8.89293480e+00,1.67977880e-03,4.43894257e+02,8.03506775e+01,1.87378902e+01,6.49010316e-02,1.20274998e-01
5345803-S04-156I3-A-L-C-190-7-1,20.02.2020-16:32:43,9.00000000e+00,6.46353245e-01,8.90374184e+00,1.90528622e-03,2.43467941e+02,8.03551788e+01,1.88229008e+01,1.10005923e-01,3.51169586e-01
5345803-S04-156I3-A-L-C-190-7-1,20.02.2020-16:32:45,2.10000000e+01,6.41067266e-01,8.83116722e+00,1.88572810e-03,2.09776871e+02,8.03011627e+01,1.85043488e+01,2.86631137e-01,2.03041744e+00
5345803-S04-156I3-A-L-C-190-7-1,20.02.2020-16:32:47,1.90000000e+01,6.44789696e-01,8.90419102e+00,1.85861404e-03,3.92355194e+02,8.03626938e+01,1.87800732e+01,8.83197188e-02,2.81498671e-01
5345803-S04-156I3-A-L-C-190-7-1,20.02.2020-16:32:49,1.90000000e+01,6.44892097e-01,8.89528275e+00,1.97274797e-03,1.56820816e+02,8.03659668e+01,1.87650261e+01,1.47953004e-01,2.63757885e-01
5345803-S04-156I3-A-L-C-190-7-1,20.02.2020-16:32:51,1.90000000e+01,6.43611550e-01,8.89602757e+00,1.90954725e-03,1.61131577e+02,8.03356934e+01,1.87222767e+01,1.61366835e-01,2.12577596e-01
5345803-S04-156I3-A-L-C-190-7-1,20.02.2020-16:32:53,9.00000000e+00,6.45111918e-01,8.90567589e+00,1.71228999e-03,2.03738998e+02,8.04487991e+01,1.88127251e+01,1.41448557e-01,2.81672806e-01
5345803-S04-156I3-A-L-C-190-7-1,20.02.2020-16:32:55,1.90000000e+01,6.45035923e-01,8.89516926e+00,1.73930451e-03,1.86947845e+02,8.04094849e+01,1.87791367e+01,1.25096068e-01,2.46917307e-01
5345803-S04-156I3-A-L-C-190-7-1,20.02.2020-16:32:57,2.00000000e+01,6.43500924e-01,8.87480736e+00,1.94752321e-03,2.66670654e+02,8.03042603e+01,1.86671028e+01,1.00336298e-01,1.42603114e-01
5345803-S04-156I3-A-L-C-190-7-1,20.02.2020-16:33:00,9.00000000e+00,6.45750463e-01,8.89473820e+00,1.89308450e-03,2.31675400e+02,8.04518967e+01,1.88089428e+01,1.23455338e-01,3.66143465e-01
5345803-S04-156I3-A-L-C-190-7-1,20.02.2020-16:33:02,2.00000000e+00,6.38631582e-01,8.79842949e+00,1.92381872e-03,1.13416931e+02,8.00866776e+01,1.83166466e+01,3.58776838e-01,2.60267782e+00
5345803-S04-156I3-A-L-C-190-7-1,20.02.2020-16:33:04,2.40000000e+01,6.45263791e-01,8.90931511e+00,2.07159529e-03,5.22593689e+00,7.89332657e+01,1.84702129e+01,2.57652092e+00,3.05303979e+00
5345803-S04-156I3-A-L-C-190-7-1,20.02.2020-16:33:06,2.00000000e+01,6.45296812e-01,8.89204311e+00,2.37460248e-03,2.79993469e+02,7.98021545e+01,1.86382828e+01,1.00248113e-01,1.84405997e-01
5345803-S04-156I3-A-L-C-190-7-1,20.02.2020-16:33:08,2.00000000e+01,6.43850327e-01,8.87043285e+00,1.91045040e-03,9.67473526e+01,8.01037064e+01,1.86214085e+01,1.79926038e-01,2.58435994e-01
5345803-S04-156I3-A-L-C-190-7-1,20.02.2020-16:33:10,2.10000000e+01,6.43981397e-01,8.85486507e+00,2.13471707e-03,2.87913330e+02,7.99499588e+01,1.85568275e+01,9.32755619e-02,1.65547267e-01
5345803-S04-156I3-A-L-C-190-7-1,20.02.2020-16:33:12,2.10000000e+01,6.42089725e-01,8.86634731e+00,1.88178860e-03,1.23127396e+02,7.98831177e+01,1.85108204e+01,1.31541833e-01,1.60000011e-01
5345803-S04-156I3-A-L-C-190-7-1,20.02.2020-16:33:14,2.00000000e+00,6.37484848e-01,8.80778408e+00,1.89602003e-03,1.76194595e+02,7.97867889e+01,1.82346611e+01,2.21552029e-01,4.87132490e-01
5345803-S04-156I3-A-L-C-190-7-1,20.02.2020-16:33:17,2.10000000e+01,6.43258274e-01,8.89134121e+00,1.90221390e-03,3.48935028e+02,7.98862000e+01,1.85975018e+01,8.37650001e-02,1.27019167e-01
5345803-S04-156I3-A-L-C-190-7-1,20.02.2020-16:33:19,2.00000000e+01,6.45576835e-01,8.88263702e+00,2.24568159e-03,1.12671097e+02,7.98165741e+01,1.86300106e+01,2.33500689e-01,3.34858686e-01
5345803-S04-156I3-A-L-C-190-7-1,20.02.2020-16:33:21,2.10000000e+01,6.43608093e-01,8.88459587e+00,1.89523189e-03,1.33966156e+02,7.97775192e+01,1.85682030e+01,2.06889823e-01,2.54381567e-01
5345803-S04-156I3-A-L-C-190-7-1,20.02.2020-16:33:23,2.00000000e+01,6.44284368e-01,8.88280201e+00,1.80515880e-03,1.96105743e+02,8.02498932e+01,1.86939983e+01,1.59001842e-01,2.03650445e-01
5345803-S04-156I3-A-L-C-190-7-1,20.02.2020-16:33:25,2.10000000e+01,6.40603602e-01,8.82916546e+00,1.55625620e-03,2.21887894e+02,8.04149628e+01,1.85129719e+01,2.09738970e-01,5.13710499e-01
5345803-S04-156I3-A-L-C-190-7-1,20.02.2020-16:33:27,2.00000000e+01,6.42519474e-01,8.87798691e+00,1.69235200e-03,2.46985054e+01,8.01951370e+01,1.86199703e+01,9.16014791e-01,1.09741688e+00
5345803-S04-156I3-A-L-C-190-7-1,20.02.2020-16:33:29,1.90000000e+01,6.45740271e-01,8.91258430e+00,2.20526243e-03,1.82132904e+02,7.98927689e+01,1.87154045e+01,1.41907230e-01,1.71152860e-01
5345803-S04-156I3-A-L-C-190-7-1,20.02.2020-16:33:32,2.10000000e+01,6.41616702e-01,8.87131119e+00,2.09243922e-03,1.17388634e+02,8.00199051e+01,1.85392303e+01,2.42405608e-01,3.97400528e-01
5345803-S04-156I3-A-L-C-190-7-1,20.02.2020-16:33:34,2.00000000e+01,6.45826459e-01,8.91319561e+00,2.45281751e-03,6.65866623e+01,7.95840607e+01,1.86468544e+01,4.19946909e-01,4.89312559e-01
5345803-S04-156I3-A-L-C-190-7-1,20.02.2020-16:33:36,1.90000000e+01,6.44637406e-01,8.90559483e+00,1.62643567e-03,6.51454086e+01,8.01833115e+01,1.87366810e+01,4.23488438e-01,5.22046685e-01
5345803-S04-156I3-A-L-C-190-7-1,20.02.2020-16:33:41,1.30000000e+01,6.32436156e-01,8.63281918e+00,1.65889820e-03,5.66083488e+01,8.05604935e+01,1.79028282e+01,6.44443333e-01,1.61098468e+00
5345803-S04-156I3-A-L-C-190-7-1,20.02.2020-16:33:43,1.90000000e+01,6.44510150e-01,8.90158367e+00,1.86740828e-03,7.84552765e+01,8.02068253e+01,1.87300339e+01,3.62567544e-01,4.42105889e-01
5345803-S04-156I3-A-L-C-190-7-1,20.02.2020-16:33:45,1.00000000e+00,6.42224133e-01,8.87034416e+00,2.11010058e-03,5.77444191e+01,7.97435989e+01,1.84906902e+01,5.20014048e-01,6.67873204e-01
5345803-S04-156I3-A-L-C-190-7-1,20.02.2020-16:33:47,2.10000000e+01,6.42051876e-01,8.85671234e+00,1.91160920e-03,1.51497437e+02,8.02082367e+01,1.85648689e+01,1.67280301e-01,2.21410424e-01
5345803-S04-156I3-A-L-C-190-7-1,20.02.2020-16:33:50,2.10000000e+01,6.43498182e-01,8.88704872e+00,2.00163806e-03,1.28793503e+02,7.98822937e+01,1.85945492e+01,1.74116299e-01,2.21023276e-01
5345803-S04-156I3-A-L-C-190-7-1,20.02.2020-16:33:52,2.00000000e+01,6.44074023e-01,8.87665176e+00,1.94735639e-03,1.63358231e+02,7.99530563e+01,1.86058807e+01,1.39027506e-01,3.20682377e-01
5345803-S04-156I3-A-L-C-190-7-1,20.02.2020-16:33:54,1.00000000e+00,6.41156018e-01,8.86630344e+00,2.01693294e-03,2.35637039e+02,7.97765884e+01,1.84591618e+01,2.63441741e-01,4.11296755e-01
5345803-S04-156I3-A-L-C-190-7-1,20.02.2020-16:33:56,2.10000000e+01,6.41449392e-01,8.89555931e+00,2.13599973e-03,1.73918152e+02,7.98531189e+01,1.85463200e+01,2.25316897e-01,4.62680310e-01
5345803-S04-156I3-A-L-C-190-7-1,20.02.2020-16:33:58,2.10000000e+01,6.39729023e-01,8.87652206e+00,1.62971218e-03,3.40803528e+02,8.01420135e+01,1.85237675e+01,1.14736609e-01,2.73474395e-01
5345803-S04-156I3-A-L-C-190-7-1,20.02.2020-16:34:00,2.00000000e+01,6.42244101e-01,8.91476822e+00,1.72953657e-03,4.86605011e+02,8.00949249e+01,1.86657467e+01,7.47859180e-02,1.42048806e-01
5345803-S04-156I3-A-L-C-190-7-1,20.02.2020-16:34:02,2.00000000e+01,6.44263804e-01,8.88459492e+00,2.10717157e-03,5.40715088e+02,8.01532745e+01,1.86746674e+01,1.48409620e-01,5.67391098e-01
5345803-S04-156I3-A-L-C-190-7-1,20.02.2020-16:34:04,1.90000000e+01,6.45512164e-01,8.91456223e+00,1.79413729e-03,3.87048004e+02,8.02608414e+01,1.87991562e+01,7.53793120e-02,1.04987673e-01
5345803-S04-156I3-A-L-C-190-7-1,20.02.2020-16:34:07,9.00000000e+00,6.45222247e-01,8.93329239e+00,2.08455697e-03,7.00737488e+02,8.02643509e+01,1.88310165e+01,7.07405359e-02,1.13910519e-01
5345803-S04-156I3-A-L-C-190-7-1,20.02.2020-16:34:09,2.00000000e+01,6.42013729e-01,8.90826416e+00,2.07231473e-03,4.05326965e+02,7.99932175e+01,1.86217632e+01,1.11521222e-01,1.83818370e-01
5345803-S04-156I3-A-L-C-190-7-1,20.02.2020-16:34:11,1.90000000e+01,6.46043181e-01,8.89863205e+00,1.94265065e-03,3.27453217e+02,8.01654053e+01,1.87586670e+01,8.13337713e-02,1.43224686e-01
5345803-S04-156I3-A-L-C-190-7-1,20.02.2020-16:34:13,9.00000000e+00,6.45411670e-01,8.93809986e+00,2.00208602e-03,1.66684082e+02,8.02793198e+01,1.88501968e+01,1.51352182e-01,2.09460646e-01
5345803-S04-156I3-A-L-C-190-7-1,20.02.2020-16:34:15,2.10000000e+01,6.41316652e-01,8.90127754e+00,1.82910473e-03,3.95846191e+02,7.98518600e+01,1.85541058e+01,5.53449616e-02,6.96565807e-02
5345803-S04-156I3-A-L-C-190-7-1,20.02.2020-16:34:17,9.00000000e+00,6.45321965e-01,8.93710327e+00,1.89009344e-03,2.52366165e+02,8.04669189e+01,1.88895149e+01,9.64130312e-02,1.40491292e-01
5345803-S04-156I3-A-L-C-190-7-1,20.02.2020-16:34:19,1.90000000e+01,6.44383609e-01,8.94333935e+00,2.07182742e-03,2.16478134e+02,7.99847107e+01,1.87620964e+01,1.43123269e-01,1.67925417e-01
5345803-S04-156I3-A-L-C-190-7-1,20.02.2020-16:34:21,2.00000000e+00,6.40858114e-01,8.75834846e+00,1.82754872e-03,6.14333984e+02,7.98180008e+01,1.82353935e+01,1.03225134e-01,4.61618543e-01
5345803-S04-156I3-A-L-C-190-7-1,20.02.2020-16:34:24,2.00000000e+00,6.41675174e-01,8.78633881e+00,1.67859939e-03,2.91915283e+02,7.97748871e+01,1.83071003e+01,1.66908428e-01,4.61049467e-01
5345803-S04-156I3-A-L-C-190-7-1,20.02.2020-16:34:26,1.90000000e+01,6.44937634e-01,8.94318771e+00,1.85975153e-03,3.63931244e+02,8.00480957e+01,1.87927933e+01,1.20727628e-01,1.53171331e-01
5345803-S04-156I3-A-L-C-190-7-1,20.02.2020-16:34:28,1.90000000e+01,6.44984543e-01,8.93455696e+00,1.80358812e-03,2.70792175e+02,8.00322571e+01,1.87723045e+01,1.07670821e-01,1.40306681e-01
5345803-S04-156I3-A-L-C-190-7-1,20.02.2020-16:34:30,2.00000000e+01,6.44019365e-01,8.88513660e+00,1.88383320e-03,3.18506897e+02,7.99621964e+01,1.86242142e+01,9.36727226e-02,1.89580902e-01
5345803-S04-156I3-A-L-C-190-7-1,20.02.2020-16:34:32,2.10000000e+01,6.40763223e-01,8.93167019e+00,2.12176167e-03,3.20521973e+02,7.96322937e+01,1.85502453e+01,7.68907368e-02,9.48790014e-02
5345803-S04-156I3-A-L-C-190-7-1,20.02.2020-16:34:34,2.10000000e+01,6.40887797e-01,8.88641071e+00,1.78420288e-03,4.93577972e+02,7.99363937e+01,1.85303288e+01,1.49426550e-01,3.78564447e-01
5345803-S04-156I3-A-L-C-190-7-1,20.02.2020-16:34:36,1.90000000e+01,6.44924223e-01,8.94453621e+00,1.85416162e-03,3.39165009e+02,8.00538483e+01,1.87965851e+01,9.90352780e-02,1.31438419e-01
5345803-S04-156I3-A-L-C-190-7-1,20.02.2020-16:34:38,1.90000000e+01,6.44689977e-01,8.92755127e+00,1.98458461e-03,2.24643433e+02,8.02064667e+01,1.87898293e+01,1.16926923e-01,1.80830479e-01
5345803-S04-156I3-A-L-C-190-7-1,20.02.2020-16:34:40,1.90000000e+01,6.43195033e-01,8.92554379e+00,1.95289869e-03,6.83447342e+01,8.01354828e+01,1.87254601e+01,2.37683117e-01,2.89780408e-01
5345803-S04-156I3-A-L-C-190-7-1,20.02.2020-16:34:43,2.00000000e+01,6.43678010e-01,8.88796329e+00,1.59049116e-03,1.55529404e+02,8.02525330e+01,1.86878719e+01,1.49138182e-01,1.98431879e-01
5345803-S04-156I3-A-L-C-190-7-1,20.02.2020-16:34:45,1.90000000e+01,6.43986523e-01,8.90995598e+00,1.93354371e-03,1.46707397e+02,8.01541519e+01,1.87201157e+01,1.36515185e-01,1.90997601e-01
5345803-S04-156I3-A-L-C-190-7-1,20.02.2020-16:34:47,2.10000000e+01,6.41640127e-01,8.92274761e+00,2.21636612e-03,5.96696899e+02,7.98011703e+01,1.85964298e+01,8.48446563e-02,1.54634953e-01
5345803-S04-156I3-A-L-C-190-7-1,20.02.2020-16:34:50,1.90000000e+01,6.46009028e-01,8.90586281e+00,2.01230939e-03,5.38663879e+02,8.01507034e+01,1.87694759e+01,5.35822175e-02,1.46390960e-01
5345803-S04-156I3-A-L-C-190-7-1,20.02.2020-16:34:53,2.00000000e+01,6.43196821e-01,8.88197231e+00,2.09331512e-03,2.17413635e+02,8.00864639e+01,1.86226997e+01,1.13646641e-01,1.92805380e-01
5345803-S04-156I3-A-L-C-190-7-1,20.02.2020-16:34:55,1.90000000e+01,6.43221438e-01,8.89752579e+00,1.87655108e-03,1.30456482e+02,8.02978668e+01,1.87052689e+01,2.42117941e-01,5.21474302e-01
5345803-S04-156I3-A-L-C-190-7-1,20.02.2020-16:34:57,2.00000000e+01,6.43389702e-01,8.88216019e+00,2.03035562e-03,1.00026009e+02,8.01451111e+01,1.86423187e+01,1.71933755e-01,2.34252363e-01
5345803-S04-156I3-A-L-C-190-7-1,20.02.2020-16:35:00,2.00000000e+01,6.45074427e-01,8.89951706e+00,1.91041222e-03,1.80241821e+02,7.99346924e+01,1.86784916e+01,1.89383581e-01,2.81941891e-01
5345803-S04-156I3-A-L-C-190-7-1,20.02.2020-16:35:05,9.00000000e+00,6.45845830e-01,8.94521141e+00,1.91770738e-03,2.42097321e+02,8.02382812e+01,1.88682365e+01,1.51008040e-01,2.54373342e-01
5345803-S04-156I3-A-L-C-190-7-1,20.02.2020-16:35:07,2.00000000e+01,6.42563701e-01,8.91930008e+00,2.27046106e-03,3.60575317e+02,7.97547760e+01,1.86051807e+01,7.60875642e-02,1.21316895e-01
5345803-S04-156I3-A-L-C-190-7-1,20.02.2020-16:35:09,1.90000000e+01,6.44697547e-01,8.94224834e+00,1.93446502e-03,3.38835907e+02,8.00137939e+01,1.87757721e+01,9.59024578e-02,1.21141054e-01
5345803-S04-156I3-A-L-C-190-7-1,20.02.2020-16:35:11,1.90000000e+01,6.44904792e-01,8.90386105e+00,1.63489685e-03,1.62960648e+02,8.02843704e+01,1.87644234e+01,1.25566632e-01,1.82638004e-01
5345803-S04-156I3-A-L-C-190-7-1,20.02.2020-16:35:14,2.00000000e+01,6.44042730e-01,8.89132118e+00,1.76994177e-03,2.70302917e+02,8.00898056e+01,1.86675968e+01,7.34970197e-02,1.54584929e-01
5345803-S04-156I3-A-L-C-190-7-1,20.02.2020-16:35:16,1.00000000e+00,6.42515540e-01,8.81832218e+00,1.92584342e-03,3.56836151e+02,8.01911697e+01,1.84938068e+01,2.43616566e-01,2.15433049e+00
5345803-S04-156I3-A-L-C-190-7-1,20.02.2020-16:35:18,2.00000000e+01,6.44044101e-01,8.90105057e+00,1.81375700e-03,8.14120636e+01,7.99870453e+01,1.86640854e+01,2.07134515e-01,2.57422388e-01
5345803-S04-156I3-A-L-C-190-7-1,20.02.2020-16:35:20,2.10000000e+01,6.43341959e-01,8.85456085e+00,1.78276526e-03,3.83761475e+02,7.99002151e+01,1.85262299e+01,1.32667705e-01,2.70757347e-01
5345803-S04-156I3-A-L-C-190-7-1,20.02.2020-16:35:22,1.00000000e+00,6.42891049e-01,8.84770679e+00,1.78630895e-03,2.39796356e+02,7.99036713e+01,1.84997139e+01,1.35092497e-01,2.73895949e-01
5345803-S04-156I3-A-L-C-190-7-1,20.02.2020-16:35:39,2.00000000e+01,6.42631173e-01,8.92346191e+00,1.70540286e-03,6.07434387e+02,7.98558807e+01,1.86394138e+01,6.04191050e-02,9.73464176e-02
5345803-S04-156I3-A-L-C-190-7-1,20.02.2020-16:35:42,2.10000000e+01,6.43710256e-01,8.86847115e+00,2.24738312e-03,4.76217285e+02,7.99156036e+01,1.85695324e+01,9.56077576e-02,1.37888342e-01
5345803-S04-156I3-A-L-C-190-7-1,20.02.2020-16:35:44,2.00000000e+01,6.42056048e-01,8.91920757e+00,1.82788598e-03,5.91951050e+02,8.00284119e+01,1.86540699e+01,5.00212610e-02,1.00941412e-01
5345803-S04-156I3-A-L-C-190-7-1,20.02.2020-16:35:46,2.00000000e+01,6.45249546e-01,8.90740395e+00,1.82197895e-03,5.01425552e+01,7.98482971e+01,1.86799068e+01,4.59726840e-01,5.45976341e-01
5345803-S04-156I3-A-L-C-190-7-1,20.02.2020-16:35:48,1.90000000e+01,6.45083427e-01,8.91140175e+00,1.80914055e-03,8.08040314e+01,8.01459503e+01,1.87531261e+01,3.19393545e-01,3.85354042e-01
5345803-S04-156I3-A-L-C-190-7-1,20.02.2020-16:35:50,1.00000000e+00,6.40203476e-01,8.84668636e+00,1.94335496e-03,3.94035370e+02,8.01570663e+01,1.84786682e+01,8.32675248e-02,1.29250467e-01
5345803-S04-156I3-A-L-C-190-7-1,20.02.2020-16:35:53,1.00000000e+00,6.40868664e-01,8.85942173e+00,2.02941429e-03,1.04419785e+02,7.97922440e+01,1.84401836e+01,2.41620913e-01,4.05970335e-01
5345803-S04-156I3-A-L-C-190-7-1,20.02.2020-16:35:55,1.90000000e+01,6.44907236e-01,8.90538883e+00,1.69417774e-03,7.47210541e+01,8.00629349e+01,1.87159481e+01,3.28457505e-01,3.94116431e-01
5345803-S04-156I3-A-L-C-190-7-1,20.02.2020-16:35:57,1.00000000e+00,6.40577793e-01,8.86242199e+00,1.99717609e-03,7.91764908e+01,7.97736511e+01,1.84337616e+01,3.45008433e-01,5.26294589e-01
5345803-S04-156I3-A-L-C-190-7-1,20.02.2020-16:35:59,2.10000000e+01,6.42245412e-01,8.86422253e+00,1.95850083e-03,6.37427216e+01,7.98966522e+01,1.85140095e+01,4.67212468e-01,6.46109283e-01
5345803-S04-156I3-A-L-C-190-7-1,20.02.2020-16:36:01,2.00000000e+00,6.39553249e-01,8.83767509e+00,1.68907712e-03,2.24327869e+01,7.98152008e+01,1.83624458e+01,9.51780677e-01,1.30525720e+00
5345803-S04-156I3-A-L-C-190-7-1,20.02.2020-16:36:03,1.00000000e+00,6.39840007e-01,8.84917545e+00,1.90116779e-03,4.94885826e+01,7.98807831e+01,1.84096985e+01,4.42142934e-01,6.66174173e-01
5345803-S04-156I3-A-L-C-190-7-1,20.02.2020-16:36:05,2.00000000e+00,6.40069187e-01,8.84962559e+00,2.31011654e-03,7.47268066e+01,7.94651184e+01,1.83213959e+01,4.02276874e-01,5.48679173e-01
5345803-S04-156I3-A-L-C-190-7-1,20.02.2020-16:36:08,1.00000000e+00,6.40182018e-01,8.85945702e+00,1.81456015e-03,7.78866730e+01,7.99826660e+01,1.84644604e+01,4.13500696e-01,5.88150203e-01
5345803-S04-156I3-A-L-C-190-7-1,20.02.2020-16:36:10,2.00000000e+00,6.39595389e-01,8.81830025e+00,1.76548841e-03,4.92486839e+01,7.98780518e+01,1.83378277e+01,6.97990000e-01,1.04595065e+00
5345803-S04-156I3-A-L-C-190-7-1,20.02.2020-16:36:12,2.00000000e+01,6.43825769e-01,8.89006329e+00,1.88996620e-03,5.14527245e+01,8.01536331e+01,1.86735382e+01,5.41375101e-01,6.36358798e-01
5345803-S04-156I3-A-L-C-190-7-1,20.02.2020-16:36:14,2.10000000e+01,6.42484307e-01,8.87572861e+00,1.68972171e-03,4.82925186e+01,7.99175034e+01,1.85497742e+01,5.27916372e-01,7.05720544e-01
5345803-S04-156I3-A-L-C-190-7-1,20.02.2020-16:36:16,1.00000000e+00,6.38477981e-01,8.84440994e+00,1.98492804e-03,1.68393204e+02,8.01098938e+01,1.84132786e+01,1.24303386e-01,2.16391504e-01
5345803-S04-156I3-A-L-C-190-7-1,20.02.2020-16:36:18,2.00000000e+00,6.40480578e-01,8.85543919e+00,2.13744375e-03,7.65487442e+01,7.94600449e+01,1.83440437e+01,4.40884024e-01,5.89932561e-01
5345803-S04-156I3-A-L-C-190-7-1,20.02.2020-16:36:20,1.00000000e+00,6.40098333e-01,8.86996365e+00,1.92263292e-03,3.08698151e+02,7.99084320e+01,1.84667873e+01,7.36020058e-02,2.38485962e-01
5345803-S04-156I3-A-L-C-190-7-1,20.02.2020-16:36:22,2.00000000e+01,6.42250478e-01,8.88084507e+00,1.88686105e-03,1.17963165e+02,8.02763672e+01,1.86370258e+01,1.66248575e-01,2.11945236e-01
5345803-S04-156I3-A-L-C-190-7-1,20.02.2020-16:36:24,2.10000000e+01,6.40860796e-01,8.84975910e+00,1.69733691e-03,1.57370255e+02,8.01755295e+01,1.85083275e+01,1.77910700e-01,4.09953803e-01
5345803-S04-156I3-A-L-C-190-7-1,20.02.2020-16:36:27,2.00000000e+01,6.42681658e-01,8.87559509e+00,1.57784054e-03,1.85028519e+02,8.03374786e+01,1.86527023e+01,8.14246535e-02,1.31157562e-01
5345803-S04-156I3-A-L-C-190-7-1,20.02.2020-16:36:29,2.10000000e+01,6.43223464e-01,8.86813927e+00,1.85996993e-03,1.48065369e+02,7.98341141e+01,1.85358753e+01,1.39986694e-01,1.80163726e-01
5345803-S04-156I3-A-L-C-190-7-1,20.02.2020-16:36:31,1.90000000e+01,6.45902514e-01,8.89533234e+00,1.82000024e-03,1.64136398e+02,7.99741745e+01,1.87029076e+01,1.09839372e-01,1.76785290e-01
5345803-S04-156I3-A-L-C-190-7-1,20.02.2020-16:36:33,1.90000000e+01,6.45703971e-01,8.89349270e+00,1.87212578e-03,1.50637146e+02,8.01032944e+01,1.87234726e+01,1.84196740e-01,2.92312980e-01
5345803-S04-156I3-A-L-C-190-7-1,20.02.2020-16:36:35,1.00000000e+00,6.41860902e-01,8.87216759e+00,2.09193723e-03,1.22503204e+02,7.98106079e+01,1.84995632e+01,1.95553929e-01,2.35236317e-01
5345803-S04-156I3-A-L-C-190-7-1,20.02.2020-16:36:37,2.00000000e+01,6.43223643e-01,8.87031078e+00,1.99014787e-03,2.26734131e+02,8.01863251e+01,1.86222153e+01,1.28968626e-01,2.00657368e-01
5345803-S04-156I3-A-L-C-190-7-1,20.02.2020-16:36:39,2.00000000e+01,6.44358814e-01,8.86250401e+00,1.84329145e-03,5.81797607e+02,8.01025162e+01,1.86191826e+01,7.64332488e-02,1.40850112e-01
5345803-S04-156I3-A-L-C-190-7-1,20.02.2020-16:36:41,2.10000000e+01,6.41220212e-01,8.85849762e+00,1.79601053e-03,9.56351318e+01,8.00326767e+01,1.85039654e+01,2.02790335e-01,2.46192366e-01
5345803-S04-156I3-A-L-C-190-7-1,20.02.2020-16:36:44,2.00000000e+00,6.36279464e-01,8.79743671e+00,1.77374901e-03,1.58066467e+02,8.00414429e+01,1.82368221e+01,1.76505819e-01,4.87795264e-01
5345803-S04-156I3-A-L-C-190-7-1,20.02.2020-16:36:46,2.10000000e+01,6.42800093e-01,8.87938786e+00,2.15105922e-03,2.04830612e+02,7.98823700e+01,1.85583820e+01,1.40925154e-01,1.76931024e-01
5345803-S04-156I3-A-L-C-190-7-1,20.02.2020-16:36:48,1.00000000e+00,6.38929009e-01,8.96447086e+00,2.36911792e-03,3.15383636e+02,7.92758713e+01,1.84819775e+01,7.08976984e-02,9.34625119e-02
5345803-S04-156I3-A-L-C-190-7-1,20.02.2020-16:36:50,2.10000000e+01,6.43240869e-01,8.88549709e+00,1.98687008e-03,2.11136719e+02,7.98136292e+01,1.85678921e+01,1.46193281e-01,1.82965338e-01
5345803-S04-156I3-A-L-C-190-7-1,20.02.2020-16:36:52,1.00000000e+00,6.38805568e-01,8.89273643e+00,2.05522962e-03,2.47301453e+02,7.95826187e+01,1.84014702e+01,1.29089549e-01,1.58237085e-01
5345803-S04-156I3-A-L-C-190-7-1,20.02.2020-16:36:54,2.10000000e+01,6.42453313e-01,8.87488365e+00,1.99907832e-03,2.76669281e+02,8.00361404e+01,1.85746460e+01,1.19191177e-01,1.59133300e-01
5345803-S04-156I3-A-L-C-190-7-1,20.02.2020-16:36:56,2.00000000e+00,6.39112830e-01,8.80262280e+00,1.99808949e-03,1.33745010e+02,7.98925781e+01,1.82947426e+01,2.86076099e-01,3.85891467e-01
5345803-S04-156I3-A-L-C-190-7-1,20.02.2020-16:36:58,2.10000000e+01,6.43666565e-01,8.86374569e+00,2.12687184e-03,1.62494934e+02,7.99964905e+01,1.85771618e+01,2.07497552e-01,2.50555009e-01
5345803-S04-156I3-A-L-C-190-7-1,20.02.2020-16:37:01,2.10000000e+01,6.43684387e-01,8.85699844e+00,2.13989941e-03,1.38772263e+02,7.99212189e+01,1.85460682e+01,1.30591795e-01,1.76936939e-01
5345803-S04-156I3-A-L-C-190-7-1,20.02.2020-16:37:03,2.10000000e+01,6.41293228e-01,8.83767033e+00,1.90993748e-03,3.99829681e+02,8.02080307e+01,1.85030155e+01,1.04504965e-01,2.38089308e-01
5345803-S04-156I3-A-L-C-190-7-1,20.02.2020-16:37:05,1.90000000e+01,6.45147026e-01,8.88068199e+00,1.96716050e-03,2.52103424e+02,8.01997833e+01,1.87028770e+01,1.26372889e-01,1.53691292e-01
5345803-S04-156I3-A-L-C-190-7-1,20.02.2020-16:37:07,2.00000000e+01,6.43815041e-01,8.86960506e+00,1.73786713e-03,2.39082260e+02,8.02340088e+01,1.86489353e+01,1.31875396e-01,1.90707430e-01
5345803-S04-156I3-A-L-C-190-7-1,20.02.2020-16:37:09,2.10000000e+01,6.43276334e-01,8.85280609e+00,1.99374813e-03,4.03894958e+02,8.01361771e+01,1.85753632e+01,7.84135163e-02,1.23804100e-01
5345803-S04-156I3-A-L-C-190-7-1,20.02.2020-16:37:11,2.10000000e+01,6.42940342e-01,8.86907291e+00,1.97004364e-03,5.27126526e+02,7.98140335e+01,1.85250072e+01,6.25878125e-02,9.48007703e-02
5345803-S04-156I3-A-L-C-190-7-1,20.02.2020-16:37:13,2.10000000e+01,6.43631518e-01,8.86751080e+00,2.12189485e-03,3.13444824e+02,7.98076172e+01,1.85401630e+01,7.43455440e-02,1.03140056e-01
5345803-S04-156I3-A-L-C-190-7-1,20.02.2020-16:37:15,2.00000000e+01,6.42691493e-01,8.92140579e+00,2.26821192e-03,2.62700836e+02,7.97734299e+01,1.86176262e+01,1.16846740e-01,2.21478552e-01
5345803-S04-156I3-A-L-C-190-7-1,20.02.2020-16:37:18,2.10000000e+01,6.43580317e-01,8.84700298e+00,1.72331533e-03,4.74965134e+01,8.02500916e+01,1.85983601e+01,5.77672720e-01,7.92414367e-01
5345803-S04-156I3-A-L-C-190-7-1,20.02.2020-16:37:20,1.90000000e+01,6.46549106e-01,8.86940575e+00,2.00577569e-03,1.68013260e+02,8.02518387e+01,1.87318726e+01,1.37083814e-01,3.34851652e-01
5345803-S04-156I3-A-L-C-190-7-1,20.02.2020-16:37:22,1.90000000e+01,6.43636286e-01,8.91071415e+00,1.56163145e-03,1.67530090e+02,8.02681351e+01,1.87381363e+01,1.28676325e-01,1.66109994e-01
5345803-S04-156I3-A-L-C-190-7-1,20.02.2020-16:37:25,1.90000000e+01,6.44620657e-01,8.88732243e+00,1.72118505e-03,2.41090317e+02,8.04055099e+01,1.87495613e+01,8.51599276e-02,1.24953382e-01
5345803-S04-156I3-A-L-C-190-7-1,20.02.2020-16:37:27,2.00000000e+00,6.40105128e-01,8.80488110e+00,1.66538521e-03,1.70368851e+02,8.01404037e+01,1.83846989e+01,2.20867380e-01,9.96110439e-01
5345803-S04-156I3-A-L-C-190-7-1,20.02.2020-16:37:29,2.00000000e+00,6.39984965e-01,8.80118465e+00,1.53914664e-03,7.78411255e+01,8.02243500e+01,1.83927765e+01,3.32992285e-01,1.12878942e+00
5345803-S04-156I3-A-L-C-190-7-1,20.02.2020-16:37:32,2.00000000e+00,6.39788806e-01,8.79984093e+00,1.67869730e-03,7.41374969e+01,8.01776352e+01,1.83736267e+01,3.94723326e-01,1.23853076e+00
5345803-S04-156I3-A-L-C-190-7-1,20.02.2020-16:37:34,1.00000000e+00,6.40473187e-01,8.82636356e+00,1.80160790e-03,1.05163971e+02,8.03120041e+01,1.84796371e+01,2.44588405e-01,9.11754847e-01
5345803-S04-156I3-A-L-C-190-7-1,20.02.2020-16:37:36,2.00000000e+00,6.38880789e-01,8.80502415e+00,1.81559671e-03,1.42203491e+02,8.02095032e+01,1.83656540e+01,2.63655454e-01,8.91657650e-01
5345803-S04-156I3-A-L-C-190-7-1,20.02.2020-16:37:38,2.00000000e+01,6.43223584e-01,8.88272953e+00,1.93482020e-03,6.47057266e+01,8.02852478e+01,1.86712933e+01,3.86938244e-01,5.14647663e-01
5345803-S04-156I3-A-L-C-190-7-1,20.02.2020-16:37:40,1.90000000e+01,6.45115852e-01,8.86870480e+00,1.87851011e-03,1.01128548e+02,8.03012695e+01,1.87003841e+01,2.22448558e-01,3.43188852e-01
5345803-S04-156I3-A-L-C-190-7-1,20.02.2020-16:37:42,2.00000000e+01,6.43934965e-01,8.88674927e+00,2.11169175e-03,2.52488052e+02,8.00802383e+01,1.86526470e+01,9.75674763e-02,1.97133243e-01
5345803-S04-156I3-A-L-C-190-7-1,20.02.2020-16:37:44,2.00000000e+00,6.39883280e-01,8.80164051e+00,1.60117948e-03,1.14564682e+02,8.01470871e+01,1.83730965e+01,2.45519221e-01,8.55657160e-01
5345803-S04-156I3-A-L-C-190-7-1,20.02.2020-16:37:46,2.10000000e+01,6.42893016e-01,8.89523888e+00,2.21591210e-03,3.08847931e+02,7.98017044e+01,1.85754223e+01,8.03244337e-02,1.87436908e-01
5345803-S04-156I3-A-L-C-190-7-1,20.02.2020-16:37:49,2.00000000e+01,6.43236101e-01,8.90186119e+00,2.24242709e-03,2.42061279e+02,7.99581528e+01,1.86356335e+01,9.21366885e-02,1.15159370e-01
5345803-S04-156I3-A-L-C-190-7-1,20.02.2020-16:37:51,1.90000000e+01,6.45001888e-01,8.88491535e+00,1.92979781e-03,4.71854279e+02,8.02838516e+01,1.87271919e+01,7.50223994e-02,1.01073377e-01
5345803-S04-156I3-A-L-C-190-7-1,20.02.2020-16:37:53,2.00000000e+01,6.43196642e-01,8.89958000e+00,1.90215127e-03,2.08202759e+02,8.02290268e+01,1.86928291e+01,1.42422155e-01,1.83907360e-01
5345803-S04-156I3-A-L-C-190-7-1,20.02.2020-16:37:55,1.90000000e+01,6.44426763e-01,8.88865471e+00,1.89150777e-03,2.07422333e+02,8.03621826e+01,1.87366333e+01,9.09977034e-02,1.29115328e-01
5345803-S04-156I3-A-L-C-190-7-1,20.02.2020-16:37:57,1.90000000e+01,6.45092428e-01,8.89872932e+00,1.78050646e-03,3.18183044e+02,8.03445358e+01,1.87731190e+01,1.08224355e-01,1.49997130e-01
5345803-S04-156I3-A-L-C-190-7-1,20.02.2020-16:37:59,1.90000000e+01,6.45365417e-01,8.89419651e+00,1.70232926e-03,1.46552460e+02,8.04322357e+01,1.87919903e+01,2.00892180e-01,2.54795104e-01
5345803-S04-156I3-A-L-C-190-7-1,20.02.2020-16:38:01,1.90000000e+01,6.44135892e-01,8.90508652e+00,1.81838032e-03,4.49782440e+02,8.03246689e+01,1.87540379e+01,7.84545243e-02,1.49892822e-01
5345803-S04-156I3-A-L-C-190-7-1,20.02.2020-16:38:04,2.00000000e+00,6.37550294e-01,8.82787418e+00,1.72243535e-03,2.42926682e+02,8.02606506e+01,1.83866844e+01,1.61141917e-01,5.00000417e-01
5345803-S04-156I3-A-L-C-190-7-1,20.02.2020-16:38:06,2.00000000e+00,6.38090670e-01,8.82704926e+00,2.03299196e-03,2.47831970e+02,8.00331345e+01,1.83483887e+01,1.67766839e-01,4.06143427e-01
5345803-S04-156I3-A-L-C-190-7-1,20.02.2020-16:38:08,2.00000000e+01,6.42543614e-01,8.85924625e+00,1.85383926e-03,1.33170013e+02,8.03369446e+01,1.86142216e+01,1.44228801e-01,1.87120989e-01
5345803-S04-156I3-A-L-C-190-7-1,20.02.2020-16:38:10,2.00000000e+01,6.43495321e-01,8.86265850e+00,1.64842361e-03,2.50625626e+02,8.04373550e+01,1.86722832e+01,7.45848045e-02,1.01304337e-01
5345803-S04-156I3-A-L-C-190-7-1,20.02.2020-16:38:12,2.10000000e+01,6.40776217e-01,8.95616722e+00,2.29691574e-03,2.47756943e+02,7.93817596e+01,1.85429783e+01,7.21907467e-02,9.29522514e-02
5345803-S04-156I3-A-L-C-190-7-1,20.02.2020-16:38:14,2.00000000e+00,6.37725592e-01,8.80285549e+00,1.64726225e-03,2.47198441e+02,8.02248306e+01,1.83314323e+01,2.53380001e-01,7.97246516e-01
5345803-S04-156I3-A-L-C-190-7-1,20.02.2020-16:38:16,2.00000000e+00,6.37087584e-01,8.80041313e+00,1.94581039e-03,2.96935059e+02,8.01686707e+01,1.82951965e+01,1.86950594e-01,6.16124511e-01
5345803-S04-156I3-A-L-C-190-7-1,20.02.2020-16:38:19,1.90000000e+01,6.43266857e-01,8.91288280e+00,1.89555832e-03,3.01247986e+02,8.02211914e+01,1.87209835e+01,8.76103416e-02,1.15855746e-01
5345803-S04-156I3-A-L-C-190-7-1,20.02.2020-16:38:21,1.90000000e+01,6.43374979e-01,8.85795307e+00,1.54463714e-03,1.85355743e+02,8.06477203e+01,1.87076759e+01,1.53541461e-01,4.45934683e-01
5345803-S04-156I3-A-L-C-190-7-1,20.02.2020-16:38:23,2.10000000e+01,6.41894579e-01,8.85621262e+00,2.04245327e-03,2.41223816e+02,8.03275986e+01,1.85868893e+01,1.44780859e-01,4.14488107e-01
5345803-S04-156I3-A-L-C-190-7-1,20.02.2020-16:38:25,1.90000000e+01,6.43916249e-01,8.89176750e+00,1.84857496e-03,2.82943420e+02,8.03490753e+01,1.87252922e+01,6.14869371e-02,1.26756549e-01
5345803-S04-156I3-A-L-C-190-7-1,20.02.2020-16:38:27,1.90000000e+01,6.44744158e-01,8.89738941e+00,1.87116256e-03,1.36618896e+02,8.03858490e+01,1.87698078e+01,2.14176789e-01,2.80077219e-01
5345803-S04-156I3-A-L-C-190-7-1,20.02.2020-16:38:29,2.00000000e+01,6.44473195e-01,8.94465923e+00,2.20653974e-03,3.01341034e+02,7.96137466e+01,1.86804333e+01,6.97186366e-02,1.32747859e-01
5345803-S04-156I3-A-L-C-190-7-1,20.02.2020-16:38:31,9.00000000e+00,6.45261645e-01,8.90374184e+00,1.69830502e-03,3.26301697e+02,8.04812851e+01,1.88206024e+01,9.46707577e-02,1.45078987e-01
5345803-S04-156I3-A-L-C-190-7-1,20.02.2020-16:38:33,1.90000000e+01,6.45119190e-01,8.89144802e+00,1.90063170e-03,4.29148010e+02,8.03586502e+01,1.87618351e+01,8.04597959e-02,1.18827924e-01
5345803-S04-156I3-A-L-C-190-7-1,20.02.2020-16:38:35,2.00000000e+01,6.42579734e-01,8.84886932e+00,1.72015594e-03,2.22475586e+02,8.03906784e+01,1.86059017e+01,1.85088634e-01,5.30932248e-01
5345803-S04-156I3-A-L-C-190-7-1,20.02.2020-16:38:38,1.90000000e+01,6.44549251e-01,8.89024067e+00,1.59258256e-03,2.83700714e+02,8.04675369e+01,1.87681084e+01,7.13981465e-02,1.18340626e-01
5345803-S04-156I3-A-L-C-190-7-1,20.02.2020-16:38:40,2.00000000e+01,6.42874658e-01,8.89840317e+00,1.88242644e-03,2.38395157e+02,8.02884674e+01,1.86948395e+01,1.10573351e-01,1.45192876e-01
5345803-S04-156I3-A-L-C-190-7-1,20.02.2020-16:38:42,1.90000000e+01,6.43533051e-01,8.90552521e+00,1.81607157e-03,4.62746552e+02,8.01672440e+01,1.87006874e+01,7.67413005e-02,1.10960059e-01
5345803-S04-156I3-A-L-C-190-7-1,20.02.2020-16:38:44,9.00000000e+00,6.46827936e-01,8.96333790e+00,2.36913934e-03,3.15011963e+02,7.97681885e+01,1.88242855e+01,8.69670734e-02,1.24936432e-01
5345803-S04-156I3-A-L-C-190-7-1,20.02.2020-16:38:46,2.00000000e+00,6.39707506e-01,8.80220318e+00,1.69373129e-03,9.22555771e+01,8.01976700e+01,1.83808155e+01,2.64984548e-01,9.58744407e-01
5345803-S04-156I3-A-L-C-190-7-1,20.02.2020-16:38:48,1.90000000e+01,6.45336032e-01,8.88696289e+00,1.94740354e-03,4.75697861e+01,8.03765793e+01,1.87628593e+01,3.77724588e-01,4.67694312e-01
5345803-S04-156I3-A-L-C-190-7-1,20.02.2020-16:38:50,2.00000000e+00,6.39654756e-01,8.79968262e+00,1.91888900e-03,2.27536755e+01,8.00057449e+01,1.83300667e+01,1.07971442e+00,2.05206656e+00
5345803-S04-156I3-A-L-C-190-7-1,20.02.2020-16:38:52,2.00000000e+00,6.39476478e-01,8.79384518e+00,1.76470960e-03,1.23033394e+02,8.02139130e+01,1.83604488e+01,2.29916230e-01,1.05285239e+00
5345803-S04-156I3-A-L-C-190-7-1,20.02.2020-16:38:54,1.30000000e+01,6.31231725e-01,8.65852737e+00,1.61853887e-03,7.76654739e+01,8.07655106e+01,1.79675560e+01,3.55392575e-01,2.95688629e+00
5345803-S04-156I3-A-L-C-190-7-1,20.02.2020-16:38:57,1.00000000e+00,6.39893055e-01,8.79527187e+00,1.50367315e-03,1.55962280e+02,8.03940506e+01,1.84166565e+01,2.45468915e-01,1.14328611e+00
5345803-S04-156I3-A-L-C-190-7-1,20.02.2020-16:38:59,1.90000000e+01,6.44962490e-01,8.89512825e+00,1.75526098e-03,1.66838120e+02,8.04990616e+01,1.87978268e+01,1.61760330e-01,2.10274994e-01
5345803-S04-156I3-A-L-C-190-7-1,20.02.2020-16:39:01,1.90000000e+01,6.43670857e-01,8.91061783e+00,1.64409087e-03,2.22522476e+02,8.03928528e+01,1.87680569e+01,1.27203494e-01,1.60092145e-01
5345803-S04-156I3-A-L-C-190-7-1,20.02.2020-16:39:03,2.00000000e+00,6.39998615e-01,8.81106663e+00,1.42187020e-03,1.70063217e+02,8.01302948e+01,1.83922329e+01,2.33562425e-01,6.83694124e-01
5345803-S04-156I3-A-L-C-190-7-1,20.02.2020-16:39:05,2.10000000e+01,6.40595794e-01,8.96835041e+00,2.08402216e-03,2.69257141e+02,7.95323029e+01,1.85981770e+01,8.42063427e-02,1.04672648e-01
5345803-S04-156I3-A-L-C-190-7-1,20.02.2020-16:39:07,2.00000000e+01,6.44271135e-01,8.84737682e+00,1.91512809e-03,8.50586777e+01,8.02840652e+01,1.86269913e+01,3.53947490e-01,7.01384306e-01
5345803-S04-156I3-A-L-C-190-7-1,20.02.2020-16:39:09,2.00000000e+01,6.43705189e-01,8.87111092e+00,1.87931058e-03,1.13218987e+02,8.03336563e+01,1.86720810e+01,2.00493574e-01,2.80571252e-01
5345803-S04-156I3-A-L-C-190-7-1,20.02.2020-16:39:12,1.00000000e+00,6.40662968e-01,8.83749008e+00,1.79947366e-03,6.52371292e+01,8.01942596e+01,1.84812794e+01,3.84548783e-01,8.77608657e-01
5345803-S04-156I3-A-L-C-190-7-1,20.02.2020-16:39:14,2.00000000e+01,6.42696857e-01,8.85352516e+00,1.67521392e-03,8.76560059e+01,8.05318909e+01,1.86517906e+01,3.41718048e-01,7.66993403e-01
5345803-S04-156I3-A-L-C-190-7-1,20.02.2020-16:39:16,1.90000000e+01,6.45698309e-01,8.87635136e+00,2.09612795e-03,1.81020889e+02,8.02553864e+01,1.87227020e+01,1.24782793e-01,2.21007258e-01
5345803-S04-156I3-A-L-C-190-7-1,20.02.2020-16:39:18,2.00000000e+00,6.37429476e-01,8.79799271e+00,2.05409294e-03,8.89769440e+01,8.00208130e+01,1.82662277e+01,3.58948410e-01,7.54437327e-01
5345803-S04-156I3-A-L-C-190-7-1,20.02.2020-16:39:20,2.10000000e+01,6.43663883e-01,8.88661766e+00,2.06642156e-03,4.70988541e+01,7.98568726e+01,1.85925140e+01,4.53175157e-01,5.91192305e-01
5345803-S04-156I3-A-L-C-190-7-1,20.02.2020-16:39:22,2.10000000e+01,6.42462909e-01,8.86651611e+00,1.89007830e-03,1.05872986e+02,7.99888535e+01,1.85464478e+01,2.12495014e-01,2.65519470e-01
5345803-S04-156I3-A-L-C-190-7-1,20.02.2020-16:39:24,1.00000000e+00,6.42022014e-01,8.85666752e+00,1.91744592e-03,1.16205963e+02,7.98781662e+01,1.84875145e+01,1.87216684e-01,3.72217119e-01
5345803-S04-156I3-A-L-C-190-7-1,20.02.2020-16:39:26,1.00000000e+00,6.43236935e-01,8.83825779e+00,2.12823157e-03,1.42320114e+02,7.97886047e+01,1.84632740e+01,9.63367075e-02,2.29490787e-01
5345803-S04-156I3-A-L-C-190-7-1,20.02.2020-16:39:28,1.90000000e+01,6.44761205e-01,8.88124561e+00,1.95304095e-03,1.53313858e+02,8.02458191e+01,1.87036076e+01,1.59913108e-01,3.59065115e-01
5345803-S04-156I3-A-L-C-190-7-1,20.02.2020-17:11:45,1.90000000e+01,6.44370675e-01,8.89421558e+00,1.48072233e-03,1.41392960e+02,8.04183197e+01,1.87598190e+01,1.76631257e-01,3.93888086e-01
5345803-S04-156I3-A-L-C-190-7-1,20.02.2020-17:11:47,2.10000000e+01,6.41430736e-01,8.84392929e+00,2.00426602e-03,6.00669632e+01,8.01823730e+01,1.85141659e+01,3.15261334e-01,1.00697148e+00
5345803-S04-156I3-A-L-C-190-7-1,20.02.2020-17:11:49,9.00000000e+00,6.45724535e-01,8.94358921e+00,1.84527505e-03,1.64394684e+02,8.02409210e+01,1.88618908e+01,9.99331549e-02,1.38800904e-01
5345803-S04-156I3-A-L-C-190-7-1,20.02.2020-17:11:51,9.00000000e+00,6.44172132e-01,8.96190643e+00,2.13880697e-03,1.30427704e+02,8.02173309e+01,1.88495407e+01,1.35189086e-01,1.82207495e-01
5345803-S04-156I3-A-L-C-190-7-1,20.02.2020-17:11:53,2.10000000e+01,6.41329229e-01,8.88602829e+00,1.98688009e-03,6.14585762e+01,8.00262604e+01,1.85631409e+01,4.68958825e-01,6.68773711e-01
5345803-S04-156I3-A-L-C-190-7-1,20.02.2020-17:11:55,2.10000000e+01,6.41471922e-01,8.83598804e+00,1.59464392e-03,2.63956604e+02,8.03917465e+01,1.85470333e+01,1.43644333e-01,1.00818348e+00
5345803-S04-156I3-A-L-C-190-7-1,20.02.2020-17:11:57,9.00000000e+00,6.43442154e-01,8.94734764e+00,2.04515248e-03,2.61431366e+02,8.03802490e+01,1.88357697e+01,8.68900716e-02,1.22212008e-01
5345803-S04-156I3-A-L-C-190-7-1,20.02.2020-17:12:00,1.00000000e+00,6.41367078e-01,8.84325790e+00,2.06791260e-03,9.45391693e+01,8.01028671e+01,1.84925671e+01,2.51985878e-01,1.24520814e+00
5345803-S04-156I3-A-L-C-190-7-1,20.02.2020-17:12:02,9.00000000e+00,6.45099640e-01,8.95037746e+00,2.13259272e-03,3.87651184e+02,8.01594696e+01,1.88387966e+01,8.52654502e-02,1.16839312e-01
5345803-S04-156I3-A-L-C-190-7-1,20.02.2020-17:12:04,2.10000000e+01,6.41271472e-01,8.84020996e+00,1.67231960e-03,1.66971161e+02,8.04135208e+01,1.85551205e+01,1.78617597e-01,8.34330738e-01
5345803-S04-156I3-A-L-C-190-7-1,20.02.2020-17:12:06,1.90000000e+01,6.43375933e-01,8.91110897e+00,1.71086169e-03,8.93617020e+01,8.02841415e+01,1.87351246e+01,2.26473331e-01,5.89506149e-01
5345803-S04-156I3-A-L-C-190-7-1,20.02.2020-17:12:08,9.00000000e+00,6.45661414e-01,8.94970322e+00,1.94828177e-03,3.66302094e+02,8.03900070e+01,1.89080067e+01,1.01139769e-01,1.91553667e-01
5345803-S04-156I3-A-L-C-190-7-1,20.02.2020-17:12:10,9.00000000e+00,6.45518720e-01,8.93334484e+00,1.67342240e-03,3.43594513e+02,8.04447784e+01,1.88821316e+01,8.52785259e-02,2.14795366e-01
5345803-S04-156I3-A-L-C-190-7-1,20.02.2020-17:12:12,1.90000000e+01,6.43433869e-01,8.91108322e+00,1.72155595e-03,3.83166931e+02,8.03372498e+01,1.87491493e+01,9.24065933e-02,3.95608693e-01
5345803-S04-156I3-A-L-C-190-7-1,20.02.2020-17:12:14,1.90000000e+01,6.43703401e-01,8.91451550e+00,1.85800763e-03,7.04082336e+02,8.03278275e+01,1.87620258e+01,8.38032663e-02,4.11395699e-01
5345803-S04-156I3-A-L-C-190-7-1,20.02.2020-17:12:16,9.00000000e+00,6.44928873e-01,8.92328930e+00,1.76763558e-03,2.89463226e+02,8.03954391e+01,1.88320827e+01,7.78355449e-02,3.83677632e-01
5345803-S04-156I3-A-L-C-190-7-1,20.02.2020-17:12:19,9.00000000e+00,6.45273745e-01,8.91835690e+00,1.82525837e-03,4.41500549e+02,8.04283142e+01,1.88394413e+01,4.86358255e-02,1.39799476e-01
5345803-S04-156I3-A-L-C-190-7-1,20.02.2020-17:12:21,2.00000000e+01,6.41821027e-01,8.88540936e+00,1.64240610e-03,1.15853149e+02,8.02121582e+01,1.86192322e+01,1.75308377e-01,2.62343198e-01
5345803-S04-156I3-A-L-C-190-7-1,20.02.2020-17:12:23,2.00000000e+01,6.42378628e-01,8.88558292e+00,1.93677971e-03,1.68787262e+02,8.01760483e+01,1.86273823e+01,1.37928665e-01,2.98220843e-01
5345803-S04-156I3-A-L-C-190-7-1,20.02.2020-17:12:25,1.90000000e+01,6.43353462e-01,8.92123508e+00,1.82899367e-03,2.57181793e+02,8.04323273e+01,1.87903748e+01,1.16801649e-01,1.52308270e-01
5345803-S04-156I3-A-L-C-190-7-1,20.02.2020-17:12:27,9.00000000e+00,6.43425286e-01,8.92626667e+00,1.69624004e-03,3.31157288e+02,8.05680771e+01,1.88348064e+01,9.67045650e-02,1.27216026e-01
5345803-S04-156I3-A-L-C-190-7-1,20.02.2020-17:12:29,8.00000000e+00,6.44787371e-01,8.94257164e+00,1.71018962e-03,2.20307312e+02,8.05826416e+01,1.89125748e+01,1.04188114e-01,1.49809211e-01
5345803-S04-156I3-A-L-C-190-7-1,20.02.2020-17:12:31,9.00000000e+00,6.44286931e-01,8.92844582e+00,1.66512467e-03,2.54415817e+02,8.05240707e+01,1.88543282e+01,1.02387488e-01,1.41023487e-01
5345803-S04-156I3-A-L-C-190-7-1,20.02.2020-17:12:34,1.90000000e+01,6.44455254e-01,8.91192818e+00,1.97303761e-03,3.48108978e+02,8.01699524e+01,1.87415848e+01,1.06684081e-01,1.84668511e-01
5345803-S04-156I3-A-L-C-190-7-1,20.02.2020-17:12:36,9.00000000e+00,6.45303369e-01,8.92846870e+00,1.87456945e-03,2.83556519e+02,8.04091263e+01,1.88571663e+01,9.89859179e-02,1.74491510e-01
5345803-S04-156I3-A-L-C-190-7-1,20.02.2020-17:12:38,1.90000000e+01,6.44978940e-01,8.90399265e+00,1.65833475e-03,8.62706451e+01,8.03102875e+01,1.87729149e+01,2.64297605e-01,4.21496004e-01
5345803-S04-156I3-A-L-C-190-7-1,20.02.2020-17:12:40,9.00000000e+00,6.44244969e-01,8.93840885e+00,1.72294758e-03,1.59045639e+02,8.04434662e+01,1.88552475e+01,1.60987630e-01,1.93411112e-01
5345803-S04-156I3-A-L-C-190-7-1,20.02.2020-17:12:42,9.00000000e+00,6.44346595e-01,8.93559456e+00,1.73451344e-03,1.59733719e+02,8.03905258e+01,1.88398743e+01,1.16950981e-01,1.45530254e-01
5345803-S04-156I3-A-L-C-190-7-1,20.02.2020-17:12:44,1.90000000e+01,6.42629385e-01,8.90896320e+00,2.00450444e-03,9.19460449e+01,8.03224487e+01,1.87178020e+01,1.91506445e-01,2.65043914e-01
5345803-S04-156I3-A-L-C-190-7-1,20.02.2020-17:12:46,9.00000000e+00,6.44913435e-01,8.95028687e+00,1.68185460e-03,1.35594879e+02,8.02825928e+01,1.88620968e+01,1.65029988e-01,2.01649413e-01
5345803-S04-156I3-A-L-C-190-7-1,20.02.2020-17:12:48,2.10000000e+01,6.38870418e-01,8.89877033e+00,1.81321066e-03,5.12902603e+01,8.00458069e+01,1.85230103e+01,1.02531683e+00,1.76580215e+00
5345803-S04-156I3-A-L-C-190-7-1,20.02.2020-17:12:51,8.00000000e+00,6.45419538e-01,9.01626301e+00,1.93168991e-03,3.76985359e+01,7.99368210e+01,1.89341469e+01,8.09311271e-01,9.47698832e-01
5345803-S04-156I3-A-L-C-190-7-1,20.02.2020-17:12:53,8.00000000e+00,6.45427763e-01,9.02292156e+00,1.70106278e-03,3.87110443e+01,7.99665375e+01,1.89554157e+01,9.43428755e-01,1.11128962e+00
5345803-S04-156I3-A-L-C-190-7-1,20.02.2020-17:12:55,8.00000000e+00,6.45852029e-01,9.01766968e+00,1.82686269e-03,4.53945045e+01,7.99475021e+01,1.89523239e+01,6.88828230e-01,8.03788662e-01
5345803-S04-156I3-A-L-C-190-7-1,20.02.2020-17:12:57,8.00000000e+00,6.46607578e-01,8.99617577e+00,1.91554602e-03,1.13239723e+02,8.02091827e+01,1.89912262e+01,3.41932446e-01,4.22497243e-01
5345803-S04-156I3-A-L-C-190-7-1,20.02.2020-17:12:59,8.00000000e+00,6.45071268e-01,9.02147388e+00,2.22492614e-03,6.87666779e+01,7.98423538e+01,1.89124889e+01,2.73415506e-01,3.26764286e-01
5345803-S04-156I3-A-L-C-190-7-1,20.02.2020-17:13:01,8.00000000e+00,6.44954205e-01,9.01997089e+00,1.92017667e-03,9.42099915e+01,8.00736008e+01,1.89606647e+01,2.11448550e-01,2.53013045e-01
5345803-S04-156I3-A-L-C-190-7-1,20.02.2020-17:13:03,9.00000000e+00,6.44550204e-01,8.94612694e+00,1.84478669e-03,2.91489258e+02,8.03914566e+01,1.88682632e+01,1.29134580e-01,1.89375237e-01
5345803-S04-156I3-A-L-C-190-7-1,20.02.2020-17:13:05,7.00000000e+00,6.47179067e-01,8.97706032e+00,1.55813771e-03,2.11908554e+02,8.04387817e+01,1.90219193e+01,1.15249954e-01,1.53720975e-01
5345803-S04-156I3-A-L-C-190-7-1,20.02.2020-17:13:08,9.00000000e+00,6.45489633e-01,8.96194077e+00,1.86508417e-03,1.37126953e+02,8.01569672e+01,1.88739510e+01,3.18104208e-01,4.27387685e-01
5345803-S04-156I3-A-L-C-190-7-1,20.02.2020-17:13:10,8.00000000e+00,6.46610975e-01,8.96643734e+00,2.00307043e-03,1.49652863e+02,8.03991165e+01,1.89733677e+01,1.79957539e-01,2.50751287e-01
5345803-S04-156I3-A-L-C-190-7-1,20.02.2020-17:13:12,1.90000000e+01,6.44261956e-01,8.90936756e+00,1.88544847e-03,1.44881042e+02,8.01623383e+01,1.87287998e+01,1.82246178e-01,7.12648869e-01
5345803-S04-156I3-A-L-C-190-7-1,20.02.2020-17:13:14,2.10000000e+01,6.41075194e-01,8.87727165e+00,1.76628213e-03,3.72006042e+02,8.00795441e+01,1.85498447e+01,8.25654045e-02,1.16994821e-01
5345803-S04-156I3-A-L-C-190-7-1,20.02.2020-17:13:16,9.00000000e+00,6.45850062e-01,8.94726276e+00,1.78974902e-03,1.28125122e+02,8.02629852e+01,1.88784962e+01,1.89300954e-01,3.20761591e-01
5345803-S04-156I3-A-L-C-190-7-1,20.02.2020-17:13:18,2.10000000e+01,6.40614688e-01,8.87706184e+00,1.83170673e-03,2.56232330e+02,8.00009766e+01,1.85178947e+01,9.11218002e-02,1.28556117e-01
5345803-S04-156I3-A-L-C-190-7-1,20.02.2020-17:13:20,2.00000000e+01,6.41523957e-01,8.88735199e+00,1.74293597e-03,1.77489929e+02,8.04438782e+01,1.86684589e+01,2.11501509e-01,7.17747211e-01
5345803-S04-156I3-A-L-C-190-7-1,20.02.2020-17:13:22,1.00000000e+00,6.41184926e-01,8.85030270e+00,1.98181905e-03,1.43940948e+02,7.99494171e+01,1.84666004e+01,2.75667191e-01,1.32267869e+00
5345803-S04-156I3-A-L-C-190-7-1,20.02.2020-17:13:24,8.00000000e+00,6.46715045e-01,9.00071049e+00,1.95999024e-03,1.17995148e+02,8.02066498e+01,1.90033588e+01,2.23334163e-01,2.74924308e-01
5345803-S04-156I3-A-L-C-190-7-1,20.02.2020-17:13:27,8.00000000e+00,6.45182192e-01,9.01725769e+00,1.88400655e-03,1.48136261e+02,8.01077805e+01,1.89697552e+01,3.10794085e-01,3.64638150e-01
5345803-S04-156I3-A-L-C-190-7-1,20.02.2020-17:13:29,8.00000000e+00,6.45389438e-01,9.00809574e+00,2.04315735e-03,1.45944855e+02,7.99433823e+01,1.89176636e+01,2.24793941e-01,2.63635546e-01
5345803-S04-156I3-A-L-C-190-7-1,20.02.2020-17:13:31,1.90000000e+01,6.43049002e-01,8.92360783e+00,1.69792701e-03,1.89746506e+02,8.02415237e+01,1.87419128e+01,1.67982385e-01,3.31559241e-01
5345803-S04-156I3-A-L-C-190-7-1,20.02.2020-17:13:33,9.00000000e+00,6.45133317e-01,8.95338440e+00,2.00359989e-03,2.13506989e+02,8.02043533e+01,1.88566628e+01,1.20771125e-01,1.82075024e-01
5345803-S04-156I3-A-L-C-190-7-1,20.02.2020-17:13:35,1.90000000e+01,6.43163443e-01,8.93674946e+00,1.85163983e-03,2.06860947e+02,8.00130920e+01,1.87194118e+01,1.80190727e-01,3.72126728e-01
5345803-S04-156I3-A-L-C-190-7-1,20.02.2020-17:13:37,9.00000000e+00,6.45125508e-01,8.96253395e+00,2.05443730e-03,2.05691803e+02,8.02057800e+01,1.88760414e+01,1.46641180e-01,2.15260699e-01
5345803-S04-156I3-A-L-C-190-7-1,20.02.2020-17:13:39,8.00000000e+00,6.45721912e-01,8.96550369e+00,1.66775880e-03,2.13427475e+02,8.02989197e+01,1.89216976e+01,1.70429498e-01,2.24457592e-01
5345803-S04-156I3-A-L-C-190-7-1,20.02.2020-17:13:41,2.00000000e+01,6.42183840e-01,8.90563011e+00,1.79584872e-03,2.55579697e+02,8.00691147e+01,1.86388550e+01,1.69898897e-01,3.19960237e-01
5345803-S04-156I3-A-L-C-190-7-1,20.02.2020-17:13:44,2.10000000e+01,6.39060974e-01,8.89255905e+00,1.32387457e-03,4.76173286e+01,7.99814301e+01,1.85007114e+01,6.82159543e-01,1.29454565e+00
5345803-S04-156I3-A-L-C-190-7-1,20.02.2020-17:13:46,1.00000000e+00,6.41733468e-01,8.85112476e+00,1.68235181e-03,1.42903625e+02,7.99347076e+01,1.84807129e+01,2.11406142e-01,5.21826088e-01
5345803-S04-156I3-A-L-C-190-7-1,20.02.2020-17:13:48,1.00000000e+00,6.41488135e-01,8.84029198e+00,1.50297850e-03,2.36859131e+02,7.99671021e+01,1.84585171e+01,1.39838621e-01,4.06344950e-01
5345803-S04-156I3-A-L-C-190-7-1,20.02.2020-17:13:50,8.00000000e+00,6.45952642e-01,8.98996830e+00,2.16901372e-03,2.07009338e+02,8.02272720e+01,1.89631748e+01,1.92834005e-01,2.48477310e-01
5345803-S04-156I3-A-L-C-190-7-1,20.02.2020-17:13:52,8.00000000e+00,6.45866811e-01,8.99060345e+00,1.94615568e-03,3.85115204e+02,8.04372025e+01,1.90116119e+01,1.36194080e-01,1.82553262e-01
5345803-S04-156I3-A-L-C-190-7-1,20.02.2020-17:13:54,8.00000000e+00,6.45694971e-01,9.02224541e+00,1.76224846e-03,2.82812225e+02,8.00832825e+01,1.89895267e+01,8.00293013e-02,9.46083143e-02
5345803-S04-156I3-A-L-C-190-7-1,20.02.2020-17:13:56,1.90000000e+01,6.43763185e-01,8.89258289e+00,1.74546777e-03,2.64112793e+02,8.04431305e+01,1.87444725e+01,1.27132013e-01,3.67390960e-01
5345803-S04-156I3-A-L-C-190-7-1,20.02.2020-17:13:58,9.00000000e+00,6.46366298e-01,8.93602943e+00,1.76669343e-03,1.59356796e+02,8.01643066e+01,1.88466663e+01,1.60689399e-01,3.62065732e-01
5345803-S04-156I3-A-L-C-190-7-1,20.02.2020-17:14:00,2.00000000e+01,6.43505573e-01,8.88295746e+00,1.57312118e-03,1.91974716e+02,8.02189255e+01,1.86645222e+01,1.51368812e-01,8.09912086e-01
5345803-S04-156I3-A-L-C-190-7-1,20.02.2020-17:14:03,8.00000000e+00,6.46260977e-01,8.96246624e+00,1.91550702e-03,1.70702179e+02,8.03980026e+01,1.89544392e+01,1.58939585e-01,2.62631893e-01
5345803-S04-156I3-A-L-C-190-7-1,20.02.2020-17:14:05,2.00000000e+01,6.43311083e-01,8.88427258e+00,1.95013592e-03,1.95769730e+02,8.01416168e+01,1.86436615e+01,1.84531063e-01,9.08047855e-01
5345803-S04-156I3-A-L-C-190-7-1,20.02.2020-17:14:07,8.00000000e+00,6.47755921e-01,8.96857262e+00,1.78736111e-03,1.28434433e+02,8.00923691e+01,1.89389553e+01,1.79069906e-01,2.77826190e-01
5345803-S04-156I3-A-L-C-190-7-1,20.02.2020-17:14:09,8.00000000e+00,6.46523714e-01,8.98641491e+00,2.00466625e-03,1.90417343e+02,8.03734207e+01,1.90070000e+01,1.46007329e-01,2.27208614e-01
5345803-S04-156I3-A-L-C-190-7-1,20.02.2020-17:14:11,1.40000000e+01,6.43964827e-01,8.97835064e+00,1.81763782e-03,1.77315598e+01,7.99456863e+01,1.88141212e+01,7.50815749e-01,9.35643315e-01
5345803-S04-156I3-A-L-C-190-7-1,20.02.2020-17:14:13,8.00000000e+00,6.45723760e-01,8.97286129e+00,1.78736169e-03,2.51402512e+02,8.03491974e+01,1.89491386e+01,1.40826941e-01,2.05395579e-01
5345803-S04-156I3-A-L-C-190-7-1,20.02.2020-17:14:15,2.00000000e+01,6.42638326e-01,8.92825317e+00,2.02303706e-03,1.71004288e+02,7.99453430e+01,1.86705246e+01,2.18977153e-01,3.49273711e-01
5345803-S04-156I3-A-L-C-190-7-1,20.02.2020-17:14:17,9.00000000e+00,6.43750072e-01,8.97131157e+00,1.89460628e-03,1.69808502e+02,8.01723175e+01,1.88463764e+01,2.01259241e-01,3.77785951e-01
5345803-S04-156I3-A-L-C-190-7-1,20.02.2020-17:14:19,9.00000000e+00,6.43271685e-01,8.97856331e+00,2.11425708e-03,8.64078445e+01,8.01380997e+01,1.88395519e+01,3.28387618e-01,5.10324538e-01
5345803-S04-156I3-A-L-C-190-7-1,20.02.2020-17:14:22,8.00000000e+00,6.45402372e-01,9.01862812e+00,1.92207005e-03,7.64733963e+01,8.00544739e+01,1.89664841e+01,4.62327927e-01,5.41486025e-01
5345803-S04-156I3-A-L-C-190-7-1,20.02.2020-17:14:24,9.00000000e+00,6.43434644e-01,8.97843361e+00,1.90697750e-03,2.80465050e+01,8.00590973e+01,1.88254738e+01,1.29087269e+00,1.65021670e+00
5345803-S04-156I3-A-L-C-190-7-1,20.02.2020-17:14:26,9.00000000e+00,6.43534839e-01,8.98149204e+00,2.02297769e-03,2.73829441e+01,7.99604950e+01,1.88116207e+01,1.15716219e+00,1.48165023e+00
5345803-S04-156I3-A-L-C-190-7-1,20.02.2020-17:14:28,9.00000000e+00,6.44245148e-01,9.01322556e+00,2.29443959e-03,1.07401848e+02,7.99067459e+01,1.88862209e+01,3.70667934e-01,4.39747542e-01
5345803-S04-156I3-A-L-C-190-7-1,20.02.2020-17:14:30,1.40000000e+01,6.44478083e-01,8.95008087e+00,1.89481932e-03,2.37975864e+01,7.98528595e+01,1.87480354e+01,1.43612945e+00,1.80381095e+00
5345803-S04-156I3-A-L-C-190-7-1,20.02.2020-17:14:32,1.00000000e+00,6.40514255e-01,8.84370136e+00,1.88163307e-03,1.48862381e+02,7.99426117e+01,1.84319553e+01,2.55534887e-01,5.34089625e-01
5345803-S04-156I3-A-L-C-190-7-1,20.02.2020-17:14:34,9.00000000e+00,6.45750463e-01,8.94735050e+00,1.79443811e-03,5.82619507e+02,8.00948410e+01,1.88362274e+01,5.43125905e-02,8.72452706e-02
5345803-S04-156I3-A-L-C-190-7-1,20.02.2020-17:14:36,9.00000000e+00,6.45953059e-01,8.92879105e+00,2.08464009e-03,1.35908798e+02,8.01609268e+01,1.88185673e+01,2.85109401e-01,5.47720730e-01
5345803-S04-156I3-A-L-C-190-7-1,20.02.2020-17:14:39,9.00000000e+00,6.45604908e-01,8.93192101e+00,2.04889616e-03,3.76647552e+02,8.02673187e+01,1.88399887e+01,1.37213379e-01,4.71564740e-01
5345803-S04-156I3-A-L-C-190-7-1,20.02.2020-17:14:41,8.00000000e+00,6.47028625e-01,8.94443703e+00,2.00792565e-03,2.88667480e+02,8.03121338e+01,1.89185505e+01,1.17307410e-01,2.92781025e-01
5345803-S04-156I3-A-L-C-190-7-1,20.02.2020-17:14:43,9.00000000e+00,6.45950854e-01,8.93727112e+00,1.83471711e-03,1.50433167e+02,8.02816010e+01,1.88647308e+01,1.92384109e-01,4.34488446e-01
5345803-S04-156I3-A-L-C-190-7-1,20.02.2020-17:14:45,9.00000000e+00,6.47009194e-01,8.93640709e+00,1.94020569e-03,2.10959045e+02,8.02896652e+01,1.88957119e+01,1.68609694e-01,4.10594702e-01
5345803-S04-156I3-A-L-C-190-7-1,20.02.2020-17:14:47,1.90000000e+01,6.42511427e-01,8.93855381e+00,2.12014653e-03,3.66068451e+02,8.00854034e+01,1.87211132e+01,1.75313413e-01,3.63913357e-01
5345803-S04-156I3-A-L-C-190-7-1,20.02.2020-17:14:49,9.00000000e+00,6.46194279e-01,8.93796253e+00,2.13372055e-03,1.56846756e+02,8.02478485e+01,1.88653660e+01,1.59078285e-01,2.86489010e-01
5345803-S04-156I3-A-L-C-190-7-1,20.02.2020-17:14:51,8.00000000e+00,6.46813869e-01,8.97823143e+00,1.89709198e-03,2.37169922e+02,8.01292114e+01,1.89404888e+01,1.83092996e-01,2.52016068e-01
5345803-S04-156I3-A-L-C-190-7-1,20.02.2020-17:14:53,8.00000000e+00,6.47171497e-01,8.97659588e+00,1.83718058e-03,2.65435333e+02,8.01249695e+01,1.89465046e+01,8.71443897e-02,1.51726246e-01
5345803-S04-156I3-A-L-C-190-7-1,20.02.2020-17:14:55,1.90000000e+01,6.45960510e-01,8.91496658e+00,2.04885914e-03,2.88357056e+02,8.00467072e+01,1.87628746e+01,1.45834774e-01,4.59973186e-01
5345803-S04-156I3-A-L-C-190-7-1,20.02.2020-17:14:57,9.00000000e+00,6.45057321e-01,8.96084976e+00,1.74884382e-03,2.24079163e+02,8.01810913e+01,1.88646889e+01,1.20267302e-01,1.50514826e-01
5345803-S04-156I3-A-L-C-190-7-1,20.02.2020-17:15:00,9.00000000e+00,6.44551635e-01,8.95164108e+00,2.05330877e-03,2.29610550e+02,8.02851257e+01,1.88549614e+01,1.12726927e-01,1.40837893e-01
5345803-S04-156I3-A-L-C-190-7-1,20.02.2020-17:15:02,8.00000000e+00,6.46924675e-01,8.98679924e+00,2.07716972e-03,1.90384964e+02,8.02171402e+01,1.89826183e+01,1.13047309e-01,1.59691930e-01
5345803-S04-156I3-A-L-C-190-7-1,20.02.2020-17:15:04,9.00000000e+00,6.44907653e-01,8.96622276e+00,2.06052000e-03,1.58391891e+02,8.02254715e+01,1.88820667e+01,1.50465012e-01,1.84738457e-01
5345803-S04-156I3-A-L-C-190-7-1,20.02.2020-17:15:06,8.00000000e+00,6.47211313e-01,8.98327351e+00,2.13636900e-03,1.80407471e+02,8.00625381e+01,1.89469910e+01,1.59078613e-01,1.94656432e-01
5345803-S04-156I3-A-L-C-190-7-1,20.02.2020-17:15:08,2.00000000e+00,6.40554607e-01,8.81910706e+00,1.83390977e-03,1.07996887e+02,7.97313690e+01,1.83332787e+01,3.51839125e-01,6.68724537e-01
5345803-S04-156I3-A-L-C-190-7-1,20.02.2020-17:15:10,8.00000000e+00,6.47363305e-01,8.96240425e+00,1.87023613e-03,1.28669907e+02,8.03199234e+01,1.89682007e+01,1.90014049e-01,2.56837755e-01
5345803-S04-156I3-A-L-C-190-7-1,20.02.2020-17:15:12,1.00000000e+00,6.40873075e-01,8.84894180e+00,2.02988111e-03,1.83465256e+02,7.97215271e+01,1.84021740e+01,2.27791369e-01,4.93128002e-01
5345803-S04-156I3-A-L-C-190-7-1,20.02.2020-17:15:14,8.00000000e+00,6.47173107e-01,8.99399567e+00,1.88711693e-03,3.14243988e+02,8.02287369e+01,1.90078640e+01,9.99280214e-02,1.27965882e-01
5345803-S04-156I3-A-L-C-190-7-1,20.02.2020-17:15:17,9.00000000e+00,6.46125793e-01,8.96229935e+00,1.96023611e-03,3.39845154e+02,8.01518250e+01,1.88920956e+01,1.12906568e-01,2.68363774e-01
5345803-S04-156I3-A-L-C-190-7-1,20.02.2020-17:15:19,7.00000000e+00,6.48925245e-01,9.00956917e+00,1.93852920e-03,2.31880035e+02,8.03812866e+01,1.91286278e+01,1.23604245e-01,1.63388506e-01
5345803-S04-156I3-A-L-C-190-7-1,20.02.2020-17:15:21,2.00000000e+00,6.36833727e-01,8.89574146e+00,1.62869703e-03,1.46039459e+02,7.97749634e+01,1.83952198e+01,3.08230102e-01,9.45849359e-01
5345803-S04-156I3-A-L-C-190-7-1,20.02.2020-17:15:23,8.00000000e+00,6.46382630e-01,8.98958588e+00,2.07862724e-03,2.16627090e+02,8.02239380e+01,1.89742050e+01,1.23693287e-01,1.56064332e-01
5345803-S04-156I3-A-L-C-190-7-1,20.02.2020-17:15:25,9.00000000e+00,6.45463228e-01,8.98154831e+00,1.95193663e-03,2.96172028e+02,8.00408325e+01,1.88870659e+01,1.02534316e-01,1.45866767e-01
5345803-S04-156I3-A-L-C-190-7-1,20.02.2020-17:15:27,7.00000000e+00,6.48909271e-01,9.01637268e+00,1.69094466e-03,8.63451920e+01,8.03669510e+01,1.91391888e+01,3.75555366e-01,4.67307031e-01
5345803-S04-156I3-A-L-C-190-7-1,20.02.2020-17:15:29,1.90000000e+01,6.43520594e-01,8.94402218e+00,1.71812926e-03,2.23531265e+02,8.01233902e+01,1.87708874e+01,1.76362202e-01,3.67821455e-01
5345803-S04-156I3-A-L-C-190-7-1,20.02.2020-17:15:31,8.00000000e+00,6.46843910e-01,8.96092892e+00,1.94503728e-03,1.54667999e+02,8.03538055e+01,1.89578552e+01,2.31683582e-01,3.24730009e-01
5345803-S04-156I3-A-L-C-190-7-1,20.02.2020-17:15:33,8.00000000e+00,6.46868706e-01,8.97717953e+00,1.87784655e-03,3.76594940e+02,8.02082825e+01,1.89585667e+01,1.29938111e-01,1.69023871e-01
5345803-S04-156I3-A-L-C-190-7-1,20.02.2020-17:15:36,7.00000000e+00,6.48464561e-01,9.00737381e+00,2.21039518e-03,1.20059364e+02,8.01890564e+01,1.90646896e+01,2.50871003e-01,3.14121455e-01
5345803-S04-156I3-A-L-C-190-7-1,20.02.2020-17:15:38,8.00000000e+00,6.47536397e-01,8.96935368e+00,1.93607749e-03,1.88300278e+02,8.02999878e+01,1.89832687e+01,1.49501547e-01,2.09472165e-01
5345803-S04-156I3-A-L-C-190-7-1,20.02.2020-17:15:40,1.90000000e+01,6.43483400e-01,8.95576191e+00,2.08242075e-03,1.59048691e+02,7.99783096e+01,1.87604103e+01,1.90456927e-01,4.04687315e-01
5345803-S04-156I3-A-L-C-190-7-1,20.02.2020-17:15:42,1.00000000e+00,6.37510121e-01,8.89573574e+00,1.90567866e-03,1.16463387e+02,8.00067902e+01,1.84682598e+01,3.80668610e-01,1.03131151e+00
5345803-S04-156I3-A-L-C-190-7-1,20.02.2020-17:15:44,2.00000000e+00,6.40178680e-01,8.82476425e+00,1.76251703e-03,2.12489212e+02,7.99261017e+01,1.83790550e+01,1.40858069e-01,4.01310414e-01
5345803-S04-156I3-A-L-C-190-7-1,20.02.2020-17:15:46,7.00000000e+00,6.47355318e-01,8.99685097e+00,1.68980390e-03,3.43938049e+02,8.02857666e+01,1.90327702e+01,1.00432731e-01,1.55447364e-01
5345803-S04-156I3-A-L-C-190-7-1,20.02.2020-17:15:48,9.00000000e+00,6.45576894e-01,8.95987415e+00,1.93732406e-03,1.97297974e+02,8.02619858e+01,1.88968754e+01,1.11508235e-01,1.41082600e-01
5345803-S04-156I3-A-L-C-190-7-1,20.02.2020-17:15:50,9.00000000e+00,6.45271480e-01,8.95451355e+00,2.00836197e-03,3.86880310e+02,8.02193451e+01,1.88666039e+01,9.88329425e-02,1.24721773e-01
5345803-S04-156I3-A-L-C-190-7-1,20.02.2020-17:15:52,9.00000000e+00,6.45282626e-01,8.96470451e+00,1.77904253e-03,1.21587685e+02,8.00919724e+01,1.88584137e+01,1.91490620e-01,2.32883736e-01
5345803-S04-156I3-A-L-C-190-7-1,20.02.2020-17:15:55,1.90000000e+01,6.42463863e-01,8.96603966e+00,1.93850917e-03,1.99812256e+02,8.00673141e+01,1.87730503e+01,1.84453920e-01,2.69160956e-01
5345803-S04-156I3-A-L-C-190-7-1,20.02.2020-17:15:57,9.00000000e+00,6.47400618e-01,8.94044209e+00,1.82948401e-03,2.88065308e+02,8.02105255e+01,1.88970337e+01,1.20087825e-01,2.53536522e-01
5345803-S04-156I3-A-L-C-190-7-1,20.02.2020-17:15:59,8.00000000e+00,6.46795928e-01,8.97434044e+00,1.71217660e-03,1.83122498e+02,8.01647949e+01,1.89401627e+01,1.67753339e-01,2.40785077e-01
5345803-S04-156I3-A-L-C-190-7-1,20.02.2020-17:16:01,8.00000000e+00,6.46761000e-01,8.97588825e+00,1.71630457e-03,1.97074387e+02,8.02246704e+01,1.89565525e+01,1.23425759e-01,1.94756433e-01
5345803-S04-156I3-A-L-C-190-7-1,20.02.2020-17:16:03,2.00000000e+00,6.40613854e-01,8.82995033e+00,1.83816929e-03,3.78556915e+02,7.98273468e+01,1.83796196e+01,1.69937328e-01,4.49702442e-01
5345803-S04-156I3-A-L-C-190-7-1,20.02.2020-17:16:05,9.00000000e+00,6.45542562e-01,8.94048691e+00,2.14271317e-03,2.25611893e+02,8.03061142e+01,1.88653488e+01,1.55290321e-01,3.64640921e-01
5345803-S04-156I3-A-L-C-190-7-1,20.02.2020-17:16:07,9.00000000e+00,6.46815419e-01,8.93224525e+00,1.96544360e-03,1.86077011e+02,8.02588959e+01,1.88740196e+01,1.77903041e-01,4.00245786e-01
5345803-S04-156I3-A-L-C-190-7-1,20.02.2020-17:16:09,9.00000000e+00,6.46924317e-01,8.93331337e+00,2.10650754e-03,3.40269440e+02,8.02097397e+01,1.88678932e+01,1.02923945e-01,3.29327226e-01
5345803-S04-156I3-A-L-C-190-7-1,20.02.2020-17:16:11,9.00000000e+00,6.46277487e-01,8.93340111e+00,1.93565222e-03,2.06893234e+02,8.02803802e+01,1.88658104e+01,1.56297490e-01,4.10863370e-01
5345803-S04-156I3-A-L-C-190-7-1,20.02.2020-17:16:13,8.00000000e+00,6.47811770e-01,8.94908619e+00,1.92940515e-03,2.52417892e+02,8.02572861e+01,1.89383526e+01,1.51933610e-01,3.21562886e-01
5345803-S04-156I3-A-L-C-190-7-1,20.02.2020-17:16:16,9.00000000e+00,6.47469938e-01,8.93301201e+00,1.60105759e-03,3.37478729e+02,8.02912903e+01,1.89023666e+01,8.84024054e-02,2.64089078e-01
5345803-S04-156I3-A-L-C-190-7-1,20.02.2020-17:16:18,8.00000000e+00,6.46906853e-01,8.98023129e+00,1.86228519e-03,2.01952057e+02,8.03487167e+01,1.89993362e+01,1.44344434e-01,1.77007332e-01
5345803-S04-156I3-A-L-C-190-7-1,20.02.2020-17:16:20,1.00000000e+00,6.41673684e-01,8.85758114e+00,1.53763185e-03,1.18813408e+02,7.99313202e+01,1.84916878e+01,2.99993247e-01,6.23237729e-01
5345803-S04-156I3-A-L-C-190-7-1,20.02.2020-17:16:22,9.00000000e+00,6.46167576e-01,8.94213676e+00,1.97152561e-03,1.29672546e+02,8.02957687e+01,1.88846664e+01,3.30862284e-01,4.40802366e-01
5345803-S04-156I3-A-L-C-190-7-1,20.02.2020-17:16:24,9.00000000e+00,6.46052420e-01,8.93441582e+00,1.93289376e-03,3.33699768e+02,8.02793503e+01,1.88611431e+01,1.07553162e-01,4.30984765e-01
5345803-S04-156I3-A-L-C-190-7-1,20.02.2020-17:16:26,9.00000000e+00,6.46314800e-01,8.93805408e+00,2.01410335e-03,3.34275665e+02,8.01821136e+01,1.88536205e+01,1.47943348e-01,4.89401013e-01
5345803-S04-156I3-A-L-C-190-7-1,20.02.2020-17:16:28,8.00000000e+00,6.47814274e-01,8.96311283e+00,1.64416456e-03,4.00702972e+02,8.02805023e+01,1.89735966e+01,6.17247932e-02,1.50015712e-01
5345803-S04-156I3-A-L-C-190-7-1,20.02.2020-17:16:30,8.00000000e+00,6.47523761e-01,8.98447323e+00,1.78995298e-03,2.86956970e+02,8.01283875e+01,1.89742641e+01,1.09684207e-01,1.64854154e-01
5345803-S04-156I3-A-L-C-190-7-1,20.02.2020-17:16:32,9.00000000e+00,6.47072554e-01,8.93969154e+00,1.74788386e-03,3.92322784e+02,8.03094025e+01,1.89091530e+01,1.33042663e-01,3.55389804e-01
5345803-S04-156I3-A-L-C-190-7-1,20.02.2020-17:16:35,9.00000000e+00,6.46179676e-01,8.92557335e+00,2.06025667e-03,3.52807892e+02,8.03130493e+01,1.88540974e+01,9.21512768e-02,2.48826221e-01
5345803-S04-156I3-A-L-C-190-7-1,20.02.2020-17:16:37,1.90000000e+01,6.43683612e-01,8.90639687e+00,1.77857617e-03,4.17215637e+02,8.02164383e+01,1.87183723e+01,1.53412044e-01,5.11767089e-01
5345803-S04-156I3-A-L-C-190-7-1,20.02.2020-17:16:39,8.00000000e+00,6.47675335e-01,8.94387722e+00,2.09055864e-03,4.46582184e+02,8.02612915e+01,1.89242859e+01,1.24702454e-01,2.37265766e-01
5345803-S04-156I3-A-L-C-190-7-1,20.02.2020-17:16:41,9.00000000e+00,6.46049201e-01,8.95299530e+00,1.75467134e-03,3.44920105e+02,8.00628281e+01,1.88492947e+01,9.37293172e-02,1.74935415e-01
5345803-S04-156I3-A-L-C-190-7-1,20.02.2020-17:16:47,1.00000000e+00,6.38364494e-01,8.89246559e+00,1.78070471e-03,1.41252243e+02,7.99399338e+01,1.84707642e+01,3.03864658e-01,1.00916111e+00
5345803-S04-156I3-A-L-C-190-7-1,20.02.2020-17:16:49,9.00000000e+00,6.43656731e-01,8.95327854e+00,1.76226406e-03,2.28574097e+02,8.01564331e+01,1.88020401e+01,1.48856699e-01,3.83784592e-01
5345803-S04-156I3-A-L-C-190-7-1,20.02.2020-17:16:51,1.00000000e+00,6.41388953e-01,8.84547520e+00,1.85166381e-03,1.39408859e+02,7.99032745e+01,1.84517441e+01,1.67688027e-01,4.28257883e-01
5345803-S04-156I3-A-L-C-190-7-1,20.02.2020-17:16:53,8.00000000e+00,6.46028638e-01,8.93540573e+00,1.71461969e-03,1.06624756e+02,8.04814758e+01,1.89100304e+01,2.35378161e-01,3.08104157e-01
5345803-S04-156I3-A-L-C-190-7-1,20.02.2020-17:16:55,1.90000000e+01,6.44423068e-01,8.91354752e+00,1.66650151e-03,1.52066422e+02,8.03377533e+01,1.87832851e+01,2.49619633e-01,4.59857047e-01
5345803-S04-156I3-A-L-C-190-7-1,20.02.2020-17:16:57,8.00000000e+00,6.46957994e-01,8.93651581e+00,1.88011606e-03,3.05218048e+02,8.03673859e+01,1.89127350e+01,1.43003389e-01,3.90211642e-01
5345803-S04-156I3-A-L-C-190-7-1,20.02.2020-17:16:59,8.00000000e+00,6.47039652e-01,8.94337463e+00,1.94716838e-03,2.76218597e+02,8.03079453e+01,1.89156399e+01,1.92644969e-01,4.05211836e-01
5345803-S04-156I3-A-L-C-190-7-1,20.02.2020-17:17:02,8.00000000e+00,6.47732258e-01,8.95228863e+00,1.94382947e-03,2.16315964e+02,8.03267136e+01,1.89591904e+01,1.32518142e-01,2.72334069e-01
5345803-S04-156I3-A-L-C-190-7-1,20.02.2020-17:17:04,9.00000000e+00,6.46044970e-01,8.93621254e+00,1.78642070e-03,2.36158310e+02,8.03051453e+01,1.88707771e+01,1.61846265e-01,4.05913860e-01
5345803-S04-156I3-A-L-C-190-7-1,20.02.2020-17:17:06,1.90000000e+01,6.43543541e-01,8.95341969e+00,1.89528370e-03,2.01859116e+02,8.00490494e+01,1.87738457e+01,1.68030798e-01,3.29066634e-01
5345803-S04-156I3-A-L-C-190-7-1,20.02.2020-17:17:08,9.00000000e+00,6.46926701e-01,8.93461418e+00,2.17798189e-03,2.96720612e+02,8.02424316e+01,1.88783989e+01,1.31204307e-01,2.86944777e-01
5345803-S04-156I3-A-L-C-190-7-1,20.02.2020-17:17:10,2.00000000e+01,6.43428981e-01,8.86465073e+00,1.88244856e-03,1.65527603e+02,8.01604080e+01,1.86102581e+01,3.29896867e-01,1.88983190e+00
5345803-S04-156I3-A-L-C-190-7-1,20.02.2020-17:17:12,2.00000000e+01,6.43797040e-01,8.86592388e+00,1.76359946e-03,2.34594528e+02,8.02041626e+01,1.86337414e+01,2.35147804e-01,1.85008228e+00
5345803-S04-156I3-A-L-C-190-7-1,20.02.2020-17:17:14,2.00000000e+01,6.44064128e-01,8.86755180e+00,1.72952865e-03,2.67807404e+02,8.02117920e+01,1.86466675e+01,2.58603215e-01,1.60837328e+00
5345803-S04-156I3-A-L-C-190-7-1,20.02.2020-17:17:16,2.10000000e+01,6.42487943e-01,8.84586048e+00,1.97861996e-03,2.51173126e+02,8.02312698e+01,1.85600395e+01,2.89671212e-01,2.34864783e+00
5345803-S04-156I3-A-L-C-190-7-1,20.02.2020-17:17:19,9.00000000e+00,6.46706820e-01,8.92593765e+00,1.83158752e-03,2.00343613e+02,8.03394775e+01,1.88764591e+01,2.19032362e-01,4.77323085e-01
5345803-S04-156I3-A-L-C-190-7-1,20.02.2020-17:17:21,2.10000000e+01,6.42903328e-01,8.85193729e+00,2.01337226e-03,2.14068344e+02,8.01856461e+01,1.85742302e+01,2.99959481e-01,2.39377928e+00
5345803-S04-156I3-A-L-C-190-7-1,20.02.2020-17:17:23,9.00000000e+00,6.45979941e-01,8.92198086e+00,1.74264912e-03,3.07383820e+02,8.03651962e+01,1.88529148e+01,1.32418469e-01,4.80392665e-01
5345803-S04-156I3-A-L-C-190-7-1,20.02.2020-17:17:25,8.00000000e+00,6.46728873e-01,8.95195675e+00,1.94482284e-03,5.07322632e+02,8.02470398e+01,1.89103432e+01,5.30660748e-02,9.72299650e-02
5345803-S04-156I3-A-L-C-190-7-1,20.02.2020-17:17:27,8.00000000e+00,6.47869170e-01,8.95529747e+00,1.98770617e-03,2.38295670e+02,8.03038940e+01,1.89641819e+01,1.28001764e-01,2.72295535e-01
5345803-S04-156I3-A-L-C-190-7-1,20.02.2020-17:17:30,8.00000000e+00,6.47323251e-01,8.94418240e+00,1.86314736e-03,2.70033508e+02,8.03540115e+01,1.89364948e+01,1.12771243e-01,2.89524704e-01
5345803-S04-156I3-A-L-C-190-7-1,20.02.2020-17:17:32,8.00000000e+00,6.47408128e-01,8.94847393e+00,2.00793496e-03,4.20214081e+02,8.02218018e+01,1.89168892e+01,9.13935900e-02,2.74183601e-01
5345803-S04-156I3-A-L-C-190-7-1,20.02.2020-17:17:34,1.00000000e+00,6.41039610e-01,8.84718990e+00,1.81762164e-03,1.97389053e+02,7.99542770e+01,1.84570427e+01,1.69237047e-01,4.71720278e-01
5345803-S04-156I3-A-L-C-190-7-1,20.02.2020-17:17:36,9.00000000e+00,6.47011042e-01,8.90726471e+00,1.58454559e-03,2.85039764e+02,8.02351303e+01,1.88213501e+01,1.32620260e-01,2.67168760e-01
5345803-S04-156I3-A-L-C-190-7-1,20.02.2020-17:17:38,8.00000000e+00,6.47333324e-01,8.95351982e+00,1.90242834e-03,2.27340027e+02,8.03210373e+01,1.89487820e+01,1.03765205e-01,1.69821560e-01
5345803-S04-156I3-A-L-C-190-7-1,20.02.2020-17:17:40,2.10000000e+01,6.38532579e-01,8.90015030e+00,1.92386610e-03,1.81622345e+02,8.00065460e+01,1.85070038e+01,2.45250568e-01,9.39529181e-01
5345803-S04-156I3-A-L-C-190-7-1,20.02.2020-17:17:42,1.90000000e+01,6.43451512e-01,8.94898987e+00,1.96857960e-03,1.28867645e+02,8.00261688e+01,1.87565117e+01,2.02148944e-01,4.11130875e-01
5345803-S04-156I3-A-L-C-190-7-1,20.02.2020-17:17:44,8.00000000e+00,6.47154033e-01,8.94636345e+00,2.11300468e-03,3.10833466e+02,8.02589798e+01,1.89137669e+01,7.65004531e-02,1.27434045e-01
5345803-S04-156I3-A-L-C-190-7-1,20.02.2020-17:17:47,8.00000000e+00,6.48207664e-01,8.94508076e+00,1.66148541e-03,2.07548340e+02,8.03661041e+01,1.89671249e+01,1.49929032e-01,2.44223610e-01
5345803-S04-156I3-A-L-C-190-7-1,20.02.2020-17:17:49,1.90000000e+01,6.44273877e-01,8.91538429e+00,2.03796756e-03,2.73968658e+02,8.02270508e+01,1.87569218e+01,1.38547152e-01,4.63340461e-01
5345803-S04-156I3-A-L-C-190-7-1,20.02.2020-17:17:51,9.00000000e+00,6.44203901e-01,8.92916298e+00,1.86705706e-03,3.91389282e+02,8.03376999e+01,1.88097782e+01,9.99523476e-02,3.57119322e-01
5345803-S04-156I3-A-L-C-190-7-1,20.02.2020-17:17:53,9.00000000e+00,6.46394670e-01,8.93915844e+00,1.98094221e-03,2.82482086e+02,8.03190308e+01,1.88904819e+01,9.10407156e-02,1.66037038e-01
5345803-S04-156I3-A-L-C-190-7-1,20.02.2020-17:17:55,8.00000000e+00,6.47238314e-01,8.97561264e+00,1.71157892e-03,2.07043488e+02,8.01666183e+01,1.89562359e+01,1.33227229e-01,2.12966844e-01
5345803-S04-156I3-A-L-C-190-7-1,20.02.2020-17:17:57,8.00000000e+00,6.47517979e-01,8.94421959e+00,1.93381822e-03,5.13785461e+02,8.03722153e+01,1.89465599e+01,6.12335391e-02,1.75704524e-01
5345803-S04-156I3-A-L-C-190-7-1,20.02.2020-17:17:59,1.90000000e+01,6.43859208e-01,8.95292187e+00,2.00867304e-03,1.16330215e+02,8.00138550e+01,1.87737522e+01,2.42231458e-01,3.69881898e-01
5345803-S04-156I3-A-L-C-190-7-1,20.02.2020-17:18:01,9.00000000e+00,6.46848738e-01,8.93036366e+00,2.09842646e-03,2.48955200e+02,8.02142639e+01,1.88605213e+01,1.27856031e-01,3.20350975e-01
5345803-S04-156I3-A-L-C-190-7-1,20.02.2020-17:18:03,9.00000000e+00,6.44606888e-01,8.92835331e+00,1.82069128e-03,2.80895599e+02,8.02850876e+01,1.88075161e+01,8.77316520e-02,1.06957510e-01
5345803-S04-156I3-A-L-C-190-7-1,20.02.2020-17:18:05,8.00000000e+00,6.47777498e-01,8.95780087e+00,1.87531125e-03,1.52975098e+02,8.03380280e+01,1.89748611e+01,1.93165854e-01,3.16066533e-01
5345803-S04-156I3-A-L-C-190-7-1,20.02.2020-17:18:08,8.00000000e+00,6.47415817e-01,8.95912838e+00,1.96580053e-03,1.81262894e+02,8.04038010e+01,1.89826069e+01,1.50972843e-01,2.34195545e-01
5345803-S04-156I3-A-L-C-190-7-1,20.02.2020-17:18:10,8.00000000e+00,6.47435248e-01,8.93749714e+00,2.02181120e-03,2.52179062e+02,8.03048859e+01,1.89140453e+01,1.54869631e-01,3.13503236e-01
5345803-S04-156I3-A-L-C-190-7-1,20.02.2020-17:18:12,2.10000000e+01,6.42299831e-01,8.84334373e+00,1.91526278e-03,1.07161858e+02,8.01932678e+01,1.85405407e+01,1.51669502e-01,2.01171845e-01
5345803-S04-156I3-A-L-C-190-7-1,20.02.2020-17:18:14,1.00000000e+00,6.41436577e-01,8.80783463e+00,1.74281385e-03,3.04199524e+02,8.04340286e+01,1.84966412e+01,1.06180429e-01,1.81483492e-01
5345803-S04-156I3-A-L-C-190-7-1,20.02.2020-17:18:16,1.00000000e+00,6.41947746e-01,8.80707836e+00,1.69017853e-03,2.29335037e+02,8.03021545e+01,1.84794445e+01,1.48913100e-01,2.38687649e-01
5345803-S04-156I3-A-L-C-190-7-1,20.02.2020-17:18:18,1.00000000e+00,6.39990032e-01,8.81291580e+00,1.74544682e-03,2.29786957e+02,8.03105316e+01,1.84372234e+01,1.11096345e-01,2.43069351e-01
5345803-S04-156I3-A-L-C-190-7-1,20.02.2020-17:18:20,1.00000000e+00,6.40723884e-01,8.79717636e+00,1.83491479e-03,4.15906128e+02,8.02825165e+01,1.84189701e+01,9.09091756e-02,3.12546223e-01
5345803-S04-156I3-A-L-C-190-7-1,20.02.2020-17:18:22,1.00000000e+00,6.40766978e-01,8.80690098e+00,1.52404443e-03,4.51964050e+02,8.03256683e+01,1.84504852e+01,8.15451816e-02,2.40566030e-01
5345803-S04-156I3-A-L-C-190-7-1,20.02.2020-17:18:24,1.00000000e+00,6.40177250e-01,8.81777287e+00,1.88331632e-03,2.72466309e+02,8.02865295e+01,1.84472656e+01,1.34015664e-01,3.04749697e-01
5345803-S04-156I3-A-L-C-190-7-1,20.02.2020-17:18:27,9.00000000e+00,6.47038341e-01,8.91175747e+00,1.93436560e-03,1.87798813e+02,8.02126770e+01,1.88263702e+01,1.35930404e-01,1.86480999e-01
5345803-S04-156I3-A-L-C-190-7-1,20.02.2020-17:18:29,1.90000000e+01,6.45311594e-01,8.91860580e+00,1.92535680e-03,7.65828629e+01,7.99741745e+01,1.87346878e+01,2.70736784e-01,3.17865312e-01
5345803-S04-156I3-A-L-C-190-7-1,20.02.2020-17:18:31,8.00000000e+00,6.49151146e-01,8.90570259e+00,2.00140523e-03,2.29819473e+02,8.04970779e+01,1.89419327e+01,1.40730619e-01,2.70631671e-01
5345803-S04-156I3-A-L-C-190-7-1,20.02.2020-17:18:33,2.00000000e+01,6.46116972e-01,8.84441471e+00,1.70211191e-03,2.10358795e+02,8.02640305e+01,1.86694450e+01,2.35953525e-01,3.72884899e-01
5345803-S04-156I3-A-L-C-190-7-1,20.02.2020-17:18:35,2.00000000e+00,6.38270974e-01,8.77138519e+00,1.85149116e-03,1.45707062e+02,7.99184952e+01,1.82117100e+01,3.97083461e-01,2.28407669e+00
5345803-S04-156I3-A-L-C-190-7-1,20.02.2020-17:18:37,1.90000000e+01,6.45668924e-01,8.91531277e+00,1.91583252e-03,2.74441925e+02,8.01924438e+01,1.87892780e+01,1.25660554e-01,1.70307904e-01
5345803-S04-156I3-A-L-C-190-7-1,20.02.2020-17:18:39,1.90000000e+01,6.45666361e-01,8.91033745e+00,1.74019323e-03,1.41587494e+02,8.01649475e+01,1.87722797e+01,1.53274119e-01,2.00105190e-01
5345803-S04-156I3-A-L-C-190-7-1,20.02.2020-17:18:41,1.90000000e+01,6.44741774e-01,8.90763664e+00,1.97882531e-03,1.30310471e+02,8.02570877e+01,1.87612553e+01,1.92570940e-01,2.42131189e-01
5345803-S04-156I3-A-L-C-190-7-1,20.02.2020-17:18:43,2.00000000e+01,6.44275665e-01,8.86592770e+00,1.81062717e-03,2.76152222e+02,8.02993393e+01,1.86697311e+01,1.09566584e-01,1.52417377e-01
5345803-S04-156I3-A-L-C-190-7-1,20.02.2020-17:18:46,3.00000000e+00,6.37015641e-01,8.74398136e+00,1.82394963e-03,3.87130432e+02,7.95585098e+01,1.80374928e+01,1.10432312e-01,3.11196178e-01
5345803-S04-156I3-A-L-C-190-7-1,20.02.2020-17:18:48,2.10000000e+01,6.44084275e-01,8.84232616e+00,1.92977255e-03,4.98640594e+02,8.01008530e+01,1.85684891e+01,8.43932256e-02,1.19978197e-01
5345803-S04-156I3-A-L-C-190-7-1,20.02.2020-17:18:50,2.00000000e+01,6.45026207e-01,8.86404037e+00,2.13498133e-03,3.11437958e+02,8.01080322e+01,1.86429806e+01,9.55023840e-02,1.46826163e-01
5345803-S04-156I3-A-L-C-190-7-1,20.02.2020-17:18:52,1.90000000e+01,6.46538317e-01,8.88668919e+00,1.96454371e-03,4.30664673e+02,8.01533051e+01,1.87450199e+01,6.55487254e-02,1.09133981e-01
5345803-S04-156I3-A-L-C-190-7-1,20.02.2020-17:18:54,1.00000000e+00,6.39559746e-01,8.87999439e+00,2.26547383e-03,1.61223541e+02,7.96311798e+01,1.84080238e+01,2.09812850e-01,2.43975624e-01
5345803-S04-156I3-A-L-C-190-7-1,20.02.2020-17:18:56,2.10000000e+01,6.41938984e-01,8.86186504e+00,1.95552316e-03,1.54938629e+02,8.00758362e+01,1.85417442e+01,2.38954529e-01,5.66262901e-01
5345803-S04-156I3-A-L-C-190-7-1,20.02.2020-17:18:58,2.00000000e+01,6.43595219e-01,8.89608860e+00,1.90086989e-03,1.61698380e+02,8.00286713e+01,1.86503811e+01,2.48192102e-01,4.01757598e-01
5345803-S04-156I3-A-L-C-190-7-1,20.02.2020-17:19:00,1.00000000e+00,6.40387356e-01,8.86260700e+00,2.10906100e-03,1.20266273e+02,7.97976761e+01,1.84342155e+01,2.55159259e-01,3.62388939e-01
5345803-S04-156I3-A-L-C-190-7-1,20.02.2020-17:19:03,2.10000000e+01,6.42984211e-01,8.88687515e+00,2.15607858e-03,1.63569595e+02,7.98819885e+01,1.85792618e+01,1.83175087e-01,2.25273043e-01
5345803-S04-156I3-A-L-C-190-7-1,20.02.2020-17:19:05,2.00000000e+00,6.40458167e-01,8.86094475e+00,2.13677995e-03,1.78640228e+02,7.95752258e+01,1.83814144e+01,2.86884129e-01,4.46105748e-01
5345803-S04-156I3-A-L-C-190-7-1,20.02.2020-17:19:07,2.10000000e+01,6.42360330e-01,8.85968113e+00,2.10350682e-03,9.72114868e+01,7.98707275e+01,1.85018272e+01,3.89489114e-01,4.65723455e-01
5345803-S04-156I3-A-L-C-190-7-1,20.02.2020-17:19:09,2.00000000e+00,6.39920056e-01,8.83122635e+00,2.03861645e-03,2.65641003e+01,7.96944122e+01,1.83317871e+01,1.18226552e+00,1.43627715e+00
5345803-S04-156I3-A-L-C-190-7-1,20.02.2020-17:19:11,3.00000000e+00,6.40159965e-01,8.72366142e+00,1.78704667e-03,9.44252853e+01,7.97566147e+01,1.81294327e+01,4.40411121e-01,1.28650093e+00
5345803-S04-156I3-A-L-C-190-7-1,20.02.2020-17:19:13,2.00000000e+00,6.41302466e-01,8.82837677e+00,2.19054171e-03,2.93059326e+02,7.94575577e+01,1.83108768e+01,1.85464829e-01,5.31440377e-01
5345803-S04-156I3-A-L-C-190-7-1,20.02.2020-17:19:15,1.90000000e+01,6.45358682e-01,8.92667484e+00,2.07940745e-03,2.87672089e+02,8.00947723e+01,1.87812805e+01,1.32626280e-01,1.74519747e-01
5345803-S04-156I3-A-L-C-190-7-1,20.02.2020-17:19:17,1.90000000e+01,6.44698203e-01,8.91609383e+00,1.81984215e-03,2.07374069e+02,8.01128082e+01,1.87440434e+01,1.88835546e-01,2.49782339e-01
5345803-S04-156I3-A-L-C-190-7-1,20.02.2020-17:19:20,1.90000000e+01,6.44054770e-01,8.91272354e+00,2.09444575e-03,1.88356171e+02,8.00906982e+01,1.87130909e+01,2.83168495e-01,3.79977256e-01
5345803-S04-156I3-A-L-C-190-7-1,20.02.2020-17:19:22,9.00000000e+00,6.46400332e-01,8.93595123e+00,2.13168259e-03,3.20938477e+02,8.02313614e+01,1.88632584e+01,8.53019357e-02,1.14863075e-01
5345803-S04-156I3-A-L-C-190-7-1,20.02.2020-17:19:24,2.00000000e+01,6.42288446e-01,8.88408470e+00,1.94904010e-03,5.53027710e+02,8.01591949e+01,1.86177139e+01,7.49808475e-02,1.55889168e-01
5345803-S04-156I3-A-L-C-190-7-1,20.02.2020-17:19:26,1.90000000e+01,6.44316375e-01,8.91522026e+00,2.06042267e-03,1.02206757e+02,7.99936142e+01,1.87032375e+01,2.50056922e-01,2.99657226e-01
5345803-S04-156I3-A-L-C-190-7-1,20.02.2020-17:19:28,2.10000000e+01,6.41657352e-01,8.87343121e+00,2.14108848e-03,4.86646996e+01,7.98854141e+01,1.85136642e+01,5.22881866e-01,6.72417045e-01
5345803-S04-156I3-A-L-C-190-7-1,20.02.2020-17:19:30,2.10000000e+01,6.43450141e-01,8.85875034e+00,1.96463265e-03,5.47952271e+02,7.99624481e+01,1.85525513e+01,8.49503502e-02,1.18805006e-01
5345803-S04-156I3-A-L-C-190-7-1,20.02.2020-17:19:32,1.00000000e+00,6.39182210e-01,8.87281704e+00,2.07051658e-03,3.55923676e+02,8.00743256e+01,1.84845848e+01,1.14245579e-01,3.60164434e-01
5345803-S04-156I3-A-L-C-190-7-1,20.02.2020-17:19:34,1.90000000e+01,6.45606160e-01,8.88652134e+00,2.04250636e-03,2.96705505e+02,8.03404694e+01,1.87613468e+01,9.04457793e-02,2.30083719e-01
5345803-S04-156I3-A-L-C-190-7-1,20.02.2020-17:19:37,9.00000000e+00,6.45553470e-01,8.93859291e+00,2.10679229e-03,3.52194183e+02,8.02731705e+01,1.88539352e+01,1.01677746e-01,1.47970513e-01
5345803-S04-156I3-A-L-C-190-7-1,20.02.2020-17:19:39,2.10000000e+01,6.39681220e-01,8.88854790e+00,1.91924605e-03,4.65651672e+02,8.00665817e+01,1.85300198e+01,1.07176371e-01,2.51822382e-01
5345803-S04-156I3-A-L-C-190-7-1,20.02.2020-17:19:41,2.00000000e+01,6.42830968e-01,8.90753460e+00,1.95532129e-03,5.08697083e+02,8.02249069e+01,1.86979389e+01,8.11161175e-02,1.70256108e-01
5345803-S04-156I3-A-L-C-190-7-1,20.02.2020-17:19:43,9.00000000e+00,6.46177888e-01,8.91520405e+00,1.91393215e-03,4.42168884e+02,8.01883087e+01,1.88028889e+01,4.11393829e-02,8.59459490e-02
5345803-S04-156I3-A-L-C-190-7-1,20.02.2020-17:19:45,2.10000000e+01,6.40763998e-01,8.88547707e+00,2.29863310e-03,3.93128540e+02,8.00601044e+01,1.85534706e+01,8.80719870e-02,1.73211142e-01
5345803-S04-156I3-A-L-C-190-7-1,20.02.2020-17:19:47,2.00000000e+01,6.43582106e-01,8.86858940e+00,2.32804148e-03,2.11853058e+02,8.01434784e+01,1.86190262e+01,2.50127703e-01,6.09397948e-01
5345803-S04-156I3-A-L-C-190-7-1,20.02.2020-17:19:49,9.00000000e+00,6.45111859e-01,8.93018436e+00,2.14349339e-03,4.44070374e+02,8.03277359e+01,1.88361073e+01,9.49220657e-02,1.44429177e-01
5345803-S04-156I3-A-L-C-190-7-1,20.02.2020-17:19:51,2.00000000e+01,6.43488526e-01,8.88041496e+00,2.17127777e-03,5.14409912e+02,8.02862854e+01,1.86743565e+01,1.37422606e-01,6.02548122e-01
5345803-S04-156I3-A-L-C-190-7-1,20.02.2020-17:19:54,2.00000000e+01,6.42830789e-01,8.91271591e+00,2.10967404e-03,4.20567261e+02,8.01380234e+01,1.86885471e+01,9.70584452e-02,1.82709008e-01
5345803-S04-156I3-A-L-C-190-7-1,20.02.2020-17:19:56,2.10000000e+01,6.41503572e-01,8.85447407e+00,1.80780794e-03,1.76969269e+02,8.02844467e+01,1.85619450e+01,2.11647600e-01,4.34839725e-01
5345803-S04-156I3-A-L-C-190-7-1,20.02.2020-17:19:58,2.00000000e+01,6.41964316e-01,8.91731453e+00,1.67189515e-03,2.12848190e+02,8.00938721e+01,1.86626987e+01,1.34701267e-01,1.95655018e-01
5345803-S04-156I3-A-L-C-190-7-1,20.02.2020-17:20:00,2.00000000e+01,6.44861281e-01,8.86943245e+00,2.11414229e-03,1.50585037e+02,8.00073395e+01,1.86261082e+01,1.81100294e-01,2.94082373e-01
5345803-S04-156I3-A-L-C-190-7-1,20.02.2020-17:20:02,2.10000000e+01,6.40298128e-01,8.87453556e+00,1.97703554e-03,1.03078026e+02,8.00932693e+01,1.85248241e+01,3.04327786e-01,7.72416115e-01
5345803-S04-156I3-A-L-C-190-7-1,20.02.2020-17:20:04,1.00000000e+00,6.39581144e-01,8.84605122e+00,1.94011338e-03,2.33211197e+02,8.00029755e+01,1.84238930e+01,2.40360245e-01,8.76367867e-01
5345803-S04-156I3-A-L-C-190-7-1,20.02.2020-17:20:06,2.10000000e+01,6.39158607e-01,8.86532497e+00,2.03616940e-03,4.06361908e+02,8.02182846e+01,1.85014992e+01,1.58030048e-01,5.04000962e-01
5345803-S04-156I3-A-L-C-190-7-1,20.02.2020-17:20:09,2.00000000e+00,6.38831615e-01,8.84745407e+00,2.08297349e-03,2.42895889e+02,7.99412613e+01,1.83910236e+01,2.23963648e-01,9.03893769e-01
5345803-S04-156I3-A-L-C-190-7-1,20.02.2020-17:20:11,1.00000000e+00,6.39468014e-01,8.86005306e+00,2.05672230e-03,1.13290146e+02,7.98595352e+01,1.84167118e+01,3.43734622e-01,8.81080925e-01
5345803-S04-156I3-A-L-C-190-7-1,20.02.2020-17:20:13,1.00000000e+00,6.40471339e-01,8.86752605e+00,2.06722668e-03,2.12940964e+02,7.99138641e+01,1.84737263e+01,2.02811465e-01,6.56535745e-01
5345803-S04-156I3-A-L-C-190-7-1,20.02.2020-17:20:15,1.90000000e+01,6.44460559e-01,8.89273834e+00,1.85705221e-03,4.22794739e+02,8.01792374e+01,1.87035465e+01,5.85771687e-02,1.26865670e-01
5345803-S04-156I3-A-L-C-190-7-1,20.02.2020-17:20:17,2.00000000e+00,6.40972972e-01,8.81726456e+00,2.07124092e-03,5.47424500e+02,7.97244644e+01,1.83398361e+01,5.73060438e-02,1.25821784e-01
5345803-S04-156I3-A-L-C-190-7-1,20.02.2020-17:20:19,1.90000000e+01,6.45915508e-01,8.89891911e+00,1.76273845e-03,1.51262802e+02,8.00269775e+01,1.87231770e+01,2.04942271e-01,2.92948604e-01
5345803-S04-156I3-A-L-C-190-7-1,20.02.2020-17:20:21,2.10000000e+01,6.40836418e-01,8.85378933e+00,1.93253392e-03,2.40655350e+02,8.01467514e+01,1.85094070e+01,1.61162645e-01,3.92604649e-01
5345803-S04-156I3-A-L-C-190-7-1,20.02.2020-17:20:23,2.10000000e+01,6.43107772e-01,8.85758114e+00,1.72562269e-03,2.66349701e+02,7.99394302e+01,1.85348969e+01,1.51067778e-01,2.69256741e-01
5345803-S04-156I3-A-L-C-190-7-1,20.02.2020-17:20:25,2.00000000e+00,6.35393441e-01,8.95968151e+00,1.94779201e-03,3.54020996e+02,7.90675049e+01,1.83216038e+01,5.66027611e-02,6.99293166e-02
5345803-S04-156I3-A-L-C-190-7-1,20.02.2020-17:20:28,2.10000000e+01,6.40119076e-01,8.92983723e+00,2.00604531e-03,2.90696869e+02,7.99136276e+01,1.85932522e+01,8.12170580e-02,1.01084709e-01
5345803-S04-156I3-A-L-C-190-7-1,20.02.2020-17:20:30,1.90000000e+01,6.43661857e-01,8.91242123e+00,1.90691836e-03,4.41882599e+02,8.02178345e+01,1.87307262e+01,1.10145964e-01,1.41122669e-01
5345803-S04-156I3-A-L-C-190-7-1,20.02.2020-17:20:32,1.00000000e+00,6.41956806e-01,8.83523464e+00,2.23539863e-03,2.97579224e+02,7.97276001e+01,1.84061432e+01,1.61917478e-01,3.53786290e-01
5345803-S04-156I3-A-L-C-190-7-1,20.02.2020-17:20:34,2.10000000e+01,6.41929805e-01,8.84876442e+00,1.91072095e-03,3.80581635e+02,8.00236588e+01,1.85020046e+01,1.58370078e-01,3.40623140e-01
5345803-S04-156I3-A-L-C-190-7-1,20.02.2020-17:20:36,2.10000000e+01,6.42813504e-01,8.85776997e+00,1.51791703e-03,3.30748444e+02,7.99436264e+01,1.85277805e+01,1.16567202e-01,3.06661248e-01
5345803-S04-156I3-A-L-C-190-7-1,20.02.2020-17:20:38,2.10000000e+01,6.43415034e-01,8.86210728e+00,1.67981663e-03,4.97795715e+02,7.99201584e+01,1.85487537e+01,1.04460150e-01,2.62047976e-01
5345803-S04-156I3-A-L-C-190-7-1,20.02.2020-17:20:40,1.90000000e+01,6.44810915e-01,8.91066265e+00,1.82106602e-03,4.09564758e+02,8.03511658e+01,1.87916431e+01,5.37388809e-02,7.51292557e-02
5345803-S04-156I3-A-L-C-190-7-1,20.02.2020-17:20:42,2.00000000e+01,6.44062757e-01,8.89973164e+00,2.10996019e-03,2.01138351e+02,7.99590759e+01,1.86553364e+01,1.10227384e-01,1.39975905e-01
5345803-S04-156I3-A-L-C-190-7-1,20.02.2020-17:20:45,1.90000000e+01,6.46336198e-01,8.91195202e+00,1.99562334e-03,1.59031738e+02,7.99570618e+01,1.87464199e+01,1.42507508e-01,2.12627605e-01
5345803-S04-156I3-A-L-C-190-7-1,20.02.2020-17:20:47,2.10000000e+01,6.40758991e-01,8.91001797e+00,2.17397627e-03,2.48128052e+02,7.98506165e+01,1.85558891e+01,1.39882401e-01,2.05181375e-01
5345803-S04-156I3-A-L-C-190-7-1,20.02.2020-17:20:49,2.10000000e+01,6.41102731e-01,8.90652561e+00,2.14584800e-03,4.16935608e+02,7.97868500e+01,1.85437450e+01,6.88682720e-02,1.26744419e-01
5345803-S04-156I3-A-L-C-190-7-1,20.02.2020-17:20:53,2.00000000e+01,6.45220220e-01,8.90528011e+00,2.16115569e-03,2.08418030e+02,7.99512177e+01,1.86986771e+01,1.94591969e-01,2.78570801e-01
5345803-S04-156I3-A-L-C-190-7-1,20.02.2020-17:20:55,2.10000000e+01,6.42728209e-01,8.88130093e+00,1.91101781e-03,3.17100159e+02,7.99224091e+01,1.85696068e+01,1.63285345e-01,3.11000854e-01
5345803-S04-156I3-A-L-C-190-7-1,20.02.2020-17:20:57,1.90000000e+01,6.45050228e-01,8.91356754e+00,1.88918097e-03,2.69936005e+02,8.00614319e+01,1.87369385e+01,1.05759993e-01,2.91629463e-01
5345803-S04-156I3-A-L-C-190-7-1,20.02.2020-17:20:59,1.90000000e+01,6.45439148e-01,8.91664028e+00,2.01828848e-03,2.49115005e+02,8.00415115e+01,1.87500324e+01,1.15630887e-01,1.81689993e-01
5345803-S04-156I3-A-L-C-190-7-1,20.02.2020-17:21:01,1.90000000e+01,6.43288016e-01,8.91752815e+00,2.12027063e-03,5.46499634e+02,8.03396683e+01,1.87590218e+01,1.09244943e-01,2.79371977e-01
5345803-S04-156I3-A-L-C-190-7-1,20.02.2020-17:21:03,2.00000000e+01,6.43098712e-01,8.91103840e+00,1.98973459e-03,1.90222717e+02,8.00562592e+01,1.86737461e+01,1.65504381e-01,2.06856847e-01
5345803-S04-156I3-A-L-C-190-7-1,20.02.2020-17:21:05,2.00000000e+01,6.42441511e-01,8.89947605e+00,2.06338661e-03,2.92701447e+02,8.00208588e+01,1.86222191e+01,1.70626834e-01,2.39244804e-01
5345803-S04-156I3-A-L-C-190-7-1,20.02.2020-17:21:08,2.00000000e+01,6.42044067e-01,8.89118099e+00,1.84882781e-03,4.83752686e+02,8.02879562e+01,1.86554146e+01,1.47177115e-01,2.34725401e-01
5345803-S04-156I3-A-L-C-190-7-1,20.02.2020-17:21:10,1.90000000e+01,6.43020749e-01,8.90489960e+00,1.92195561e-03,1.82232498e+02,8.03064041e+01,1.87169189e+01,1.31814629e-01,1.62030116e-01
5345803-S04-156I3-A-L-C-190-7-1,20.02.2020-17:21:12,2.00000000e+01,6.43274009e-01,8.87816906e+00,1.72773073e-03,4.07522644e+02,8.02013474e+01,1.86436634e+01,9.88584980e-02,5.68043470e-01
5345803-S04-156I3-A-L-C-190-7-1,20.02.2020-17:21:14,1.90000000e+01,6.46497369e-01,8.88314342e+00,1.73317618e-03,2.09696243e+02,8.01865921e+01,1.87441330e+01,1.42677560e-01,2.89511710e-01
5345803-S04-156I3-A-L-C-190-7-1,20.02.2020-17:21:16,2.00000000e+01,6.44560993e-01,8.85395813e+00,1.57629978e-03,2.32675369e+02,8.00763702e+01,1.86009903e+01,1.57187641e-01,4.48684961e-01
5345803-S04-156I3-A-L-C-190-7-1,20.02.2020-17:21:18,1.90000000e+01,6.46312237e-01,8.88363743e+00,1.86099077e-03,1.60346817e+02,8.01355591e+01,1.87278824e+01,1.52097315e-01,2.79748976e-01
5345803-S04-156I3-A-L-C-190-7-1,20.02.2020-17:21:20,2.00000000e+01,6.43474460e-01,8.87108135e+00,2.08017626e-03,1.39593491e+02,8.01072617e+01,1.86127243e+01,1.70874029e-01,4.86262023e-01
5345803-S04-156I3-A-L-C-190-7-1,20.02.2020-17:21:22,1.90000000e+01,6.46191895e-01,8.87176037e+00,1.87970384e-03,2.25920471e+02,8.01586533e+01,1.87047520e+01,1.92518786e-01,3.26380551e-01
5345803-S04-156I3-A-L-C-190-7-1,20.02.2020-17:21:24,2.00000000e+01,6.43637598e-01,8.93275738e+00,2.18400825e-03,4.58991661e+01,7.97985382e+01,1.86746311e+01,8.08609903e-01,9.52807963e-01
5345803-S04-156I3-A-L-C-190-7-1,20.02.2020-17:21:27,1.90000000e+01,6.45590544e-01,8.91577435e+00,1.90347212e-03,9.56846848e+01,8.01397247e+01,1.87756195e+01,4.54751134e-01,5.96035779e-01
5345803-S04-156I3-A-L-C-190-7-1,20.02.2020-17:21:29,2.00000000e+01,6.43078327e-01,8.91323662e+00,1.99641427e-03,1.94672043e+02,8.00352783e+01,1.86728649e+01,2.23227561e-01,3.26822788e-01
5345803-S04-156I3-A-L-C-190-7-1,20.02.2020-17:21:31,1.90000000e+01,6.46597326e-01,8.91287994e+00,1.79269444e-03,1.60340668e+02,8.00142822e+01,1.87693691e+01,2.34776333e-01,3.11130345e-01
5345803-S04-156I3-A-L-C-190-7-1,20.02.2020-17:21:33,8.00000000e+00,6.47394300e-01,8.94408417e+00,2.09973054e-03,1.16765831e+02,8.02871704e+01,1.89226112e+01,4.30313230e-01,5.50074697e-01
5345803-S04-156I3-A-L-C-190-7-1,20.02.2020-17:21:35,1.90000000e+01,6.44389570e-01,8.92609787e+00,2.13246443e-03,1.66428497e+02,7.99037704e+01,1.87071495e+01,1.44145414e-01,1.77895799e-01
5345803-S04-156I3-A-L-C-190-7-1,20.02.2020-17:21:37,1.90000000e+01,6.44169509e-01,8.92004585e+00,2.08711554e-03,2.65851959e+02,7.99801788e+01,1.87059536e+01,1.51771948e-01,1.95451081e-01
5345803-S04-156I3-A-L-C-190-7-1,20.02.2020-17:21:39,2.00000000e+01,6.42804265e-01,8.90275288e+00,2.08113901e-03,1.55157364e+02,8.00179596e+01,1.86389198e+01,1.89874664e-01,2.86062837e-01
5345803-S04-156I3-A-L-C-190-7-1,20.02.2020-17:21:41,2.00000000e+01,6.42776608e-01,8.90910912e+00,2.05442519e-03,2.26407974e+02,8.00459671e+01,1.86579533e+01,1.88984379e-01,2.95498788e-01
5345803-S04-156I3-A-L-C-190-7-1,20.02.2020-17:21:43,8.00000000e+00,6.47386253e-01,8.93017673e+00,1.80160301e-03,1.78697327e+02,8.03818588e+01,1.89152374e+01,1.30241141e-01,1.94061697e-01
5345803-S04-156I3-A-L-C-190-7-1,20.02.2020-17:21:46,2.00000000e+01,6.44747078e-01,8.87878513e+00,1.73621951e-03,2.13034470e+02,8.02442932e+01,1.86976604e+01,2.18088940e-01,5.15287995e-01
5345803-S04-156I3-A-L-C-190-7-1,20.02.2020-17:21:48,1.90000000e+01,6.45853519e-01,8.89348888e+00,1.92670547e-03,3.47847137e+02,8.02641144e+01,1.87653999e+01,9.75229070e-02,3.19725662e-01
5345803-S04-156I3-A-L-C-190-7-1,20.02.2020-17:21:50,1.90000000e+01,6.46381676e-01,8.88582897e+00,2.09327834e-03,9.79800186e+01,8.01006241e+01,1.87263489e+01,2.99611062e-01,4.58696753e-01
5345803-S04-156I3-A-L-C-190-7-1,20.02.2020-17:21:52,9.00000000e+00,6.46230161e-01,8.89715195e+00,1.64150435e-03,2.46195251e+02,8.04468231e+01,1.88268356e+01,1.94439158e-01,6.31779909e-01
5345803-S04-156I3-A-L-C-190-7-1,20.02.2020-17:21:54,1.90000000e+01,6.46654427e-01,8.90857410e+00,1.87446363e-03,2.20151291e+02,7.99734421e+01,1.87523804e+01,1.55317351e-01,3.37565750e-01
5345803-S04-156I3-A-L-C-190-7-1,20.02.2020-17:21:56,2.10000000e+01,6.43734038e-01,8.86075306e+00,2.05979915e-03,3.13109680e+02,7.97735748e+01,1.85210838e+01,1.70609459e-01,3.52557838e-01
5345803-S04-156I3-A-L-C-190-7-1,20.02.2020-17:21:58,2.00000000e+01,6.42804027e-01,8.90744400e+00,1.67289877e-03,1.36441910e+02,8.01295319e+01,1.86747341e+01,1.53530315e-01,1.99816614e-01
5345803-S04-156I3-A-L-C-190-7-1,20.02.2020-17:22:00,1.90000000e+01,6.43554211e-01,8.92065525e+00,1.70839450e-03,2.45507172e+02,8.02054062e+01,1.87419930e+01,1.30965695e-01,1.69554502e-01
5345803-S04-156I3-A-L-C-190-7-1,20.02.2020-17:22:03,2.00000000e+01,6.42408788e-01,8.89792156e+00,1.91335776e-03,2.04270813e+02,8.00100174e+01,1.86154957e+01,1.67395398e-01,2.57874221e-01
5345803-S04-156I3-A-L-C-190-7-1,20.02.2020-17:22:05,2.00000000e+01,6.43346608e-01,8.92128563e+00,2.09835102e-03,3.40871735e+02,8.00362625e+01,1.86977558e+01,1.22972451e-01,1.51624858e-01
5345803-S04-156I3-A-L-C-190-7-1,20.02.2020-17:22:07,2.00000000e+01,6.42989457e-01,8.90022087e+00,1.94409629e-03,2.00815430e+02,7.99488144e+01,1.86228790e+01,1.72051609e-01,4.63509113e-01
5345803-S04-156I3-A-L-C-190-7-1,20.02.2020-17:22:09,2.00000000e+01,6.43267810e-01,8.88545609e+00,1.72403606e-03,2.16850906e+02,7.99749756e+01,1.86061230e+01,1.35344371e-01,3.24821174e-01
5345803-S04-156I3-A-L-C-190-7-1,20.02.2020-17:22:11,2.00000000e+01,6.41787291e-01,8.89886570e+00,2.16535106e-03,2.34745804e+02,8.00357895e+01,1.86054516e+01,1.52618572e-01,4.05660361e-01
5345803-S04-156I3-A-L-C-190-7-1,20.02.2020-17:22:14,2.10000000e+01,6.42262876e-01,8.88654327e+00,2.11261446e-03,3.02228607e+02,7.99243927e+01,1.85675774e+01,1.20681666e-01,2.77072310e-01
5345803-S04-156I3-A-L-C-190-7-1,20.02.2020-17:22:16,1.40000000e+01,6.40147984e-01,8.90689087e+00,2.24417471e-03,1.74945393e+01,7.91998749e+01,1.83806648e+01,1.54230022e+00,1.78997636e+00
5345803-S04-156I3-A-L-C-190-7-1,20.02.2020-17:22:18,2.10000000e+01,6.43148065e-01,8.89870167e+00,1.96805666e-03,3.62688446e+01,7.97977295e+01,1.85890999e+01,1.12966716e+00,1.35213006e+00
5345803-S04-156I3-A-L-C-190-7-1,20.02.2020-17:22:20,2.00000000e+01,6.43011868e-01,8.89288998e+00,1.72485551e-03,1.62802689e+02,8.00369873e+01,1.86287136e+01,1.98227286e-01,2.44164214e-01
5345803-S04-156I3-A-L-C-190-7-1,20.02.2020-17:22:22,2.00000000e+01,6.43339276e-01,8.89433479e+00,1.95194804e-03,1.45546844e+02,7.98600235e+01,1.86000118e+01,1.53626859e-01,1.91203505e-01
5345803-S04-156I3-A-L-C-190-7-1,20.02.2020-17:22:24,2.00000000e+01,6.43165410e-01,8.89280224e+00,2.12975033e-03,2.53441345e+02,7.99608078e+01,1.86152439e+01,1.33597821e-01,2.05535814e-01
5345803-S04-156I3-A-L-C-190-7-1,20.02.2020-17:22:26,2.10000000e+01,6.41334414e-01,8.87387562e+00,2.09904276e-03,8.95667114e+01,7.98917770e+01,1.85067520e+01,3.00011605e-01,4.17318583e-01
5345803-S04-156I3-A-L-C-190-7-1,20.02.2020-17:22:29,9.00000000e+00,6.46454036e-01,8.91602135e+00,2.10825005e-03,2.71631866e+02,8.02790756e+01,1.88339462e+01,1.55981660e-01,2.22496226e-01
5345803-S04-156I3-A-L-C-190-7-1,20.02.2020-17:22:31,1.90000000e+01,6.43731356e-01,8.91510677e+00,1.96292624e-03,1.45372696e+02,8.01100693e+01,1.87132187e+01,3.34881157e-01,4.02358830e-01
5345803-S04-156I3-A-L-C-190-7-1,20.02.2020-17:22:33,2.00000000e+01,6.43521845e-01,8.90595150e+00,2.04389123e-03,1.29356705e+02,7.98540039e+01,1.86281853e+01,2.84381956e-01,4.00174469e-01
5345803-S04-156I3-A-L-C-190-7-1,20.02.2020-17:22:35,1.90000000e+01,6.45816386e-01,8.91931534e+00,1.95597834e-03,2.14389557e+02,8.01319351e+01,1.87878189e+01,2.95674175e-01,4.18747932e-01
5345803-S04-156I3-A-L-C-190-7-1,20.02.2020-17:22:37,2.40000000e+01,6.44872844e-01,8.87370491e+00,2.52483250e-03,2.40240765e+01,7.97486191e+01,1.85751572e+01,2.58943439e+00,9.96496141e-01
5345803-S04-156I3-A-L-C-190-7-1,20.02.2020-17:22:40,1.90000000e+01,6.45083368e-01,8.90533924e+00,1.88007695e-03,3.75385223e+02,8.01442642e+01,1.87399750e+01,1.11599453e-01,1.51918769e-01
5345803-S04-156I3-A-L-C-190-7-1,20.02.2020-17:22:42,1.90000000e+01,6.44327402e-01,8.91997147e+00,1.96035602e-03,4.55111359e+02,8.01278076e+01,1.87449169e+01,7.43863657e-02,9.42700952e-02
5345803-S04-156I3-A-L-C-190-7-1,20.02.2020-17:22:44,2.00000000e+01,6.42732561e-01,8.89930916e+00,2.22253869e-03,4.66356476e+02,7.99325256e+01,1.86097393e+01,9.34186652e-02,1.82423115e-01
5345803-S04-156I3-A-L-C-190-7-1,20.02.2020-17:22:46,8.00000000e+00,6.47015691e-01,8.93056011e+00,1.74513645e-03,2.36698746e+02,8.04113541e+01,1.89121590e+01,1.83437675e-01,2.54872888e-01
5345803-S04-156I3-A-L-C-190-7-1,20.02.2020-17:22:48,2.00000000e+01,6.43694639e-01,8.90649128e+00,1.91141514e-03,1.58013382e+02,7.99783096e+01,1.86633244e+01,2.31374010e-01,2.84189671e-01
5345803-S04-156I3-A-L-C-190-7-1,20.02.2020-17:22:50,2.00000000e+01,6.42659962e-01,8.89260006e+00,1.86438393e-03,9.98136978e+01,8.00309372e+01,1.86165009e+01,4.32191789e-01,5.73589504e-01
5345803-S04-156I3-A-L-C-190-7-1,20.02.2020-17:22:52,2.10000000e+01,6.42548501e-01,8.88237190e+00,1.76722521e-03,9.47602005e+01,8.00346909e+01,1.85927372e+01,3.88324976e-01,5.28383911e-01
5345803-S04-156I3-A-L-C-190-7-1,20.02.2020-17:22:54,2.10000000e+01,6.41832590e-01,8.85890579e+00,1.88558863e-03,1.18047661e+02,7.99968262e+01,1.85141945e+01,2.94318110e-01,4.02789295e-01
5345803-S04-156I3-A-L-C-190-7-1,20.02.2020-17:23:00,2.10000000e+01,6.43322408e-01,8.88921356e+00,2.18849559e-03,2.61916199e+02,7.98491974e+01,1.85862923e+01,1.46039128e-01,1.79722711e-01
5345803-S04-156I3-A-L-C-190-7-1,20.02.2020-17:23:02,2.10000000e+01,6.42852783e-01,8.88168716e+00,2.18282011e-03,1.41822586e+02,7.98336029e+01,1.85533752e+01,2.31503934e-01,2.78221399e-01
5345803-S04-156I3-A-L-C-190-7-1,20.02.2020-17:23:04,2.00000000e+01,6.42222822e-01,8.88484573e+00,1.82301004e-03,2.63128296e+02,8.01395950e+01,1.86128540e+01,1.78680435e-01,2.21273884e-01
5345803-S04-156I3-A-L-C-190-7-1,20.02.2020-17:23:06,2.10000000e+01,6.42995417e-01,8.87386894e+00,2.10705446e-03,7.74994431e+01,7.99613876e+01,1.85708332e+01,5.19226730e-01,7.09110558e-01
5345803-S04-156I3-A-L-C-190-7-1,20.02.2020-17:23:08,2.40000000e+01,6.42113924e-01,8.90502357e+00,2.05591228e-03,9.56762218e+00,7.94338760e+01,1.84877090e+01,2.46515346e+00,2.86002254e+00
5345803-S04-156I3-A-L-C-190-7-1,20.02.2020-17:23:10,2.00000000e+01,6.43565297e-01,8.90107536e+00,2.07634876e-03,1.20349754e+02,7.99115982e+01,1.86326694e+01,2.93727696e-01,3.51143539e-01
5345803-S04-156I3-A-L-C-190-7-1,20.02.2020-17:23:13,2.00000000e+01,6.43099964e-01,8.87435627e+00,1.75736414e-03,4.19710876e+02,8.04233398e+01,1.86821823e+01,5.76436520e-02,1.35504112e-01
5345803-S04-156I3-A-L-C-190-7-1,20.02.2020-17:23:15,9.00000000e+00,6.47115886e-01,8.89476204e+00,1.66259962e-03,2.59093964e+02,8.06766586e+01,1.89014225e+01,1.00642711e-01,1.77938968e-01
5345803-S04-156I3-A-L-C-190-7-1,20.02.2020-17:23:17,1.90000000e+01,6.44124150e-01,8.87795448e+00,1.62515044e-03,2.24644669e+02,8.03803864e+01,1.87095242e+01,1.07142255e-01,2.47969151e-01
5345803-S04-156I3-A-L-C-190-7-1,20.02.2020-17:23:19,2.10000000e+01,6.40461683e-01,8.87726974e+00,1.98950549e-03,2.75218750e+02,8.00889740e+01,1.85342712e+01,9.67306346e-02,3.12598318e-01
5345803-S04-156I3-A-L-C-190-7-1,20.02.2020-17:23:21,1.00000000e+00,6.41950309e-01,8.83124256e+00,2.20347778e-03,2.06163773e+02,8.00951843e+01,1.84824619e+01,2.55716473e-01,6.23885870e-01
5345803-S04-156I3-A-L-C-190-7-1,20.02.2020-17:23:23,2.00000000e+01,6.43506706e-01,8.88161755e+00,2.24995799e-03,2.97994476e+02,7.99542770e+01,1.86001740e+01,2.24707857e-01,5.07722855e-01
5345803-S04-156I3-A-L-C-190-7-1,20.02.2020-17:23:25,1.90000000e+01,6.43557787e-01,8.89986229e+00,2.07645562e-03,3.46559235e+02,8.02543488e+01,1.87098198e+01,1.04424678e-01,1.75581500e-01
5345803-S04-156I3-A-L-C-190-7-1,20.02.2020-17:23:27,2.10000000e+01,6.40998721e-01,8.87568188e+00,1.94889971e-03,1.03433075e+02,8.02171402e+01,1.85761719e+01,3.05918306e-01,4.88688976e-01
5345803-S04-156I3-A-L-C-190-7-1,20.02.2020-17:23:30,2.00000000e+01,6.43879712e-01,8.85892868e+00,1.82824337e-03,2.28087402e+02,8.04384842e+01,1.86758366e+01,1.40917167e-01,2.32558995e-01
5345803-S04-156I3-A-L-C-190-7-1,20.02.2020-17:23:32,1.00000000e+00,6.40979886e-01,8.82464790e+00,1.52037607e-03,1.16473068e+02,8.03093262e+01,1.84900455e+01,2.82521665e-01,4.87450123e-01
5345803-S04-156I3-A-L-C-190-7-1,20.02.2020-17:23:34,1.00000000e+00,6.39755189e-01,8.86275578e+00,1.77056773e-03,2.12743973e+02,8.01235275e+01,1.84915295e+01,1.42525718e-01,2.17150599e-01
5345803-S04-156I3-A-L-C-190-7-1,20.02.2020-17:23:36,2.00000000e+01,6.44119918e-01,8.87958527e+00,2.25798646e-03,2.18061172e+02,7.99955826e+01,1.86232548e+01,1.23356998e-01,2.52434164e-01
5345803-S04-156I3-A-L-C-190-7-1,20.02.2020-17:23:38,1.90000000e+01,6.46037459e-01,8.87081432e+00,1.80313294e-03,1.65816971e+02,8.04993820e+01,1.87777653e+01,1.87228918e-01,3.34314257e-01
5345803-S04-156I3-A-L-C-190-7-1,20.02.2020-17:23:40,9.00000000e+00,6.45766318e-01,8.88260174e+00,1.83416030e-03,2.00564499e+02,8.06033249e+01,1.88190937e+01,1.11007631e-01,2.21946567e-01
5345803-S04-156I3-A-L-C-190-7-1,20.02.2020-17:23:42,9.00000000e+00,6.46492422e-01,8.89415932e+00,1.88295078e-03,1.41314362e+02,8.05941849e+01,1.88626289e+01,1.00238644e-01,1.78086892e-01
5345803-S04-156I3-A-L-C-190-7-1,20.02.2020-17:23:44,1.90000000e+01,6.44204378e-01,8.89609528e+00,2.02051387e-03,4.38911072e+02,8.03060684e+01,1.87327557e+01,5.79025373e-02,1.78696916e-01
5345803-S04-156I3-A-L-C-190-7-1,20.02.2020-17:23:47,2.10000000e+01,6.43730342e-01,8.85278988e+00,1.83775520e-03,1.72194611e+02,8.01664352e+01,1.85954571e+01,2.95172870e-01,6.11759961e-01
5345803-S04-156I3-A-L-C-190-7-1,20.02.2020-17:23:49,1.90000000e+01,6.44364774e-01,8.89435577e+00,2.13558995e-03,1.86012741e+02,8.01617355e+01,1.87000866e+01,1.86603144e-01,2.69145072e-01
5345803-S04-156I3-A-L-C-190-7-1,20.02.2020-17:23:51,2.00000000e+01,6.42881274e-01,8.89531422e+00,2.02181889e-03,9.46075363e+01,8.00758896e+01,1.86390610e+01,3.96918565e-01,6.78430736e-01
5345803-S04-156I3-A-L-C-190-7-1,20.02.2020-17:23:53,1.90000000e+01,6.45489037e-01,8.92470074e+00,2.13853130e-03,9.87365112e+01,7.99918442e+01,1.87567863e+01,4.14164931e-01,5.36790609e-01
5345803-S04-156I3-A-L-C-190-7-1,20.02.2020-17:23:55,2.00000000e+01,6.45051062e-01,8.90761566e+00,2.36126664e-03,5.29924583e+01,7.97984695e+01,1.86629524e+01,6.06722891e-01,7.99876153e-01
5345803-S04-156I3-A-L-C-190-7-1,20.02.2020-17:23:57,2.00000000e+01,6.43366456e-01,8.88119602e+00,1.63828430e-03,5.27592583e+01,8.00152130e+01,1.86094112e+01,5.81370354e-01,8.59117091e-01
5345803-S04-156I3-A-L-C-190-7-1,20.02.2020-17:23:59,9.00000000e+00,6.46384239e-01,8.91729832e+00,1.98152056e-03,8.27313538e+01,8.04491501e+01,1.88745117e+01,3.61526817e-01,4.53559130e-01
5345803-S04-156I3-A-L-C-190-7-1,20.02.2020-17:24:01,1.90000000e+01,6.45294309e-01,8.90979481e+00,2.24369136e-03,6.63405609e+01,7.99348145e+01,1.87064629e+01,4.61486667e-01,6.03926241e-01
5345803-S04-156I3-A-L-C-190-7-1,20.02.2020-17:24:04,1.90000000e+01,6.46453857e-01,8.91103268e+00,2.35773157e-03,5.90716934e+01,8.00728531e+01,1.87750473e+01,5.85734785e-01,7.48757660e-01
5345803-S04-156I3-A-L-C-190-7-1,20.02.2020-17:24:06,9.00000000e+00,6.47319138e-01,8.91977215e+00,2.05656700e-03,2.70050964e+02,8.02312698e+01,1.88558483e+01,1.37801185e-01,2.11306021e-01
5345803-S04-156I3-A-L-C-190-7-1,20.02.2020-17:24:08,1.90000000e+01,6.44051552e-01,8.90244865e+00,2.22935481e-03,3.56287750e+02,8.02904968e+01,1.87380543e+01,6.77900761e-02,4.00059134e-01
5345803-S04-156I3-A-L-C-190-7-1,20.02.2020-17:24:10,2.00000000e+01,6.43238962e-01,8.89541245e+00,2.06793542e-03,2.39212891e+02,7.99645691e+01,1.86237125e+01,1.75716370e-01,3.32280219e-01
5345803-S04-156I3-A-L-C-190-7-1,20.02.2020-17:24:12,1.90000000e+01,6.44055843e-01,8.91425705e+00,1.92707998e-03,4.39450493e+01,8.00495758e+01,1.87067299e+01,6.39335036e-01,7.53420651e-01
5345803-S04-156I3-A-L-C-190-7-1,20.02.2020-17:24:14,1.90000000e+01,6.45851016e-01,8.93111801e+00,2.08445708e-03,3.19782349e+02,7.99560699e+01,1.87724018e+01,1.65316746e-01,2.46311948e-01
5345803-S04-156I3-A-L-C-190-7-1,20.02.2020-17:24:16,2.10000000e+01,6.44759417e-01,8.88828182e+00,1.94413611e-03,2.50911911e+02,7.97057190e+01,1.85923882e+01,1.39704779e-01,1.95932046e-01
5345803-S04-156I3-A-L-C-190-7-1,20.02.2020-17:24:18,1.90000000e+01,6.45767808e-01,8.91771603e+00,1.86327205e-03,2.41702957e+02,8.01831207e+01,1.87950363e+01,1.03066236e-01,1.38937712e-01
5345803-S04-156I3-A-L-C-190-7-1,20.02.2020-17:24:20,2.00000000e+01,6.43850386e-01,8.88311195e+00,1.87986763e-03,2.99295929e+02,8.00523758e+01,1.86360760e+01,1.19326890e-01,2.34682873e-01
5345803-S04-156I3-A-L-C-190-7-1,20.02.2020-17:24:22,2.00000000e+01,6.44382238e-01,8.89096451e+00,2.28196243e-03,3.99838287e+02,7.98447723e+01,1.86195488e+01,1.10661186e-01,1.59280524e-01
5345803-S04-156I3-A-L-C-190-7-1,20.02.2020-17:24:25,2.00000000e+00,6.43364429e-01,8.82683086e+00,2.25618994e-03,2.45548859e+02,7.95164032e+01,1.83801365e+01,1.23155579e-01,1.84479296e-01
5345803-S04-156I3-A-L-C-190-7-1,20.02.2020-17:24:27,1.90000000e+01,6.45751417e-01,8.90397167e+00,1.61080353e-03,2.50361008e+02,8.02206726e+01,1.87743816e+01,1.77224621e-01,2.53000826e-01
5345803-S04-156I3-A-L-C-190-7-1,20.02.2020-17:24:29,1.00000000e+00,6.40730619e-01,8.83743668e+00,1.44265802e-03,2.44897461e+02,8.00310440e+01,1.84455013e+01,1.30233899e-01,1.64280847e-01
5345803-S04-156I3-A-L-C-190-7-1,20.02.2020-17:24:31,9.00000000e+00,6.46445274e-01,8.91560173e+00,1.80696207e-03,1.72727890e+02,8.03916397e+01,1.88592110e+01,1.96931586e-01,2.71130323e-01
5345803-S04-156I3-A-L-C-190-7-1,20.02.2020-17:24:33,9.00000000e+00,6.46614254e-01,8.90810490e+00,1.72059063e-03,2.39192307e+02,8.04332581e+01,1.88580379e+01,1.57965958e-01,2.57682413e-01
5345803-S04-156I3-A-L-C-190-7-1,20.02.2020-17:24:35,2.10000000e+01,6.42074525e-01,8.83553505e+00,1.50581344e-03,1.34769485e+02,8.02244797e+01,1.85248795e+01,2.63202250e-01,5.57231247e-01
5345803-S04-156I3-A-L-C-190-7-1,20.02.2020-17:24:37,2.00000000e+01,6.44824266e-01,8.87407970e+00,1.48217799e-03,3.05757111e+02,8.02833481e+01,1.86990852e+01,1.60497785e-01,2.87950784e-01
5345803-S04-156I3-A-L-C-190-7-1,20.02.2020-17:24:39,9.00000000e+00,6.46919429e-01,8.92344856e+00,2.07058946e-03,2.15659744e+02,8.03607407e+01,1.88823948e+01,1.02156937e-01,1.85188517e-01
5345803-S04-156I3-A-L-C-190-7-1,20.02.2020-17:24:42,2.00000000e+01,6.43225014e-01,8.89799213e+00,2.01137620e-03,3.16608582e+02,8.01125259e+01,1.86631756e+01,1.65241554e-01,3.68941367e-01
5345803-S04-156I3-A-L-C-190-7-1,20.02.2020-17:24:44,2.00000000e+01,6.44850194e-01,8.88500118e+00,2.42277910e-03,7.56144470e+02,8.01258011e+01,1.86861095e+01,3.57140973e-02,2.35578626e-01
5345803-S04-156I3-A-L-C-190-7-1,20.02.2020-17:24:46,9.00000000e+00,6.46458566e-01,8.90720558e+00,1.91893941e-03,1.70868362e+02,8.03399582e+01,1.88297253e+01,2.13296533e-01,3.35398555e-01
5345803-S04-156I3-A-L-C-190-7-1,20.02.2020-17:24:48,2.00000000e+01,6.43470168e-01,8.89036274e+00,1.81891990e-03,2.23677567e+02,8.00362091e+01,1.86365128e+01,1.77390903e-01,4.31054652e-01
5345803-S04-156I3-A-L-C-190-7-1,20.02.2020-17:24:50,1.00000000e+00,6.44028902e-01,8.86215115e+00,1.88845803e-03,3.78888214e+02,7.96204376e+01,1.84969139e+01,7.71486238e-02,1.33176968e-01
5345803-S04-156I3-A-L-C-190-7-1,20.02.2020-17:24:52,1.00000000e+00,6.43618643e-01,8.85545635e+00,1.96409156e-03,2.63784637e+02,7.95963669e+01,1.84655819e+01,1.20118871e-01,2.13078111e-01
5345803-S04-156I3-A-L-C-190-7-1,20.02.2020-17:24:54,1.00000000e+00,6.41419768e-01,8.85696030e+00,2.34602299e-03,5.66864746e+02,7.96137695e+01,1.84096432e+01,7.78222904e-02,2.19388351e-01
5345803-S04-156I3-A-L-C-190-7-1,20.02.2020-17:24:56,2.10000000e+01,6.42445385e-01,8.85054970e+00,1.70725503e-03,2.45483978e+02,8.02289276e+01,1.85681076e+01,1.10710353e-01,3.47024918e-01
5345803-S04-156I3-A-L-C-190-7-1,20.02.2020-17:24:58,9.00000000e+00,6.46884322e-01,8.94575119e+00,2.33488693e-03,2.53957169e+02,8.00140915e+01,1.88469086e+01,8.84737745e-02,1.21823825e-01
5345803-S04-156I3-A-L-C-190-7-1,20.02.2020-17:25:01,9.00000000e+00,6.48497701e-01,8.93351364e+00,2.24312139e-03,4.95935913e+02,8.00738068e+01,1.88821487e+01,8.74561444e-02,1.50630727e-01
5345803-S04-156I3-A-L-C-190-7-1,20.02.2020-17:25:03,9.00000000e+00,6.47659957e-01,8.94460583e+00,2.25374871e-03,2.62185425e+02,8.00273438e+01,1.88702145e+01,1.04931980e-01,1.32789642e-01
5345803-S04-156I3-A-L-C-190-7-1,20.02.2020-17:25:05,9.00000000e+00,6.48490727e-01,8.92740345e+00,1.89036306e-03,4.26785736e+02,8.01641998e+01,1.88903313e+01,6.73511848e-02,1.40238896e-01
5345803-S04-156I3-A-L-C-190-7-1,20.02.2020-17:25:07,1.90000000e+01,6.45645440e-01,8.90262508e+00,2.32381490e-03,4.51310852e+02,8.00973740e+01,1.87396145e+01,9.84705687e-02,1.64521083e-01
5345803-S04-156I3-A-L-C-190-7-1,20.02.2020-17:25:09,1.30000000e+01,6.37111783e-01,8.71675396e+00,1.94064365e-03,6.25164490e+02,7.95091629e+01,1.79728851e+01,8.97396728e-02,5.50023079e-01
5345803-S04-156I3-A-L-C-190-7-1,20.02.2020-17:25:11,2.00000000e+01,6.43292844e-01,8.87630653e+00,1.89787871e-03,2.24948471e+02,8.00723114e+01,1.86103077e+01,1.25301063e-01,2.60249823e-01
5345803-S04-156I3-A-L-C-190-7-1,20.02.2020-17:25:13,8.00000000e+00,6.47787154e-01,8.91599941e+00,2.05744570e-03,2.22040695e+02,8.04891586e+01,1.89221249e+01,1.25386477e-01,1.91882119e-01
5345803-S04-156I3-A-L-C-190-7-1,20.02.2020-17:25:15,8.00000000e+00,6.47830665e-01,8.92821980e+00,2.09153164e-03,2.71441589e+02,8.05118103e+01,1.89546680e+01,1.12906791e-01,1.80173695e-01
5345803-S04-156I3-A-L-C-190-7-1,20.02.2020-17:25:17,2.10000000e+01,6.43261433e-01,8.84456253e+00,1.64834119e-03,3.55548187e+02,8.01868591e+01,1.85693741e+01,1.37068957e-01,4.18523878e-01
5345803-S04-156I3-A-L-C-190-7-1,20.02.2020-17:25:20,1.00000000e+00,6.42277956e-01,8.85727406e+00,2.38203816e-03,3.29086578e+02,7.97620316e+01,1.84692593e+01,1.25283137e-01,2.29479373e-01
5345803-S04-156I3-A-L-C-190-7-1,20.02.2020-17:25:22,1.00000000e+00,6.42177880e-01,8.85030174e+00,2.06758128e-03,2.83915009e+02,7.98962479e+01,1.84828930e+01,1.95413828e-01,4.68131572e-01
5345803-S04-156I3-A-L-C-190-7-1,20.02.2020-17:25:24,2.00000000e+01,6.44391954e-01,8.89714146e+00,2.36393954e-03,2.69327759e+02,7.99495697e+01,1.86572170e+01,1.55269563e-01,2.25205243e-01
5345803-S04-156I3-A-L-C-190-7-1,20.02.2020-17:25:26,2.00000000e+00,6.42175317e-01,8.82570457e+00,2.18294491e-03,1.94573639e+02,7.95440369e+01,1.83502026e+01,1.48002744e-01,2.40408987e-01
5345803-S04-156I3-A-L-C-190-7-1,20.02.2020-17:25:28,2.00000000e+01,6.43343866e-01,8.88663292e+00,1.93589088e-03,2.37549484e+02,8.01152267e+01,1.86434250e+01,1.39646992e-01,3.99703741e-01
5345803-S04-156I3-A-L-C-190-7-1,20.02.2020-17:25:30,9.00000000e+00,6.46271944e-01,8.92073917e+00,2.19226489e-03,2.76350494e+02,8.02609787e+01,1.88343563e+01,1.49511665e-01,2.82974273e-01
5345803-S04-156I3-A-L-C-190-7-1,20.02.2020-17:25:32,2.10000000e+01,6.42463088e-01,8.88474941e+00,1.81627588e-03,2.11941376e+02,7.99790268e+01,1.85823078e+01,1.68807968e-01,3.57573569e-01
5345803-S04-156I3-A-L-C-190-7-1,20.02.2020-17:25:35,8.00000000e+00,6.46735251e-01,8.91025448e+00,1.65423693e-03,2.52714249e+02,8.06219635e+01,1.89103794e+01,1.41499653e-01,2.96537519e-01
5345803-S04-156I3-A-L-C-190-7-1,20.02.2020-17:25:37,9.00000000e+00,6.46694720e-01,8.90945911e+00,2.10765796e-03,1.68645035e+02,8.04571686e+01,1.88688564e+01,2.18554437e-01,3.81460726e-01
5345803-S04-156I3-A-L-C-190-7-1,20.02.2020-17:25:42,8.00000000e+00,6.47910297e-01,8.91340828e+00,1.98037992e-03,4.29777130e+02,8.05557861e+01,1.89358845e+01,9.07394141e-02,1.81790531e-01
5345803-S04-156I3-A-L-C-190-7-1,20.02.2020-17:25:44,9.00000000e+00,6.46583021e-01,8.91148853e+00,1.73758040e-03,3.70001007e+02,8.05195541e+01,1.88845291e+01,1.08438998e-01,1.76447436e-01
5345803-S04-156I3-A-L-C-190-7-1,20.02.2020-17:25:46,1.00000000e+00,6.41827822e-01,8.82493591e+00,1.79864094e-03,1.68992584e+02,8.01539459e+01,1.84792843e+01,2.03463241e-01,5.70270956e-01
5345803-S04-156I3-A-L-C-190-7-1,20.02.2020-17:25:49,1.00000000e+00,6.41045988e-01,8.83917046e+00,1.72552362e-03,1.85907776e+02,8.00758209e+01,1.84685287e+01,1.82714984e-01,2.25818872e-01
5345803-S04-156I3-A-L-C-190-7-1,20.02.2020-17:25:51,2.10000000e+01,6.42202199e-01,8.85524464e+00,1.81195245e-03,1.71675232e+02,8.00348206e+01,1.85259933e+01,2.21699372e-01,2.65569121e-01
5345803-S04-156I3-A-L-C-190-7-1,20.02.2020-17:25:53,2.00000000e+01,6.43915653e-01,8.86530876e+00,1.84790487e-03,3.73328583e+02,8.01540298e+01,1.86242352e+01,9.91826281e-02,2.07173690e-01
5345803-S04-156I3-A-L-C-190-7-1,20.02.2020-17:25:55,1.90000000e+01,6.45580888e-01,8.92032051e+00,2.26540631e-03,7.50721985e+02,8.01980515e+01,1.87985840e+01,5.35020456e-02,1.18388876e-01
5345803-S04-156I3-A-L-C-190-7-1,20.02.2020-17:25:57,2.00000000e+01,6.44059479e-01,8.87486172e+00,1.91316812e-03,2.88168854e+02,7.99696808e+01,1.86055756e+01,1.05058506e-01,1.97903961e-01
5345803-S04-156I3-A-L-C-190-7-1,20.02.2020-17:26:11,9.00000000e+00,6.45830870e-01,8.93246651e+00,1.84810325e-03,3.20283813e+02,8.01282501e+01,1.88150806e+01,1.29324690e-01,1.64061651e-01
5345803-S04-156I3-A-L-C-190-7-1,20.02.2020-17:26:13,9.00000000e+00,6.45612359e-01,8.92112827e+00,1.91285438e-03,1.77002655e+02,8.02418060e+01,1.88114605e+01,1.58929169e-01,2.10111558e-01
5345803-S04-156I3-A-L-C-190-7-1,20.02.2020-17:26:15,1.90000000e+01,6.45468891e-01,8.91258049e+00,1.92646729e-03,3.74795868e+02,8.01179733e+01,1.87602634e+01,7.98620805e-02,1.45725638e-01
5345803-S04-156I3-A-L-C-190-7-1,20.02.2020-17:26:18,1.00000000e+00,6.42780125e-01,8.84627533e+00,1.87588180e-03,1.50201294e+02,7.98670502e+01,1.84850521e+01,3.52142751e-01,4.89629507e-01
5345803-S04-156I3-A-L-C-190-7-1,20.02.2020-17:26:20,9.00000000e+00,6.44654930e-01,8.90583611e+00,1.70966599e-03,2.41090988e+02,8.06464005e+01,1.88459129e+01,9.86310542e-02,1.59417063e-01
5345803-S04-156I3-A-L-C-190-7-1,20.02.2020-17:26:22,9.00000000e+00,6.45848036e-01,8.91798306e+00,1.98289705e-03,7.59078552e+02,8.02940063e+01,1.88239307e+01,3.95336635e-02,6.71574697e-02
5345803-S04-156I3-A-L-C-190-7-1,20.02.2020-17:26:24,1.90000000e+01,6.44672632e-01,8.91134739e+00,2.13765586e-03,5.79216614e+02,8.03343277e+01,1.87851200e+01,5.95986322e-02,8.89368355e-02
5345803-S04-156I3-A-L-C-190-7-1,20.02.2020-17:26:26,2.10000000e+01,6.40200317e-01,8.87692451e+00,1.51634798e-03,1.54881195e+02,8.02746353e+01,1.85689316e+01,1.63481429e-01,2.39778355e-01
5345803-S04-156I3-A-L-C-190-7-1,20.02.2020-17:26:28,1.90000000e+01,6.45507276e-01,8.91679287e+00,2.21395050e-03,2.33295609e+02,8.01377487e+01,1.87748775e+01,7.82525539e-02,1.11454658e-01
5345803-S04-156I3-A-L-C-190-7-1,20.02.2020-17:26:30,1.90000000e+01,6.44906640e-01,8.88438606e+00,1.52692071e-03,2.98213898e+02,8.04152756e+01,1.87539597e+01,1.11416824e-01,4.89623010e-01
5345803-S04-156I3-A-L-C-190-7-1,20.02.2020-17:26:32,2.10000000e+01,6.40399218e-01,8.87493420e+00,1.43047154e-03,2.08708115e+02,8.02412262e+01,1.85628090e+01,1.17526285e-01,2.12219864e-01
5345803-S04-156I3-A-L-C-190-7-1,20.02.2020-17:26:34,9.00000000e+00,6.45544708e-01,8.91119766e+00,1.51708361e-03,7.11877930e+02,8.04158707e+01,1.88293076e+01,4.62432839e-02,7.61192665e-02
5345803-S04-156I3-A-L-C-190-7-1,20.02.2020-17:26:37,1.90000000e+01,6.45467222e-01,8.91508675e+00,1.95182546e-03,3.19598022e+02,8.02568130e+01,1.87980099e+01,8.57312754e-02,1.22306891e-01
5345803-S04-156I3-A-L-C-190-7-1,20.02.2020-17:26:39,2.00000000e+01,6.43391490e-01,8.89787006e+00,1.83695520e-03,1.46436249e+02,8.01839218e+01,1.86843853e+01,1.43353552e-01,1.81429148e-01
5345803-S04-156I3-A-L-C-190-7-1,20.02.2020-17:26:41,2.10000000e+01,6.40343904e-01,8.87810898e+00,1.97387603e-03,1.35765152e+02,8.01090088e+01,1.85372486e+01,1.66505188e-01,1.93984300e-01
5345803-S04-156I3-A-L-C-190-7-1,20.02.2020-17:26:43,2.00000000e+00,6.39787614e-01,8.81009007e+00,1.76001806e-03,9.27759171e+01,8.01498947e+01,1.83886261e+01,2.83401370e-01,6.76686108e-01
5345803-S04-156I3-A-L-C-190-7-1,20.02.2020-17:26:45,9.00000000e+00,6.44961953e-01,8.91036797e+00,1.91774627e-03,3.49077644e+01,8.03931961e+01,1.88052559e+01,4.75242376e-01,5.98826766e-01
5345803-S04-156I3-A-L-C-190-7-1,20.02.2020-17:26:47,1.90000000e+01,6.43878400e-01,8.90301895e+00,1.92667719e-03,1.09905563e+02,8.03850708e+01,1.87562809e+01,2.57636726e-01,3.44456345e-01
5345803-S04-156I3-A-L-C-190-7-1,20.02.2020-17:26:49,9.00000000e+00,6.44975066e-01,8.90510654e+00,1.77113886e-03,6.61145782e+01,8.04831543e+01,1.88155632e+01,2.71977067e-01,3.54131818e-01
5345803-S04-156I3-A-L-C-190-7-1,20.02.2020-17:26:51,9.00000000e+00,6.44729793e-01,8.91744518e+00,1.91772159e-03,3.90000854e+02,8.05632706e+01,1.88532181e+01,5.58702424e-02,8.92776772e-02
5345803-S04-156I3-A-L-C-190-7-1,20.02.2020-17:26:53,2.00000000e+01,6.43210769e-01,8.89185429e+00,1.80803135e-03,2.45292862e+02,8.01275787e+01,1.86533947e+01,1.27518609e-01,2.59303123e-01
5345803-S04-156I3-A-L-C-190-7-1,20.02.2020-17:26:56,1.90000000e+01,6.43383861e-01,8.87759876e+00,1.88582705e-03,2.98757660e+02,8.04675369e+01,1.87075348e+01,7.82027021e-02,1.22070149e-01
5345803-S04-156I3-A-L-C-190-7-1,20.02.2020-17:26:58,2.00000000e+01,6.42320454e-01,8.83960056e+00,1.74732250e-03,2.56398865e+02,8.05133438e+01,1.86072617e+01,1.15018182e-01,1.88470662e-01
5345803-S04-156I3-A-L-C-190-7-1,20.02.2020-17:27:00,1.90000000e+01,6.43130183e-01,8.87275410e+00,1.64736190e-03,2.27531113e+02,8.06090164e+01,1.87228146e+01,1.16806224e-01,1.94960520e-01
5345803-S04-156I3-A-L-C-190-7-1,20.02.2020-17:27:02,2.00000000e+01,6.41663253e-01,8.86429787e+00,1.85720902e-03,1.36233170e+02,8.06665878e+01,1.86756344e+01,1.63287267e-01,2.95155823e-01
5345803-S04-156I3-A-L-C-190-7-1,20.02.2020-17:27:04,1.90000000e+01,6.44499004e-01,8.90154076e+00,1.74912438e-03,2.90493042e+02,8.04863892e+01,1.87949028e+01,1.44974828e-01,2.45231435e-01
5345803-S04-156I3-A-L-C-190-7-1,20.02.2020-17:27:06,1.90000000e+01,6.44489229e-01,8.90552425e+00,1.84515759e-03,8.98634109e+01,8.04690399e+01,1.87989750e+01,2.67461598e-01,3.77578467e-01
5345803-S04-156I3-A-L-C-190-7-1,20.02.2020-17:27:08,9.00000000e+00,6.44200802e-01,8.89912701e+00,1.66766322e-03,3.62068726e+02,8.06418762e+01,1.88173943e+01,8.71388167e-02,1.65873438e-01
5345803-S04-156I3-A-L-C-190-7-1,20.02.2020-17:27:10,1.90000000e+01,6.44375563e-01,8.91364384e+00,1.94529921e-03,2.34939346e+02,8.04100571e+01,1.87990074e+01,1.45491749e-01,2.32690156e-01
5345803-S04-156I3-A-L-C-190-7-1,20.02.2020-17:27:13,1.90000000e+01,6.44338846e-01,8.90446758e+00,1.98824657e-03,3.74587280e+02,8.04628448e+01,1.87909107e+01,7.77549520e-02,1.35946959e-01
5345803-S04-156I3-A-L-C-190-7-1,20.02.2020-17:27:15,9.00000000e+00,6.44256592e-01,8.90226269e+00,1.92279264e-03,4.19987640e+02,8.05382843e+01,1.88014717e+01,9.22020748e-02,1.79457933e-01
5345803-S04-156I3-A-L-C-190-7-1,20.02.2020-17:27:17,9.00000000e+00,6.44689858e-01,8.89969254e+00,1.52387889e-03,1.24571663e+02,8.06171799e+01,1.88271103e+01,1.78788483e-01,2.46091694e-01
5345803-S04-156I3-A-L-C-190-7-1,20.02.2020-17:27:19,9.00000000e+00,6.44885898e-01,8.91557217e+00,2.05984316e-03,7.08935242e+02,8.04457245e+01,1.88263111e+01,5.26766255e-02,9.85065028e-02
5345803-S04-156I3-A-L-C-190-7-1,20.02.2020-17:27:21,1.90000000e+01,6.44221306e-01,8.89558411e+00,1.61976332e-03,2.30959885e+02,8.05014114e+01,1.87777386e+01,1.08188555e-01,1.73866779e-01
5345803-S04-156I3-A-L-C-190-7-1,20.02.2020-17:27:23,9.00000000e+00,6.43981516e-01,8.88765717e+00,1.72229542e-03,2.45189148e+02,8.07113419e+01,1.88029270e+01,1.03935421e-01,1.49105325e-01
5345803-S04-156I3-A-L-C-190-7-1,20.02.2020-17:27:27,1.90000000e+01,6.43836975e-01,8.90213108e+00,1.85073959e-03,3.38343811e+02,8.01835175e+01,1.87061844e+01,5.49172722e-02,1.51076764e-01
5345803-S04-156I3-A-L-C-190-7-1,20.02.2020-17:27:29,1.90000000e+01,6.43139184e-01,8.88280010e+00,1.82527385e-03,1.03807877e+02,8.05125275e+01,1.87218399e+01,1.88804239e-01,2.73114830e-01
5345803-S04-156I3-A-L-C-190-7-1,20.02.2020-17:27:32,9.00000000e+00,6.45052254e-01,8.91462517e+00,1.77045574e-03,2.09132401e+02,8.04494858e+01,1.88300476e+01,1.06425032e-01,1.54843733e-01
5345803-S04-156I3-A-L-C-190-7-1,20.02.2020-17:27:34,2.00000000e+01,6.42588556e-01,8.87850761e+00,1.79693161e-03,2.26470856e+02,8.05104904e+01,1.86962986e+01,7.85187259e-02,1.06045470e-01
5345803-S04-156I3-A-L-C-190-7-1,20.02.2020-17:27:36,1.90000000e+01,6.43289268e-01,8.88776588e+00,1.73766492e-03,1.83277939e+02,8.05368347e+01,1.87423325e+01,1.36721775e-01,2.11300179e-01
5345803-S04-156I3-A-L-C-190-7-1,20.02.2020-17:27:38,2.10000000e+01,6.40019655e-01,8.83767796e+00,1.67305465e-03,6.10829163e+02,8.03655624e+01,1.85025520e+01,5.00321090e-02,1.00068368e-01
5345803-S04-156I3-A-L-C-190-7-1,20.02.2020-17:27:40,1.90000000e+01,6.42376065e-01,8.87444496e+00,1.68923754e-03,4.96350952e+02,8.06520844e+01,1.87144184e+01,8.19297284e-02,1.17763482e-01
5345803-S04-156I3-A-L-C-190-7-1,20.02.2020-17:27:42,9.00000000e+00,6.45232618e-01,8.92970848e+00,1.84358167e-03,1.25240959e+02,8.04511642e+01,1.88675766e+01,2.33311251e-01,3.11812967e-01
5345803-S04-156I3-A-L-C-190-7-1,20.02.2020-17:27:44,9.00000000e+00,6.45009577e-01,8.90790272e+00,1.87915086e-03,2.55673340e+02,8.04386978e+01,1.88120823e+01,1.26381725e-01,2.13639662e-01
5345803-S04-156I3-A-L-C-190-7-1,20.02.2020-17:27:46,9.00000000e+00,6.44535542e-01,8.91356087e+00,1.70029863e-03,8.58989334e+01,8.05836411e+01,1.88440895e+01,2.50567645e-01,3.73153239e-01
5345803-S04-156I3-A-L-C-190-7-1,20.02.2020-17:27:48,9.00000000e+00,6.44571126e-01,8.91925716e+00,1.81905355e-03,1.08466240e+02,8.05604401e+01,1.88517475e+01,2.00948060e-01,2.61222601e-01
5345803-S04-156I3-A-L-C-190-7-1,20.02.2020-17:27:51,2.10000000e+01,6.43586099e-01,8.85851097e+00,1.86539383e-03,6.22680321e+01,7.99535446e+01,1.85539055e+01,3.74292254e-01,6.18514061e-01
5345803-S04-156I3-A-L-C-190-7-1,20.02.2020-17:27:53,2.00000000e+01,6.42023087e-01,8.90049458e+00,1.85751484e-03,8.06767731e+01,8.01219788e+01,1.86357403e+01,2.71924436e-01,3.18513006e-01
5345803-S04-156I3-A-L-C-190-7-1,20.02.2020-17:27:55,1.00000000e+00,6.39645696e-01,8.82943439e+00,1.76307210e-03,9.48214264e+01,8.02179489e+01,1.84405613e+01,2.96414107e-01,5.72735906e-01
5345803-S04-156I3-A-L-C-190-7-1,20.02.2020-17:27:57,2.00000000e+01,6.41586423e-01,8.89371872e+00,1.88514928e-03,1.32039642e+02,8.01578827e+01,1.86172256e+01,1.84572205e-01,2.14561284e-01
5345803-S04-156I3-A-L-C-190-7-1,20.02.2020-17:27:59,9.00000000e+00,6.45584404e-01,8.90784264e+00,1.75852492e-03,1.59147034e+02,8.03380737e+01,1.88051662e+01,1.34017900e-01,1.69161841e-01
5345803-S04-156I3-A-L-C-190-7-1,20.02.2020-17:28:01,1.90000000e+01,6.45336390e-01,8.91498280e+00,1.92551047e-03,1.22867241e+02,8.02547150e+01,1.87934875e+01,1.94651544e-01,2.43089005e-01
5345803-S04-156I3-A-L-C-190-7-1,20.02.2020-17:28:03,2.10000000e+01,6.40131235e-01,8.87188244e+00,1.88945199e-03,1.12878159e+02,8.01306076e+01,1.85230904e+01,2.41893530e-01,3.26094836e-01
5345803-S04-156I3-A-L-C-190-7-1,20.02.2020-17:28:05,2.00000000e+01,6.41363442e-01,8.88571072e+00,1.75164698e-03,1.58032913e+02,8.02282639e+01,1.86103268e+01,1.72458172e-01,2.01611355e-01
5345803-S04-156I3-A-L-C-190-7-1,20.02.2020-17:28:07,9.00000000e+00,6.45609915e-01,8.91819382e+00,1.77630223e-03,1.71282455e+02,8.02827530e+01,1.88147984e+01,1.61546052e-01,1.98320180e-01
5345803-S04-156I3-A-L-C-190-7-1,20.02.2020-17:28:10,2.10000000e+01,6.39972627e-01,8.86865234e+00,1.70420553e-03,1.28600723e+02,8.02174377e+01,1.85318184e+01,2.22670153e-01,3.36513251e-01
5345803-S04-156I3-A-L-C-190-7-1,20.02.2020-17:28:12,1.90000000e+01,6.45203173e-01,8.90799236e+00,1.86548906e-03,1.98588379e+02,8.02684708e+01,1.87780952e+01,1.07934460e-01,1.42710760e-01
5345803-S04-156I3-A-L-C-190-7-1,20.02.2020-17:28:14,1.90000000e+01,6.43367827e-01,8.88078880e+00,1.76541915e-03,1.20181847e+02,8.04779358e+01,1.87162094e+01,1.90719724e-01,2.61302680e-01
5345803-S04-156I3-A-L-C-190-7-1,20.02.2020-17:28:16,9.00000000e+00,6.48069441e-01,8.91236591e+00,1.84256374e-03,9.07327347e+01,8.04171371e+01,1.89057255e+01,3.03357512e-01,4.12490755e-01
5345803-S04-156I3-A-L-C-190-7-1,20.02.2020-17:28:18,8.00000000e+00,6.47107482e-01,8.92341709e+00,1.85542647e-03,4.06113831e+02,8.04919586e+01,1.89186554e+01,1.13173194e-01,1.63817853e-01
5345803-S04-156I3-A-L-C-190-7-1,20.02.2020-17:28:20,9.00000000e+00,6.47212625e-01,8.92077541e+00,1.87039177e-03,2.10369476e+02,8.04366760e+01,1.89031372e+01,2.04620957e-01,2.83224076e-01
5345803-S04-156I3-A-L-C-190-7-1,20.02.2020-17:28:22,2.10000000e+01,6.43545091e-01,8.84262180e+00,1.64854887e-03,2.07190414e+02,8.01906433e+01,1.85743618e+01,2.17200905e-01,3.29262316e-01
5345803-S04-156I3-A-L-C-190-7-1,20.02.2020-17:28:24,2.10000000e+01,6.43008530e-01,8.83532810e+00,1.75730744e-03,1.21695740e+02,8.01153259e+01,1.85261517e+01,3.84745657e-01,4.94796872e-01
5345803-S04-156I3-A-L-C-190-7-1,20.02.2020-17:28:26,2.00000000e+01,6.42652392e-01,8.88690376e+00,1.91645115e-03,7.86317139e+02,8.01207962e+01,1.86252480e+01,5.86226434e-02,1.73099056e-01
5345803-S04-156I3-A-L-C-190-7-1,20.02.2020-17:28:29,1.90000000e+01,6.43407822e-01,8.91224957e+00,1.84846739e-03,9.79013977e+01,8.01242981e+01,1.87011414e+01,1.75168902e-01,2.36067548e-01
5345803-S04-156I3-A-L-C-190-7-1,20.02.2020-17:28:31,2.00000000e+01,6.44500732e-01,8.86938667e+00,1.91467116e-03,4.46148651e+02,8.00200500e+01,1.86185570e+01,1.03795417e-01,1.70180142e-01
5345803-S04-156I3-A-L-C-190-7-1,20.02.2020-17:28:33,2.00000000e+01,6.43110991e-01,8.87265587e+00,2.06284900e-03,2.22980499e+02,8.02032394e+01,1.86278057e+01,1.48669973e-01,3.35235983e-01
5345803-S04-156I3-A-L-C-190-7-1,20.02.2020-17:28:41,1.90000000e+01,6.45123959e-01,8.90358067e+00,1.94566371e-03,1.93524399e+02,8.01800385e+01,1.87458153e+01,1.40491351e-01,2.02011362e-01
5345803-S04-156I3-A-L-C-190-7-1,20.02.2020-17:28:43,1.90000000e+01,6.45222306e-01,8.90780735e+00,1.82961661e-03,4.09945404e+02,8.02786026e+01,1.87806320e+01,8.25347006e-02,1.28088206e-01
5345803-S04-156I3-A-L-C-190-7-1,20.02.2020-17:28:45,1.90000000e+01,6.46068871e-01,8.90254688e+00,2.06714030e-03,3.30165009e+02,8.00694275e+01,1.87451973e+01,1.19210698e-01,1.48334205e-01
5345803-S04-156I3-A-L-C-190-7-1,20.02.2020-17:28:47,2.10000000e+01,6.42059624e-01,8.91624451e+00,2.14080489e-03,4.67286285e+02,7.98115463e+01,1.85974445e+01,8.73086229e-02,1.31773442e-01
5345803-S04-156I3-A-L-C-190-7-1,20.02.2020-17:28:49,2.00000000e+01,6.42534018e-01,8.93340778e+00,1.95524213e-03,7.80322113e+01,7.96761093e+01,1.86153679e+01,3.55569988e-01,4.24969465e-01
5345803-S04-156I3-A-L-C-190-7-1,20.02.2020-17:28:51,2.00000000e+00,6.40069187e-01,8.78032398e+00,1.48243585e-03,2.86137573e+02,8.03864288e+01,1.83886719e+01,1.53193474e-01,6.33808434e-01
5345803-S04-156I3-A-L-C-190-7-1,20.02.2020-17:28:53,1.90000000e+01,6.45938158e-01,8.92611122e+00,2.10851245e-03,2.68745575e+02,7.98698502e+01,1.87441730e+01,9.71602499e-02,1.29283115e-01
5345803-S04-156I3-A-L-C-190-7-1,20.02.2020-17:28:56,2.00000000e+00,6.38584256e-01,8.75520611e+00,1.74328953e-03,2.69821014e+02,8.03677750e+01,1.82892857e+01,1.62862495e-01,8.43911827e-01
5345803-S04-156I3-A-L-C-190-7-1,20.02.2020-17:28:58,1.90000000e+01,6.46030188e-01,8.86970711e+00,1.64741743e-03,2.92596283e+02,8.06012650e+01,1.87989731e+01,9.95294452e-02,2.10254073e-01
5345803-S04-156I3-A-L-C-190-7-1,20.02.2020-17:29:00,1.90000000e+01,6.44515932e-01,8.86366653e+00,1.72782189e-03,2.51385178e+02,8.04254532e+01,1.87012558e+01,1.08756758e-01,1.50665671e-01
5345803-S04-156I3-A-L-C-190-7-1,20.02.2020-17:29:02,1.90000000e+01,6.45919204e-01,8.89811516e+00,1.96895632e-03,5.69898743e+02,8.00352173e+01,1.87235222e+01,7.01056570e-02,1.44828901e-01
5345803-S04-156I3-A-L-C-190-7-1,20.02.2020-17:29:04,2.00000000e+01,6.43790066e-01,8.89999199e+00,2.14312994e-03,1.77173172e+02,8.01632385e+01,1.86955967e+01,1.09270982e-01,1.65647864e-01
5345803-S04-156I3-A-L-C-190-7-1,20.02.2020-17:29:06,2.00000000e+01,6.42775595e-01,8.84423923e+00,1.71405042e-03,5.05013733e+02,8.05440521e+01,1.86373215e+01,1.15077801e-01,3.15297067e-01
5345803-S04-156I3-A-L-C-190-7-1,20.02.2020-17:29:08,1.90000000e+01,6.45952940e-01,8.91135406e+00,2.16334243e-03,3.89485229e+02,7.98450470e+01,1.87078018e+01,9.00746137e-02,1.91933244e-01
5345803-S04-156I3-A-L-C-190-7-1,20.02.2020-17:29:10,1.90000000e+01,6.46007538e-01,8.91647911e+00,2.13716994e-03,5.72299683e+02,7.99278870e+01,1.87395649e+01,1.31231129e-01,1.98355675e-01
5345803-S04-156I3-A-L-C-190-7-1,20.02.2020-17:29:12,1.90000000e+01,6.46184087e-01,8.91522026e+00,1.91015075e-03,1.87280884e+02,8.00593567e+01,1.87728653e+01,8.56221691e-02,1.43722415e-01
5345803-S04-156I3-A-L-C-190-7-1,20.02.2020-17:29:15,2.00000000e+01,6.42287135e-01,8.90991116e+00,1.97236449e-03,1.64327545e+02,8.01406250e+01,1.86674728e+01,8.17840546e-02,1.00919336e-01
5345803-S04-156I3-A-L-C-190-7-1,20.02.2020-17:29:17,2.00000000e+00,6.39997005e-01,8.81525707e+00,2.07777973e-03,1.13995354e+02,7.98842926e+01,1.83444424e+01,2.99404532e-01,8.25071037e-01
5345803-S04-156I3-A-L-C-190-7-1,20.02.2020-17:29:19,2.00000000e+01,6.45734489e-01,8.91533089e+00,2.67808349e-03,3.36499115e+02,7.95979843e+01,1.86519260e+01,9.27351117e-02,1.28047183e-01
5345803-S04-156I3-A-L-C-190-7-1,20.02.2020-17:29:21,2.00000000e+01,6.45153642e-01,8.89408588e+00,2.07768264e-03,2.82972107e+02,7.98915100e+01,1.86592960e+01,1.44690722e-01,3.12338322e-01
5345803-S04-156I3-A-L-C-190-7-1,20.02.2020-17:29:23,9.00000000e+00,6.46832645e-01,8.94448090e+00,2.29808339e-03,1.87760651e+02,8.00474854e+01,1.88505898e+01,1.56137004e-01,1.94372028e-01
5345803-S04-156I3-A-L-C-190-7-1,20.02.2020-17:29:25,2.00000000e+01,6.44852340e-01,8.90102005e+00,2.27166759e-03,1.19750381e+02,7.98271484e+01,1.86500874e+01,2.78731644e-01,4.80600506e-01
5345803-S04-156I3-A-L-C-190-7-1,20.02.2020-17:29:27,2.00000000e+01,6.44772112e-01,8.90795898e+00,2.50421232e-03,1.41530258e+02,7.98262558e+01,1.86620960e+01,1.65812030e-01,3.13454449e-01
5345803-S04-156I3-A-L-C-190-7-1,20.02.2020-17:29:29,2.00000000e+01,6.43527687e-01,8.86807823e+00,2.27149739e-03,3.13281097e+02,8.00790024e+01,1.86014004e+01,1.24014549e-01,3.06820303e-01
5345803-S04-156I3-A-L-C-190-7-1,20.02.2020-17:29:32,1.90000000e+01,6.46294534e-01,8.91276932e+00,2.10742210e-03,3.13035522e+02,8.00592957e+01,1.87709007e+01,1.37679100e-01,1.77620113e-01
5345803-S04-156I3-A-L-C-190-7-1,20.02.2020-17:29:34,1.90000000e+01,6.44763827e-01,8.90447712e+00,2.09467695e-03,1.88805710e+02,8.00838242e+01,1.87147541e+01,2.03490764e-01,2.90981412e-01
5345803-S04-156I3-A-L-C-190-7-1,20.02.2020-17:29:36,1.00000000e+00,6.40172958e-01,8.83701420e+00,2.09091068e-03,3.51004089e+02,8.01563492e+01,1.84574203e+01,1.13614626e-01,4.08014804e-01
5345803-S04-156I3-A-L-C-190-7-1,20.02.2020-17:29:38,1.90000000e+01,6.46245182e-01,8.92562771e+00,2.01482489e-03,3.34894073e+02,7.99607010e+01,1.87733974e+01,5.33111356e-02,8.18206817e-02
5345803-S04-156I3-A-L-C-190-7-1,20.02.2020-17:29:40,1.90000000e+01,6.44542515e-01,8.91095352e+00,2.13763001e-03,3.66034760e+02,8.01172485e+01,1.87297516e+01,9.49338898e-02,1.48325562e-01
5345803-S04-156I3-A-L-C-190-7-1,20.02.2020-17:29:42,1.90000000e+01,6.45383537e-01,8.89920807e+00,2.07054359e-03,6.78916565e+02,8.02008438e+01,1.87490139e+01,5.92005141e-02,1.61329582e-01
5345803-S04-156I3-A-L-C-190-7-1,20.02.2020-17:29:44,2.10000000e+01,6.40970170e-01,8.87292004e+00,1.97400106e-03,3.78625488e+02,8.00318680e+01,1.85266781e+01,1.12010866e-01,3.64039391e-01
5345803-S04-156I3-A-L-C-190-7-1,20.02.2020-17:29:46,2.10000000e+01,6.40728295e-01,8.87015915e+00,1.86938571e-03,3.27540710e+02,8.00217896e+01,1.85115910e+01,1.23320013e-01,3.64109218e-01
5345803-S04-156I3-A-L-C-190-7-1,20.02.2020-17:29:49,2.00000000e+00,6.40457928e-01,8.80891323e+00,1.90881314e-03,1.28781021e+02,8.00585861e+01,1.83844662e+01,3.12409818e-01,8.80166173e-01
5345803-S04-156I3-A-L-C-190-7-1,20.02.2020-17:29:51,2.10000000e+01,6.45243645e-01,8.90204716e+00,2.68720323e-03,2.81505035e+02,7.95335159e+01,1.85949078e+01,1.40888795e-01,1.79035991e-01
5345803-S04-156I3-A-L-C-190-7-1,20.02.2020-17:29:53,9.00000000e+00,6.46140158e-01,8.94748116e+00,1.96964131e-03,5.07176666e+02,8.01787872e+01,1.88676243e+01,4.57265638e-02,8.17484632e-02
5345803-S04-156I3-A-L-C-190-7-1,20.02.2020-17:29:55,1.90000000e+01,6.46520555e-01,8.93217087e+00,2.23278650e-03,5.05014221e+02,7.98624954e+01,1.87720795e+01,6.49651065e-02,9.87678245e-02
5345803-S04-156I3-A-L-C-190-7-1,20.02.2020-17:29:57,2.10000000e+01,6.43816769e-01,8.89019680e+00,2.50718417e-03,4.65935669e+02,7.97577667e+01,1.85813313e+01,1.20971411e-01,2.83840895e-01
5345803-S04-156I3-A-L-C-190-7-1,20.02.2020-17:29:59,2.10000000e+01,6.43116951e-01,8.88533115e+00,2.35655135e-03,2.36869247e+02,7.99546967e+01,1.85967808e+01,1.63821369e-01,3.48529637e-01
5345803-S04-156I3-A-L-C-190-7-1,20.02.2020-17:30:01,2.00000000e+01,6.44717813e-01,8.91991901e+00,2.61798338e-03,2.11607571e+01,7.95415802e+01,1.86189423e+01,1.26276731e+00,4.71947432e+00
5345803-S04-156I3-A-L-C-190-7-1,20.02.2020-17:30:03,1.90000000e+01,6.45706534e-01,8.92470932e+00,2.25213659e-03,3.23572540e+02,7.98932419e+01,1.87399960e+01,1.18540108e-01,1.66841999e-01
5345803-S04-156I3-A-L-C-190-7-1,20.02.2020-17:30:06,2.00000000e+01,6.45590305e-01,8.89910507e+00,2.17086589e-03,4.79460510e+02,7.99586029e+01,1.86981544e+01,9.49334949e-02,2.37783864e-01
5345803-S04-156I3-A-L-C-190-7-1,20.02.2020-17:30:08,2.00000000e+01,6.44410372e-01,8.88582134e+00,2.42036604e-03,2.52018036e+02,7.99462509e+01,1.86332397e+01,1.09502167e-01,2.06431642e-01
5345803-S04-156I3-A-L-C-190-7-1,20.02.2020-17:30:10,2.00000000e+01,6.44447863e-01,8.89078426e+00,2.02497980e-03,3.41567169e+02,7.98933182e+01,1.86323891e+01,1.23055600e-01,3.34751576e-01
5345803-S04-156I3-A-L-C-190-7-1,20.02.2020-17:30:12,1.90000000e+01,6.46348834e-01,8.92957306e+00,2.56323232e-03,1.70504974e+02,7.98217392e+01,1.87520638e+01,1.47070214e-01,1.96857944e-01
5345803-S04-156I3-A-L-C-190-7-1,20.02.2020-17:30:14,2.00000000e+00,6.36949480e-01,8.70350266e+00,1.26802502e-03,4.83960083e+02,8.09575958e+01,1.82678261e+01,8.69452581e-02,2.39231139e-01
5345803-S04-156I3-A-L-C-190-7-1,20.02.2020-17:30:16,1.90000000e+01,6.45731330e-01,8.90460587e+00,1.90942676e-03,4.87354980e+02,8.01037903e+01,1.87477779e+01,7.47171417e-02,1.11335613e-01
5345803-S04-156I3-A-L-C-190-7-1,20.02.2020-17:30:18,2.00000000e+01,6.44688427e-01,8.89405155e+00,2.48610438e-03,2.09674911e+02,7.97176666e+01,1.86051960e+01,1.42636806e-01,2.46957406e-01
5345803-S04-156I3-A-L-C-190-7-1,20.02.2020-17:30:20,1.90000000e+01,6.46666050e-01,8.92949200e+00,2.18022056e-03,2.14964371e+02,7.98568726e+01,1.87693520e+01,1.10465474e-01,1.46069124e-01
5345803-S04-156I3-A-L-C-190-7-1,20.02.2020-17:30:23,9.00000000e+00,6.47067904e-01,8.93890572e+00,2.17888434e-03,4.19556000e+02,7.98701935e+01,1.88039513e+01,8.72138515e-02,1.28964022e-01
5345803-S04-156I3-A-L-C-190-7-1,20.02.2020-17:30:43,2.00000000e+01,6.43720806e-01,8.88681984e+00,2.10564141e-03,1.55282150e+02,7.99268265e+01,1.86108704e+01,1.80496261e-01,4.58399445e-01
5345803-S04-156I3-A-L-C-190-7-1,20.02.2020-17:30:45,2.00000000e+01,6.44127190e-01,8.87829685e+00,2.16848496e-03,4.27151215e+02,8.00002823e+01,1.86218586e+01,1.12539679e-01,2.43988380e-01
5345803-S04-156I3-A-L-C-190-7-1,20.02.2020-17:30:47,2.00000000e+01,6.44903004e-01,8.88894558e+00,2.33964878e-03,3.31870636e+02,7.99696808e+01,1.86595078e+01,1.13671251e-01,2.70700991e-01
5345803-S04-156I3-A-L-C-190-7-1,20.02.2020-17:30:50,1.90000000e+01,6.45408690e-01,8.92989254e+00,2.47744890e-03,3.18040527e+02,7.97750320e+01,1.87144985e+01,7.81633928e-02,1.35053381e-01
5345803-S04-156I3-A-L-C-190-7-1,20.02.2020-17:30:52,2.00000000e+01,6.45260453e-01,8.89525414e+00,2.16820929e-03,2.36124786e+02,7.97378922e+01,1.86289482e+01,1.16631187e-01,1.53318405e-01
5345803-S04-156I3-A-L-C-190-7-1,20.02.2020-17:30:54,1.90000000e+01,6.45881236e-01,8.92758751e+00,2.39132112e-03,1.98684265e+02,7.98888397e+01,1.87500782e+01,9.80676711e-02,1.27708793e-01
5345803-S04-156I3-A-L-C-190-7-1,20.02.2020-17:30:56,9.00000000e+00,6.45252466e-01,8.96656227e+00,1.87244778e-03,1.88641113e+02,8.00681915e+01,1.88558369e+01,1.52121022e-01,1.87892601e-01
5345803-S04-156I3-A-L-C-190-7-1,20.02.2020-17:30:58,9.00000000e+00,6.44959569e-01,8.95789814e+00,2.02425639e-03,2.41276215e+02,8.00774994e+01,1.88312569e+01,1.30513191e-01,1.61862805e-01
5345803-S04-156I3-A-L-C-190-7-1,20.02.2020-17:31:00,9.00000000e+00,6.45980477e-01,8.96511364e+00,2.18396168e-03,1.59551575e+02,7.99860764e+01,1.88547058e+01,1.95504993e-01,2.90106505e-01
5345803-S04-156I3-A-L-C-190-7-1,20.02.2020-17:31:02,1.90000000e+01,6.44296706e-01,8.92922211e+00,2.18479685e-03,1.33397461e+02,7.98849335e+01,1.87065887e+01,2.54591346e-01,4.34942633e-01
5345803-S04-156I3-A-L-C-190-7-1,20.02.2020-17:31:04,9.00000000e+00,6.45319343e-01,8.93476295e+00,1.72057922e-03,4.55801819e+02,8.05010605e+01,1.88925037e+01,6.08222224e-02,2.17290327e-01
5345803-S04-156I3-A-L-C-190-7-1,20.02.2020-17:31:07,2.10000000e+01,6.38208151e-01,8.81726456e+00,1.66000589e-03,1.85351486e+02,8.08333817e+01,1.85147190e+01,1.93833843e-01,8.00367892e-01
5345803-S04-156I3-A-L-C-190-7-1,20.02.2020-17:31:09,9.00000000e+00,6.44589901e-01,8.91161537e+00,1.74835860e-03,1.75333923e+02,8.04876633e+01,1.88191261e+01,1.05669260e-01,1.59966066e-01
5345803-S04-156I3-A-L-C-190-7-1,20.02.2020-17:31:11,2.00000000e+01,6.41168952e-01,8.87583542e+00,1.65267126e-03,1.17592285e+02,8.04712219e+01,1.86402836e+01,2.44882077e-01,6.56430244e-01
5345803-S04-156I3-A-L-C-190-7-1,20.02.2020-17:31:13,2.00000000e+01,6.40521407e-01,8.87868404e+00,1.87219481e-03,2.43513290e+02,8.05645447e+01,1.86490364e+01,1.40473410e-01,5.23874700e-01
5345803-S04-156I3-A-L-C-190-7-1,20.02.2020-17:31:15,9.00000000e+00,6.44231796e-01,8.91066360e+00,1.69521628e-03,1.63259766e+02,8.06075439e+01,1.88346710e+01,9.53301340e-02,1.43444464e-01
5345803-S04-156I3-A-L-C-190-7-1,20.02.2020-17:31:17,9.00000000e+00,6.44354224e-01,8.90529156e+00,1.83251768e-03,2.29747894e+02,8.05875778e+01,1.88222332e+01,9.04761478e-02,1.41301304e-01
5345803-S04-156I3-A-L-C-190-7-1,20.02.2020-17:31:19,9.00000000e+00,6.45814121e-01,8.92012978e+00,1.74204540e-03,2.81807129e+02,8.06013718e+01,1.88995457e+01,1.01578310e-01,1.82535842e-01
5345803-S04-156I3-A-L-C-190-7-1,20.02.2020-17:31:21,1.90000000e+01,6.46308839e-01,8.91668034e+00,2.15698290e-03,5.01818237e+02,7.98196106e+01,1.87233295e+01,5.30367643e-02,8.20197761e-02
5345803-S04-156I3-A-L-C-190-7-1,20.02.2020-17:31:23,9.00000000e+00,6.45538449e-01,8.93781376e+00,1.62941322e-03,1.42864044e+02,8.04611969e+01,1.88960094e+01,1.49640903e-01,3.88972342e-01
5345803-S04-156I3-A-L-C-190-7-1,20.02.2020-17:31:26,9.00000000e+00,6.45155311e-01,8.92773151e+00,2.13787029e-03,2.02278198e+02,8.02826843e+01,1.88216419e+01,1.47390440e-01,3.63672435e-01
5345803-S04-156I3-A-L-C-190-7-1,20.02.2020-17:31:28,2.00000000e+01,6.41334057e-01,8.90486622e+00,1.72828382e-03,3.74619598e+02,8.03955078e+01,1.86884670e+01,8.70919526e-02,2.63748914e-01
5345803-S04-156I3-A-L-C-190-7-1,20.02.2020-17:31:30,9.00000000e+00,6.46128893e-01,8.92826462e+00,1.74880575e-03,1.95120178e+02,8.04197464e+01,1.88833542e+01,1.06950283e-01,2.85826504e-01
5345803-S04-156I3-A-L-C-190-7-1,20.02.2020-17:31:32,1.00000000e+00,6.38670743e-01,8.85680676e+00,1.92317215e-03,4.56111694e+02,8.03214645e+01,1.84933681e+01,1.38439789e-01,1.05563474e+00
5345803-S04-156I3-A-L-C-190-7-1,20.02.2020-17:31:34,9.00000000e+00,6.45907700e-01,8.94434547e+00,1.82477909e-03,2.18678329e+02,8.00976181e+01,1.88351402e+01,1.32936940e-01,2.18488693e-01
5345803-S04-156I3-A-L-C-190-7-1,20.02.2020-17:31:36,1.90000000e+01,6.44157231e-01,8.89301395e+00,1.67431717e-03,2.12897858e+02,8.02244797e+01,1.87058735e+01,2.52965420e-01,8.46853733e-01
5345803-S04-156I3-A-L-C-190-7-1,20.02.2020-17:31:38,9.00000000e+00,6.45712495e-01,8.94786263e+00,1.82574627e-03,1.41840851e+02,8.00736008e+01,1.88312016e+01,2.09823757e-01,3.16241145e-01
5345803-S04-156I3-A-L-C-190-7-1,20.02.2020-17:31:41,9.00000000e+00,6.45582914e-01,8.94976234e+00,1.70561601e-03,2.62255463e+02,8.01222076e+01,1.88428516e+01,1.19622275e-01,2.01659441e-01
5345803-S04-156I3-A-L-C-190-7-1,20.02.2020-17:31:43,1.90000000e+01,6.44560158e-01,8.91096401e+00,1.95372943e-03,1.20564423e+02,8.01900330e+01,1.87473011e+01,2.36645192e-01,6.33141160e-01
5345803-S04-156I3-A-L-C-190-7-1,20.02.2020-17:31:45,9.00000000e+00,6.45828009e-01,8.94248009e+00,1.80568814e-03,2.21078659e+02,8.01094437e+01,1.88316669e+01,1.68864310e-01,2.84813225e-01
5345803-S04-156I3-A-L-C-190-7-1,20.02.2020-17:31:47,9.00000000e+00,6.44967675e-01,8.94727230e+00,2.02440424e-03,2.06221085e+02,8.01369476e+01,1.88231182e+01,1.46406591e-01,2.24294186e-01
5345803-S04-156I3-A-L-C-190-7-1,20.02.2020-17:31:49,1.90000000e+01,6.45870864e-01,8.89414310e+00,1.98365655e-03,2.19265762e+02,8.01363068e+01,1.87374020e+01,1.21909544e-01,1.88150138e-01
5345803-S04-156I3-A-L-C-190-7-1,20.02.2020-17:31:51,9.00000000e+00,6.46376431e-01,8.95250702e+00,1.92718476e-03,2.03558029e+02,7.99514694e+01,1.88315849e+01,1.38247252e-01,2.31518582e-01
5345803-S04-156I3-A-L-C-190-7-1,20.02.2020-17:31:53,2.00000000e+01,6.43878758e-01,8.86737919e+00,1.92556973e-03,1.52674957e+02,8.00676880e+01,1.86074486e+01,2.07796469e-01,6.43291652e-01
5345803-S04-156I3-A-L-C-190-7-1,20.02.2020-17:31:56,9.00000000e+00,6.45561039e-01,8.94127369e+00,1.99129875e-03,2.98768280e+02,8.01042709e+01,1.88201275e+01,1.37700006e-01,2.23779798e-01
5345803-S04-156I3-A-L-C-190-7-1,20.02.2020-17:31:58,1.90000000e+01,6.43229783e-01,8.95195484e+00,1.81978487e-03,1.33531738e+02,7.99225998e+01,1.87319870e+01,1.77382618e-01,2.12338939e-01
5345803-S04-156I3-A-L-C-190-7-1,20.02.2020-17:32:00,2.00000000e+01,6.43174708e-01,8.93405437e+00,1.91142096e-03,1.12179695e+02,7.97994614e+01,1.86641273e+01,1.87999025e-01,2.23072335e-01
5345803-S04-156I3-A-L-C-190-7-1,20.02.2020-17:32:02,2.10000000e+01,6.43311739e-01,8.87380600e+00,1.82242610e-03,2.68856384e+02,7.99069977e+01,1.85671997e+01,1.85868844e-01,4.82545137e-01
5345803-S04-156I3-A-L-C-190-7-1,20.02.2020-17:32:04,1.90000000e+01,6.43835664e-01,8.90707111e+00,2.04634131e-03,1.53010635e+02,8.01893768e+01,1.87178936e+01,2.40173474e-01,8.25383902e-01
5345803-S04-156I3-A-L-C-190-7-1,20.02.2020-17:32:06,2.10000000e+01,6.43518686e-01,8.86870193e+00,1.89124607e-03,1.36713211e+02,7.98240662e+01,1.85432224e+01,2.06882939e-01,5.09927511e-01
5345803-S04-156I3-A-L-C-190-7-1,20.02.2020-17:32:13,1.90000000e+01,6.45076215e-01,8.94509411e+00,2.08937167e-03,1.66795593e+02,7.98145676e+01,1.87459869e+01,2.05877215e-01,3.43096226e-01
5345803-S04-156I3-A-L-C-190-7-1,20.02.2020-17:32:15,2.00000000e+01,6.43924832e-01,8.89337444e+00,2.20426102e-03,1.08955406e+02,8.00636139e+01,1.86623840e+01,3.03034484e-01,9.40927982e-01
5345803-S04-156I3-A-L-C-190-7-1,20.02.2020-17:32:17,1.90000000e+01,6.45812273e-01,8.93289948e+00,1.62399362e-03,2.27248901e+02,8.00334702e+01,1.87931938e+01,1.51393518e-01,2.49105915e-01
5345803-S04-156I3-A-L-C-190-7-1,20.02.2020-17:32:19,1.90000000e+01,6.45312190e-01,8.89120293e+00,1.65506732e-03,7.14790726e+01,8.01294708e+01,1.87134075e+01,3.18183988e-01,4.15917307e-01
5345803-S04-156I3-A-L-C-190-7-1,20.02.2020-17:32:21,9.00000000e+00,6.46107733e-01,8.95883274e+00,2.07806961e-03,2.64970642e+02,7.99064026e+01,1.88264389e+01,1.40674606e-01,2.27224529e-01
5345803-S04-156I3-A-L-C-190-7-1,20.02.2020-17:32:24,9.00000000e+00,6.45454288e-01,8.95534611e+00,2.18900293e-03,2.13581680e+02,7.99885788e+01,1.88194122e+01,1.70490131e-01,2.58702070e-01
5345803-S04-156I3-A-L-C-190-7-1,20.02.2020-17:32:26,1.90000000e+01,6.45119250e-01,8.93809509e+00,2.12811143e-03,2.67047729e+02,7.99645767e+01,1.87677765e+01,1.36962891e-01,2.26035550e-01
5345803-S04-156I3-A-L-C-190-7-1,20.02.2020-17:32:28,9.00000000e+00,6.45934284e-01,8.95238495e+00,1.70532463e-03,1.27790161e+02,8.00496750e+01,1.88415585e+01,2.21214190e-01,3.34490895e-01
5345803-S04-156I3-A-L-C-190-7-1,20.02.2020-17:32:30,9.00000000e+00,6.45053327e-01,8.95184803e+00,2.01503863e-03,1.45820923e+02,8.01324692e+01,1.88341942e+01,1.46719798e-01,2.30387554e-01
5345803-S04-156I3-A-L-C-190-7-1,20.02.2020-17:32:32,1.90000000e+01,6.45184636e-01,8.94635487e+00,2.11767550e-03,1.97474731e+02,8.00120087e+01,1.87981663e+01,1.53298795e-01,2.51355439e-01
5345803-S04-156I3-A-L-C-190-7-1,20.02.2020-17:32:34,2.00000000e+01,6.43748760e-01,8.87368870e+00,1.63772807e-03,2.07177429e+02,8.01322098e+01,1.86319332e+01,1.72136649e-01,6.42132699e-01
5345803-S04-156I3-A-L-C-190-7-1,20.02.2020-17:32:36,2.00000000e+01,6.42222762e-01,8.90392494e+00,1.75328623e-03,2.28327332e+02,8.01305008e+01,1.86507034e+01,2.11853400e-01,5.68712473e-01
5345803-S04-156I3-A-L-C-190-7-1,20.02.2020-17:32:39,8.00000000e+00,6.48025513e-01,8.95276165e+00,1.66585727e-03,3.58372223e+02,8.03079681e+01,1.89643478e+01,1.08094901e-01,1.74220711e-01
5345803-S04-156I3-A-L-C-190-7-1,20.02.2020-17:32:41,9.00000000e+00,6.47715867e-01,8.93460178e+00,1.96668087e-03,3.92953491e+02,8.02309341e+01,1.88986931e+01,1.06451198e-01,1.80927664e-01
5345803-S04-156I3-A-L-C-190-7-1,20.02.2020-17:32:43,1.90000000e+01,6.44339204e-01,8.90041447e+00,1.69845414e-03,1.51037125e+02,8.02467346e+01,1.87319241e+01,1.77383065e-01,5.29556334e-01
5345803-S04-156I3-A-L-C-190-7-1,20.02.2020-17:32:45,1.90000000e+01,6.44874990e-01,8.92351913e+00,1.56346895e-03,1.14760071e+02,8.00688705e+01,1.87545052e+01,2.31977686e-01,3.18762809e-01
5345803-S04-156I3-A-L-C-190-7-1,20.02.2020-17:32:47,2.10000000e+01,6.43005252e-01,8.85337543e+00,1.81951339e-03,2.63337921e+02,8.00133896e+01,1.85402794e+01,2.29025900e-01,5.62458336e-01
5345803-S04-156I3-A-L-C-190-7-1,20.02.2020-17:32:49,1.90000000e+01,6.45447969e-01,8.87123299e+00,1.69893145e-03,1.74454483e+02,8.02969742e+01,1.87143440e+01,1.83489040e-01,2.57369846e-01
5345803-S04-156I3-A-L-C-190-7-1,20.02.2020-17:32:51,2.00000000e+01,6.45179152e-01,8.87268734e+00,1.91016332e-03,2.49350616e+02,8.01907349e+01,1.86848621e+01,1.30582199e-01,1.88745394e-01
5345803-S04-156I3-A-L-C-190-7-1,20.02.2020-17:32:53,9.00000000e+00,6.47323072e-01,8.92717361e+00,1.89968641e-03,1.76597015e+02,8.03157272e+01,1.88914757e+01,1.35514900e-01,1.93520889e-01
5345803-S04-156I3-A-L-C-190-7-1,20.02.2020-17:32:55,2.00000000e+01,6.41523659e-01,8.89839745e+00,1.91766443e-03,1.54179550e+02,8.00956268e+01,1.86107311e+01,2.20792115e-01,5.59234142e-01
5345803-S04-156I3-A-L-C-190-7-1,20.02.2020-17:32:58,1.90000000e+01,6.44268811e-01,8.92764378e+00,2.10628542e-03,1.55631714e+02,8.00114670e+01,1.87320957e+01,2.10737333e-01,4.01362240e-01
5345803-S04-156I3-A-L-C-190-7-1,20.02.2020-17:33:00,2.00000000e+01,6.42316461e-01,8.86258698e+00,1.47961616e-03,1.70086121e+02,8.03976898e+01,1.86287327e+01,1.64254695e-01,5.12705982e-01
5345803-S04-156I3-A-L-C-190-7-1,20.02.2020-17:33:02,1.00000000e+00,6.39767170e-01,8.95075417e+00,1.89687486e-03,6.82263565e+01,7.93244858e+01,1.84892368e+01,3.73130143e-01,4.56343591e-01
5345803-S04-156I3-A-L-C-190-7-1,20.02.2020-17:33:04,7.00000000e+00,6.46102428e-01,9.00175190e+00,2.15109508e-03,2.09909546e+02,8.06517715e+01,1.90929279e+01,1.46210700e-01,1.78000659e-01
5345803-S04-156I3-A-L-C-190-7-1,20.02.2020-17:33:06,2.10000000e+01,6.41059160e-01,8.86221790e+00,2.11636513e-03,3.16334961e+02,8.00323868e+01,1.85070190e+01,1.43002957e-01,4.99578089e-01
5345803-S04-156I3-A-L-C-190-7-1,20.02.2020-17:33:08,2.10000000e+01,6.41295910e-01,8.86998367e+00,1.67306326e-03,3.38684631e+02,8.01366348e+01,1.85542145e+01,1.79093957e-01,4.63247508e-01
5345803-S04-156I3-A-L-C-190-7-1,20.02.2020-17:33:10,2.00000000e+01,6.41872764e-01,8.90878773e+00,1.67957158e-03,2.34681061e+02,8.00984650e+01,1.86432648e+01,1.54751346e-01,3.12168866e-01
5345803-S04-156I3-A-L-C-190-7-1,20.02.2020-17:33:13,2.10000000e+01,6.41295016e-01,8.89969158e+00,2.20975676e-03,2.44933243e+02,7.99083176e+01,1.85632915e+01,1.74586505e-01,3.68286252e-01
5345803-S04-156I3-A-L-C-190-7-1,20.02.2020-17:33:15,2.10000000e+01,6.40772998e-01,8.88678646e+00,1.97569537e-03,2.38696854e+02,8.00566559e+01,1.85556679e+01,1.56931937e-01,4.12592262e-01
5345803-S04-156I3-A-L-C-190-7-1,20.02.2020-17:33:17,7.00000000e+00,6.47815049e-01,8.96016884e+00,1.65488664e-03,2.72773438e+02,8.05248871e+01,1.90251255e+01,1.32782936e-01,1.78055003e-01
5345803-S04-156I3-A-L-C-190-7-1,20.02.2020-17:33:19,2.00000000e+01,6.43338203e-01,8.89448738e+00,2.15573469e-03,1.41045380e+02,8.02561569e+01,1.86925602e+01,2.30364412e-01,5.06243587e-01
5345803-S04-156I3-A-L-C-190-7-1,20.02.2020-17:33:21,2.00000000e+01,6.45057082e-01,8.90784645e+00,1.75116351e-03,2.83420532e+02,7.98234787e+01,1.86694584e+01,1.75522834e-01,3.18205178e-01
5345803-S04-156I3-A-L-C-190-7-1,20.02.2020-17:33:23,1.90000000e+01,6.45125985e-01,8.91366863e+00,1.58659602e-03,1.57944778e+02,7.99799118e+01,1.87202721e+01,2.49717429e-01,4.23582375e-01
5345803-S04-156I3-A-L-C-190-7-1,20.02.2020-17:33:25,1.90000000e+01,6.43541157e-01,8.90227604e+00,2.01659580e-03,1.47895645e+02,8.02319031e+01,1.87091751e+01,2.36956462e-01,5.16295969e-01
5345803-S04-156I3-A-L-C-190-7-1,20.02.2020-17:33:27,1.90000000e+01,6.44869089e-01,8.89418507e+00,1.75657612e-03,1.33072647e+02,8.02298126e+01,1.87302551e+01,2.48702854e-01,5.43698967e-01
5345803-S04-156I3-A-L-C-190-7-1,20.02.2020-17:33:29,9.00000000e+00,6.45789564e-01,8.91677380e+00,1.63025083e-03,1.97586029e+02,8.02601166e+01,1.88117294e+01,1.79320887e-01,2.44038507e-01
5345803-S04-156I3-A-L-C-190-7-1,20.02.2020-17:33:32,1.90000000e+01,6.44790590e-01,8.90779686e+00,2.06495146e-03,9.53123169e+01,8.00048447e+01,1.87040424e+01,3.40042114e-01,6.50408208e-01
5345803-S04-156I3-A-L-C-190-7-1,20.02.2020-17:33:34,1.90000000e+01,6.44148469e-01,8.92230511e+00,2.25198176e-03,1.80057571e+02,8.00118408e+01,1.87174854e+01,2.02791721e-01,4.40515488e-01
5345803-S04-156I3-A-L-C-190-7-1,20.02.2020-17:33:36,2.00000000e+01,6.40973806e-01,8.89670277e+00,1.58489763e-03,1.78072235e+02,8.04377975e+01,1.86706638e+01,2.38343015e-01,4.66964275e-01
5345803-S04-156I3-A-L-C-190-7-1,20.02.2020-17:33:38,9.00000000e+00,6.45233512e-01,8.95450401e+00,1.70776225e-03,1.34135239e+02,8.04086456e+01,1.89099941e+01,1.72654137e-01,2.43598670e-01
5345803-S04-156I3-A-L-C-190-7-1,20.02.2020-17:33:40,7.00000000e+00,6.48151278e-01,8.98501682e+00,1.65330980e-03,2.02721329e+02,8.03921509e+01,1.90563240e+01,1.58739775e-01,2.03475371e-01
5345803-S04-156I3-A-L-C-190-7-1,20.02.2020-17:33:42,8.00000000e+00,6.45630717e-01,8.94515324e+00,1.87080877e-03,1.72061249e+02,8.04798431e+01,1.89186134e+01,2.40177825e-01,3.24664444e-01
5345803-S04-156I3-A-L-C-190-7-1,20.02.2020-17:33:44,1.90000000e+01,6.43615901e-01,8.90755558e+00,1.73380214e-03,1.09176079e+02,8.03034668e+01,1.87391472e+01,2.93239683e-01,3.47839981e-01
5345803-S04-156I3-A-L-C-190-7-1,20.02.2020-17:33:46,2.10000000e+01,6.41171098e-01,8.86286354e+00,1.66676624e-03,8.72718811e+01,8.00750427e+01,1.85214653e+01,3.45336437e-01,5.70108235e-01
5345803-S04-156I3-A-L-C-190-7-1,20.02.2020-17:33:48,2.00000000e+01,6.42048955e-01,8.91777325e+00,2.01746263e-03,1.12912460e+02,8.01306610e+01,1.86746922e+01,2.51158834e-01,4.38562691e-01
5345803-S04-156I3-A-L-C-190-7-1,20.02.2020-17:33:51,1.90000000e+01,6.41504765e-01,8.94060802e+00,1.76386908e-03,1.38163284e+02,8.01300507e+01,1.87065010e+01,2.61251032e-01,5.03308833e-01
5345803-S04-156I3-A-L-C-190-7-1,20.02.2020-17:33:53,7.00000000e+00,6.47811770e-01,8.98854733e+00,1.86849793e-03,1.17402687e+02,8.05244904e+01,1.90851917e+01,2.53560305e-01,3.01331490e-01
5345803-S04-156I3-A-L-C-190-7-1,20.02.2020-17:33:55,1.90000000e+01,6.43972695e-01,8.91678238e+00,1.62646535e-03,2.75845947e+02,8.01147614e+01,1.87248516e+01,2.13687181e-01,5.10320306e-01
5345803-S04-156I3-A-L-C-190-7-1,20.02.2020-17:33:57,8.00000000e+00,6.47837460e-01,8.97381592e+00,1.68070605e-03,1.74255524e+02,8.03085022e+01,1.90035591e+01,1.63634568e-01,2.12320775e-01
5345803-S04-156I3-A-L-C-190-7-1,20.02.2020-17:33:59,2.00000000e+01,6.42191350e-01,8.91423225e+00,1.87547726e-03,1.62137085e+02,8.01784058e+01,1.86825447e+01,2.02953860e-01,4.75203425e-01
5345803-S04-156I3-A-L-C-190-7-1,20.02.2020-17:34:01,8.00000000e+00,6.47059381e-01,8.96790123e+00,2.13465700e-03,2.21379440e+02,8.03504028e+01,1.89781208e+01,1.82826504e-01,2.31908426e-01
5345803-S04-156I3-A-L-C-190-7-1,20.02.2020-17:34:03,1.90000000e+01,6.43028021e-01,8.91513062e+00,1.80148287e-03,2.37293915e+02,8.05371246e+01,1.87924747e+01,1.69208780e-01,4.82672632e-01
5345803-S04-156I3-A-L-C-190-7-1,20.02.2020-17:34:05,8.00000000e+00,6.47854626e-01,8.97475815e+00,2.21982808e-03,2.58887512e+02,8.02412720e+01,1.89901466e+01,1.85841426e-01,2.24231109e-01
5345803-S04-156I3-A-L-C-190-7-1,20.02.2020-17:34:08,8.00000000e+00,6.47267997e-01,8.97243309e+00,2.20495462e-03,2.54241440e+02,8.02884140e+01,1.89791794e+01,1.23054244e-01,1.60002425e-01
5345803-S04-156I3-A-L-C-190-7-1,20.02.2020-17:34:10,9.00000000e+00,6.45146191e-01,8.92356491e+00,2.19917158e-03,2.15286270e+02,8.02887650e+01,1.88140163e+01,1.72610402e-01,3.41780663e-01
5345803-S04-156I3-A-L-C-190-7-1,20.02.2020-17:34:12,1.90000000e+01,6.44159853e-01,8.90229511e+00,1.90391857e-03,1.42105057e+02,8.02651443e+01,1.87349644e+01,1.72203392e-01,4.53978837e-01
5345803-S04-156I3-A-L-C-190-7-1,20.02.2020-17:34:14,9.00000000e+00,6.45721257e-01,8.91879082e+00,1.98995811e-03,1.62575073e+02,8.02443619e+01,1.88103027e+01,1.90056726e-01,3.41622710e-01
5345803-S04-156I3-A-L-C-190-7-1,20.02.2020-17:34:16,1.90000000e+01,6.44135773e-01,8.90239429e+00,2.02424778e-03,1.67694382e+02,8.01921463e+01,1.87174320e+01,2.65076607e-01,5.03217459e-01
5345803-S04-156I3-A-L-C-190-7-1,20.02.2020-17:34:18,1.90000000e+01,6.43916190e-01,8.90162563e+00,2.07616808e-03,1.74341583e+02,8.02433777e+01,1.87213898e+01,2.72673219e-01,5.41717887e-01
5345803-S04-156I3-A-L-C-190-7-1,20.02.2020-17:34:20,9.00000000e+00,6.47096038e-01,8.93711090e+00,1.79503683e-03,9.70674438e+01,8.01835175e+01,1.88747482e+01,2.46189371e-01,3.18653971e-01
5345803-S04-156I3-A-L-C-190-7-1,20.02.2020-17:34:22,7.00000000e+00,6.47919834e-01,8.98428726e+00,1.87804177e-03,1.24975792e+02,8.02755585e+01,1.90203476e+01,2.07815588e-01,2.65862256e-01
5345803-S04-156I3-A-L-C-190-7-1,20.02.2020-17:34:24,1.90000000e+01,6.44774437e-01,8.93263817e+00,1.65576686e-03,2.48065292e+02,8.01352997e+01,1.87863159e+01,1.92402482e-01,3.72337341e-01
5345803-S04-156I3-A-L-C-190-7-1,20.02.2020-17:34:27,1.90000000e+01,6.42757773e-01,8.90790844e+00,1.75791921e-03,1.22507805e+02,8.05065613e+01,1.87622337e+01,2.66658992e-01,3.22685659e-01
5345803-S04-156I3-A-L-C-190-7-1,20.02.2020-17:34:29,1.90000000e+01,6.42817736e-01,8.89423084e+00,1.78170414e-03,1.36977585e+02,8.05282745e+01,1.87402287e+01,2.54365891e-01,4.87546504e-01
5345803-S04-156I3-A-L-C-190-7-1,20.02.2020-17:34:31,8.00000000e+00,6.47328198e-01,8.94791317e+00,1.53209793e-03,1.23883430e+02,8.04442596e+01,1.89658165e+01,2.22925186e-01,2.70296186e-01
5345803-S04-156I3-A-L-C-190-7-1,20.02.2020-17:34:33,2.00000000e+01,6.41550422e-01,8.89309597e+00,1.89423771e-03,2.27827835e+02,8.01168289e+01,1.86053467e+01,1.85525611e-01,4.15227264e-01
5345803-S04-156I3-A-L-C-190-7-1,20.02.2020-17:34:35,1.00000000e+00,6.39861107e-01,8.83528709e+00,1.85791973e-03,1.14651955e+02,8.02688293e+01,1.84707050e+01,3.82823497e-01,7.70129859e-01
5345803-S04-156I3-A-L-C-190-7-1,20.02.2020-17:34:37,2.10000000e+01,6.40820920e-01,8.85112476e+00,1.74565276e-03,1.96671280e+02,8.03148270e+01,1.85421906e+01,2.33358249e-01,7.44334280e-01
5345803-S04-156I3-A-L-C-190-7-1,20.02.2020-17:34:39,2.10000000e+01,6.40963793e-01,8.90010357e+00,1.91311107e-03,1.74114639e+02,8.00388794e+01,1.85848789e+01,2.06378192e-01,3.89958233e-01
5345803-S04-156I3-A-L-C-190-7-1,20.02.2020-17:34:42,2.00000000e+01,6.41339958e-01,8.90755177e+00,1.92643842e-03,1.63122421e+02,8.01608276e+01,1.86397076e+01,2.02955067e-01,3.85881126e-01
5345803-S04-156I3-A-L-C-190-7-1,20.02.2020-17:34:44,8.00000000e+00,6.48011565e-01,8.97013760e+00,1.74955325e-03,4.34183998e+01,8.02363968e+01,1.89838142e+01,6.81559265e-01,7.89512634e-01
5345803-S04-156I3-A-L-C-190-7-1,20.02.2020-17:34:46,9.00000000e+00,6.44903064e-01,8.92005730e+00,1.92031229e-03,1.65988739e+02,8.04258423e+01,1.88316307e+01,2.52071083e-01,1.02909982e+00
5345803-S04-156I3-A-L-C-190-7-1,20.02.2020-17:34:48,1.90000000e+01,6.44453824e-01,8.91683578e+00,2.04083323e-03,8.63879547e+01,8.02984619e+01,1.87819214e+01,3.66643488e-01,1.31326270e+00
5345803-S04-156I3-A-L-C-190-7-1,20.02.2020-17:34:50,1.90000000e+01,6.41911805e-01,8.95113468e+00,2.14422029e-03,1.21285652e+02,7.99667358e+01,1.87022133e+01,2.57572114e-01,3.12811077e-01
5345803-S04-156I3-A-L-C-190-7-1,20.02.2020-17:34:52,9.00000000e+00,6.45077467e-01,8.91751194e+00,1.59185939e-03,8.66756363e+01,8.03382034e+01,1.88108273e+01,5.38237870e-01,1.33872736e+00
5345803-S04-156I3-A-L-C-190-7-1,20.02.2020-17:34:54,9.00000000e+00,6.45192564e-01,8.91884518e+00,1.80256274e-03,1.39483582e+02,8.03885193e+01,1.88287830e+01,3.26994509e-01,1.27635336e+00
5345803-S04-156I3-A-L-C-190-7-1,20.02.2020-17:34:56,2.00000000e+01,6.43541455e-01,8.90181541e+00,1.92058180e-03,6.74988937e+01,8.00069122e+01,1.86557522e+01,1.24997818e+00,2.13507462e+00
5345803-S04-156I3-A-L-C-190-7-1,20.02.2020-17:34:58,8.00000000e+00,6.46328449e-01,8.99166107e+00,1.72273978e-03,1.51029907e+02,8.01510925e+01,1.89597607e+01,2.13572845e-01,2.56460786e-01
5345803-S04-156I3-A-L-C-190-7-1,20.02.2020-17:35:00,1.90000000e+01,6.41166031e-01,9.02076721e+00,2.27447273e-03,1.26338097e+02,7.97318802e+01,1.87705154e+01,2.04268232e-01,2.56284595e-01
5345803-S04-156I3-A-L-C-190-7-1,20.02.2020-17:35:03,9.00000000e+00,6.44567013e-01,8.95572758e+00,1.56243308e-03,1.29942169e+02,8.01701813e+01,1.88370132e+01,2.16320381e-01,3.30799818e-01
5345803-S04-156I3-A-L-C-190-7-1,20.02.2020-17:35:05,1.90000000e+01,6.43595278e-01,8.92854977e+00,1.75805017e-03,1.25033501e+02,8.01236038e+01,1.87406387e+01,2.29994729e-01,3.05171400e-01
5345803-S04-156I3-A-L-C-190-7-1,20.02.2020-17:35:10,2.00000000e+01,6.42425358e-01,8.92111492e+00,1.85448024e-03,8.73033600e+01,8.00901108e+01,1.86831837e+01,3.48552704e-01,4.03289199e-01
5345803-S04-156I3-A-L-C-190-7-1,20.02.2020-17:35:12,2.00000000e+01,6.40299916e-01,8.88593292e+00,1.58348016e-03,2.21598129e+02,8.04421234e+01,1.86294575e+01,1.99022919e-01,3.72077495e-01
5345803-S04-156I3-A-L-C-190-7-1,20.02.2020-17:35:14,9.00000000e+00,6.44059062e-01,8.93970871e+00,1.62853778e-03,1.44044449e+02,8.02543564e+01,1.88082275e+01,2.10242450e-01,2.89637983e-01
5345803-S04-156I3-A-L-C-190-7-1,20.02.2020-17:35:16,8.00000000e+00,6.47450387e-01,8.96643257e+00,1.45963370e-03,1.52947922e+02,8.04501266e+01,1.90100422e+01,1.81537956e-01,2.63465881e-01
5345803-S04-156I3-A-L-C-190-7-1,20.02.2020-17:35:18,9.00000000e+00,6.45065069e-01,8.93271637e+00,1.55528402e-03,9.10588150e+01,8.01716537e+01,1.88034763e+01,2.57020324e-01,3.11745137e-01
5345803-S04-156I3-A-L-C-190-7-1,20.02.2020-17:35:20,1.90000000e+01,6.43302679e-01,8.91825294e+00,1.71730213e-03,7.43228531e+01,8.03333664e+01,1.87595024e+01,4.07947659e-01,8.18240762e-01
5345803-S04-156I3-A-L-C-190-7-1,20.02.2020-17:35:23,1.90000000e+01,6.43648326e-01,8.94496346e+00,1.73560355e-03,2.44394806e+02,7.99749756e+01,1.87418098e+01,1.48994923e-01,1.87632650e-01
5345803-S04-156I3-A-L-C-190-7-1,20.02.2020-17:35:25,1.90000000e+01,6.42734885e-01,8.93982410e+00,2.07741559e-03,8.76168518e+01,8.00158615e+01,1.87140198e+01,3.27823699e-01,3.90252709e-01
5345803-S04-156I3-A-L-C-190-7-1,20.02.2020-17:35:27,2.00000000e+01,6.42552316e-01,8.91383266e+00,1.74604519e-03,2.18310913e+02,8.00989685e+01,1.86736889e+01,2.16856882e-01,4.21865642e-01
5345803-S04-156I3-A-L-C-190-7-1,20.02.2020-17:35:29,1.00000000e+00,6.40924156e-01,8.83229160e+00,1.94059219e-03,1.16500008e+02,8.02664566e+01,1.84945736e+01,3.05942714e-01,9.88512099e-01
5345803-S04-156I3-A-L-C-190-7-1,20.02.2020-17:35:31,1.90000000e+01,6.43931687e-01,8.94626999e+00,1.70500623e-03,1.24956062e+02,7.99562836e+01,1.87484150e+01,2.23124072e-01,2.69689113e-01
5345803-S04-156I3-A-L-C-190-7-1,20.02.2020-17:35:33,1.90000000e+01,6.45315945e-01,8.89749050e+00,1.69970084e-03,9.11802673e+01,8.03760452e+01,1.87843742e+01,3.07129413e-01,9.46586907e-01
5345803-S04-156I3-A-L-C-190-7-1,20.02.2020-17:35:35,9.00000000e+00,6.46502852e-01,8.92335606e+00,1.59015483e-03,1.17431442e+02,8.04537125e+01,1.88918686e+01,2.75263011e-01,6.35697901e-01
5345803-S04-156I3-A-L-C-190-7-1,20.02.2020-17:35:37,2.00000000e+01,6.41972840e-01,8.90175152e+00,1.95313152e-03,1.25724236e+02,8.02331390e+01,1.86627693e+01,2.16898963e-01,4.55690235e-01
5345803-S04-156I3-A-L-C-190-7-1,20.02.2020-17:35:40,2.40000000e+01,6.35924041e-01,8.98335838e+00,2.24183500e-03,1.53827372e+01,7.89241028e+01,1.83520184e+01,7.39160538e+00,9.58597004e-01
5345803-S04-156I3-A-L-C-190-7-1,20.02.2020-17:35:42,1.90000000e+01,6.43072128e-01,8.94963169e+00,1.93504978e-03,1.60970810e+02,8.00599823e+01,1.87547188e+01,1.79068297e-01,2.16222435e-01
5345803-S04-156I3-A-L-C-190-7-1,20.02.2020-17:35:44,9.00000000e+00,6.46123588e-01,8.92894936e+00,2.02911673e-03,1.12374352e+02,8.01421890e+01,1.88194695e+01,3.89876783e-01,9.00199711e-01
5345803-S04-156I3-A-L-C-190-7-1,20.02.2020-17:35:46,1.90000000e+01,6.43753707e-01,8.92205620e+00,1.72713515e-03,1.08129608e+02,8.00945053e+01,1.87248192e+01,2.86353528e-01,4.99367714e-01
5345803-S04-156I3-A-L-C-190-7-1,20.02.2020-17:35:48,9.00000000e+00,6.45382285e-01,8.91646004e+00,1.89282873e-03,1.76830475e+02,8.04396057e+01,1.88412476e+01,2.06588343e-01,5.59393883e-01
5345803-S04-156I3-A-L-C-190-7-1,20.02.2020-17:35:50,2.00000000e+01,6.44363105e-01,8.86895752e+00,1.68142607e-03,1.31144684e+02,8.02689209e+01,1.86715698e+01,3.27814430e-01,1.33229542e+00
5345803-S04-156I3-A-L-C-190-7-1,20.02.2020-17:35:52,2.10000000e+01,6.40730083e-01,8.83969784e+00,1.52586936e-03,1.21170692e+02,8.03724365e+01,1.85289116e+01,3.21710140e-01,1.06622779e+00
5345803-S04-156I3-A-L-C-190-7-1,20.02.2020-17:35:54,2.00000000e+01,6.43645525e-01,8.91364670e+00,1.71361247e-03,1.70254135e+02,8.00529633e+01,1.86943245e+01,2.35269591e-01,4.24431205e-01
5345803-S04-156I3-A-L-C-190-7-1,20.02.2020-17:35:57,1.90000000e+01,6.43972814e-01,8.94269848e+00,1.62193622e-03,1.28251541e+02,7.99578857e+01,1.87425022e+01,2.10197926e-01,2.56435424e-01
5345803-S04-156I3-A-L-C-190-7-1,20.02.2020-17:35:59,1.90000000e+01,6.43993497e-01,8.92106533e+00,2.14792485e-03,8.91448364e+01,8.03349152e+01,1.87859325e+01,3.33272666e-01,9.18093741e-01
5345803-S04-156I3-A-L-C-190-7-1,20.02.2020-17:36:01,1.90000000e+01,6.43843770e-01,8.95275211e+00,1.44381588e-03,2.49598633e+02,7.99825821e+01,1.87656097e+01,1.05725273e-01,1.35155037e-01
5345803-S04-156I3-A-L-C-190-7-1,20.02.2020-17:36:03,9.00000000e+00,6.43532097e-01,8.95635128e+00,2.07135663e-03,9.73869629e+01,8.01482925e+01,1.88029442e+01,2.63365328e-01,3.44197333e-01
5345803-S04-156I3-A-L-C-190-7-1,20.02.2020-17:36:05,9.00000000e+00,6.46104038e-01,8.95147514e+00,1.71485660e-03,2.81822601e+02,8.01418915e+01,1.88663044e+01,1.11345023e-01,1.43968344e-01
5345803-S04-156I3-A-L-C-190-7-1,20.02.2020-17:36:07,9.00000000e+00,6.45413756e-01,8.93122482e+00,1.67782453e-03,1.35192368e+02,8.03102264e+01,1.88430119e+01,2.14533448e-01,3.35455328e-01
5345803-S04-156I3-A-L-C-190-7-1,20.02.2020-17:36:09,1.90000000e+01,6.42770410e-01,8.90533352e+00,1.97541248e-03,1.99448303e+02,8.03727417e+01,1.87259998e+01,1.58512309e-01,3.05549234e-01
5345803-S04-156I3-A-L-C-190-7-1,20.02.2020-17:36:11,9.00000000e+00,6.45882487e-01,8.93838978e+00,1.65187777e-03,1.08517021e+02,8.02484436e+01,1.88573036e+01,2.49544948e-01,2.96251059e-01
5345803-S04-156I3-A-L-C-190-7-1,20.02.2020-17:36:13,9.00000000e+00,6.41979456e-01,8.98658848e+00,1.78235152e-03,1.06212166e+02,8.01042480e+01,1.88105602e+01,2.27323323e-01,2.93656617e-01
5345803-S04-156I3-A-L-C-190-7-1,20.02.2020-17:36:15,1.90000000e+01,6.44374132e-01,8.92571926e+00,1.51717663e-03,7.82272339e+01,8.02100677e+01,1.87776146e+01,2.77588367e-01,3.61476719e-01
5345803-S04-156I3-A-L-C-190-7-1,20.02.2020-17:36:18,8.00000000e+00,6.46208584e-01,8.99593163e+00,2.17951508e-03,1.43481110e+02,8.00618439e+01,1.89441299e+01,2.10289121e-01,2.53431827e-01
5345803-S04-156I3-A-L-C-190-7-1,20.02.2020-17:36:44,2.10000000e+01,6.42104328e-01,8.84409046e+00,1.78893073e-03,2.02829865e+02,8.00495377e+01,1.85032425e+01,2.61271894e-01,9.07485068e-01
5345803-S04-156I3-A-L-C-190-7-1,20.02.2020-17:36:46,1.40000000e+01,6.44261777e-01,8.93945789e+00,2.15143245e-03,1.34319029e+01,7.97956161e+01,1.87060795e+01,1.05465448e+00,1.51897740e+00
5345803-S04-156I3-A-L-C-190-7-1,20.02.2020-17:36:48,9.00000000e+00,6.46333516e-01,8.92886353e+00,1.80113805e-03,1.20742577e+02,8.03606873e+01,1.88767281e+01,2.82633334e-01,7.42696524e-01
5345803-S04-156I3-A-L-C-190-7-1,20.02.2020-17:36:50,9.00000000e+00,6.44947827e-01,8.93475819e+00,2.02483265e-03,8.12549973e+01,8.03455811e+01,1.88451481e+01,3.90723467e-01,1.20166743e+00
5345803-S04-156I3-A-L-C-190-7-1,20.02.2020-17:36:52,1.90000000e+01,6.43244386e-01,8.95358372e+00,1.89459743e-03,1.32044861e+02,7.99832382e+01,1.87500362e+01,1.91363111e-01,2.35197574e-01
5345803-S04-156I3-A-L-C-190-7-1,20.02.2020-17:36:54,1.90000000e+01,6.43466949e-01,8.94396305e+00,2.02779006e-03,1.55055161e+02,7.99162521e+01,1.87206764e+01,1.46591112e-01,1.84054255e-01
5345803-S04-156I3-A-L-C-190-7-1,20.02.2020-17:36:57,1.90000000e+01,6.45355880e-01,8.90754604e+00,1.66303245e-03,4.80048599e+01,8.02699661e+01,1.87819462e+01,5.92300773e-01,1.02689600e+00
5345803-S04-156I3-A-L-C-190-7-1,20.02.2020-17:36:59,1.90000000e+01,6.44483328e-01,8.89177513e+00,1.53926865e-03,3.08387089e+01,8.05632706e+01,1.87917576e+01,7.88885415e-01,9.80484426e-01
5345803-S04-156I3-A-L-C-190-7-1,20.02.2020-17:37:01,1.00000000e+00,6.40874624e-01,8.82000351e+00,1.88736606e-03,6.08554459e+01,8.01532822e+01,1.84413757e+01,4.41052079e-01,1.31820035e+00
5345803-S04-156I3-A-L-C-190-7-1,20.02.2020-17:37:03,1.90000000e+01,6.45259082e-01,8.87874222e+00,1.41613116e-03,1.17250282e+02,8.04170837e+01,1.87527122e+01,2.19865546e-01,4.79159832e-01
5345803-S04-156I3-A-L-C-190-7-1,20.02.2020-17:37:05,9.00000000e+00,6.45991623e-01,8.92281437e+00,1.61646376e-03,1.01121246e+02,8.04557571e+01,1.88762646e+01,2.47156754e-01,4.49419081e-01
5345803-S04-156I3-A-L-C-190-7-1,20.02.2020-17:37:07,9.00000000e+00,6.45805240e-01,8.92359066e+00,1.56974595e-03,5.01803246e+01,8.03939819e+01,1.88579712e+01,4.67252761e-01,7.66040444e-01
5345803-S04-156I3-A-L-C-190-7-1,20.02.2020-17:37:09,1.00000000e+00,6.40533984e-01,8.81120682e+00,1.32202136e-03,1.17875923e+02,8.03019257e+01,1.84473400e+01,3.00073415e-01,1.55993247e+00
5345803-S04-156I3-A-L-C-190-7-1,20.02.2020-17:37:12,1.90000000e+01,6.44938290e-01,8.86795235e+00,1.43620488e-03,1.88743881e+02,8.04277039e+01,1.87230854e+01,1.41075760e-01,3.71304482e-01
5345803-S04-156I3-A-L-C-190-7-1,20.02.2020-17:37:14,1.90000000e+01,6.45248890e-01,8.90257454e+00,2.02255696e-03,1.16244858e+02,8.03861313e+01,1.87955132e+01,2.05596894e-01,5.61635733e-01
5345803-S04-156I3-A-L-C-190-7-1,20.02.2020-17:37:16,1.90000000e+01,6.43723845e-01,8.90671539e+00,2.00207159e-03,1.65003052e+02,8.05211868e+01,1.87913303e+01,1.67692423e-01,4.34913367e-01
5345803-S04-156I3-A-L-C-190-7-1,20.02.2020-17:37:18,2.00000000e+01,6.42525017e-01,8.85957623e+00,1.92570291e-03,1.27358856e+02,8.03972244e+01,1.86283455e+01,2.34046310e-01,5.07425666e-01
5345803-S04-156I3-A-L-C-190-7-1,20.02.2020-17:37:20,2.10000000e+01,6.43001258e-01,8.84923553e+00,1.86997652e-03,2.13967773e+02,8.03062515e+01,1.85993233e+01,1.21400014e-01,3.21042866e-01
5345803-S04-156I3-A-L-C-190-7-1,20.02.2020-17:37:22,9.00000000e+00,6.47256315e-01,8.92044067e+00,1.92958140e-03,1.27424644e+02,8.02141266e+01,1.88514023e+01,2.02989101e-01,3.11601877e-01
5345803-S04-156I3-A-L-C-190-7-1,20.02.2020-17:37:24,9.00000000e+00,6.47327542e-01,8.92036057e+00,2.07342813e-03,2.76069305e+02,8.01571426e+01,1.88399143e+01,1.50844678e-01,2.51765251e-01
5345803-S04-156I3-A-L-C-190-7-1,20.02.2020-17:37:26,9.00000000e+00,6.46698117e-01,8.92606258e+00,1.93502242e-03,1.54233704e+02,8.02327881e+01,1.88514004e+01,1.99064136e-01,2.84671932e-01
5345803-S04-156I3-A-L-C-190-7-1,20.02.2020-17:37:29,9.00000000e+00,6.46485686e-01,8.92787457e+00,1.93404639e-03,1.24344223e+02,8.03069992e+01,1.88664665e+01,2.20995933e-01,3.27944696e-01
5345803-S04-156I3-A-L-C-190-7-1,20.02.2020-17:37:31,9.00000000e+00,6.46826267e-01,8.92309380e+00,1.81946612e-03,1.32238815e+02,8.02715836e+01,1.88579788e+01,1.98404357e-01,2.81886578e-01
5345803-S04-156I3-A-L-C-190-7-1,20.02.2020-17:37:33,2.00000000e+01,6.44977629e-01,8.88149834e+00,2.05387152e-03,1.29861313e+02,8.01775742e+01,1.86945057e+01,1.98637456e-01,4.19278324e-01
5345803-S04-156I3-A-L-C-190-7-1,20.02.2020-17:37:35,1.90000000e+01,6.44552946e-01,8.91663647e+00,1.52737182e-03,8.80699081e+01,8.01399307e+01,1.87473030e+01,2.33396158e-01,2.90189385e-01
5345803-S04-156I3-A-L-C-190-7-1,20.02.2020-17:37:37,1.90000000e+01,6.43733203e-01,8.91391754e+00,1.92979618e-03,6.21347160e+01,8.01305618e+01,1.87155628e+01,3.25001866e-01,3.89608234e-01
5345803-S04-156I3-A-L-C-190-7-1,20.02.2020-17:37:39,1.90000000e+01,6.44071519e-01,8.89368725e+00,1.58244150e-03,6.96084518e+01,8.04807205e+01,1.87645435e+01,4.11579818e-01,5.40156245e-01
5345803-S04-156I3-A-L-C-190-7-1,20.02.2020-17:37:41,9.00000000e+00,6.47100747e-01,8.93629265e+00,1.91294681e-03,1.39637527e+02,8.02508469e+01,1.88890038e+01,2.26216272e-01,2.81616867e-01
5345803-S04-156I3-A-L-C-190-7-1,20.02.2020-17:37:43,9.00000000e+00,6.45382762e-01,8.93431854e+00,1.81380345e-03,8.77305603e+01,8.02073364e+01,1.88244839e+01,2.85908848e-01,3.40357155e-01
5345803-S04-156I3-A-L-C-190-7-1,20.02.2020-17:37:45,1.90000000e+01,6.43527985e-01,8.88321209e+00,1.18334044e-03,3.01976509e+01,8.05268402e+01,1.87373562e+01,6.31917715e-01,7.89967895e-01
5345803-S04-156I3-A-L-C-190-7-1,20.02.2020-17:37:48,8.00000000e+00,6.46203101e-01,8.92534161e+00,1.35090458e-03,7.11544037e+01,8.05778732e+01,1.89164600e+01,2.47910336e-01,2.91225642e-01
5345803-S04-156I3-A-L-C-190-7-1,20.02.2020-17:37:50,8.00000000e+00,6.46156907e-01,8.92836761e+00,1.26998429e-03,9.64073639e+01,8.05445862e+01,1.89137039e+01,2.05496415e-01,2.51352936e-01
5345803-S04-156I3-A-L-C-190-7-1,20.02.2020-17:37:52,1.90000000e+01,6.42952204e-01,8.89210033e+00,1.56982441e-03,6.67895355e+01,8.06533737e+01,1.87687683e+01,3.79163980e-01,5.28815448e-01
5345803-S04-156I3-A-L-C-190-7-1,20.02.2020-17:37:54,9.00000000e+00,6.45966768e-01,8.92024612e+00,2.04095780e-03,1.07238770e+02,8.03235931e+01,1.88391075e+01,1.90891519e-01,2.32273310e-01
5345803-S04-156I3-A-L-C-190-7-1,20.02.2020-17:37:56,1.90000000e+01,6.44492507e-01,8.90974236e+00,1.83076144e-03,3.41720810e+01,8.04026184e+01,1.87924480e+01,5.54059803e-01,8.07698190e-01
5345803-S04-156I3-A-L-C-190-7-1,20.02.2020-17:37:58,9.00000000e+00,6.47309721e-01,8.92434406e+00,1.82849122e-03,1.44165085e+02,8.01698227e+01,1.88507900e+01,2.01243684e-01,2.88167059e-01
5345803-S04-156I3-A-L-C-190-7-1,20.02.2020-17:38:00,2.00000000e+00,6.38930857e-01,8.84939575e+00,1.93388318e-03,1.01545364e+02,7.98092651e+01,1.83675385e+01,2.75719434e-01,5.15547931e-01
5345803-S04-156I3-A-L-C-190-7-1,20.02.2020-17:39:08,1.00000000e+00,6.38123810e-01,8.86091518e+00,1.82138372e-03,1.34614578e+02,8.01056900e+01,1.84364414e+01,1.72754988e-01,3.43260884e-01
5345803-S04-156I3-A-L-C-190-7-1,20.02.2020-17:39:11,1.00000000e+00,6.39317811e-01,8.85592842e+00,1.65134261e-03,1.04265762e+02,8.00676270e+01,1.84517727e+01,2.14103788e-01,3.85856330e-01
5345803-S04-156I3-A-L-C-190-7-1,20.02.2020-17:39:13,1.90000000e+01,6.44544423e-01,8.88193798e+00,1.61577156e-03,1.30699524e+02,8.04789505e+01,1.87531013e+01,1.99526221e-01,4.12020028e-01
5345803-S04-156I3-A-L-C-190-7-1,20.02.2020-17:39:15,1.90000000e+01,6.44614697e-01,8.91529274e+00,1.39183307e-03,4.36173134e+01,8.01057129e+01,1.87382698e+01,3.67444813e-01,4.48756486e-01
5345803-S04-156I3-A-L-C-190-7-1,20.02.2020-17:39:17,1.90000000e+01,6.44552052e-01,8.91391087e+00,1.78466970e-03,8.31071472e+01,8.02032700e+01,1.87563591e+01,2.33783752e-01,2.90805012e-01
5345803-S04-156I3-A-L-C-190-7-1,20.02.2020-17:39:19,9.00000000e+00,6.47107482e-01,8.91741562e+00,1.80352572e-03,1.58398285e+02,8.02898407e+01,1.88584614e+01,1.65038779e-01,2.60232389e-01
5345803-S04-156I3-A-L-C-190-7-1,20.02.2020-17:39:21,1.90000000e+01,6.44412279e-01,8.90301609e+00,1.66918861e-03,1.18347977e+02,8.02482605e+01,1.87398796e+01,1.69226095e-01,2.13909492e-01
5345803-S04-156I3-A-L-C-190-7-1,20.02.2020-17:39:23,1.90000000e+01,6.43647015e-01,8.88982582e+00,1.61857309e-03,6.81620712e+01,8.07152405e+01,1.87986546e+01,3.30246627e-01,4.23839539e-01
5345803-S04-156I3-A-L-C-190-7-1,20.02.2020-17:39:25,2.10000000e+01,6.40416086e-01,8.84299469e+00,1.70776551e-03,8.69321823e+01,8.03361588e+01,1.85183735e+01,2.69828141e-01,8.07084620e-01
5345803-S04-156I3-A-L-C-190-7-1,20.02.2020-17:39:27,9.00000000e+00,6.44744158e-01,8.90653896e+00,1.95004768e-03,7.88802338e+01,8.04734268e+01,1.88095779e+01,3.05999100e-01,5.90001881e-01
5345803-S04-156I3-A-L-C-190-7-1,20.02.2020-17:39:30,2.00000000e+01,6.43018246e-01,8.85170555e+00,1.80414948e-03,1.58871674e+02,8.03454819e+01,1.86140938e+01,1.61894456e-01,4.51144725e-01
5345803-S04-156I3-A-L-C-190-7-1,20.02.2020-17:39:32,2.00000000e+01,6.44643605e-01,8.85958958e+00,1.27640145e-03,8.70629272e+01,8.03675385e+01,1.86828938e+01,2.53300488e-01,5.19840598e-01
5345803-S04-156I3-A-L-C-190-7-1,20.02.2020-17:39:34,1.00000000e+00,6.39052629e-01,8.80729389e+00,1.47344626e-03,1.04642708e+02,8.05514221e+01,1.84536610e+01,2.34796152e-01,1.19030154e+00
5345803-S04-156I3-A-L-C-190-7-1,20.02.2020-17:39:36,2.10000000e+01,6.43806219e-01,8.84473991e+00,1.81897695e-03,1.33951859e+02,8.02094193e+01,1.85907021e+01,2.00529709e-01,4.15839076e-01
5345803-S04-156I3-A-L-C-190-7-1,20.02.2020-17:39:38,2.00000000e+01,6.42135978e-01,8.86772251e+00,1.57985033e-03,7.26482925e+01,8.03160095e+01,1.86153584e+01,3.10916781e-01,9.04804051e-01
5345803-S04-156I3-A-L-C-190-7-1,20.02.2020-17:39:40,2.00000000e+00,6.39485180e-01,8.79110622e+00,1.60580105e-03,5.60579033e+01,8.03063583e+01,1.83761349e+01,4.81550783e-01,1.81239295e+00
5345803-S04-156I3-A-L-C-190-7-1,20.02.2020-17:39:42,2.00000000e+01,6.44143522e-01,8.86595440e+00,1.67257525e-03,9.62618713e+01,8.03520660e+01,1.86782131e+01,2.12673798e-01,4.42829072e-01
5345803-S04-156I3-A-L-C-190-7-1,20.02.2020-17:39:44,3.00000000e+00,6.35128617e-01,8.71352768e+00,1.54686428e-03,5.29361992e+01,8.06847229e+01,1.81751175e+01,4.94855881e-01,5.93093038e-01
5345803-S04-156I3-A-L-C-190-7-1,20.02.2020-17:39:47,9.00000000e+00,6.46656573e-01,8.93868065e+00,1.84291275e-03,2.82204529e+02,8.02901688e+01,1.88903370e+01,1.09435640e-01,1.39918000e-01
5345803-S04-156I3-A-L-C-190-7-1,20.02.2020-17:39:49,9.00000000e+00,6.46094024e-01,8.91060925e+00,1.86416483e-03,1.55299164e+02,8.02554855e+01,1.88065033e+01,2.16337696e-01,3.15437287e-01
5345803-S04-156I3-A-L-C-190-7-1,20.02.2020-17:39:51,2.00000000e+01,6.41954958e-01,8.88189983e+00,1.79697014e-03,1.79100571e+02,8.02722778e+01,1.86297150e+01,1.56581208e-01,3.70639026e-01
5345803-S04-156I3-A-L-C-190-7-1,20.02.2020-17:39:53,2.00000000e+01,6.43452108e-01,8.89642906e+00,2.08621565e-03,9.49092865e+01,7.99508133e+01,1.86288071e+01,2.83362299e-01,4.68025714e-01
5345803-S04-156I3-A-L-C-190-7-1,20.02.2020-17:39:55,2.00000000e+01,6.43455207e-01,8.89587975e+00,1.56901649e-03,8.23818054e+01,8.01697998e+01,1.86787663e+01,3.06545019e-01,4.25381839e-01
5345803-S04-156I3-A-L-C-190-7-1,20.02.2020-17:39:57,2.00000000e+01,6.42945528e-01,8.88433361e+00,1.59536698e-03,6.69819794e+01,8.01635056e+01,1.86382866e+01,3.61995041e-01,4.93379623e-01
5345803-S04-156I3-A-L-C-190-7-1,20.02.2020-17:39:59,9.00000000e+00,6.46030605e-01,8.92402172e+00,1.95879466e-03,1.17166771e+02,8.03978195e+01,1.88663616e+01,2.12398827e-01,2.81647891e-01
5345803-S04-156I3-A-L-C-190-7-1,20.02.2020-17:40:02,9.00000000e+00,6.47340477e-01,8.92523098e+00,1.74272456e-03,9.56250458e+01,8.03571472e+01,1.88976116e+01,2.37570152e-01,3.18819493e-01
5345803-S04-156I3-A-L-C-190-7-1,20.02.2020-17:40:04,9.00000000e+00,6.47347867e-01,8.93293285e+00,1.91008300e-03,2.01874191e+02,8.02583542e+01,1.88908806e+01,1.04017310e-01,1.55491427e-01
5345803-S04-156I3-A-L-C-190-7-1,20.02.2020-17:40:06,1.90000000e+01,6.44782722e-01,8.90456104e+00,1.68397033e-03,1.35089920e+02,8.00949631e+01,1.87180786e+01,2.07672805e-01,2.71555245e-01
5345803-S04-156I3-A-L-C-190-7-1,20.02.2020-17:40:08,2.10000000e+01,6.40848637e-01,8.88500500e+00,2.12094560e-03,3.40859131e+02,8.00624771e+01,1.85554867e+01,5.84000051e-02,7.49711394e-02
5345803-S04-156I3-A-L-C-190-7-1,20.02.2020-17:40:10,2.00000000e+01,6.44420266e-01,8.90729523e+00,2.73700780e-03,2.90675446e+02,7.97174377e+01,1.86250992e+01,1.04331717e-01,1.32205635e-01
5345803-S04-156I3-A-L-C-190-7-1,20.02.2020-17:40:12,1.00000000e+00,6.40289187e-01,8.81477547e+00,1.89019996e-03,3.50118195e+02,8.01324844e+01,1.84088326e+01,1.18453890e-01,4.73522544e-01
5345803-S04-156I3-A-L-C-190-7-1,20.02.2020-17:40:14,2.10000000e+01,6.42675996e-01,8.86653042e+00,2.01835763e-03,2.26926056e+02,8.01398087e+01,1.85876427e+01,1.47769421e-01,4.14056748e-01
5345803-S04-156I3-A-L-C-190-7-1,20.02.2020-17:40:16,2.10000000e+01,6.41075969e-01,8.87312317e+00,2.16697319e-03,1.88483932e+02,7.99320984e+01,1.85070610e+01,1.57569215e-01,3.47050846e-01
5345803-S04-156I3-A-L-C-190-7-1,20.02.2020-17:40:19,1.90000000e+01,6.45664930e-01,8.89911461e+00,2.02931697e-03,5.42939148e+02,8.00946884e+01,1.87321606e+01,1.17309794e-01,2.44683355e-01
5345803-S04-156I3-A-L-C-190-7-1,20.02.2020-17:40:21,1.90000000e+01,6.45550609e-01,8.90829182e+00,1.94454729e-03,3.02591187e+02,8.02543564e+01,1.87855339e+01,9.90601033e-02,2.13017255e-01
5345803-S04-156I3-A-L-C-190-7-1,20.02.2020-17:40:23,1.90000000e+01,6.45011544e-01,8.90301323e+00,1.79022807e-03,3.79233459e+02,8.01369247e+01,1.87312775e+01,8.78663063e-02,1.51229933e-01
5345803-S04-156I3-A-L-C-190-7-1,20.02.2020-17:40:25,1.90000000e+01,6.45636678e-01,8.90904427e+00,2.33741407e-03,2.66247894e+02,7.99524002e+01,1.87189312e+01,1.07300878e-01,1.40460551e-01
5345803-S04-156I3-A-L-C-190-7-1,20.02.2020-17:40:27,1.90000000e+01,6.44925416e-01,8.91971874e+00,2.38110102e-03,2.02005905e+02,7.99168320e+01,1.87123833e+01,1.57845333e-01,2.31234133e-01
5345803-S04-156I3-A-L-C-190-7-1,20.02.2020-17:40:29,1.90000000e+01,6.45451367e-01,8.90601444e+00,2.10925611e-03,3.14468750e+02,7.99681625e+01,1.87108822e+01,1.23711564e-01,3.07078063e-01
5345803-S04-156I3-A-L-C-190-7-1,20.02.2020-17:40:31,1.00000000e+00,6.42318726e-01,8.84926987e+00,2.29253247e-03,3.56279297e+02,7.97503433e+01,1.84510365e+01,7.49598294e-02,1.47337675e-01
5345803-S04-156I3-A-L-C-190-7-1,20.02.2020-17:40:33,2.00000000e+01,6.46261990e-01,8.91041088e+00,2.30521406e-03,2.42600479e+02,7.97623138e+01,1.86953812e+01,1.29032597e-01,1.65985763e-01
5345803-S04-156I3-A-L-C-190-7-1,20.02.2020-17:40:35,9.00000000e+00,6.47199988e-01,8.93167019e+00,2.29007332e-03,2.33885605e+02,7.99043808e+01,1.88006115e+01,1.40603334e-01,1.92125663e-01
5345803-S04-156I3-A-L-C-190-7-1,20.02.2020-17:40:38,2.00000000e+01,6.45407736e-01,8.89618492e+00,2.31560529e-03,2.66672333e+02,7.99920502e+01,1.86945477e+01,1.48948207e-01,3.19839537e-01
5345803-S04-156I3-A-L-C-190-7-1,20.02.2020-17:40:40,1.90000000e+01,6.45499408e-01,8.92537785e+00,2.09513213e-03,1.38231354e+02,7.98247223e+01,1.87193203e+01,2.06902787e-01,3.97662014e-01
5345803-S04-156I3-A-L-C-190-7-1,20.02.2020-17:40:42,2.00000000e+01,6.45028889e-01,8.88481236e+00,2.09319917e-03,1.17961479e+02,7.98143463e+01,1.86182365e+01,2.04209432e-01,3.68113488e-01
5345803-S04-156I3-A-L-C-190-7-1,20.02.2020-17:40:44,1.00000000e+00,6.40989840e-01,8.81709003e+00,1.96425850e-03,2.81901489e+02,8.00008011e+01,1.84035225e+01,1.60529315e-01,6.51803195e-01
5345803-S04-156I3-A-L-C-190-7-1,20.02.2020-17:40:46,2.00000000e+00,6.39448702e-01,8.85637951e+00,2.17244821e-03,5.35435608e+02,7.96838303e+01,1.83680191e+01,1.09266080e-01,1.32638305e-01
5345803-S04-156I3-A-L-C-190-7-1,20.02.2020-17:40:48,2.10000000e+01,6.43853962e-01,8.88089657e+00,2.33685807e-03,3.76169830e+02,7.99054337e+01,1.85973320e+01,7.75491074e-02,1.48642451e-01
5345803-S04-156I3-A-L-C-190-7-1,20.02.2020-17:40:50,1.90000000e+01,6.44252181e-01,8.90064335e+00,2.08490947e-03,2.44080643e+02,8.01285782e+01,1.87022972e+01,1.27270594e-01,2.30005771e-01
5345803-S04-156I3-A-L-C-190-7-1,20.02.2020-17:40:53,8.00000000e+00,6.46912813e-01,8.96111965e+00,1.82767492e-03,1.86560043e+02,8.01471252e+01,1.89115067e+01,6.87187314e-02,1.06487818e-01
5345803-S04-156I3-A-L-C-190-7-1,20.02.2020-17:40:55,2.10000000e+01,6.43766046e-01,8.83204365e+00,2.05796352e-03,1.90919998e+02,8.00406265e+01,1.85237961e+01,1.99306756e-01,6.73372805e-01
5345803-S04-156I3-A-L-C-190-7-1,20.02.2020-17:40:57,2.10000000e+01,6.43019557e-01,8.87244606e+00,2.27696984e-03,4.68255035e+02,7.99802856e+01,1.85729427e+01,9.90632176e-02,2.07608417e-01
5345803-S04-156I3-A-L-C-190-7-1,20.02.2020-17:40:59,2.00000000e+01,6.45274043e-01,8.86314583e+00,1.65242469e-03,2.57771606e+02,8.00294800e+01,1.86299744e+01,1.75877064e-01,4.60466623e-01
5345803-S04-156I3-A-L-C-190-7-1,20.02.2020-17:41:01,1.00000000e+00,6.41449094e-01,8.84650421e+00,1.97163410e-03,4.76528717e+02,7.98296814e+01,1.84386215e+01,1.17486082e-01,4.62024659e-01
5345803-S04-156I3-A-L-C-190-7-1,20.02.2020-17:41:03,2.00000000e+01,6.44250631e-01,8.89976788e+00,2.27325782e-03,2.13656082e+02,7.99699936e+01,1.86634007e+01,1.04818344e-01,1.65887758e-01
5345803-S04-156I3-A-L-C-190-7-1,20.02.2020-17:41:05,2.00000000e+01,6.43596947e-01,8.87645435e+00,1.48095191e-03,1.58701523e+02,8.03763199e+01,1.86901093e+01,1.90863296e-01,4.14514244e-01
5345803-S04-156I3-A-L-C-190-7-1,20.02.2020-17:41:07,2.00000000e+01,6.43577576e-01,8.88799953e+00,1.61949173e-03,3.93043335e+02,8.02538910e+01,1.86853504e+01,1.12571575e-01,3.93679649e-01
5345803-S04-156I3-A-L-C-190-7-1,20.02.2020-17:41:10,1.00000000e+00,6.40759110e-01,8.86147022e+00,2.15561013e-03,2.14527893e+02,8.00081406e+01,1.84911938e+01,1.10204585e-01,1.51298344e-01
5345803-S04-156I3-A-L-C-190-7-1,20.02.2020-17:41:12,2.00000000e+00,6.38682663e-01,8.82297230e+00,1.66573026e-03,2.76289978e+02,8.01125793e+01,1.83751507e+01,2.58027285e-01,1.13352847e+00
5345803-S04-156I3-A-L-C-190-7-1,20.02.2020-17:41:14,2.00000000e+00,6.37693346e-01,8.81935883e+00,2.10992224e-03,1.52547882e+02,7.98903122e+01,1.82882957e+01,3.48898262e-01,1.20797718e+00
5345803-S04-156I3-A-L-C-190-7-1,20.02.2020-17:41:16,2.00000000e+00,6.37681663e-01,8.80228424e+00,1.93626317e-03,1.06693626e+02,8.00022964e+01,1.82781391e+01,4.58839536e-01,1.47555006e+00
5345803-S04-156I3-A-L-C-190-7-1,20.02.2020-17:41:18,2.00000000e+01,6.42269850e-01,8.86205006e+00,1.65000884e-03,4.00465149e+02,8.03066711e+01,1.86051674e+01,1.06291883e-01,3.46764505e-01
5345803-S04-156I3-A-L-C-190-7-1,20.02.2020-17:41:20,2.10000000e+01,6.42946303e-01,8.86377716e+00,2.22151447e-03,1.94813736e+02,8.01318665e+01,1.85878429e+01,1.63364008e-01,3.87617707e-01
5345803-S04-156I3-A-L-C-190-7-1,20.02.2020-17:41:22,2.00000000e+00,6.37963772e-01,8.79042339e+00,1.83204154e-03,1.82349213e+02,7.98620529e+01,1.82295723e+01,2.76855201e-01,1.18786323e+00
5345803-S04-156I3-A-L-C-190-7-1,20.02.2020-17:41:24,2.10000000e+01,6.41383290e-01,8.86634541e+00,1.40441349e-03,2.30886978e+02,8.03393250e+01,1.85960484e+01,1.42688930e-01,2.78669238e-01
5345803-S04-156I3-A-L-C-190-7-1,20.02.2020-17:41:26,8.00000000e+00,6.46846592e-01,8.95900440e+00,1.88882288e-03,1.39971313e+02,8.04756241e+01,1.89825954e+01,1.93367943e-01,2.31968865e-01
5345803-S04-156I3-A-L-C-190-7-1,20.02.2020-17:41:29,1.90000000e+01,6.42919838e-01,8.91292763e+00,1.64537691e-03,1.00560226e+02,8.02350845e+01,1.87142200e+01,2.41678551e-01,4.08441067e-01
5345803-S04-156I3-A-L-C-190-7-1,20.02.2020-17:41:31,8.00000000e+00,6.47605240e-01,8.96444988e+00,1.83433283e-03,1.09295715e+02,8.04045181e+01,1.89996071e+01,1.88217908e-01,2.25533217e-01
5345803-S04-156I3-A-L-C-190-7-1,20.02.2020-17:41:33,7.00000000e+00,6.47015333e-01,8.96768856e+00,1.84783060e-03,1.36599426e+02,8.05444031e+01,1.90221958e+01,1.43828809e-01,1.78226545e-01
5345803-S04-156I3-A-L-C-190-7-1,20.02.2020-17:41:35,2.00000000e+01,6.41152024e-01,8.89984226e+00,1.73629890e-03,2.11069275e+02,8.02001801e+01,1.86272545e+01,1.85180381e-01,3.19405079e-01
5345803-S04-156I3-A-L-C-190-7-1,20.02.2020-17:41:37,2.40000000e+01,6.40366554e-01,8.88367558e+00,1.99221144e-03,2.18685699e+00,7.72594223e+01,1.78896961e+01,1.07230043e+01,
5345803-S04-156I3-A-L-C-190-7-1,20.02.2020-17:41:39,1.90000000e+01,6.44643188e-01,8.91702080e+00,1.89836707e-03,2.11258316e+02,8.01793747e+01,1.87599659e+01,7.31330663e-02,1.83597609e-01
5345803-S04-156I3-A-L-C-190-7-1,20.02.2020-17:41:41,2.10000000e+01,6.38781428e-01,8.81206036e+00,1.56816887e-03,8.79302979e+01,8.09022446e+01,1.85361919e+01,2.42653996e-01,4.21970993e-01
5345803-S04-156I3-A-L-C-190-7-1,20.02.2020-17:41:43,2.00000000e+01,6.42171323e-01,8.90241909e+00,1.99601776e-03,1.19514214e+02,8.01630325e+01,1.86536274e+01,2.50561237e-01,3.98623735e-01
5345803-S04-156I3-A-L-C-190-7-1,20.02.2020-17:41:47,2.00000000e+01,6.40057921e-01,8.92787361e+00,2.19156407e-03,2.22621384e+02,8.00650406e+01,1.86226044e+01,1.24070153e-01,2.21574694e-01
5345803-S04-156I3-A-L-C-190-7-1,20.02.2020-17:41:50,8.00000000e+00,6.47586644e-01,8.94973755e+00,1.62175496e-03,3.53795593e+02,8.03302612e+01,1.89503651e+01,8.94464627e-02,2.13332906e-01
5345803-S04-156I3-A-L-C-190-7-1,20.02.2020-17:41:52,9.00000000e+00,6.48178458e-01,8.93082142e+00,1.96066452e-03,1.95911133e+02,8.01551819e+01,1.88863392e+01,1.05208181e-01,2.97830343e-01
5345803-S04-156I3-A-L-C-190-7-1,20.02.2020-17:41:54,2.10000000e+01,6.43251121e-01,8.87658787e+00,1.91475521e-03,1.90168945e+02,7.99842148e+01,1.85892181e+01,2.89604783e-01,1.65859091e+00
5345803-S04-156I3-A-L-C-190-7-1,20.02.2020-17:41:56,1.90000000e+01,6.45223200e-01,8.91396809e+00,1.82782160e-03,1.26569977e+02,8.01081390e+01,1.87537403e+01,2.05800965e-01,2.50961959e-01
5345803-S04-156I3-A-L-C-190-7-1,20.02.2020-17:41:58,9.00000000e+00,6.44887686e-01,8.93333149e+00,1.88218150e-03,9.89024124e+01,8.01788940e+01,1.88012962e+01,2.26214409e-01,2.71535367e-01
5345803-S04-156I3-A-L-C-190-7-1,20.02.2020-17:42:00,1.90000000e+01,6.45294785e-01,8.93337917e+00,1.61361403e-03,2.18125458e+01,8.00364838e+01,1.87798500e+01,8.01670909e-01,9.48395729e-01
5345803-S04-156I3-A-L-C-190-7-1,20.02.2020-17:42:02,7.00000000e+00,6.48622811e-01,8.98751831e+00,1.81100692e-03,1.18265915e+02,8.03569412e+01,1.90671425e+01,1.66031644e-01,1.91040635e-01
5345803-S04-156I3-A-L-C-190-7-1,20.02.2020-17:42:04,7.00000000e+00,6.47571325e-01,8.99829197e+00,2.01053172e-03,3.98814697e+02,8.02663879e+01,1.90375748e+01,5.99478260e-02,7.21795931e-02
5345803-S04-156I3-A-L-C-190-7-1,20.02.2020-17:42:07,9.00000000e+00,6.45015478e-01,8.92902184e+00,1.64510100e-03,2.17249039e+02,8.03214035e+01,1.88293571e+01,1.50856376e-01,1.90930963e-01
5345803-S04-156I3-A-L-C-190-7-1,20.02.2020-17:42:49,1.90000000e+01,6.44044757e-01,8.90758896e+00,1.79377408e-03,9.58048630e+01,8.03270493e+01,1.87572098e+01,4.29302454e-01,6.13808274e-01
5345803-S04-156I3-A-L-C-190-7-1,20.02.2020-17:42:51,9.00000000e+00,6.45623624e-01,8.92597294e+00,1.65127765e-03,2.28464142e+02,8.04387207e+01,1.88681946e+01,1.54365852e-01,2.57301390e-01
5345803-S04-156I3-A-L-C-190-7-1,20.02.2020-17:42:53,8.00000000e+00,6.45165026e-01,9.00938988e+00,1.68566674e-03,1.71033005e+02,8.03290482e+01,1.90050526e+01,1.44903407e-01,1.69795737e-01
5345803-S04-156I3-A-L-C-190-7-1,20.02.2020-17:42:56,9.00000000e+00,6.44810796e-01,8.92844296e+00,1.77418883e-03,4.69003143e+01,8.03337708e+01,1.88250599e+01,6.08812332e-01,8.37359369e-01
5345803-S04-156I3-A-L-C-190-7-1,20.02.2020-17:42:58,9.00000000e+00,6.45781577e-01,8.93296909e+00,1.70667702e-03,1.04432381e+02,8.03852844e+01,1.88750553e+01,3.10529232e-01,3.88230056e-01
5345803-S04-156I3-A-L-C-190-7-1,20.02.2020-17:43:00,1.90000000e+01,6.42493546e-01,8.92675018e+00,1.96343311e-03,1.81655075e+02,8.03107986e+01,1.87484913e+01,1.83689266e-01,3.88947815e-01
5345803-S04-156I3-A-L-C-190-7-1,20.02.2020-17:43:02,2.10000000e+01,6.41498923e-01,8.84280777e+00,1.75097620e-03,2.58614044e+02,8.04075928e+01,1.85657864e+01,2.48848915e-01,2.12096715e+00
5345803-S04-156I3-A-L-C-190-7-1,20.02.2020-17:43:04,9.00000000e+00,6.45692050e-01,8.89894390e+00,1.65109790e-03,4.53046722e+02,8.05202560e+01,1.88321209e+01,9.39392373e-02,2.71210104e-01
5345803-S04-156I3-A-L-C-190-7-1,20.02.2020-17:43:06,9.00000000e+00,6.46009088e-01,8.94118881e+00,1.77029194e-03,2.29099686e+02,8.04203110e+01,1.89073162e+01,7.86917433e-02,1.13683209e-01
5345803-S04-156I3-A-L-C-190-7-1,20.02.2020-17:43:08,1.90000000e+01,6.44668877e-01,8.88398743e+00,1.54915138e-03,1.20466904e+02,8.03158798e+01,1.87230339e+01,2.41715804e-01,7.70064473e-01
5345803-S04-156I3-A-L-C-190-7-1,20.02.2020-17:43:10,8.00000000e+00,6.46993279e-01,8.94191742e+00,2.00831797e-03,2.06983673e+02,8.04197617e+01,1.89375324e+01,1.48878753e-01,4.26116794e-01
5345803-S04-156I3-A-L-C-190-7-1,20.02.2020-17:43:13,8.00000000e+00,6.46170855e-01,8.93433475e+00,1.84318039e-03,9.09585419e+01,8.06175995e+01,1.89439106e+01,1.97648674e-01,3.86232734e-01
5345803-S04-156I3-A-L-C-190-7-1,20.02.2020-17:43:15,2.00000000e+01,6.41862512e-01,8.90250111e+00,1.79834419e-03,3.94122986e+02,8.03912354e+01,1.86979046e+01,8.41360316e-02,2.67728448e-01
5345803-S04-156I3-A-L-C-190-7-1,20.02.2020-17:43:17,9.00000000e+00,6.45073533e-01,8.91845608e+00,1.63664296e-03,3.96476227e+02,8.05796738e+01,1.88692474e+01,8.41410309e-02,4.64983314e-01
5345803-S04-156I3-A-L-C-190-7-1,20.02.2020-17:43:19,1.00000000e+00,6.39889121e-01,8.82002068e+00,1.85676420e-03,1.85301315e+02,8.01854630e+01,1.84204502e+01,2.92482853e-01,3.38349319e+00
5345803-S04-156I3-A-L-C-190-7-1,20.02.2020-17:43:21,2.00000000e+00,6.38462424e-01,8.80926418e+00,1.92892714e-03,3.00206665e+02,8.02710419e+01,1.83765545e+01,2.59187728e-01,2.35333610e+00
5345803-S04-156I3-A-L-C-190-7-1,20.02.2020-17:43:23,1.90000000e+01,6.44281924e-01,8.89820385e+00,2.04714970e-03,5.00659973e+02,8.02877808e+01,1.87351837e+01,8.44319165e-02,4.70238447e-01
5345803-S04-156I3-A-L-C-190-7-1,20.02.2020-17:43:25,8.00000000e+00,6.46103382e-01,8.92105293e+00,1.91379525e-03,1.81591675e+02,8.06647415e+01,1.89248352e+01,1.20565519e-01,4.09592569e-01
5345803-S04-156I3-A-L-C-190-7-1,20.02.2020-17:43:29,8.00000000e+00,6.46401346e-01,8.94443989e+00,1.71380979e-03,1.58721817e+02,8.05549469e+01,1.89573574e+01,1.54087946e-01,2.35780925e-01
5345803-S04-156I3-A-L-C-190-7-1,20.02.2020-17:43:32,9.00000000e+00,6.45283937e-01,8.93103409e+00,2.00790213e-03,1.83001816e+02,8.04229355e+01,1.88652573e+01,7.44700953e-02,1.68427154e-01
5345803-S04-156I3-A-L-C-190-7-1,20.02.2020-17:43:34,9.00000000e+00,6.45856798e-01,8.91591263e+00,1.73351297e-03,2.29005142e+02,8.04512177e+01,1.88566647e+01,8.72834772e-02,2.13476539e-01
5345803-S04-156I3-A-L-C-190-7-1,20.02.2020-17:43:36,9.00000000e+00,6.46151602e-01,8.92299080e+00,1.73846190e-03,2.15836548e+02,8.03886261e+01,1.88655586e+01,8.19205269e-02,1.87780231e-01
5345803-S04-156I3-A-L-C-190-7-1,20.02.2020-17:43:38,9.00000000e+00,6.46386862e-01,8.92977333e+00,1.79227453e-03,1.32482162e+02,8.04416580e+01,1.88992310e+01,1.71742827e-01,5.57744622e-01
5345803-S04-156I3-A-L-C-190-7-1,20.02.2020-17:43:40,9.00000000e+00,6.46850944e-01,8.93799591e+00,1.78365677e-03,4.47962463e+02,8.03290024e+01,1.89037056e+01,5.12871444e-02,1.81650996e-01
5345803-S04-156I3-A-L-C-190-7-1,20.02.2020-17:43:42,9.00000000e+00,6.45820320e-01,8.93670177e+00,2.10796040e-03,3.74558258e+02,8.04242935e+01,1.88932400e+01,9.01286602e-02,2.13751435e-01
5345803-S04-156I3-A-L-C-190-7-1,20.02.2020-17:43:44,1.40000000e+01,6.31869555e-01,8.59833908e+00,1.65813824e-03,3.07330475e+02,7.92273865e+01,1.75205421e+01,5.24582230e-02,6.89433888e-02
5345803-S04-156I3-A-L-C-190-7-1,20.02.2020-17:43:47,9.00000000e+00,6.46708369e-01,8.93794060e+00,2.10850686e-03,3.78940552e+02,8.03563614e+01,1.89058571e+01,5.61043657e-02,1.94314763e-01
5345803-S04-156I3-A-L-C-190-7-1,20.02.2020-17:43:49,2.00000000e+01,6.45552635e-01,8.87597752e+00,1.93219294e-03,1.06894299e+03,8.00434265e+01,1.86682549e+01,1.95476506e-02,5.98613769e-02
5345803-S04-156I3-A-L-C-190-7-1,20.02.2020-17:43:51,2.10000000e+01,6.39177144e-01,8.84988403e+00,1.36400829e-03,3.03030121e+02,8.03515778e+01,1.85004978e+01,1.81986541e-01,1.13172483e+00
5345803-S04-156I3-A-L-C-190-7-1,20.02.2020-17:43:53,1.40000000e+01,6.32617354e-01,8.61237144e+00,1.60415343e-03,1.51137543e+02,7.92858734e+01,1.75828743e+01,1.17051110e-01,1.40098274e-01
5345803-S04-156I3-A-L-C-190-7-1,20.02.2020-17:43:55,2.00000000e+01,6.42089069e-01,8.86767006e+00,1.81260391e-03,2.30705887e+02,8.03852921e+01,1.86299477e+01,1.92744136e-01,1.53356147e+00
5345803-S04-156I3-A-L-C-190-7-1,20.02.2020-17:43:57,8.00000000e+00,6.47744894e-01,8.94149494e+00,1.96456420e-03,2.50871429e+02,8.03198624e+01,1.89350853e+01,1.22404054e-01,3.50445539e-01
5345803-S04-156I3-A-L-C-190-7-1,20.02.2020-17:43:59,1.00000000e+00,6.39310002e-01,8.82766724e+00,1.40344328e-03,7.34756226e+02,8.02215042e+01,1.84280090e+01,2.52622396e-01,2.83163238e+00
5345803-S04-156I3-A-L-C-190-7-1,20.02.2020-17:44:01,9.00000000e+00,6.44920647e-01,8.92648602e+00,2.06809212e-03,4.68051697e+02,8.02734604e+01,1.88100090e+01,5.77367097e-02,1.09256051e-01
5345803-S04-156I3-A-L-C-190-7-1,20.02.2020-17:44:03,1.90000000e+01,6.44648075e-01,8.90886497e+00,1.83020195e-03,1.37605820e+02,8.03793182e+01,1.87896900e+01,1.14082314e-01,1.75883949e-01
5345803-S04-156I3-A-L-C-190-7-1,20.02.2020-17:44:05,2.00000000e+01,6.41369462e-01,8.89265919e+00,1.78275048e-03,3.31342407e+02,8.03834534e+01,1.86610813e+01,1.04856327e-01,4.87448901e-01
5345803-S04-156I3-A-L-C-190-7-1,20.02.2020-17:44:08,9.00000000e+00,6.44391656e-01,8.91992950e+00,1.83961377e-03,1.72391434e+02,8.05129547e+01,1.88368053e+01,9.81183648e-02,1.59543484e-01
5345803-S04-156I3-A-L-C-190-7-1,20.02.2020-17:44:10,9.00000000e+00,6.44595683e-01,8.91222668e+00,1.78943854e-03,2.14061066e+02,8.04364090e+01,1.88086014e+01,9.83131006e-02,1.61304042e-01
5345803-S04-156I3-A-L-C-190-7-1,20.02.2020-17:44:12,9.00000000e+00,6.45047903e-01,8.92438221e+00,1.83468068e-03,1.92042404e+02,8.05426102e+01,1.88723507e+01,1.57742903e-01,3.85765046e-01
5345803-S04-156I3-A-L-C-190-7-1,20.02.2020-17:44:14,9.00000000e+00,6.44686878e-01,8.93343258e+00,1.74809806e-03,2.85111938e+02,8.04965515e+01,1.88701210e+01,7.74899349e-02,1.19448379e-01
5345803-S04-156I3-A-L-C-190-7-1,20.02.2020-17:44:16,9.00000000e+00,6.45530939e-01,8.91501141e+00,1.86879246e-03,2.00219086e+02,8.04107132e+01,1.88357563e+01,1.20659858e-01,2.61612773e-01
5345803-S04-156I3-A-L-C-190-7-1,20.02.2020-17:44:18,1.90000000e+01,6.45657480e-01,8.93878174e+00,2.31634476e-03,5.88594604e+02,7.99106064e+01,1.87721996e+01,7.77309686e-02,2.21745968e-01
5345803-S04-156I3-A-L-C-190-7-1,20.02.2020-17:44:20,9.00000000e+00,6.46830142e-01,8.92548752e+00,1.85743044e-03,2.44785080e+02,8.04620819e+01,1.89079170e+01,9.80355740e-02,3.27261806e-01
5345803-S04-156I3-A-L-C-190-7-1,20.02.2020-17:44:22,9.00000000e+00,6.45689964e-01,8.93514729e+00,2.04240950e-03,2.50918381e+02,8.02931671e+01,1.88553467e+01,1.15899645e-01,1.84285566e-01
5345803-S04-156I3-A-L-C-190-7-1,20.02.2020-17:44:24,2.10000000e+01,6.39777422e-01,8.86825371e+00,1.71527092e-03,8.88636475e+01,8.02200317e+01,1.85259304e+01,2.98410505e-01,1.18699515e+00
5345803-S04-156I3-A-L-C-190-7-1,20.02.2020-17:44:27,9.00000000e+00,6.45463884e-01,8.92605686e+00,1.81488250e-03,3.86801331e+02,8.05399170e+01,1.88874321e+01,6.73942044e-02,2.17112094e-01
5345803-S04-156I3-A-L-C-190-7-1,20.02.2020-17:44:29,8.00000000e+00,6.47107542e-01,8.93589211e+00,1.74562540e-03,3.24428833e+02,8.05727386e+01,1.89641209e+01,4.79881801e-02,1.95167676e-01
5345803-S04-156I3-A-L-C-190-7-1,20.02.2020-17:44:31,8.00000000e+00,6.46620929e-01,8.93048096e+00,1.85448432e-03,2.56457520e+02,8.04989548e+01,1.89210415e+01,9.82194766e-02,2.89956391e-01
5345803-S04-156I3-A-L-C-190-7-1,20.02.2020-17:44:33,1.00000000e+00,6.39696836e-01,8.82747650e+00,1.78127515e-03,2.29045593e+02,8.03719864e+01,1.84733524e+01,2.40335733e-01,2.66143179e+00
5345803-S04-156I3-A-L-C-190-7-1,20.02.2020-17:44:35,9.00000000e+00,6.45042956e-01,8.91069317e+00,1.85349723e-03,4.97754822e+02,8.04626007e+01,1.88245411e+01,5.61636910e-02,1.63549960e-01
5345803-S04-156I3-A-L-C-190-7-1,20.02.2020-17:44:37,8.00000000e+00,6.46370947e-01,8.92675114e+00,1.72215339e-03,1.98479599e+02,8.06688004e+01,1.89457169e+01,8.50129947e-02,3.78921241e-01
5345803-S04-156I3-A-L-C-190-7-1,20.02.2020-17:44:39,9.00000000e+00,6.46445155e-01,8.92486191e+00,1.95300765e-03,1.74917480e+02,8.03281479e+01,1.88638840e+01,1.07766040e-01,3.00212055e-01
5345803-S04-156I3-A-L-C-190-7-1,20.02.2020-17:44:42,8.00000000e+00,6.47780299e-01,8.93424129e+00,1.78968394e-03,1.67381821e+02,8.03982162e+01,1.89392166e+01,1.18662760e-01,3.52996558e-01
5345803-S04-156I3-A-L-C-190-7-1,20.02.2020-17:44:44,8.00000000e+00,6.47534668e-01,8.92350101e+00,2.03490513e-03,3.30779724e+02,8.04518356e+01,1.89218864e+01,6.91176355e-02,3.94971579e-01
5345803-S04-156I3-A-L-C-190-7-1,20.02.2020-17:44:46,8.00000000e+00,6.47448182e-01,8.94977093e+00,1.83319312e-03,2.57403992e+02,8.04470673e+01,1.89739323e+01,6.89268932e-02,2.79991299e-01
5345803-S04-156I3-A-L-C-190-7-1,20.02.2020-17:44:48,9.00000000e+00,6.45363986e-01,8.92091942e+00,2.05368409e-03,2.84978607e+02,8.04775391e+01,1.88590240e+01,1.00583673e-01,4.44479227e-01
5345803-S04-156I3-A-L-C-190-7-1,20.02.2020-17:44:50,8.00000000e+00,6.47749901e-01,8.92784691e+00,1.18187466e-03,2.11308014e+02,8.06362534e+01,1.89808064e+01,1.28829807e-01,5.80891430e-01
5345803-S04-156I3-A-L-C-190-7-1,20.02.2020-17:44:52,2.10000000e+01,6.42131746e-01,8.84579468e+00,1.68622879e-03,7.50063553e+01,8.01302643e+01,1.85262604e+01,3.04603815e-01,9.86679673e-01
5345803-S04-156I3-A-L-C-190-7-1,20.02.2020-17:44:54,2.00000000e+01,6.42026961e-01,8.91017437e+00,1.97527045e-03,1.63866547e+02,8.01537476e+01,1.86635189e+01,1.46420091e-01,3.70072603e-01
5345803-S04-156I3-A-L-C-190-7-1,20.02.2020-17:44:56,9.00000000e+00,6.45895958e-01,8.92946911e+00,1.99859589e-03,1.71323410e+02,8.04906006e+01,1.88957253e+01,1.76474154e-01,5.38523316e-01
5345803-S04-156I3-A-L-C-190-7-1,20.02.2020-17:44:59,1.90000000e+01,6.44472599e-01,8.91902733e+00,2.08430551e-03,1.89843719e+02,8.01665115e+01,1.87562122e+01,1.87655970e-01,4.90353703e-01
5345803-S04-156I3-A-L-C-190-7-1,20.02.2020-17:45:01,9.00000000e+00,6.46671534e-01,8.92338943e+00,1.70551043e-03,3.57233185e+02,8.04732132e+01,1.89014511e+01,9.29995850e-02,5.04929483e-01
5345803-S04-156I3-A-L-C-190-7-1,20.02.2020-17:45:03,1.00000000e+00,6.39359534e-01,8.82505608e+00,1.62606302e-03,2.82194824e+02,8.02028198e+01,1.84196968e+01,2.90702224e-01,2.97065282e+00
5345803-S04-156I3-A-L-C-190-7-1,20.02.2020-17:45:05,1.00000000e+00,6.39431596e-01,8.81341457e+00,1.70774665e-03,7.97654266e+01,8.02489471e+01,1.84080524e+01,4.00371343e-01,2.94706845e+00
5345803-S04-156I3-A-L-C-190-7-1,20.02.2020-17:45:07,1.00000000e+00,6.39889896e-01,8.83886814e+00,2.11699866e-03,2.16689590e+02,8.00004959e+01,1.84172516e+01,2.56807238e-01,2.03678513e+00
5345803-S04-156I3-A-L-C-190-7-1,20.02.2020-17:45:09,8.00000000e+00,6.46458089e-01,8.94209766e+00,1.58912153e-03,7.71880951e+01,8.05062332e+01,1.89425945e+01,2.28317216e-01,3.50056797e-01
5345803-S04-156I3-A-L-C-190-7-1,20.02.2020-17:45:11,8.00000000e+00,6.46707237e-01,8.94908905e+00,1.75478845e-03,2.40004395e+02,8.03672180e+01,1.89319630e+01,8.60931501e-02,1.72409967e-01
5345803-S04-156I3-A-L-C-190-7-1,20.02.2020-17:45:13,2.00000000e+01,6.41441882e-01,8.89164925e+00,1.66590593e-03,4.29250702e+02,8.03027878e+01,1.86423397e+01,7.20311105e-02,3.40782225e-01
5345803-S04-156I3-A-L-C-190-7-1,20.02.2020-17:45:16,2.00000000e+00,6.39157593e-01,8.82125187e+00,1.99301448e-03,1.62091995e+02,8.01086349e+01,1.83843269e+01,3.11591297e-01,3.08319712e+00
5345803-S04-156I3-A-L-C-190-7-1,20.02.2020-17:45:18,2.00000000e+01,6.41826272e-01,8.90128040e+00,1.58229610e-03,2.82255402e+02,8.03665390e+01,1.86885433e+01,8.99824202e-02,3.49420995e-01
5345803-S04-156I3-A-L-C-190-7-1,20.02.2020-17:45:20,9.00000000e+00,6.45820379e-01,8.93566036e+00,2.11126986e-03,4.04885223e+02,8.01366959e+01,1.88234844e+01,6.26954734e-02,2.23335952e-01
5345803-S04-156I3-A-L-C-190-7-1,20.02.2020-17:45:22,2.00000000e+01,6.42657101e-01,8.88048363e+00,1.96794141e-03,3.15491028e+02,8.04093323e+01,1.86789551e+01,1.78050473e-01,1.31870377e+00
5345803-S04-156I3-A-L-C-190-7-1,20.02.2020-17:45:24,9.00000000e+00,6.45562708e-01,8.93424511e+00,1.95145584e-03,3.91323578e+02,8.04919891e+01,1.88964024e+01,7.19456077e-02,2.62179822e-01
5345803-S04-156I3-A-L-C-190-7-1,20.02.2020-17:45:26,8.00000000e+00,6.45896018e-01,8.93649960e+00,1.84723618e-03,3.36509735e+02,8.05546799e+01,1.89256592e+01,8.33896622e-02,4.11872476e-01
5345803-S04-156I3-A-L-C-190-7-1,20.02.2020-17:45:28,9.00000000e+00,6.44136906e-01,8.92896652e+00,1.81324966e-03,1.78628937e+02,8.03648148e+01,1.88137589e+01,9.63337943e-02,3.91497672e-01
5345803-S04-156I3-A-L-C-190-7-1,20.02.2020-17:45:30,2.00000000e+01,6.44084930e-01,8.88351059e+00,1.90272788e-03,1.54537506e+02,8.01503754e+01,1.86665249e+01,1.72619402e-01,7.49248326e-01
5345803-S04-156I3-A-L-C-190-7-1,20.02.2020-17:45:32,8.00000000e+00,6.47325099e-01,8.91535378e+00,2.00550794e-03,1.48537231e+02,8.05447235e+01,1.89203110e+01,1.37372136e-01,5.88334262e-01
5345803-S04-156I3-A-L-C-190-7-1,20.02.2020-17:45:35,9.00000000e+00,6.46018088e-01,8.90813351e+00,1.61364360e-03,1.69648148e+02,8.05057755e+01,1.88576965e+01,1.32997662e-01,5.17001033e-01
5345803-S04-156I3-A-L-C-190-7-1,20.02.2020-17:45:37,1.00000000e+00,6.39180362e-01,8.83401680e+00,1.92626426e-03,1.39695053e+02,8.02998581e+01,1.84555340e+01,3.27624500e-01,2.60302353e+00
5345803-S04-156I3-A-L-C-190-7-1,20.02.2020-17:45:39,9.00000000e+00,6.45728588e-01,8.93044758e+00,2.00468092e-03,2.33429840e+02,8.05179138e+01,1.88993092e+01,1.13589987e-01,3.17806870e-01
5345803-S04-156I3-A-L-C-190-7-1,20.02.2020-17:45:41,8.00000000e+00,6.47117794e-01,8.91763020e+00,2.07918813e-03,3.41196533e+02,8.05420609e+01,1.89184589e+01,7.56584033e-02,5.60589790e-01
5345803-S04-156I3-A-L-C-190-7-1,20.02.2020-17:45:43,8.00000000e+00,6.46883011e-01,8.94553089e+00,2.25491798e-03,1.18983650e+02,8.03196564e+01,1.89183788e+01,1.19920827e-01,3.38324338e-01
5345803-S04-156I3-A-L-C-190-7-1,20.02.2020-17:45:45,8.00000000e+00,6.48189902e-01,8.92350674e+00,1.80968305e-03,2.12247131e+02,8.04656448e+01,1.89442978e+01,1.15343325e-01,6.00907803e-01
5345803-S04-156I3-A-L-C-190-7-1,20.02.2020-17:45:47,2.10000000e+01,6.37999296e-01,8.88407421e+00,2.02222634e-03,2.87756714e+02,8.04010849e+01,1.85491695e+01,1.67787313e-01,8.78546357e-01
5345803-S04-156I3-A-L-C-190-7-1,20.02.2020-17:45:50,8.00000000e+00,6.47599518e-01,8.92675114e+00,1.35268900e-03,3.37573792e+02,8.06326523e+01,1.89732208e+01,8.48952010e-02,4.40919161e-01
5345803-S04-156I3-A-L-C-190-7-1,20.02.2020-17:45:52,9.00000000e+00,6.47135556e-01,8.93771362e+00,1.95085793e-03,2.96801178e+02,8.02922058e+01,1.89027634e+01,7.38950744e-02,3.01190048e-01
5345803-S04-156I3-A-L-C-190-7-1,20.02.2020-17:45:54,1.00000000e+00,6.39640629e-01,8.83934784e+00,2.17952835e-03,2.69335114e+02,8.01116180e+01,1.84366493e+01,2.61833102e-01,2.53825355e+00
5345803-S04-156I3-A-L-C-190-7-1,20.02.2020-17:45:56,1.00000000e+00,6.39647245e-01,8.84533787e+00,1.86150731e-03,1.75379349e+02,8.01812210e+01,1.84653625e+01,2.74563968e-01,2.10087919e+00
5345803-S04-156I3-A-L-C-190-7-1,20.02.2020-17:45:58,9.00000000e+00,6.45821750e-01,8.92037392e+00,1.85526093e-03,4.70996429e+02,8.03111725e+01,1.88322353e+01,6.80813417e-02,2.23298177e-01
5345803-S04-156I3-A-L-C-190-7-1,20.02.2020-17:46:00,9.00000000e+00,6.45343721e-01,8.92234325e+00,1.83574553e-03,4.16767670e+02,8.04531708e+01,1.88557320e+01,6.47821128e-02,2.27137312e-01
5345803-S04-156I3-A-L-C-190-7-1,20.02.2020-17:46:02,2.10000000e+01,6.38432086e-01,8.86986637e+00,1.75463874e-03,2.85069244e+02,8.04294052e+01,1.85385971e+01,1.45608112e-01,8.12133014e-01
5345803-S04-156I3-A-L-C-190-7-1,20.02.2020-17:46:04,2.10000000e+01,6.39019787e-01,8.87203407e+00,1.81506842e-03,1.26933380e+02,8.02776260e+01,1.85251713e+01,2.79527724e-01,1.24417615e+00
5345803-S04-156I3-A-L-C-190-7-1,20.02.2020-17:46:06,9.00000000e+00,6.44633889e-01,8.90828609e+00,1.55900489e-03,1.82754181e+02,8.04405060e+01,1.88023567e+01,1.25986949e-01,4.06308055e-01
5345803-S04-156I3-A-L-C-190-7-1,20.02.2020-17:46:08,9.00000000e+00,6.45874739e-01,8.93764400e+00,2.24337750e-03,1.97293564e+02,8.01055756e+01,1.88219357e+01,2.05993176e-01,3.19491029e-01
5345803-S04-156I3-A-L-C-190-7-1,20.02.2020-17:46:11,9.00000000e+00,6.45774961e-01,8.93747234e+00,1.94212620e-03,1.95665436e+02,8.04870071e+01,1.89082718e+01,1.29642576e-01,2.61167496e-01
5345803-S04-156I3-A-L-C-190-7-1,20.02.2020-17:46:13,1.90000000e+01,6.44285798e-01,8.93691063e+00,2.18331954e-03,1.65646591e+02,8.00411682e+01,1.87589951e+01,1.41715676e-01,1.96548462e-01
5345803-S04-156I3-A-L-C-190-7-1,20.02.2020-17:46:15,1.90000000e+01,6.45462394e-01,8.92377090e+00,2.13665632e-03,2.35141632e+02,8.01178665e+01,1.87836037e+01,8.18788037e-02,2.54219055e-01
5345803-S04-156I3-A-L-C-190-7-1,20.02.2020-17:46:17,9.00000000e+00,6.44242585e-01,8.93364811e+00,1.93850521e-03,1.88802399e+02,8.05118179e+01,1.88611469e+01,1.55991405e-01,3.57078463e-01
5345803-S04-156I3-A-L-C-190-7-1,20.02.2020-17:46:19,9.00000000e+00,6.45536780e-01,8.93550014e+00,1.83453725e-03,1.48845154e+02,8.05139923e+01,1.89034634e+01,1.51798859e-01,3.40903550e-01
5345803-S04-156I3-A-L-C-190-7-1,20.02.2020-17:46:21,9.00000000e+00,6.43790007e-01,8.93324947e+00,1.66406261e-03,1.35810562e+02,8.03572922e+01,1.88108826e+01,1.28233880e-01,1.87325880e-01
5345803-S04-156I3-A-L-C-190-7-1,20.02.2020-17:46:23,1.00000000e+00,6.38294876e-01,8.86218643e+00,1.73928577e-03,2.44798019e+02,8.03453979e+01,1.84992199e+01,2.06656575e-01,9.16431785e-01
5345803-S04-156I3-A-L-C-190-7-1,20.02.2020-17:46:25,2.10000000e+01,6.39366150e-01,8.87090111e+00,1.91786315e-03,1.79151901e+02,8.01587372e+01,1.85053997e+01,1.80652604e-01,8.50824058e-01
5345803-S04-156I3-A-L-C-190-7-1,20.02.2020-17:46:28,1.00000000e+00,6.39233887e-01,8.86581802e+00,1.98914553e-03,3.12755676e+02,8.01048813e+01,1.84785461e+01,1.96188360e-01,1.15630531e+00
5345803-S04-156I3-A-L-C-190-7-1,20.02.2020-17:46:30,1.00000000e+00,6.39385283e-01,8.85601425e+00,1.95953972e-03,4.74478546e+02,8.01704865e+01,1.84776020e+01,1.32369325e-01,1.03886318e+00
5345803-S04-156I3-A-L-C-190-7-1,20.02.2020-17:46:32,8.00000000e+00,6.47424519e-01,8.94620132e+00,1.73051131e-03,3.00120911e+02,8.04005585e+01,1.89547062e+01,6.22315928e-02,2.38380343e-01
5345803-S04-156I3-A-L-C-190-7-1,20.02.2020-17:46:34,2.00000000e+01,6.41439736e-01,8.89741611e+00,1.96079002e-03,1.29649399e+02,8.03536148e+01,1.86661777e+01,1.98340192e-01,5.91855526e-01
5345803-S04-156I3-A-L-C-190-7-1,20.02.2020-17:46:36,9.00000000e+00,6.44876957e-01,8.92961884e+00,1.63076736e-03,2.60828705e+02,8.03830032e+01,1.88410130e+01,9.48116481e-02,1.55892923e-01
5345803-S04-156I3-A-L-C-190-7-1,20.02.2020-17:46:38,1.90000000e+01,6.43880188e-01,8.92297935e+00,1.85348187e-03,2.57866455e+02,8.01563187e+01,1.87448883e+01,7.61074200e-02,1.16391860e-01
5345803-S04-156I3-A-L-C-190-7-1,20.02.2020-17:46:40,9.00000000e+00,6.44334614e-01,8.91426659e+00,1.84198341e-03,4.02297852e+02,8.04828568e+01,1.88161469e+01,5.24280742e-02,9.83306244e-02
5345803-S04-156I3-A-L-C-190-7-1,20.02.2020-17:46:43,9.00000000e+00,6.44569576e-01,8.92510605e+00,1.72929477e-03,1.86629318e+02,8.02882385e+01,1.88003235e+01,1.13464236e-01,1.72077075e-01
5345803-S04-156I3-A-L-C-190-7-1,20.02.2020-17:46:45,1.90000000e+01,6.44134700e-01,8.92960262e+00,1.70735305e-03,2.68082336e+02,8.02769623e+01,1.87944641e+01,8.56110454e-02,1.36277333e-01
5345803-S04-156I3-A-L-C-190-7-1,20.02.2020-17:46:47,8.00000000e+00,6.45735204e-01,8.96260643e+00,1.92722271e-03,1.83643082e+02,8.05572281e+01,1.89768219e+01,1.76247716e-01,3.80029619e-01
5345803-S04-156I3-A-L-C-190-7-1,20.02.2020-17:46:49,8.00000000e+00,6.45782590e-01,8.94740582e+00,1.57188927e-03,2.45137527e+02,8.05258026e+01,1.89386368e+01,1.12074360e-01,3.00449729e-01
5345803-S04-156I3-A-L-C-190-7-1,20.02.2020-17:46:51,3.00000000e+00,6.31514370e-01,8.89794922e+00,2.15418125e-03,1.93341171e+02,7.89177628e+01,1.80500374e+01,2.01495439e-01,2.49646828e-01
5345803-S04-156I3-A-L-C-190-7-1,20.02.2020-17:46:53,2.00000000e+01,6.43863201e-01,8.90613461e+00,1.97145296e-03,2.70399017e+02,8.00771179e+01,1.86905251e+01,1.72267824e-01,2.63406515e-01
5345803-S04-156I3-A-L-C-190-7-1,20.02.2020-17:46:56,9.00000000e+00,6.44899845e-01,8.91908646e+00,1.59234612e-03,4.55836334e+02,8.03932190e+01,1.88218479e+01,6.52354285e-02,1.35067225e-01
5345803-S04-156I3-A-L-C-190-7-1,20.02.2020-17:46:58,2.00000000e+01,6.40606940e-01,8.89913368e+00,2.19684816e-03,4.87679504e+02,8.02044525e+01,1.86109276e+01,1.21713392e-01,4.88703549e-01
5345803-S04-156I3-A-L-C-190-7-1,20.02.2020-17:47:00,2.00000000e+01,6.41852260e-01,8.88293362e+00,1.80010777e-03,2.60907928e+02,8.03599243e+01,1.86492424e+01,1.26258895e-01,4.72675294e-01
5345803-S04-156I3-A-L-C-190-7-1,20.02.2020-17:47:02,2.00000000e+01,6.42071486e-01,8.87462521e+00,2.09857058e-03,1.76473373e+02,8.02668457e+01,1.86165771e+01,2.47129306e-01,1.57202077e+00
5345803-S04-156I3-A-L-C-190-7-1,20.02.2020-17:47:06,9.00000000e+00,6.45933509e-01,8.92680550e+00,1.68954115e-03,3.74932007e+02,8.05033569e+01,1.88941803e+01,6.33216128e-02,1.93840876e-01
5345803-S04-156I3-A-L-C-190-7-1,20.02.2020-17:47:08,9.00000000e+00,6.46172106e-01,8.92219257e+00,1.99880917e-03,3.61538483e+02,8.03628540e+01,1.88584213e+01,7.61452541e-02,2.79525042e-01
5345803-S04-156I3-A-L-C-190-7-1,20.02.2020-17:47:10,9.00000000e+00,6.45843923e-01,8.92640305e+00,1.95375388e-03,3.62093323e+02,8.04481659e+01,1.88777599e+01,7.70752653e-02,2.25142837e-01
5345803-S04-156I3-A-L-C-190-7-1,20.02.2020-17:47:12,9.00000000e+00,6.46579206e-01,8.92890072e+00,2.00115866e-03,2.44838028e+02,8.04231186e+01,1.88986530e+01,7.22094700e-02,2.04891980e-01
5345803-S04-156I3-A-L-C-190-7-1,20.02.2020-17:47:14,9.00000000e+00,6.45582736e-01,8.92923164e+00,1.92590686e-03,3.28084351e+02,8.02151718e+01,1.88214340e+01,8.66252184e-02,2.46443689e-01
5345803-S04-156I3-A-L-C-190-7-1,20.02.2020-17:47:16,1.00000000e+00,6.39092863e-01,8.84516525e+00,1.81136746e-03,1.07462349e+02,8.03670349e+01,1.84917507e+01,4.23969775e-01,1.40452087e+00
5345803-S04-156I3-A-L-C-190-7-1,20.02.2020-17:47:19,2.00000000e+01,6.43932998e-01,8.88658333e+00,1.77556509e-03,1.38026184e+02,8.02478943e+01,1.86912937e+01,2.07750887e-01,3.63514513e-01
5345803-S04-156I3-A-L-C-190-7-1,20.02.2020-17:47:21,1.90000000e+01,6.42638624e-01,8.95183182e+00,1.51300675e-03,1.59201477e+02,7.99589920e+01,1.87230358e+01,1.60657689e-01,1.93603307e-01
5345803-S04-156I3-A-L-C-190-7-1,20.02.2020-17:47:23,2.10000000e+01,6.40704870e-01,8.83043289e+00,1.44331274e-03,1.36861725e+02,8.04660416e+01,1.85303173e+01,3.10530663e-01,8.91045868e-01
5345803-S04-156I3-A-L-C-190-7-1,20.02.2020-17:47:25,1.90000000e+01,6.43060684e-01,8.94808960e+00,1.69369357e-03,2.46165100e+02,8.00296860e+01,1.87440567e+01,9.43783447e-02,1.11470103e-01
5345803-S04-156I3-A-L-C-190-7-1,20.02.2020-17:47:27,2.00000000e+01,6.42440856e-01,8.90719891e+00,2.10842281e-03,2.66330109e+02,8.02014618e+01,1.86804276e+01,1.58735588e-01,5.22094965e-01
5345803-S04-156I3-A-L-C-190-7-1,20.02.2020-17:47:29,2.40000000e+01,6.45366490e-01,8.94115543e+00,1.61313266e-03,9.21930599e+00,8.00534363e+01,1.88022690e+01,2.56251216e+00,3.05979919e+00
5345803-S04-156I3-A-L-C-190-7-1,20.02.2020-17:47:31,1.00000000e+00,6.39168918e-01,8.85768604e+00,1.84130133e-03,1.20219452e+02,8.02276382e+01,1.84880085e+01,2.46852428e-01,9.12705958e-01
5345803-S04-156I3-A-L-C-190-7-1,20.02.2020-17:47:33,2.10000000e+01,6.38305485e-01,8.88811779e+00,1.85629923e-03,4.32652649e+02,8.01788788e+01,1.85152073e+01,9.53649133e-02,2.98912913e-01
5345803-S04-156I3-A-L-C-190-7-1,20.02.2020-17:47:36,8.00000000e+00,6.46430552e-01,8.96908855e+00,1.58750161e-03,3.07482544e+02,8.04514236e+01,1.89860287e+01,7.27412179e-02,1.04061939e-01
5345803-S04-156I3-A-L-C-190-7-1,20.02.2020-17:47:38,2.10000000e+01,6.41641974e-01,8.85400009e+00,1.79936108e-03,2.81370880e+02,8.03593826e+01,1.85822849e+01,2.10131615e-01,1.87406409e+00
5345803-S04-156I3-A-L-C-190-7-1,20.02.2020-17:47:40,9.00000000e+00,6.46276653e-01,8.91228390e+00,1.79279281e-03,2.46555115e+02,8.03182907e+01,1.88300781e+01,7.74013251e-02,1.94459096e-01
5345803-S04-156I3-A-L-C-190-7-1,20.02.2020-17:47:42,1.90000000e+01,6.44410908e-01,8.93150997e+00,1.60587556e-03,1.73959274e+02,8.01253586e+01,1.87710228e+01,2.00506717e-01,2.52863616e-01
5345803-S04-156I3-A-L-C-190-7-1,20.02.2020-17:47:44,8.00000000e+00,6.46024644e-01,8.94840813e+00,1.68109476e-03,1.81610519e+02,8.04072800e+01,1.89199696e+01,2.58980125e-01,4.12257284e-01
5345803-S04-156I3-A-L-C-190-7-1,20.02.2020-17:47:46,9.00000000e+00,6.45828307e-01,8.94747639e+00,2.09256168e-03,4.45902649e+02,8.03967133e+01,1.89097652e+01,7.96633586e-02,2.46163458e-01
5345803-S04-156I3-A-L-C-190-7-1,20.02.2020-17:47:48,2.00000000e+01,6.41632259e-01,8.89758492e+00,2.00665556e-03,1.59919113e+02,8.02920609e+01,1.86578312e+01,1.68026984e-01,5.59398413e-01
5345803-S04-156I3-A-L-C-190-7-1,20.02.2020-17:47:50,9.00000000e+00,6.44248486e-01,8.93910599e+00,1.57186901e-03,2.31113586e+02,8.03486099e+01,1.88345852e+01,8.63118023e-02,1.31314680e-01
5345803-S04-156I3-A-L-C-190-7-1,20.02.2020-17:47:53,1.90000000e+01,6.42851770e-01,8.94565487e+00,1.79937074e-03,1.97495407e+02,8.00275345e+01,1.87323647e+01,1.62463143e-01,1.95200458e-01
5345803-S04-156I3-A-L-C-190-7-1,20.02.2020-17:47:55,1.90000000e+01,6.42519295e-01,8.95576477e+00,1.93717552e-03,2.35156204e+02,7.99598999e+01,1.87279949e+01,1.13310196e-01,1.37704223e-01
5345803-S04-156I3-A-L-C-190-7-1,20.02.2020-17:47:57,1.90000000e+01,6.44314170e-01,8.88935661e+00,1.98544702e-03,1.17203453e+02,8.02485504e+01,1.87083454e+01,2.83067673e-01,5.11167109e-01
5345803-S04-156I3-A-L-C-190-7-1,20.02.2020-17:47:59,1.00000000e+00,6.39802992e-01,8.82677937e+00,1.53255113e-03,1.36218979e+02,8.01439590e+01,1.84225407e+01,4.00752038e-01,6.91009641e-01
5345803-S04-156I3-A-L-C-190-7-1,20.02.2020-17:48:01,1.00000000e+00,6.38709843e-01,8.84441757e+00,1.72185525e-03,4.23267944e+02,8.02348557e+01,1.84487152e+01,1.61358327e-01,1.13211536e+00
5345803-S04-156I3-A-L-C-190-7-1,20.02.2020-17:48:03,8.00000000e+00,6.48003697e-01,8.91654110e+00,1.95465307e-03,2.77616302e+02,8.04867859e+01,1.89290428e+01,6.52232915e-02,1.43609390e-01
5345803-S04-156I3-A-L-C-190-7-1,20.02.2020-17:48:05,2.10000000e+01,6.40028179e-01,8.88531017e+00,1.96650508e-03,2.67853241e+02,8.00084457e+01,1.85198612e+01,1.85498953e-01,6.02700830e-01
5345803-S04-156I3-A-L-C-190-7-1,20.02.2020-17:48:07,2.00000000e+01,6.43445313e-01,8.87715054e+00,1.76670717e-03,3.81672546e+02,8.02472534e+01,1.86571655e+01,1.54792473e-01,3.72541368e-01
5345803-S04-156I3-A-L-C-190-7-1,20.02.2020-17:48:09,9.00000000e+00,6.45739496e-01,8.93745899e+00,1.75528310e-03,1.62912201e+02,8.04938202e+01,1.89088078e+01,1.77575782e-01,2.17980340e-01
5345803-S04-156I3-A-L-C-190-7-1,20.02.2020-17:48:12,2.10000000e+01,6.39200270e-01,8.92681122e+00,1.86670281e-03,2.53448013e+02,7.99774094e+01,1.85750866e+01,1.18334308e-01,1.58921733e-01
5345803-S04-156I3-A-L-C-190-7-1,20.02.2020-17:48:14,1.00000000e+00,6.40837669e-01,8.81862831e+00,1.76832895e-03,1.92082153e+02,8.03349457e+01,1.84792271e+01,4.02242362e-01,1.34953988e+00
5345803-S04-156I3-A-L-C-190-7-1,20.02.2020-17:48:16,2.40000000e+01,6.39997125e-01,8.93901920e+00,1.66159996e-03,4.16675758e+00,7.88563690e+01,1.83626289e+01,3.05168104e+00,3.59472156e+00
5345803-S04-156I3-A-L-C-190-7-1,20.02.2020-17:48:18,9.00000000e+00,6.46240413e-01,8.93765640e+00,1.90228259e-03,1.24353958e+02,8.01870880e+01,1.88517818e+01,2.83124477e-01,4.40743059e-01
5345803-S04-156I3-A-L-C-190-7-1,20.02.2020-17:48:20,9.00000000e+00,6.45300806e-01,8.95999622e+00,1.81231170e-03,1.00570915e+02,8.02862244e+01,1.88947563e+01,2.42293864e-01,3.12007874e-01
5345803-S04-156I3-A-L-C-190-7-1,20.02.2020-17:48:22,2.10000000e+01,6.40968919e-01,8.86167145e+00,1.52047386e-03,1.78375916e+02,8.03193817e+01,1.85696278e+01,2.27804914e-01,3.77567083e-01
5345803-S04-156I3-A-L-C-190-7-1,20.02.2020-17:48:24,2.10000000e+01,6.39982879e-01,8.86647129e+00,1.71892950e-03,1.80565613e+02,8.03842010e+01,1.85660744e+01,3.02474707e-01,5.56475222e-01
5345803-S04-156I3-A-L-C-190-7-1,20.02.2020-17:48:26,2.10000000e+01,6.41782641e-01,8.86782360e+00,1.68893265e-03,1.62370407e+02,8.01575470e+01,1.85686188e+01,2.79945999e-01,8.56899977e-01
5345803-S04-156I3-A-L-C-190-7-1,20.02.2020-17:48:30,1.90000000e+01,6.44029796e-01,8.91930103e+00,1.76381320e-03,1.80555252e+02,8.03220673e+01,1.87802715e+01,2.32009977e-01,3.62798661e-01
5345803-S04-156I3-A-L-C-190-7-1,20.02.2020-17:48:32,9.00000000e+00,6.46066546e-01,8.92946243e+00,1.82776584e-03,2.64654358e+02,8.04962769e+01,1.89020348e+01,1.07154153e-01,2.13630930e-01
5345803-S04-156I3-A-L-C-190-7-1,20.02.2020-17:48:35,8.00000000e+00,6.46301806e-01,8.95692158e+00,1.93467492e-03,4.31504944e+02,8.04702682e+01,1.89609394e+01,8.35191980e-02,2.66400784e-01
5345803-S04-156I3-A-L-C-190-7-1,20.02.2020-17:48:37,1.90000000e+01,6.46088064e-01,8.89288235e+00,1.86849921e-03,3.23495605e+02,7.99756851e+01,1.87034798e+01,8.65256041e-02,1.31721497e-01
5345803-S04-156I3-A-L-C-190-7-1,20.02.2020-17:48:39,8.00000000e+00,6.45492733e-01,8.95547676e+00,1.68278883e-03,2.69220947e+02,8.06198044e+01,1.89693298e+01,8.98248926e-02,2.72792608e-01
5345803-S04-156I3-A-L-C-190-7-1,20.02.2020-17:48:41,9.00000000e+00,6.44263268e-01,8.91839123e+00,1.81872584e-03,1.52890198e+02,8.05184174e+01,1.88310833e+01,1.09849736e-01,1.85297772e-01
5345803-S04-156I3-A-L-C-190-7-1,20.02.2020-17:48:43,9.00000000e+00,6.45384610e-01,8.94310951e+00,1.71298883e-03,1.36653641e+02,8.04189148e+01,1.88927670e+01,1.46543697e-01,3.71885985e-01
5345803-S04-156I3-A-L-C-190-7-1,20.02.2020-17:48:45,1.90000000e+01,6.43134356e-01,8.91907120e+00,1.86760770e-03,1.90723282e+02,8.01562271e+01,1.87149563e+01,1.60175011e-01,2.95295894e-01
5345803-S04-156I3-A-L-C-190-7-1,20.02.2020-17:48:47,1.90000000e+01,6.43216968e-01,8.92626762e+00,1.50810566e-03,1.05084473e+02,8.00953445e+01,1.87182350e+01,2.55920738e-01,3.89781684e-01
5345803-S04-156I3-A-L-C-190-7-1,20.02.2020-17:48:50,2.00000000e+01,6.41295791e-01,8.91357708e+00,1.54718640e-03,1.17472130e+02,8.01674576e+01,1.86525707e+01,3.23275298e-01,7.67980576e-01
5345803-S04-156I3-A-L-C-190-7-1,20.02.2020-17:48:52,1.90000000e+01,6.44057989e-01,8.92156219e+00,1.87422417e-03,1.15962898e+02,8.01418915e+01,1.87437134e+01,2.25001335e-01,3.75190824e-01
5345803-S04-156I3-A-L-C-190-7-1,20.02.2020-17:48:54,1.90000000e+01,6.43498361e-01,8.92355919e+00,1.97747443e-03,1.13439934e+02,8.00668106e+01,1.87140732e+01,3.18225205e-01,5.22931933e-01
5345803-S04-156I3-A-L-C-190-7-1,20.02.2020-17:48:56,9.00000000e+00,6.43571675e-01,8.94423676e+00,1.79772708e-03,7.99653091e+01,8.02629776e+01,1.88055325e+01,3.61163378e-01,4.96143252e-01
5345803-S04-156I3-A-L-C-190-7-1,20.02.2020-17:48:58,1.90000000e+01,6.46393776e-01,8.89512157e+00,1.93401205e-03,1.16095451e+02,8.02651291e+01,1.87847824e+01,1.40224516e-01,3.06494862e-01
5345803-S04-156I3-A-L-C-190-7-1,20.02.2020-17:49:00,2.00000000e+01,6.42884970e-01,8.88756752e+00,1.75780186e-03,1.31854767e+02,8.02432709e+01,1.86618633e+01,2.64435619e-01,5.16758323e-01
5345803-S04-156I3-A-L-C-190-7-1,20.02.2020-17:49:02,9.00000000e+00,6.45321906e-01,8.91971684e+00,1.76507619e-03,4.29460724e+02,8.04943085e+01,1.88591843e+01,7.63523579e-02,2.52592504e-01
5345803-S04-156I3-A-L-C-190-7-1,20.02.2020-17:49:04,8.00000000e+00,6.45258009e-01,8.95463848e+00,1.88131549e-03,3.42709320e+02,8.04998779e+01,1.89324512e+01,1.02102891e-01,3.01572233e-01
5345803-S04-156I3-A-L-C-190-7-1,20.02.2020-17:49:06,9.00000000e+00,6.45244896e-01,8.94027233e+00,1.57328148e-03,1.26297577e+02,8.05081558e+01,1.89036388e+01,1.39732853e-01,3.05818737e-01
5345803-S04-156I3-A-L-C-190-7-1,20.02.2020-17:49:09,9.00000000e+00,6.45096838e-01,8.93185139e+00,1.87320320e-03,1.78931427e+02,8.03093567e+01,1.88348751e+01,1.04203127e-01,1.50816351e-01
5345803-S04-156I3-A-L-C-190-7-1,20.02.2020-17:49:11,9.00000000e+00,6.45202160e-01,8.93116570e+00,1.97298010e-03,1.94975372e+02,8.03555908e+01,1.88473492e+01,1.13000929e-01,3.27681690e-01
5345803-S04-156I3-A-L-C-190-7-1,20.02.2020-17:49:13,2.00000000e+01,6.41760826e-01,8.88972187e+00,1.64940697e-03,1.29048096e+02,8.03978195e+01,1.86696358e+01,2.12858289e-01,6.06063008e-01
5345803-S04-156I3-A-L-C-190-7-1,20.02.2020-17:49:15,9.00000000e+00,6.45910680e-01,8.93608475e+00,1.76339049e-03,1.25865349e+02,8.04567337e+01,1.89021988e+01,1.52889892e-01,2.55755723e-01
5345803-S04-156I3-A-L-C-190-7-1,20.02.2020-17:49:17,1.90000000e+01,6.44570589e-01,8.91869926e+00,1.79936318e-03,7.33442612e+01,8.02729797e+01,1.87832870e+01,3.84796500e-01,5.87953329e-01
5345803-S04-156I3-A-L-C-190-7-1,20.02.2020-17:49:19,8.00000000e+00,6.45511925e-01,8.96646976e+00,1.93543651e-03,1.29098312e+02,8.04046783e+01,1.89424992e+01,2.94955760e-01,3.72839093e-01
5345803-S04-156I3-A-L-C-190-7-1,20.02.2020-17:49:21,1.90000000e+01,6.43498302e-01,8.92226124e+00,1.92132045e-03,1.11978310e+02,8.01131058e+01,1.87221680e+01,2.26941511e-01,3.69919986e-01
5345803-S04-156I3-A-L-C-190-7-1,20.02.2020-17:49:23,3.00000000e+00,6.39033198e-01,8.75811005e+00,1.95418671e-03,1.55439011e+02,7.95614395e+01,1.81245270e+01,1.11593559e-01,2.18454227e-01
5345803-S04-156I3-A-L-C-190-7-1,20.02.2020-17:49:25,1.90000000e+01,6.43160880e-01,8.92562103e+00,1.97994104e-03,1.58062759e+02,8.01228104e+01,1.87216625e+01,2.42127031e-01,3.17739338e-01
5345803-S04-156I3-A-L-C-190-7-1,20.02.2020-17:49:28,1.90000000e+01,6.45196140e-01,8.92036629e+00,1.69327296e-03,9.11427231e+01,8.01836395e+01,1.87840996e+01,3.03584665e-01,4.49500114e-01
5345803-S04-156I3-A-L-C-190-7-1,20.02.2020-17:49:30,9.00000000e+00,6.45861685e-01,8.92670250e+00,1.88724289e-03,1.24237984e+02,8.04156418e+01,1.88712788e+01,1.71370462e-01,3.31049472e-01
5345803-S04-156I3-A-L-C-190-7-1,20.02.2020-17:49:32,1.90000000e+01,6.44446671e-01,8.89685631e+00,1.91244611e-03,1.29178177e+02,8.02226639e+01,1.87219410e+01,2.56627023e-01,7.72523761e-01
5345803-S04-156I3-A-L-C-190-7-1,20.02.2020-17:49:34,2.00000000e+01,6.43087327e-01,8.86556721e+00,1.72654691e-03,1.73764969e+02,8.04272842e+01,1.86642284e+01,2.41970018e-01,1.03059518e+00
5345803-S04-156I3-A-L-C-190-7-1,20.02.2020-17:49:36,2.00000000e+01,6.43543541e-01,8.88618469e+00,2.10562721e-03,1.26200981e+02,8.01858139e+01,1.86646996e+01,2.66112089e-01,1.04234731e+00
5345803-S04-156I3-A-L-C-190-7-1,20.02.2020-17:49:38,2.10000000e+01,6.41157866e-01,8.89090443e+00,1.90836645e-03,1.33430237e+02,8.01494522e+01,1.85969486e+01,2.22413212e-01,5.65004051e-01
5345803-S04-156I3-A-L-C-190-7-1,20.02.2020-17:49:40,2.00000000e+01,6.42880023e-01,8.85627747e+00,1.82224822e-03,1.71924194e+02,8.02612305e+01,1.86001816e+01,1.64760068e-01,5.10523379e-01
5345803-S04-156I3-A-L-C-190-7-1,20.02.2020-17:49:42,1.90000000e+01,6.45259559e-01,8.92719555e+00,1.56840950e-03,1.31009201e+02,8.01529694e+01,1.87931385e+01,1.88491032e-01,3.06334436e-01
5345803-S04-156I3-A-L-C-190-7-1,20.02.2020-17:49:45,1.90000000e+01,6.45366907e-01,8.93533421e+00,1.71121501e-03,2.21713638e+02,8.00781631e+01,1.87958431e+01,1.24629892e-01,2.15117529e-01
5345803-S04-156I3-A-L-C-190-7-1,20.02.2020-17:49:47,2.00000000e+00,6.38078332e-01,8.80329895e+00,1.61446584e-03,9.36915894e+01,8.02044830e+01,1.83378448e+01,3.16531956e-01,7.99955547e-01
5345803-S04-156I3-A-L-C-190-7-1,20.02.2020-17:49:49,1.90000000e+01,6.45322919e-01,8.93307114e+00,1.85978133e-03,3.70446777e+02,8.00702438e+01,1.87879429e+01,8.77511054e-02,1.82834372e-01
5345803-S04-156I3-A-L-C-190-7-1,20.02.2020-17:49:51,8.00000000e+00,6.47392154e-01,8.97081280e+00,1.92710012e-03,2.02468063e+02,8.02287903e+01,1.89652996e+01,1.41052306e-01,2.37240016e-01
5345803-S04-156I3-A-L-C-190-7-1,20.02.2020-17:49:53,1.90000000e+01,6.44826114e-01,8.93331432e+00,2.13570264e-03,1.86968552e+02,8.00920105e+01,1.87790928e+01,1.37305856e-01,3.89538348e-01
5345803-S04-156I3-A-L-C-190-7-1,20.02.2020-17:49:55,9.00000000e+00,6.45174205e-01,8.93306637e+00,1.78002263e-03,1.25000763e+02,8.02010803e+01,1.88142967e+01,2.41858065e-01,4.90685612e-01
5345803-S04-156I3-A-L-C-190-7-1,20.02.2020-17:49:57,8.00000000e+00,6.47241592e-01,8.96848202e+00,2.04667379e-03,1.73461349e+02,8.01514893e+01,1.89376965e+01,1.50640115e-01,2.44607553e-01
5345803-S04-156I3-A-L-C-190-7-1,20.02.2020-17:49:59,8.00000000e+00,6.48312151e-01,8.94983768e+00,1.91419164e-03,2.27094330e+02,8.03624039e+01,1.89793968e+01,1.28381222e-01,2.76866198e-01
5345803-S04-156I3-A-L-C-190-7-1,20.02.2020-17:50:01,9.00000000e+00,6.47079110e-01,8.94424057e+00,1.79778668e-03,3.36786407e+02,8.01513290e+01,1.88817291e+01,1.37702584e-01,2.46628940e-01
5345803-S04-156I3-A-L-C-190-7-1,20.02.2020-17:50:04,8.00000000e+00,6.48464143e-01,8.94464016e+00,1.73603860e-03,1.91650620e+02,8.03502808e+01,1.89699631e+01,1.53598219e-01,2.49244615e-01
5345803-S04-156I3-A-L-C-190-7-1,20.02.2020-17:50:06,8.00000000e+00,6.48217082e-01,8.94498825e+00,1.89880305e-03,2.09421707e+02,8.04491501e+01,1.89868031e+01,1.64369568e-01,2.64746964e-01
5345803-S04-156I3-A-L-C-190-7-1,20.02.2020-17:50:08,9.00000000e+00,6.45238221e-01,8.93704414e+00,1.98806380e-03,1.70163544e+02,8.01684952e+01,1.88168926e+01,1.49869055e-01,2.92952210e-01
5345803-S04-156I3-A-L-C-190-7-1,20.02.2020-17:50:10,9.00000000e+00,6.45610809e-01,8.94156265e+00,1.90152461e-03,1.89620300e+02,8.01344223e+01,1.88292713e+01,1.58039913e-01,4.58374709e-01
5345803-S04-156I3-A-L-C-190-7-1,20.02.2020-17:50:12,8.00000000e+00,6.48976445e-01,8.94820499e+00,1.83616381e-03,1.45336517e+02,8.03915176e+01,1.90022602e+01,1.75865784e-01,3.07540238e-01
5345803-S04-156I3-A-L-C-190-7-1,20.02.2020-17:50:14,1.90000000e+01,6.45557821e-01,8.93170643e+00,2.06158124e-03,1.78548843e+02,8.00189438e+01,1.87798691e+01,1.94463983e-01,3.17779332e-01
5345803-S04-156I3-A-L-C-190-7-1,20.02.2020-17:50:16,8.00000000e+00,6.48916423e-01,8.94542885e+00,1.79503928e-03,1.24184845e+02,8.03975830e+01,1.89960423e+01,2.04480991e-01,3.33592802e-01
5345803-S04-156I3-A-L-C-190-7-1,20.02.2020-17:50:18,9.00000000e+00,6.45667851e-01,8.93340492e+00,1.97758665e-03,1.75703842e+02,8.01404419e+01,1.88151703e+01,1.30014569e-01,2.13206112e-01
5345803-S04-156I3-A-L-C-190-7-1,20.02.2020-17:50:20,1.90000000e+01,6.45793974e-01,8.92327404e+00,2.16703094e-03,1.33088226e+02,7.99177551e+01,1.87452698e+01,2.12838769e-01,3.61492008e-01
5345803-S04-156I3-A-L-C-190-7-1,20.02.2020-17:50:23,8.00000000e+00,6.48973227e-01,8.95962334e+00,1.79201853e-03,3.12718323e+02,8.02883682e+01,1.90020008e+01,1.24034174e-01,1.98775247e-01
5345803-S04-156I3-A-L-C-190-7-1,20.02.2020-17:50:25,9.00000000e+00,6.46423459e-01,8.93557453e+00,1.92256214e-03,1.31297882e+02,8.01676254e+01,1.88481522e+01,2.38337606e-01,3.48005027e-01
5345803-S04-156I3-A-L-C-190-7-1,20.02.2020-17:50:27,7.00000000e+00,6.48834467e-01,8.96017456e+00,1.93817425e-03,2.29551804e+02,8.04399872e+01,1.90349846e+01,9.07316431e-02,1.90866128e-01
5345803-S04-156I3-A-L-C-190-7-1,20.02.2020-17:50:29,8.00000000e+00,6.48986399e-01,8.95779991e+00,2.07149843e-03,1.75683044e+02,8.03001099e+01,1.90013008e+01,1.55691713e-01,2.38658950e-01
5345803-S04-156I3-A-L-C-190-7-1,20.02.2020-17:50:31,1.90000000e+01,6.45053744e-01,8.91774845e+00,1.76795339e-03,1.93545517e+02,8.00943451e+01,1.87535362e+01,2.02050477e-01,4.30621475e-01
5345803-S04-156I3-A-L-C-190-7-1,20.02.2020-17:50:33,9.00000000e+00,6.44613445e-01,8.93776035e+00,2.01216177e-03,1.63046249e+02,8.02416229e+01,1.88173275e+01,2.55010575e-01,4.40448761e-01
5345803-S04-156I3-A-L-C-190-7-1,20.02.2020-17:50:35,1.90000000e+01,6.44800663e-01,8.91522026e+00,1.94541807e-03,1.72144608e+02,8.01200562e+01,1.87468815e+01,1.87913254e-01,4.39702600e-01
5345803-S04-156I3-A-L-C-190-7-1,20.02.2020-17:50:38,9.00000000e+00,6.45338953e-01,8.95439053e+00,2.18745135e-03,1.61240341e+02,8.00404129e+01,1.88262329e+01,1.72658116e-01,3.43868256e-01
5345803-S04-156I3-A-L-C-190-7-1,20.02.2020-17:50:40,2.00000000e+01,6.44668400e-01,8.90873528e+00,1.78778800e-03,3.46456787e+02,7.99906006e+01,1.86991386e+01,1.28761232e-01,4.56286252e-01
5345803-S04-156I3-A-L-C-190-7-1,20.02.2020-17:50:55,9.00000000e+00,6.45664930e-01,8.93638229e+00,1.88242411e-03,2.92661560e+02,8.02333221e+01,1.88431683e+01,1.39550626e-01,2.78632939e-01
5345803-S04-156I3-A-L-C-190-7-1,20.02.2020-17:50:57,8.00000000e+00,6.47464454e-01,8.97394848e+00,2.23814556e-03,2.01512573e+02,8.00744324e+01,1.89375401e+01,1.69903293e-01,2.49037519e-01
5345803-S04-156I3-A-L-C-190-7-1,20.02.2020-17:51:00,8.00000000e+00,6.47216141e-01,8.95699310e+00,2.05000327e-03,4.87608612e+02,8.02261047e+01,1.89302998e+01,7.42072463e-02,1.28831580e-01
5345803-S04-156I3-A-L-C-190-7-1,20.02.2020-17:51:02,8.00000000e+00,6.48288667e-01,8.94696045e+00,1.96375628e-03,3.21734589e+02,8.03256454e+01,1.89639320e+01,8.96394700e-02,3.23978603e-01
5345803-S04-156I3-A-L-C-190-7-1,20.02.2020-17:51:04,2.00000000e+01,6.43210292e-01,8.90793800e+00,1.82603055e-03,1.74498764e+02,8.00695953e+01,1.86735954e+01,1.60997704e-01,3.79432291e-01
5345803-S04-156I3-A-L-C-190-7-1,20.02.2020-17:51:06,2.00000000e+01,6.43108547e-01,8.90767574e+00,1.81405025e-03,2.62344910e+02,7.99993515e+01,1.86537170e+01,1.45297766e-01,3.75828803e-01
5345803-S04-156I3-A-L-C-190-7-1,20.02.2020-17:51:08,1.90000000e+01,6.43944860e-01,8.99098301e+00,2.20711832e-03,3.31699036e+02,7.95962677e+01,1.87576637e+01,6.37591928e-02,7.52638578e-02
5345803-S04-156I3-A-L-C-190-7-1,20.02.2020-17:51:10,2.10000000e+01,6.40935719e-01,8.87795258e+00,1.74301304e-03,1.40638657e+02,8.00205536e+01,1.85335693e+01,1.79539204e-01,3.92595440e-01
5345803-S04-156I3-A-L-C-190-7-1,20.02.2020-17:51:12,9.00000000e+00,6.47445261e-01,8.95217896e+00,2.09416240e-03,2.20377365e+02,8.00873795e+01,1.88940964e+01,1.62593573e-01,2.31827199e-01
5345803-S04-156I3-A-L-C-190-7-1,20.02.2020-17:51:14,8.00000000e+00,6.47807062e-01,8.97257710e+00,2.30989885e-03,2.96227295e+02,7.99571838e+01,1.89169254e+01,1.04881689e-01,1.51073202e-01
5345803-S04-156I3-A-L-C-190-7-1,20.02.2020-17:51:16,9.00000000e+00,6.45600855e-01,8.93270493e+00,1.80857407e-03,1.49084854e+02,8.02675323e+01,1.88415737e+01,2.44965315e-01,5.29002130e-01
5345803-S04-156I3-A-L-C-190-7-1,20.02.2020-17:51:19,9.00000000e+00,6.44748986e-01,8.91675186e+00,1.85325171e-03,2.48054062e+02,8.03562851e+01,1.88038769e+01,7.90651441e-02,2.17112377e-01
5345803-S04-156I3-A-L-C-190-7-1,20.02.2020-17:51:21,9.00000000e+00,6.44988239e-01,8.95712090e+00,1.88681670e-03,1.13865662e+02,7.99524689e+01,1.88010597e+01,2.41848618e-01,3.00379366e-01
5345803-S04-156I3-A-L-C-190-7-1,20.02.2020-17:51:23,2.10000000e+01,6.41513884e-01,8.88730526e+00,2.05510296e-03,1.78166321e+02,8.00359344e+01,1.85733986e+01,2.81720847e-01,5.20758152e-01
5345803-S04-156I3-A-L-C-190-7-1,20.02.2020-17:51:25,8.00000000e+00,6.46393895e-01,8.92261314e+00,1.85015542e-03,2.03020615e+02,8.05637589e+01,1.89129467e+01,1.72423005e-01,2.45588094e-01
5345803-S04-156I3-A-L-C-190-7-1,20.02.2020-17:51:27,8.00000000e+00,6.46499753e-01,8.95631886e+00,1.86041254e-03,1.86707840e+02,8.02967911e+01,1.89245815e+01,1.36103332e-01,1.77337810e-01
5345803-S04-156I3-A-L-C-190-7-1,20.02.2020-17:51:29,2.00000000e+00,6.38241053e-01,8.82297230e+00,1.73437141e-03,2.07203888e+02,8.01035156e+01,1.83603687e+01,1.11680798e-01,3.23735505e-01
5345803-S04-156I3-A-L-C-190-7-1,20.02.2020-17:51:31,1.90000000e+01,6.44957542e-01,8.93324280e+00,1.91177928e-03,2.87765350e+02,8.00611649e+01,1.87755356e+01,1.71008751e-01,3.41231316e-01
5345803-S04-156I3-A-L-C-190-7-1,20.02.2020-17:51:33,1.00000000e+00,6.42003715e-01,8.83773232e+00,1.70610216e-03,1.38928238e+02,7.99564590e+01,1.84655457e+01,3.61853719e-01,8.20442379e-01
5345803-S04-156I3-A-L-C-190-7-1,20.02.2020-17:51:36,1.90000000e+01,6.44063056e-01,8.91555119e+00,1.79175555e-03,1.09144798e+02,8.03465347e+01,1.87790623e+01,4.29363817e-01,9.86213207e-01
5345803-S04-156I3-A-L-C-190-7-1,20.02.2020-17:51:38,2.00000000e+00,6.40346110e-01,8.79732704e+00,1.85960368e-03,1.05585724e+02,7.99834824e+01,1.83398590e+01,3.72410834e-01,8.97941113e-01
5345803-S04-156I3-A-L-C-190-7-1,20.02.2020-17:51:40,1.90000000e+01,6.44250214e-01,8.92050362e+00,2.00180826e-03,2.49811661e+02,8.01906052e+01,1.87584782e+01,1.53395057e-01,3.29015553e-01
5345803-S04-156I3-A-L-C-190-7-1,20.02.2020-17:51:42,2.00000000e+01,6.42481863e-01,8.88644028e+00,1.69187575e-03,1.18697517e+02,8.02280045e+01,1.86442471e+01,2.71204621e-01,6.94184840e-01
5345803-S04-156I3-A-L-C-190-7-1,20.02.2020-17:51:44,2.00000000e+01,6.42075181e-01,8.94424152e+00,1.78195373e-03,1.94921036e+02,7.99314880e+01,1.86843281e+01,1.58411562e-01,2.00043127e-01
5345803-S04-156I3-A-L-C-190-7-1,20.02.2020-17:51:46,9.00000000e+00,6.44869149e-01,8.92399788e+00,1.76304823e-03,1.44409286e+02,8.03223877e+01,1.88147240e+01,2.14768887e-01,2.57068038e-01
5345803-S04-156I3-A-L-C-190-7-1,20.02.2020-17:51:48,2.00000000e+01,6.44285858e-01,8.91650581e+00,1.94175891e-03,1.84388809e+02,7.99505997e+01,1.86949902e+01,2.48068467e-01,5.16362846e-01
5345803-S04-156I3-A-L-C-190-7-1,20.02.2020-17:51:50,2.00000000e+01,6.41224802e-01,8.87983704e+00,1.92828500e-03,1.37257996e+02,8.03260193e+01,1.86166592e+01,2.72447914e-01,7.37824976e-01
5345803-S04-156I3-A-L-C-190-7-1,20.02.2020-17:51:53,2.10000000e+01,6.41296923e-01,8.85046673e+00,1.87556108e-03,1.44735886e+02,8.02872543e+01,1.85482178e+01,1.88828036e-01,4.31141049e-01
5345803-S04-156I3-A-L-C-190-7-1,20.02.2020-17:51:55,1.00000000e+00,6.42958999e-01,8.83264446e+00,1.71831378e-03,3.95235413e+02,8.00045547e+01,1.84934940e+01,1.15162395e-01,2.52092838e-01
5345803-S04-156I3-A-L-C-190-7-1,20.02.2020-17:51:57,1.00000000e+00,6.42174244e-01,8.84548378e+00,2.00680573e-03,1.60396683e+02,7.98385773e+01,1.84593945e+01,1.67835355e-01,1.98373839e-01
5345803-S04-156I3-A-L-C-190-7-1,20.02.2020-17:51:59,2.10000000e+01,6.41795576e-01,8.87111282e+00,2.06669490e-03,1.41626190e+02,8.00110703e+01,1.85419369e+01,2.50753403e-01,4.04294997e-01
5345803-S04-156I3-A-L-C-190-7-1,20.02.2020-17:52:01,2.00000000e+01,6.41175270e-01,8.88769817e+00,1.97873800e-03,1.34327942e+02,8.02022705e+01,1.86029987e+01,3.28578979e-01,4.98245865e-01
5345803-S04-156I3-A-L-C-190-7-1,20.02.2020-17:52:03,2.00000000e+01,6.41778231e-01,8.93407345e+00,2.02635908e-03,1.76659042e+02,7.97340088e+01,1.86083679e+01,1.97362587e-01,2.32947677e-01
5345803-S04-156I3-A-L-C-190-7-1,20.02.2020-17:52:05,2.00000000e+01,6.42742336e-01,8.87474155e+00,2.07187771e-03,1.03613503e+02,8.01966782e+01,1.86199799e+01,3.08210224e-01,3.88505876e-01
5345803-S04-156I3-A-L-C-190-7-1,20.02.2020-17:52:08,2.10000000e+01,6.43329203e-01,8.83791161e+00,1.81790313e-03,1.61810547e+02,8.02925797e+01,1.85818310e+01,1.09731048e-01,1.56440184e-01
5345803-S04-156I3-A-L-C-190-7-1,20.02.2020-17:52:10,2.10000000e+01,6.42092705e-01,8.83983135e+00,1.58336677e-03,1.54856400e+02,8.02497711e+01,1.85402546e+01,1.50359020e-01,2.20742986e-01
5345803-S04-156I3-A-L-C-190-7-1,20.02.2020-17:52:12,2.00000000e+01,6.45257175e-01,8.91061687e+00,2.08032527e-03,1.34788361e+02,7.95696716e+01,1.86216602e+01,1.36966825e-01,1.64959490e-01
5345803-S04-156I3-A-L-C-190-7-1,20.02.2020-17:52:14,2.00000000e+01,6.44024491e-01,8.93771172e+00,2.21584388e-03,1.12842819e+02,7.96050568e+01,1.86508904e+01,2.88791925e-01,4.03419197e-01
5345803-S04-156I3-A-L-C-190-7-1,20.02.2020-17:52:16,2.00000000e+01,6.42723203e-01,8.89806175e+00,1.98923191e-03,1.34839722e+02,8.00002670e+01,1.86226311e+01,3.38929802e-01,6.48294687e-01
5345803-S04-156I3-A-L-C-190-7-1,20.02.2020-17:52:18,2.10000000e+01,6.42179608e-01,8.87579918e+00,2.12423760e-03,2.03529358e+02,8.01294098e+01,1.85902882e+01,1.13223776e-01,1.96143240e-01
5345803-S04-156I3-A-L-C-190-7-1,20.02.2020-17:52:20,2.10000000e+01,6.42038167e-01,8.86645603e+00,1.87246315e-03,1.82261032e+02,8.01072617e+01,1.85614967e+01,2.76617527e-01,3.46421689e-01
5345803-S04-156I3-A-L-C-190-7-1,20.02.2020-17:52:22,2.10000000e+01,6.42542303e-01,8.84605503e+00,1.87329506e-03,1.62359528e+02,8.01462631e+01,1.85423527e+01,1.89070880e-01,2.70727783e-01
5345803-S04-156I3-A-L-C-190-7-1,20.02.2020-17:52:25,2.00000000e+01,6.43368721e-01,8.84978676e+00,1.96169480e-03,1.40113342e+02,8.03364029e+01,1.86180992e+01,1.84036270e-01,3.05276155e-01
5345803-S04-156I3-A-L-C-190-7-1,20.02.2020-17:52:27,2.10000000e+01,6.43240690e-01,8.87278366e+00,2.22202833e-03,1.72874847e+02,7.99225159e+01,1.85666142e+01,1.63925007e-01,3.75919580e-01
5345803-S04-156I3-A-L-C-190-7-1,20.02.2020-17:52:29,2.10000000e+01,6.43785000e-01,8.85568810e+00,2.21794168e-03,2.49552364e+01,7.98413391e+01,1.85276852e+01,1.06658065e+00,1.24758494e+00
5345803-S04-156I3-A-L-C-190-7-1,20.02.2020-17:52:31,2.10000000e+01,6.43239856e-01,8.89928627e+00,1.85140537e-03,8.68455429e+01,7.97563782e+01,1.85833378e+01,3.54114503e-01,4.62457806e-01
5345803-S04-156I3-A-L-C-190-7-1,20.02.2020-17:52:33,2.00000000e+01,6.43136799e-01,8.90877151e+00,1.85733754e-03,9.02652893e+01,7.98024368e+01,1.86109066e+01,4.11450148e-01,5.20677626e-01
5345803-S04-156I3-A-L-C-190-7-1,20.02.2020-17:52:35,2.10000000e+01,6.40944541e-01,8.86252880e+00,2.05346872e-03,4.79378937e+02,8.00581207e+01,1.85103111e+01,8.97473320e-02,1.89455956e-01
5345803-S04-156I3-A-L-C-190-7-1,20.02.2020-17:52:37,2.10000000e+01,6.45156384e-01,8.88131332e+00,2.38784519e-03,2.53487259e+02,7.96235352e+01,1.85700855e+01,1.82982132e-01,3.38619143e-01
5345803-S04-156I3-A-L-C-190-7-1,20.02.2020-17:52:40,2.10000000e+01,6.41131759e-01,8.84305573e+00,1.89800048e-03,2.07371735e+02,8.03154678e+01,1.85344200e+01,1.39560431e-01,2.38412187e-01
5345803-S04-156I3-A-L-C-190-7-1,20.02.2020-17:52:42,2.10000000e+01,6.41463459e-01,8.85862446e+00,2.08264752e-03,1.93152130e+02,8.01417999e+01,1.85364895e+01,1.71015784e-01,2.13081002e-01
5345803-S04-156I3-A-L-C-190-7-1,20.02.2020-17:52:45,2.10000000e+01,6.42654181e-01,8.84222698e+00,1.54740631e-03,5.37391663e+02,8.02308960e+01,1.85571289e+01,6.76921904e-02,2.64787197e-01
5345803-S04-156I3-A-L-C-190-7-1,20.02.2020-17:52:47,2.00000000e+01,6.42887414e-01,8.88742161e+00,1.92466169e-03,1.45486862e+02,8.01523361e+01,1.86404800e+01,4.33490634e-01,1.29315853e+00
5345803-S04-156I3-A-L-C-190-7-1,20.02.2020-17:52:49,1.00000000e+00,6.42675877e-01,8.85184669e+00,2.21116794e-03,1.99426086e+02,7.97788086e+01,1.84732628e+01,1.06828399e-01,1.30488381e-01
5345803-S04-156I3-A-L-C-190-7-1,20.02.2020-17:52:51,2.10000000e+01,6.44014299e-01,8.85863876e+00,1.82091724e-03,1.01516571e+02,8.00619354e+01,1.85916862e+01,3.04420412e-01,4.70891953e-01
5345803-S04-156I3-A-L-C-190-7-1,20.02.2020-17:52:53,2.10000000e+01,6.43154025e-01,8.89457417e+00,2.04432220e-03,1.98373169e+02,7.98336029e+01,1.85890007e+01,1.43568829e-01,1.77922383e-01
5345803-S04-156I3-A-L-C-190-7-1,20.02.2020-17:52:55,2.00000000e+01,6.45839632e-01,8.83940697e+00,1.99987041e-03,1.21967072e+02,8.01602478e+01,1.86267490e+01,3.26910108e-01,6.09845698e-01
5345803-S04-156I3-A-L-C-190-7-1,20.02.2020-17:52:57,2.10000000e+01,6.40369356e-01,8.84304237e+00,1.87235989e-03,2.69193787e+02,8.03291473e+01,1.85155067e+01,1.55504018e-01,3.27692807e-01
5345803-S04-156I3-A-L-C-190-7-1,20.02.2020-17:52:59,2.00000000e+01,6.43395782e-01,8.88117027e+00,1.84570532e-03,2.43681755e+01,8.00237808e+01,1.86121979e+01,1.06924748e+00,1.53205943e+00
5345803-S04-156I3-A-L-C-190-7-1,20.02.2020-17:53:02,2.10000000e+01,6.41959846e-01,8.90443516e+00,1.95819349e-03,2.62422962e+01,7.99013824e+01,1.85908279e+01,7.97924340e-01,1.05859125e+00
5345803-S04-156I3-A-L-C-190-7-1,20.02.2020-17:53:04,2.10000000e+01,6.42706931e-01,8.88836575e+00,2.12077284e-03,5.21936302e+01,7.99218445e+01,1.85836334e+01,6.40799224e-01,7.37633467e-01
5345803-S04-156I3-A-L-C-190-7-1,20.02.2020-17:53:06,2.10000000e+01,6.43169463e-01,8.88356590e+00,2.02747481e-03,4.87164497e+01,7.98585358e+01,1.85722408e+01,6.61102951e-01,7.64918864e-01
5345803-S04-156I3-A-L-C-190-7-1,20.02.2020-17:53:08,2.10000000e+01,6.43312573e-01,8.86050892e+00,1.87121530e-03,8.70950241e+01,7.99542770e+01,1.85503712e+01,3.96472573e-01,5.04068196e-01
5345803-S04-156I3-A-L-C-190-7-1,20.02.2020-17:53:10,2.00000000e+01,6.41245306e-01,8.88170910e+00,1.89431873e-03,1.67391052e+02,8.02790527e+01,1.86102905e+01,1.93336278e-01,3.88347626e-01
5345803-S04-156I3-A-L-C-190-7-1,20.02.2020-17:53:12,2.00000000e+01,6.42178237e-01,8.89519215e+00,1.93082262e-03,1.80420120e+02,8.01445694e+01,1.86343918e+01,2.02713981e-01,4.30568516e-01
5345803-S04-156I3-A-L-C-190-7-1,20.02.2020-17:53:14,2.10000000e+01,6.42770112e-01,8.84840870e+00,1.92661164e-03,3.64406036e+02,8.00913773e+01,1.85411549e+01,1.57975510e-01,3.75448048e-01
5345803-S04-156I3-A-L-C-190-7-1,20.02.2020-17:53:16,2.10000000e+01,6.42895758e-01,8.80680275e+00,2.09910632e-03,1.59541138e+02,8.03311005e+01,1.85128288e+01,2.63058364e-01,1.10258794e+00
5345803-S04-156I3-A-L-C-190-7-1,20.02.2020-17:53:19,2.10000000e+01,6.43068552e-01,8.85625935e+00,1.93843851e-03,1.59177063e+02,8.01058044e+01,1.85695667e+01,2.09420085e-01,4.34610814e-01
5345803-S04-156I3-A-L-C-190-7-1,20.02.2020-17:53:21,2.00000000e+01,6.44772947e-01,8.86661816e+00,2.01581861e-03,3.50190369e+02,8.00083542e+01,1.86178856e+01,1.76934451e-01,2.92404175e-01
5345803-S04-156I3-A-L-C-190-7-1,20.02.2020-17:53:23,2.10000000e+01,6.45204842e-01,8.85769367e+00,2.12928676e-03,3.38760956e+02,7.98403473e+01,1.85725231e+01,1.96750745e-01,3.60294968e-01
5345803-S04-156I3-A-L-C-190-7-1,20.02.2020-17:53:25,2.00000000e+01,6.44418418e-01,8.86349106e+00,1.89344026e-03,2.07141571e+02,8.01447296e+01,1.86327915e+01,1.05369292e-01,1.35261863e-01
5345803-S04-156I3-A-L-C-190-7-1,20.02.2020-17:53:27,2.10000000e+01,6.45201266e-01,8.84983921e+00,2.09159032e-03,2.10332825e+02,7.99578476e+01,1.85832577e+01,1.28567815e-01,1.69890136e-01
5345803-S04-156I3-A-L-C-190-7-1,20.02.2020-17:53:29,2.00000000e+01,6.44225419e-01,8.89255238e+00,2.16737296e-03,2.17765427e+02,7.99009094e+01,1.86314297e+01,1.55540213e-01,2.33531356e-01
5345803-S04-156I3-A-L-C-190-7-1,20.02.2020-17:53:31,2.00000000e+01,6.43366039e-01,8.96122074e+00,2.11959612e-03,2.92907898e+02,7.95793991e+01,1.86748085e+01,9.51163173e-02,1.47590190e-01
5345803-S04-156I3-A-L-C-190-7-1,20.02.2020-17:53:33,2.00000000e+01,6.46718144e-01,8.87643433e+00,2.08348315e-03,3.33490967e+02,7.97423706e+01,1.86325760e+01,1.15096688e-01,1.91136405e-01
5345803-S04-156I3-A-L-C-190-7-1,20.02.2020-17:53:35,2.00000000e+01,6.41886652e-01,9.00546646e+00,2.02978309e-03,8.50422516e+01,7.92929535e+01,1.86564636e+01,2.62458056e-01,3.08803976e-01
5345803-S04-156I3-A-L-C-190-7-1,20.02.2020-17:53:38,2.00000000e+01,6.43791199e-01,8.89597511e+00,2.08606222e-03,1.89278152e+02,7.99818802e+01,1.86449146e+01,2.05744416e-01,5.00688374e-01
5345803-S04-156I3-A-L-C-190-7-1,20.02.2020-17:53:40,2.00000000e+01,6.43567383e-01,8.87061119e+00,1.93954981e-03,5.30681534e+01,8.01930237e+01,1.86343555e+01,4.81903344e-01,1.10476255e+00
5345803-S04-156I3-A-L-C-190-7-1,20.02.2020-17:53:42,2.10000000e+01,6.43273234e-01,8.82880878e+00,1.92636473e-03,2.47509430e+02,8.02534714e+01,1.85520382e+01,1.21055871e-01,4.73165095e-01
5345803-S04-156I3-A-L-C-190-7-1,20.02.2020-17:53:44,2.00000000e+01,6.44221008e-01,8.85026932e+00,1.70238072e-03,1.44243729e+02,8.02077255e+01,1.86139183e+01,1.85561061e-01,2.83838511e-01
5345803-S04-156I3-A-L-C-190-7-1,20.02.2020-17:53:46,2.10000000e+01,6.44729555e-01,8.86940956e+00,2.50450615e-03,1.69360504e+02,7.97252808e+01,1.85566044e+01,1.87142044e-01,3.97241116e-01
5345803-S04-156I3-A-L-C-190-7-1,20.02.2020-17:53:48,1.00000000e+00,6.42642438e-01,8.83736420e+00,2.38132058e-03,3.24118622e+02,8.00044327e+01,1.84942360e+01,1.38625398e-01,3.78794760e-01
5345803-S04-156I3-A-L-C-190-7-1,20.02.2020-17:53:50,2.10000000e+01,6.44279122e-01,8.86336231e+00,2.06211465e-03,1.36762009e+02,7.97085953e+01,1.85271206e+01,2.58614182e-01,9.59348559e-01
5345803-S04-156I3-A-L-C-190-7-1,20.02.2020-17:53:53,2.10000000e+01,6.43977404e-01,8.83173370e+00,2.18637218e-03,2.64522980e+02,8.00001297e+01,1.85198498e+01,1.22146942e-01,1.62337884e-01
5345803-S04-156I3-A-L-C-190-7-1,20.02.2020-17:53:55,2.10000000e+01,6.41601980e-01,8.89881134e+00,2.18176981e-03,2.45746201e+02,7.98520813e+01,1.85572720e+01,1.51924238e-01,2.14169770e-01
5345803-S04-156I3-A-L-C-190-7-1,20.02.2020-17:53:57,2.10000000e+01,6.41244352e-01,8.82165718e+00,1.63558219e-03,2.83604797e+02,8.03743210e+01,1.85063705e+01,1.38771206e-01,1.71457529e-01
5345803-S04-156I3-A-L-C-190-7-1,20.02.2020-17:53:59,2.10000000e+01,6.44831777e-01,8.81822777e+00,1.77507754e-03,1.43163788e+02,8.02465286e+01,1.85730896e+01,2.06580147e-01,3.68018508e-01
5345803-S04-156I3-A-L-C-190-7-1,20.02.2020-17:54:01,2.10000000e+01,6.40659571e-01,8.86484051e+00,1.71378267e-03,5.21221619e+01,8.00654373e+01,1.85085983e+01,4.33287024e-01,8.44040751e-01
5345803-S04-156I3-A-L-C-190-7-1,20.02.2020-17:54:03,1.00000000e+00,6.40334368e-01,8.88517570e+00,2.11858121e-03,2.72433262e+01,7.98336334e+01,1.84879551e+01,1.11594856e+00,1.87401485e+00
5345803-S04-156I3-A-L-C-190-7-1,20.02.2020-17:54:05,2.10000000e+01,6.41682804e-01,8.90529156e+00,2.26182584e-03,1.90739944e+02,7.97090912e+01,1.85398674e+01,2.99911916e-01,3.98868620e-01
5345803-S04-156I3-A-L-C-190-7-1,20.02.2020-17:54:08,2.10000000e+01,6.44383430e-01,8.86379433e+00,2.02794722e-03,3.61950569e+01,7.98980637e+01,1.85750713e+01,7.68553615e-01,1.08423555e+00
5345803-S04-156I3-A-L-C-190-7-1,20.02.2020-17:54:10,2.10000000e+01,6.43023491e-01,8.84083939e+00,1.79261249e-03,1.50618881e+02,8.02581177e+01,1.85711803e+01,2.68428296e-01,7.02600718e-01
5345803-S04-156I3-A-L-C-190-7-1,20.02.2020-17:54:12,2.10000000e+01,6.43215895e-01,8.84958172e+00,1.81856973e-03,3.00298035e+02,7.99836884e+01,1.85315247e+01,1.18643299e-01,2.64065176e-01
5345803-S04-156I3-A-L-C-190-7-1,20.02.2020-17:54:14,2.00000000e+01,6.44809306e-01,8.84468460e+00,2.08339677e-03,1.62391998e+02,8.01820831e+01,1.86132050e+01,1.89647838e-01,9.23111260e-01
5345803-S04-156I3-A-L-C-190-7-1,20.02.2020-17:54:16,2.00000000e+01,6.41705751e-01,8.89353943e+00,1.86548464e-03,1.40218674e+02,8.01254959e+01,1.86127911e+01,2.87367314e-01,7.95521796e-01
5345803-S04-156I3-A-L-C-190-7-1,20.02.2020-17:54:18,2.10000000e+01,6.43539011e-01,8.84414005e+00,1.70706969e-03,2.70840271e+02,8.01855392e+01,1.85761929e+01,1.85715199e-01,6.37218058e-01
5345803-S04-156I3-A-L-C-190-7-1,20.02.2020-17:54:20,2.10000000e+01,6.45418286e-01,8.84212303e+00,2.09067739e-03,5.53890442e+02,8.00195694e+01,1.85876369e+01,6.86487332e-02,1.83145136e-01
5345803-S04-156I3-A-L-C-190-7-1,20.02.2020-17:54:23,2.10000000e+01,6.45399928e-01,8.82871628e+00,2.04521790e-03,2.25672806e+02,7.99054871e+01,1.85324688e+01,1.03171483e-01,1.42807871e-01
5345803-S04-156I3-A-L-C-190-7-1,20.02.2020-17:54:25,2.00000000e+01,6.45319343e-01,8.84691143e+00,1.89528312e-03,4.56993408e+01,8.00785980e+01,1.86085720e+01,5.06968558e-01,6.97294235e-01
5345803-S04-156I3-A-L-C-190-7-1,20.02.2020-17:54:27,2.10000000e+01,6.45901382e-01,8.83668995e+00,1.98983680e-03,5.57069275e+02,7.99084625e+01,1.85643082e+01,7.34578669e-02,1.70630768e-01
5345803-S04-156I3-A-L-C-190-7-1,20.02.2020-17:54:29,2.10000000e+01,6.44805610e-01,8.85234833e+00,2.01209192e-03,2.52258896e+02,7.99625702e+01,1.85782242e+01,1.07163593e-01,2.43411407e-01
5345803-S04-156I3-A-L-C-190-7-1,20.02.2020-17:54:31,2.10000000e+01,6.42453611e-01,8.83177280e+00,2.01490032e-03,2.23127441e+02,8.03021393e+01,1.85458603e+01,1.62398070e-01,4.65263963e-01
5345803-S04-156I3-A-L-C-190-7-1,20.02.2020-17:54:33,2.10000000e+01,6.42341673e-01,8.92949104e+00,1.77720352e-03,1.15085747e+02,7.95784607e+01,1.85788383e+01,1.76028371e-01,2.01271608e-01
5345803-S04-156I3-A-L-C-190-7-1,20.02.2020-17:54:35,2.10000000e+01,6.44052565e-01,8.86015224e+00,1.98398647e-03,2.74312805e+02,8.00675125e+01,1.85972614e+01,1.19774379e-01,2.78277665e-01
5345803-S04-156I3-A-L-C-190-7-1,20.02.2020-17:54:37,1.00000000e+00,6.41240716e-01,8.84083557e+00,2.01087724e-03,2.24412292e+02,8.01643295e+01,1.84980431e+01,1.34581089e-01,1.95853218e-01
5345803-S04-156I3-A-L-C-190-7-1,20.02.2020-17:54:40,2.10000000e+01,6.38389111e-01,8.93868256e+00,2.01298157e-03,2.73193665e+02,7.98426208e+01,1.85448761e+01,9.51995105e-02,1.69877261e-01
5345803-S04-156I3-A-L-C-190-7-1,20.02.2020-17:54:42,2.10000000e+01,6.41927481e-01,8.80893803e+00,1.77932158e-03,3.21382935e+02,8.04205551e+01,1.85100155e+01,1.51043490e-01,5.19107282e-01
5345803-S04-156I3-A-L-C-190-7-1,20.02.2020-17:54:44,2.10000000e+01,6.44969404e-01,8.80877209e+00,1.84358761e-03,3.35181046e+01,8.02113113e+01,1.85489922e+01,7.87011743e-01,9.81803000e-01
5345803-S04-156I3-A-L-C-190-7-1,20.02.2020-17:54:46,2.10000000e+01,6.41304553e-01,8.83575058e+00,1.99270435e-03,6.32731995e+02,8.03355484e+01,1.85287342e+01,6.09647632e-02,3.28665733e-01
5345803-S04-156I3-A-L-C-190-7-1,20.02.2020-17:54:48,2.10000000e+01,6.41407251e-01,8.82322979e+00,1.94569898e-03,1.07478052e+03,8.05384598e+01,1.85521812e+01,5.91490455e-02,5.62506199e-01
5345803-S04-156I3-A-L-C-190-7-1,20.02.2020-17:54:50,2.10000000e+01,6.42014742e-01,8.82392693e+00,1.70614664e-03,6.05429565e+02,8.04812469e+01,1.85580292e+01,1.26388922e-01,7.97274113e-01
5345803-S04-156I3-A-L-C-190-7-1,20.02.2020-17:54:52,2.10000000e+01,6.41792953e-01,8.83665276e+00,1.78962643e-03,4.26415833e+02,8.03770447e+01,1.85543156e+01,1.13295279e-01,4.01555538e-01
5345803-S04-156I3-A-L-C-190-7-1,20.02.2020-17:54:55,2.10000000e+01,6.46432281e-01,8.87618637e+00,2.32163933e-03,1.13883484e+02,7.95902786e+01,1.85883007e+01,2.31842175e-01,3.08664411e-01
5345803-S04-156I3-A-L-C-190-7-1,20.02.2020-17:54:57,2.10000000e+01,6.44139886e-01,8.83047867e+00,2.24350882e-03,6.12222168e+02,8.00430374e+01,1.85318241e+01,6.32638186e-02,1.13711700e-01
5345803-S04-156I3-A-L-C-190-7-1,20.02.2020-17:54:59,2.10000000e+01,6.44474983e-01,8.82611084e+00,2.18508416e-03,3.06744080e+02,8.01501846e+01,1.85571022e+01,1.19840994e-01,2.98443943e-01
5345803-S04-156I3-A-L-C-190-7-1,20.02.2020-17:55:01,2.10000000e+01,6.45419121e-01,8.83364105e+00,2.12586764e-03,1.43767487e+02,8.00320969e+01,1.85727386e+01,2.54772455e-01,6.14875078e-01
5345803-S04-156I3-A-L-C-190-7-1,20.02.2020-17:55:03,2.10000000e+01,6.41539931e-01,8.95448399e+00,2.21809046e-03,1.28294800e+02,7.93306732e+01,1.85496445e+01,1.78678051e-01,2.29639828e-01
5345803-S04-156I3-A-L-C-190-7-1,20.02.2020-17:55:05,2.10000000e+01,6.43776357e-01,8.83255196e+00,1.93640625e-03,2.94774414e+02,8.02360840e+01,1.85703964e+01,7.81858563e-02,1.41294286e-01
5345803-S04-156I3-A-L-C-190-7-1,20.02.2020-17:55:07,2.00000000e+01,6.45171404e-01,8.84286404e+00,1.80221337e-03,1.78097626e+02,8.02248306e+01,1.86297531e+01,1.54842108e-01,2.42898062e-01
5345803-S04-156I3-A-L-C-190-7-1,20.02.2020-17:55:09,2.10000000e+01,6.44640505e-01,8.83361816e+00,1.88015657e-03,1.85562103e+02,8.01738205e+01,1.85831356e+01,1.20995983e-01,1.88858092e-01
5345803-S04-156I3-A-L-C-190-7-1,20.02.2020-17:55:12,2.10000000e+01,6.44088447e-01,8.82868481e+00,1.96541846e-03,2.49863327e+02,7.99370270e+01,1.85020428e+01,1.74988732e-01,4.06943768e-01
5345803-S04-156I3-A-L-C-190-7-1,20.02.2020-17:55:14,2.10000000e+01,6.42082930e-01,8.87084198e+00,1.82870566e-03,1.74584015e+02,7.99838867e+01,1.85433693e+01,2.25116581e-01,2.73012668e-01
5345803-S04-156I3-A-L-C-190-7-1,20.02.2020-17:55:16,2.10000000e+01,6.44415140e-01,8.83503914e+00,1.97940250e-03,1.38310913e+02,8.01013336e+01,1.85628281e+01,2.20088363e-01,4.63402390e-01
5345803-S04-156I3-A-L-C-190-7-1,20.02.2020-17:55:18,2.10000000e+01,6.44836128e-01,8.85423851e+00,2.16825190e-03,1.39788788e+02,7.97584457e+01,1.85356331e+01,2.73644120e-01,3.39414358e-01
5345803-S04-156I3-A-L-C-190-7-1,20.02.2020-17:55:50,2.10000000e+01,6.43568933e-01,8.87308025e+00,2.14170082e-03,1.42984451e+02,7.96696091e+01,1.85179253e+01,2.28055626e-01,2.67351478e-01
5345803-S04-156I3-A-L-C-190-7-1,20.02.2020-17:55:53,2.10000000e+01,6.41653717e-01,8.88149548e+00,1.78614713e-03,1.56487961e+02,8.00308075e+01,1.85641136e+01,2.39038825e-01,5.35789251e-01
5345803-S04-156I3-A-L-C-190-7-1,20.02.2020-17:55:55,2.10000000e+01,6.44351006e-01,8.85337639e+00,1.86430290e-03,1.65812439e+02,7.97940750e+01,1.85281601e+01,1.31035313e-01,1.96157441e-01
5345803-S04-156I3-A-L-C-190-7-1,20.02.2020-17:55:57,2.10000000e+01,6.43079221e-01,8.88645363e+00,2.00831844e-03,2.12865540e+02,7.97500534e+01,1.85504360e+01,1.09661251e-01,1.39701977e-01
5345803-S04-156I3-A-L-C-190-7-1,20.02.2020-17:55:59,2.10000000e+01,6.43734157e-01,8.85481167e+00,1.86119229e-03,2.07427551e+02,7.99075089e+01,1.85397396e+01,1.98232040e-01,3.45905870e-01
5345803-S04-156I3-A-L-C-190-7-1,20.02.2020-17:56:01,2.10000000e+01,6.43888652e-01,8.91042042e+00,2.15813075e-03,1.73531845e+02,7.94187393e+01,1.85465088e+01,1.33922994e-01,1.93344250e-01
5345803-S04-156I3-A-L-C-190-7-1,20.02.2020-17:56:03,2.00000000e+01,6.45166993e-01,8.84359360e+00,1.91610691e-03,1.01888779e+02,8.01234360e+01,1.86076126e+01,4.21274662e-01,5.29067338e-01
5345803-S04-156I3-A-L-C-190-7-1,20.02.2020-17:56:05,2.10000000e+01,6.43568635e-01,8.82379246e+00,1.77354831e-03,2.67872650e+02,8.03923874e+01,1.85821190e+01,1.51477456e-01,5.80441058e-01
5345803-S04-156I3-A-L-C-190-7-1,20.02.2020-17:56:07,1.00000000e+00,6.42232299e-01,8.80945683e+00,1.92923774e-03,4.77319794e+02,8.03152084e+01,1.84956360e+01,9.70170125e-02,5.12669206e-01
5345803-S04-156I3-A-L-C-190-7-1,20.02.2020-17:56:10,2.00000000e+01,6.44433677e-01,8.84354115e+00,1.81599765e-03,3.14663513e+02,8.02372894e+01,1.86127644e+01,1.08097300e-01,1.86484367e-01
5345803-S04-156I3-A-L-C-190-7-1,20.02.2020-17:56:12,2.10000000e+01,6.44356132e-01,8.83367538e+00,1.77315879e-03,2.63485504e+02,8.02360535e+01,1.85894775e+01,1.41368896e-01,2.06001520e-01
5345803-S04-156I3-A-L-C-190-7-1,20.02.2020-17:56:14,2.10000000e+01,6.45240009e-01,8.82793427e+00,1.72720256e-03,3.08459534e+02,8.01501007e+01,1.85829487e+01,1.29849419e-01,4.91980165e-01
5345803-S04-156I3-A-L-C-190-7-1,20.02.2020-17:56:16,2.10000000e+01,6.42469168e-01,8.86004734e+00,1.83775579e-03,3.90719643e+01,8.00844193e+01,1.85552406e+01,5.58585525e-01,7.55047560e-01
5345803-S04-156I3-A-L-C-190-7-1,20.02.2020-17:56:18,2.10000000e+01,6.43431485e-01,8.87367249e+00,1.91254076e-03,1.71795380e+02,7.99070053e+01,1.85703773e+01,2.72898674e-01,3.96214873e-01
5345803-S04-156I3-A-L-C-190-7-1,20.02.2020-17:56:20,2.10000000e+01,6.44242585e-01,8.83645821e+00,1.98262301e-03,2.44082321e+02,8.01485748e+01,1.85717850e+01,2.92618781e-01,2.18312311e+00
5345803-S04-156I3-A-L-C-190-7-1,20.02.2020-17:56:22,2.00000000e+01,6.42811894e-01,8.87230873e+00,1.87308178e-03,2.65423920e+02,8.01421051e+01,1.86042233e+01,1.54184535e-01,3.38760614e-01
5345803-S04-156I3-A-L-C-190-7-1,20.02.2020-17:56:24,2.10000000e+01,6.42705977e-01,8.87205410e+00,1.67215685e-03,3.42030975e+02,8.00976791e+01,1.85903091e+01,1.53788611e-01,3.03853810e-01
5345803-S04-156I3-A-L-C-190-7-1,20.02.2020-17:56:27,2.00000000e+01,6.44847214e-01,8.87319183e+00,2.00864766e-03,4.79585953e+01,7.98975143e+01,1.86080208e+01,3.81772161e-01,5.99227428e-01
5345803-S04-156I3-A-L-C-190-7-1,20.02.2020-17:56:29,2.10000000e+01,6.43430114e-01,8.86931229e+00,2.03774380e-03,1.87960678e+02,7.99934158e+01,1.85812855e+01,1.81462198e-01,2.95045048e-01
5345803-S04-156I3-A-L-C-190-7-1,20.02.2020-17:56:31,2.10000000e+01,6.43416584e-01,8.83864212e+00,2.02994701e-03,1.97145218e+02,8.00160294e+01,1.85218773e+01,2.41360977e-01,6.27520800e-01
5345803-S04-156I3-A-L-C-190-7-1,20.02.2020-17:56:33,2.10000000e+01,6.43405974e-01,8.84800625e+00,1.88519887e-03,2.26850220e+02,8.00585327e+01,1.85510426e+01,1.47315577e-01,3.81294489e-01
5345803-S04-156I3-A-L-C-190-7-1,20.02.2020-17:56:35,2.10000000e+01,6.42909884e-01,8.90235615e+00,2.75811995e-03,6.11579895e+02,7.95644302e+01,1.85354977e+01,6.07672110e-02,7.69487992e-02
5345803-S04-156I3-A-L-C-190-7-1,20.02.2020-17:56:37,2.00000000e+01,6.44047022e-01,8.85330486e+00,1.93294755e-03,4.54043335e+02,8.01709671e+01,1.86067429e+01,1.01086542e-01,3.41962218e-01
5345803-S04-156I3-A-L-C-190-7-1,20.02.2020-17:56:40,2.10000000e+01,6.43403292e-01,8.87516212e+00,2.24402174e-03,4.06331299e+02,7.98834305e+01,1.85672035e+01,1.37372211e-01,2.20265642e-01
5345803-S04-156I3-A-L-C-190-7-1,20.02.2020-17:56:42,2.10000000e+01,6.44136488e-01,8.88115692e+00,2.10309541e-03,2.78024261e+02,7.97896881e+01,1.85790901e+01,1.41260728e-01,1.91761047e-01
5345803-S04-156I3-A-L-C-190-7-1,20.02.2020-17:56:44,2.10000000e+01,6.45348966e-01,8.88601685e+00,2.34230654e-03,2.32146362e+02,7.95345306e+01,1.85646877e+01,2.10742518e-01,2.96744168e-01
5345803-S04-156I3-A-L-C-190-7-1,20.02.2020-17:56:46,2.10000000e+01,6.46253049e-01,8.89536762e+00,2.66417325e-03,4.57975159e+02,7.94349060e+01,1.85869465e+01,7.01033995e-02,1.26666248e-01
5345803-S04-156I3-A-L-C-190-7-1,20.02.2020-17:56:48,2.00000000e+01,6.46380484e-01,8.87959957e+00,2.36194604e-03,1.60905838e+02,7.97998047e+01,1.86429062e+01,1.92282587e-01,4.97747153e-01
5345803-S04-156I3-A-L-C-190-7-1,20.02.2020-17:56:50,2.10000000e+01,6.43544674e-01,8.86882591e+00,1.94871915e-03,2.45877243e+02,8.00249786e+01,1.85909081e+01,1.82868451e-01,8.43977273e-01
5345803-S04-156I3-A-L-C-190-7-1,20.02.2020-17:56:52,2.10000000e+01,6.42682195e-01,8.86172199e+00,1.99056370e-03,3.10986084e+02,8.01058350e+01,1.85698643e+01,1.49499267e-01,4.01190907e-01
5345803-S04-156I3-A-L-C-190-7-1,20.02.2020-17:56:54,2.00000000e+01,6.43456042e-01,8.92621040e+00,2.29492807e-03,2.42214188e+02,7.95860596e+01,1.86060085e+01,1.47019938e-01,1.98604211e-01
5345803-S04-156I3-A-L-C-190-7-1,20.02.2020-17:56:56,2.00000000e+01,6.43651426e-01,8.86643219e+00,1.90158328e-03,1.62475082e+02,8.01351624e+01,1.86145668e+01,1.58210963e-01,2.34010935e-01
5345803-S04-156I3-A-L-C-190-7-1,20.02.2020-17:56:59,2.00000000e+01,6.43606544e-01,8.86509895e+00,1.85160106e-03,1.63737259e+02,8.02298431e+01,1.86324596e+01,2.24507377e-01,4.20484185e-01
5345803-S04-156I3-A-L-C-190-7-1,20.02.2020-17:57:01,2.00000000e+01,6.44352794e-01,8.86213112e+00,1.85241760e-03,1.18339111e+02,8.00641327e+01,1.86093006e+01,2.21877202e-01,4.63870823e-01
5345803-S04-156I3-A-L-C-190-7-1,20.02.2020-17:57:03,2.10000000e+01,6.42489433e-01,8.86616516e+00,1.85625744e-03,3.21865082e+02,8.01784897e+01,1.85904503e+01,9.79159698e-02,2.52500355e-01
5345803-S04-156I3-A-L-C-190-7-1,20.02.2020-17:57:05,2.00000000e+01,6.41750515e-01,8.87785053e+00,1.72767614e-03,2.56489349e+02,8.02808685e+01,1.86172829e+01,1.93243206e-01,4.82611269e-01
5345803-S04-156I3-A-L-C-190-7-1,20.02.2020-17:57:07,2.10000000e+01,6.43482804e-01,8.88897896e+00,2.42828764e-03,9.77404114e+02,7.95762634e+01,1.85268917e+01,5.27437627e-02,9.86849591e-02
5345803-S04-156I3-A-L-C-190-7-1,20.02.2020-17:57:09,2.10000000e+01,6.45069003e-01,8.88298798e+00,2.40235706e-03,1.04634857e+02,7.96147079e+01,1.85690079e+01,3.08541387e-01,4.74292338e-01
5345803-S04-156I3-A-L-C-190-7-1,20.02.2020-17:57:11,2.10000000e+01,6.40466273e-01,8.84475708e+00,1.99721847e-03,3.34971527e+02,8.02927704e+01,1.85135098e+01,1.13201633e-01,2.85314053e-01
5345803-S04-156I3-A-L-C-190-7-1,20.02.2020-17:57:13,2.10000000e+01,6.41935885e-01,8.85278797e+00,1.99669925e-03,2.54632416e+02,8.00829544e+01,1.85243092e+01,1.04420252e-01,1.61604673e-01
5345803-S04-156I3-A-L-C-190-7-1,20.02.2020-17:57:16,2.10000000e+01,6.43965125e-01,8.86620808e+00,1.90544000e-03,2.28276993e+02,7.97941895e+01,1.85439281e+01,1.64888218e-01,3.74439061e-01
5345803-S04-156I3-A-L-C-190-7-1,20.02.2020-17:57:18,2.10000000e+01,6.43641651e-01,8.85473537e+00,1.88410841e-03,3.44212433e+02,8.01789322e+01,1.85998821e+01,1.11511357e-01,3.24238151e-01
5345803-S04-156I3-A-L-C-190-7-1,20.02.2020-17:57:20,2.10000000e+01,6.42736793e-01,8.88933659e+00,2.35721888e-03,2.02301956e+02,7.97151947e+01,1.85384655e+01,2.51259446e-01,4.00710583e-01
5345803-S04-156I3-A-L-C-190-7-1,20.02.2020-17:57:22,2.10000000e+01,6.43522799e-01,8.85812378e+00,1.76633534e-03,1.03112015e+02,8.00227509e+01,1.85673256e+01,3.08195502e-01,4.03431416e-01
5345803-S04-156I3-A-L-C-190-7-1,20.02.2020-17:57:24,2.10000000e+01,6.44116998e-01,8.85715294e+00,2.16282532e-03,9.20630875e+01,7.99291916e+01,1.85607090e+01,3.82073581e-01,5.02201378e-01
5345803-S04-156I3-A-L-C-190-7-1,20.02.2020-17:57:26,2.10000000e+01,6.42426610e-01,8.86031532e+00,1.94562250e-03,9.55619202e+01,7.99225388e+01,1.85170650e+01,3.18092585e-01,6.67012453e-01
5345803-S04-156I3-A-L-C-190-7-1,20.02.2020-17:57:28,2.10000000e+01,6.42965019e-01,8.90533733e+00,2.00624112e-03,1.09273552e+02,7.97521210e+01,1.85870361e+01,3.67612332e-01,5.83984554e-01
5345803-S04-156I3-A-L-C-190-7-1,20.02.2020-17:57:30,2.10000000e+01,6.42117739e-01,8.87041569e+00,2.08284985e-03,1.68762482e+02,7.99459991e+01,1.85347004e+01,1.67015761e-01,2.37064809e-01
5345803-S04-156I3-A-L-C-190-7-1,20.02.2020-17:57:33,2.10000000e+01,6.42905414e-01,8.87421989e+00,2.19919533e-03,2.35153793e+02,8.00424728e+01,1.85877991e+01,1.33392617e-01,2.01903656e-01
5345803-S04-156I3-A-L-C-190-7-1,20.02.2020-17:57:35,1.00000000e+00,6.43028915e-01,8.86807919e+00,2.55803741e-03,7.10603333e+01,7.96686172e+01,1.84917316e+01,4.19439942e-01,6.29868388e-01
5345803-S04-156I3-A-L-C-190-7-1,20.02.2020-17:57:37,2.10000000e+01,6.44173682e-01,8.86314774e+00,2.21988955e-03,5.33420639e+01,8.00106506e+01,1.85938358e+01,4.35974211e-01,8.42369020e-01
5345803-S04-156I3-A-L-C-190-7-1,20.02.2020-17:57:39,2.10000000e+01,6.42394602e-01,8.85476589e+00,1.71426544e-03,9.87956009e+01,8.02415314e+01,1.85784016e+01,2.83765644e-01,4.07409430e-01
5345803-S04-156I3-A-L-C-190-7-1,20.02.2020-17:57:41,2.10000000e+01,6.42497599e-01,8.90371132e+00,1.89813448e-03,2.75918915e+02,7.98541260e+01,1.85938873e+01,1.02294162e-01,1.20105557e-01
5345803-S04-156I3-A-L-C-190-7-1,20.02.2020-17:57:43,2.00000000e+01,6.45306170e-01,8.84585094e+00,1.68843020e-03,2.61642365e+02,8.00874939e+01,1.86080265e+01,1.14034027e-01,1.70885801e-01
5345803-S04-156I3-A-L-C-190-7-1,20.02.2020-17:57:46,2.10000000e+01,6.43609822e-01,8.84930325e+00,2.23851274e-03,1.34350082e+02,7.98787918e+01,1.85179729e+01,2.46199548e-01,4.62854683e-01
5345803-S04-156I3-A-L-C-190-7-1,20.02.2020-17:57:48,2.10000000e+01,6.43408716e-01,8.84579945e+00,2.06961390e-03,1.56066620e+02,8.01187057e+01,1.85604343e+01,2.17397645e-01,5.69534779e-01
5345803-S04-156I3-A-L-C-190-7-1,20.02.2020-17:57:50,2.10000000e+01,6.42975748e-01,8.89667797e+00,1.81881746e-03,2.33871658e+02,7.97662735e+01,1.85725670e+01,1.12034000e-01,1.31698743e-01
5345803-S04-156I3-A-L-C-190-7-1,20.02.2020-17:57:52,2.10000000e+01,6.43730640e-01,8.84749603e+00,1.86004385e-03,2.42740509e+02,8.02300949e+01,1.85991058e+01,1.64167523e-01,4.93740946e-01
5345803-S04-156I3-A-L-C-190-7-1,20.02.2020-17:57:54,2.10000000e+01,6.42798245e-01,8.86774731e+00,2.35503004e-03,2.18147675e+02,7.99249954e+01,1.85438900e+01,2.55740047e-01,4.78109032e-01
5345803-S04-156I3-A-L-C-190-7-1,20.02.2020-17:57:56,2.00000000e+01,6.42935514e-01,8.86687565e+00,1.39304984e-03,1.43734848e+02,8.02046814e+01,1.86109238e+01,2.48333439e-01,5.23250937e-01
5345803-S04-156I3-A-L-C-190-7-1,20.02.2020-17:57:58,2.10000000e+01,6.43245399e-01,8.86763287e+00,1.70523464e-03,1.70301437e+02,8.01043320e+01,1.85981865e+01,1.82358041e-01,4.11440015e-01
5345803-S04-156I3-A-L-C-190-7-1,20.02.2020-17:58:00,2.00000000e+01,6.43813193e-01,8.87312508e+00,2.00765976e-03,2.30927994e+02,8.00536728e+01,1.86143532e+01,8.26751068e-02,2.12131724e-01
5345803-S04-156I3-A-L-C-190-7-1,20.02.2020-17:58:03,2.10000000e+01,6.43004179e-01,8.82327938e+00,1.77632202e-03,1.20895593e+03,8.03604050e+01,1.85573578e+01,7.85615891e-02,4.39463288e-01
5345803-S04-156I3-A-L-C-190-7-1,20.02.2020-17:58:05,2.10000000e+01,6.43266618e-01,8.87920666e+00,1.91269012e-03,2.69933197e+02,7.97951889e+01,1.85512028e+01,1.08583249e-01,2.81286538e-01
5345803-S04-156I3-A-L-C-190-7-1,20.02.2020-17:58:07,2.10000000e+01,6.41345918e-01,8.90524864e+00,2.32221605e-03,1.31049225e+02,7.96151733e+01,1.85082092e+01,2.52108693e-01,3.04710776e-01
5345803-S04-156I3-A-L-C-190-7-1,20.02.2020-17:58:09,2.10000000e+01,6.43691003e-01,8.83822155e+00,1.92432187e-03,2.42758652e+02,8.00952530e+01,1.85472393e+01,1.30697891e-01,2.91334182e-01
5345803-S04-156I3-A-L-C-190-7-1,20.02.2020-17:58:11,2.00000000e+01,6.44940674e-01,8.87384605e+00,1.84014614e-03,8.75800781e+01,8.00569077e+01,1.86492195e+01,3.61554295e-01,4.85915005e-01
5345803-S04-156I3-A-L-C-190-7-1,20.02.2020-17:58:13,2.10000000e+01,6.44268751e-01,8.85144901e+00,2.28333729e-03,1.37408691e+02,7.98057022e+01,1.85244617e+01,1.77269384e-01,3.44315261e-01
5345803-S04-156I3-A-L-C-190-7-1,20.02.2020-17:58:15,2.10000000e+01,6.42746687e-01,8.86284542e+00,2.10575410e-03,3.35585602e+02,7.99069214e+01,1.85279598e+01,7.92167485e-02,1.57022998e-01
5345803-S04-156I3-A-L-C-190-7-1,20.02.2020-17:58:18,2.00000000e+01,6.45027459e-01,8.84696293e+00,1.89876102e-03,1.36477676e+02,8.01132355e+01,1.86083069e+01,2.46951044e-01,9.93606389e-01
5345803-S04-156I3-A-L-C-190-7-1,20.02.2020-17:58:20,2.00000000e+01,6.44443452e-01,8.86053562e+00,2.07219040e-03,1.01823616e+02,8.02615356e+01,1.86544495e+01,2.42307276e-01,3.90759289e-01
5345803-S04-156I3-A-L-C-190-7-1,20.02.2020-17:58:22,2.00000000e+01,6.43657684e-01,8.88932705e+00,2.17664638e-03,1.64236755e+02,7.98823929e+01,1.86039467e+01,2.06834793e-01,2.51201212e-01
5345803-S04-156I3-A-L-C-190-7-1,20.02.2020-17:58:24,1.00000000e+00,6.41003311e-01,8.85149479e+00,1.68772181e-03,1.10408241e+02,8.00754318e+01,1.84929562e+01,3.83308917e-01,7.40972400e-01
5345803-S04-156I3-A-L-C-190-7-1,20.02.2020-17:58:26,1.00000000e+00,6.41208410e-01,8.85596275e+00,1.64232589e-03,1.01648888e+02,8.00186691e+01,1.84950924e+01,3.63773853e-01,6.41222954e-01
5345803-S04-156I3-A-L-C-190-7-1,20.02.2020-17:58:28,2.10000000e+01,6.44081354e-01,8.85581017e+00,1.99360610e-03,1.96226532e+02,7.98854828e+01,1.85467186e+01,1.18488736e-01,1.47086471e-01
5345803-S04-156I3-A-L-C-190-7-1,20.02.2020-17:58:30,2.10000000e+01,6.42275572e-01,8.86121273e+00,1.88285043e-03,1.62955139e+02,8.00493927e+01,1.85439758e+01,1.38979226e-01,2.21925005e-01
5345803-S04-156I3-A-L-C-190-7-1,20.02.2020-17:58:32,2.10000000e+01,6.42392159e-01,8.86243534e+00,1.85602158e-03,2.92419952e+02,8.02145538e+01,1.85881729e+01,1.16121463e-01,1.82531983e-01
5345803-S04-156I3-A-L-C-190-7-1,20.02.2020-17:58:35,2.10000000e+01,6.44514024e-01,8.86060524e+00,1.78605958e-03,1.17385872e+02,7.99598770e+01,1.85865192e+01,3.29877198e-01,1.20826149e+00
5345803-S04-156I3-A-L-C-190-7-1,20.02.2020-17:58:37,2.10000000e+01,6.44962668e-01,8.88033104e+00,2.59708031e-03,3.72608856e+02,7.96944275e+01,1.85789814e+01,1.47064358e-01,3.14524561e-01
5345803-S04-156I3-A-L-C-190-7-1,20.02.2020-17:58:39,2.10000000e+01,6.41387761e-01,8.84610367e+00,1.64124218e-03,2.94940979e+02,8.01776505e+01,1.85163841e+01,1.86461031e-01,4.82282102e-01
5345803-S04-156I3-A-L-C-190-7-1,20.02.2020-17:58:41,2.00000000e+01,6.42106354e-01,8.92899513e+00,2.01566960e-03,1.63853928e+02,7.97258987e+01,1.86054058e+01,1.39081985e-01,1.64733425e-01
5345803-S04-156I3-A-L-C-190-7-1,20.02.2020-17:58:43,2.10000000e+01,6.41937137e-01,8.85140324e+00,1.74797548e-03,8.89169159e+01,8.02386398e+01,1.85574532e+01,3.22849333e-01,9.49049592e-01
5345803-S04-156I3-A-L-C-190-7-1,20.02.2020-17:58:45,2.10000000e+01,6.45250618e-01,8.85241318e+00,1.95345865e-03,2.56758575e+02,7.98478470e+01,1.85645123e+01,2.51452029e-01,3.30391973e-01
5345803-S04-156I3-A-L-C-190-7-1,20.02.2020-17:58:47,2.10000000e+01,6.44210100e-01,8.80628777e+00,2.04535457e-03,2.04267380e+02,8.01685791e+01,1.85120621e+01,1.86100692e-01,1.25787961e+00
5345803-S04-156I3-A-L-C-190-7-1,20.02.2020-17:58:50,2.10000000e+01,6.40652299e-01,8.93810368e+00,1.83144142e-03,1.61816086e+02,7.97607651e+01,1.85903378e+01,2.52201676e-01,5.94372094e-01
5345803-S04-156I3-A-L-C-190-7-1,20.02.2020-17:58:52,2.10000000e+01,6.41989946e-01,8.87559414e+00,2.09416915e-03,1.91446716e+02,7.99634247e+01,1.85458717e+01,2.50781476e-01,6.66613877e-01
5345803-S04-156I3-A-L-C-190-7-1,20.02.2020-17:58:54,2.10000000e+01,6.44374728e-01,8.87358284e+00,1.99997518e-03,5.79557571e+01,7.97112274e+01,1.85518475e+01,6.43172562e-01,1.11811829e+00
5345803-S04-156I3-A-L-C-190-7-1,20.02.2020-17:58:56,2.10000000e+01,6.42636657e-01,8.89821053e+00,2.18085130e-03,1.48604477e+02,7.98543854e+01,1.85864811e+01,3.23093861e-01,7.70431161e-01
5345803-S04-156I3-A-L-C-190-7-1,20.02.2020-17:58:58,2.00000000e+01,6.42447412e-01,8.89397812e+00,1.86703331e-03,5.47244606e+01,8.00335541e+01,1.86138382e+01,7.86123157e-01,1.28424907e+00
5345803-S04-156I3-A-L-C-190-7-1,20.02.2020-17:59:00,2.10000000e+01,6.43200576e-01,8.82987785e+00,2.03120126e-03,2.09741150e+02,8.01013412e+01,1.85170212e+01,1.58282146e-01,4.51543093e-01
5345803-S04-156I3-A-L-C-190-7-1,20.02.2020-17:59:03,2.00000000e+01,6.44558847e-01,8.86452961e+00,1.72313862e-03,1.63153915e+02,8.01559143e+01,1.86416378e+01,2.05088228e-01,2.57590264e-01
5345803-S04-156I3-A-L-C-190-7-1,20.02.2020-17:59:05,2.00000000e+01,6.43559813e-01,8.88885593e+00,1.90574944e-03,1.18344460e+02,8.00270691e+01,1.86338196e+01,3.21956903e-01,7.09280014e-01
5345803-S04-156I3-A-L-C-190-7-1,20.02.2020-17:59:07,2.10000000e+01,6.45143569e-01,8.89123344e+00,2.39858823e-03,6.87190552e+01,7.95076904e+01,1.85634079e+01,5.16685367e-01,6.14171982e-01
5345803-S04-156I3-A-L-C-190-7-1,20.02.2020-17:59:09,2.00000000e+01,6.44545138e-01,8.89250088e+00,2.31321296e-03,8.83399963e+01,7.98792725e+01,1.86355209e+01,4.30832118e-01,5.10356963e-01
5345803-S04-156I3-A-L-C-190-7-1,20.02.2020-17:59:11,2.10000000e+01,6.42223775e-01,8.88561153e+00,1.91064493e-03,2.07664078e+02,8.00014801e+01,1.85824051e+01,1.53703704e-01,2.34389797e-01
5345803-S04-156I3-A-L-C-190-7-1,20.02.2020-17:59:13,2.00000000e+01,6.43950760e-01,8.89131832e+00,2.34825118e-03,2.55653412e+02,7.98546219e+01,1.86101170e+01,1.61976695e-01,2.53705472e-01
5345803-S04-156I3-A-L-C-190-7-1,20.02.2020-17:59:15,2.00000000e+01,6.44600570e-01,8.89166737e+00,2.30662175e-03,1.96496826e+02,7.98308258e+01,1.86240768e+01,1.56458810e-01,3.00452501e-01
5345803-S04-156I3-A-L-C-190-7-1,20.02.2020-17:59:17,2.00000000e+01,6.44510150e-01,8.88097000e+00,1.97178056e-03,5.19598618e+01,7.98950653e+01,1.86140270e+01,4.08460855e-01,5.15113890e-01
5345803-S04-156I3-A-L-C-190-7-1,20.02.2020-17:59:20,2.10000000e+01,6.43011987e-01,8.86013985e+00,2.18159216e-03,1.45141037e+02,7.99966736e+01,1.85507622e+01,2.25226104e-01,5.05955935e-01
5345803-S04-156I3-A-L-C-190-7-1,20.02.2020-17:59:22,2.10000000e+01,6.42808318e-01,8.83129025e+00,1.91399490e-03,1.11576012e+02,8.02165222e+01,1.85353012e+01,2.38311782e-01,4.70827103e-01
5345803-S04-156I3-A-L-C-190-7-1,20.02.2020-17:59:24,2.10000000e+01,6.43037379e-01,8.84521198e+00,1.82506151e-03,1.19792923e+02,8.01166077e+01,1.85480042e+01,3.83594722e-01,1.62304127e+00
5345803-S04-156I3-A-L-C-190-7-1,20.02.2020-17:59:26,2.10000000e+01,6.43568099e-01,8.88723755e+00,2.28735944e-03,2.23979050e+02,7.97247467e+01,1.85602875e+01,1.12679422e-01,1.77062765e-01
5345803-S04-156I3-A-L-C-190-7-1,20.02.2020-17:59:28,2.10000000e+01,6.42899930e-01,8.86169720e+00,2.11449130e-03,1.69474777e+02,7.99376144e+01,1.85370941e+01,2.20362157e-01,3.71017575e-01
5345803-S04-156I3-A-L-C-190-7-1,20.02.2020-17:59:30,2.10000000e+01,6.42318726e-01,8.91448307e+00,2.35353853e-03,2.73347717e+02,7.95093613e+01,1.85308456e+01,1.19392164e-01,1.93576291e-01
5345803-S04-156I3-A-L-C-190-7-1,20.02.2020-17:59:32,2.10000000e+01,6.44415855e-01,8.84131336e+00,1.90569344e-03,1.53035233e+02,8.00913620e+01,1.85737209e+01,1.99478552e-01,2.54069626e-01
5345803-S04-156I3-A-L-C-190-7-1,20.02.2020-17:59:34,2.00000000e+01,6.45180285e-01,8.88803005e+00,2.13429355e-03,1.11484444e+02,7.98415375e+01,1.86356983e+01,2.63083577e-01,3.24727327e-01
5345803-S04-156I3-A-L-C-190-7-1,20.02.2020-17:59:36,1.00000000e+00,6.47501171e-01,8.82841682e+00,2.29898840e-03,4.21508667e+02,7.94982147e+01,1.84974117e+01,8.61440748e-02,1.31870896e-01
5345803-S04-156I3-A-L-C-190-7-1,20.02.2020-17:59:39,2.00000000e+01,6.43900394e-01,8.94119835e+00,2.26052781e-03,5.34943359e+02,7.94314804e+01,1.86138973e+01,6.11520484e-02,1.06269687e-01
5345803-S04-156I3-A-L-C-190-7-1,20.02.2020-17:59:41,2.10000000e+01,6.41701877e-01,9.01090622e+00,2.48922710e-03,1.02475784e+02,7.90053024e+01,1.85946598e+01,1.72519267e-01,2.02133358e-01
5345803-S04-156I3-A-L-C-190-7-1,20.02.2020-17:59:43,2.10000000e+01,6.41616404e-01,8.89671040e+00,2.15013139e-03,6.95958328e+01,7.98150482e+01,1.85447044e+01,4.35046554e-01,7.88731158e-01
5345803-S04-156I3-A-L-C-190-7-1,20.02.2020-17:59:45,2.00000000e+01,6.44755006e-01,8.88346672e+00,2.02843361e-03,1.54712372e+02,7.97847214e+01,1.86006069e+01,2.50107825e-01,9.01692092e-01
5345803-S04-156I3-A-L-C-190-7-1,20.02.2020-17:59:47,2.10000000e+01,6.43457294e-01,8.87814045e+00,1.98797625e-03,1.46338776e+02,7.97859192e+01,1.85523186e+01,2.02082321e-01,2.65520751e-01
5345803-S04-156I3-A-L-C-190-7-1,20.02.2020-17:59:51,2.10000000e+01,6.43227100e-01,8.90205574e+00,2.06050300e-03,1.61910385e+02,7.97081833e+01,1.85775204e+01,2.14530692e-01,2.88633913e-01
5345803-S04-156I3-A-L-C-190-7-1,20.02.2020-17:59:54,1.00000000e+00,6.42676055e-01,8.83955479e+00,2.30793259e-03,1.83071686e+02,8.00039444e+01,1.84996758e+01,1.99235484e-01,7.80699193e-01
5345803-S04-156I3-A-L-C-190-7-1,20.02.2020-17:59:56,2.10000000e+01,6.45221710e-01,8.85303211e+00,2.16482021e-03,2.48992111e+02,7.99337311e+01,1.85849457e+01,1.13150410e-01,1.50735542e-01
5345803-S04-156I3-A-L-C-190-7-1,20.02.2020-17:59:58,2.00000000e+01,6.43999636e-01,8.86122513e+00,2.06268951e-03,9.97513885e+01,8.00931625e+01,1.86039429e+01,2.63499498e-01,3.65105957e-01
5345803-S04-156I3-A-L-C-190-7-1,20.02.2020-18:00:00,2.10000000e+01,6.44397080e-01,8.83338165e+00,1.83371676e-03,5.33703156e+01,8.02346039e+01,1.85897026e+01,5.09481728e-01,8.71830046e-01
5345803-S04-156I3-A-L-C-190-7-1,20.02.2020-18:00:02,2.00000000e+01,6.44324422e-01,8.84882736e+00,1.66993146e-03,5.11071434e+01,8.02096481e+01,1.86143169e+01,5.48472762e-01,8.36513638e-01
5345803-S04-156I3-A-L-C-190-7-1,20.02.2020-18:00:04,2.00000000e+01,6.43763423e-01,8.84599590e+00,1.83442689e-03,9.43272247e+01,8.04294586e+01,1.86431103e+01,3.34570289e-01,6.43299580e-01
5345803-S04-156I3-A-L-C-190-7-1,20.02.2020-18:00:06,2.10000000e+01,6.44843817e-01,8.83144665e+00,2.40974850e-03,8.91469040e+01,7.99067154e+01,1.85225105e+01,5.32272756e-01,8.57323945e-01
5345803-S04-156I3-A-L-C-190-7-1,20.02.2020-18:00:09,2.10000000e+01,6.42143250e-01,8.92724419e+00,2.16282206e-03,6.79091492e+01,7.95752792e+01,1.85676823e+01,4.35811788e-01,5.18440843e-01
5345803-S04-156I3-A-L-C-190-7-1,20.02.2020-18:00:11,2.10000000e+01,6.42506897e-01,8.84795666e+00,2.04333314e-03,9.28881302e+01,8.03414230e+01,1.85904751e+01,6.12830997e-01,9.58242953e-01
5345803-S04-156I3-A-L-C-190-7-1,20.02.2020-18:00:13,2.10000000e+01,6.42917335e-01,8.86036873e+00,1.89576554e-03,4.32469604e+02,8.01048813e+01,1.85736008e+01,1.04840584e-01,4.12227899e-01
5345803-S04-156I3-A-L-C-190-7-1,20.02.2020-18:00:15,2.10000000e+01,6.41781449e-01,8.83132458e+00,1.92516751e-03,8.54981232e+01,8.02107697e+01,1.85044384e+01,3.68967444e-01,6.64008856e-01
5345803-S04-156I3-A-L-C-190-7-1,20.02.2020-18:00:17,2.10000000e+01,6.43243432e-01,8.84257984e+00,1.83125818e-03,1.19486099e+02,8.02183228e+01,1.85719776e+01,3.70561004e-01,6.40907347e-01
5345803-S04-156I3-A-L-C-190-7-1,20.02.2020-18:00:19,2.10000000e+01,6.43710852e-01,8.84547997e+00,1.89284445e-03,1.35482925e+02,8.01591797e+01,1.85778599e+01,4.03914481e-01,1.44548571e+00
5345803-S04-156I3-A-L-C-190-7-1,20.02.2020-18:00:21,2.10000000e+01,6.43476367e-01,8.87138939e+00,2.00304016e-03,3.39287262e+02,7.98221664e+01,1.85471840e+01,9.42650139e-02,2.49496341e-01
5345803-S04-156I3-A-L-C-190-7-1,20.02.2020-18:00:23,2.10000000e+01,6.43293679e-01,8.84584427e+00,1.89736625e-03,4.95799789e+01,8.00887299e+01,1.85502682e+01,5.45126617e-01,6.93549395e-01
5345803-S04-156I3-A-L-C-190-7-1,20.02.2020-18:00:26,2.10000000e+01,6.42985344e-01,8.86056995e+00,1.91244297e-03,1.07784348e+02,8.01643372e+01,1.85897751e+01,2.64913857e-01,5.53941846e-01
5345803-S04-156I3-A-L-C-190-7-1,20.02.2020-18:00:28,2.00000000e+01,6.43135488e-01,8.86786747e+00,1.63155177e-03,1.16499512e+02,8.01919022e+01,1.86158276e+01,1.89024329e-01,2.33810574e-01
5345803-S04-156I3-A-L-C-190-7-1,20.02.2020-18:00:30,2.10000000e+01,6.44642472e-01,8.88263416e+00,2.16696039e-03,1.01214340e+02,7.97390366e+01,1.85849705e+01,3.53663772e-01,4.43678796e-01
5345803-S04-156I3-A-L-C-190-7-1,20.02.2020-18:00:32,2.10000000e+01,6.44085944e-01,8.86105633e+00,2.37880554e-03,2.30706100e+02,7.97053833e+01,1.85160007e+01,1.51819512e-01,3.53580058e-01
5345803-S04-156I3-A-L-C-190-7-1,20.02.2020-18:00:34,2.10000000e+01,6.43294990e-01,8.83400440e+00,1.83358276e-03,2.01504410e+02,8.02334290e+01,1.85589466e+01,2.50031054e-01,5.23037255e-01
5345803-S04-156I3-A-L-C-190-7-1,20.02.2020-18:00:36,2.10000000e+01,6.43563330e-01,8.84738541e+00,2.14907294e-03,4.31432800e+01,7.98529205e+01,1.85066261e+01,5.09428918e-01,6.79931462e-01
5345803-S04-156I3-A-L-C-190-7-1,20.02.2020-18:00:38,2.10000000e+01,6.42082512e-01,8.86138535e+00,1.94239628e-03,1.43390823e+02,7.98888626e+01,1.85015831e+01,1.92604318e-01,2.44552478e-01
5345803-S04-156I3-A-L-C-190-7-1,20.02.2020-18:00:41,2.10000000e+01,6.40591562e-01,8.88301849e+00,1.70277932e-03,1.00802231e+02,7.99930115e+01,1.85278053e+01,2.60065198e-01,7.30873287e-01
5345803-S04-156I3-A-L-C-190-7-1,20.02.2020-18:00:43,2.10000000e+01,6.41659796e-01,8.85745811e+00,2.10749614e-03,2.75372406e+02,8.01682739e+01,1.85458450e+01,2.67358452e-01,2.02312350e+00
5345803-S04-156I3-A-L-C-190-7-1,20.02.2020-18:00:45,2.10000000e+01,6.41414225e-01,8.90583992e+00,2.11342913e-03,7.93603363e+01,7.98395691e+01,1.85635853e+01,4.02245164e-01,4.80889678e-01
5345803-S04-156I3-A-L-C-190-7-1,20.02.2020-18:00:47,2.10000000e+01,6.42472684e-01,8.88662624e+00,1.61911931e-03,9.22986908e+01,7.98564377e+01,1.85580235e+01,2.97742248e-01,3.54140610e-01
5345803-S04-156I3-A-L-C-190-7-1,20.02.2020-18:00:59,2.10000000e+01,6.42858803e-01,8.86251831e+00,2.19384884e-03,1.63732971e+02,7.97927475e+01,1.85040302e+01,2.03794107e-01,3.39045614e-01
5345803-S04-156I3-A-L-C-190-7-1,20.02.2020-18:01:01,2.10000000e+01,6.42534018e-01,8.86033916e+00,2.22123717e-03,1.88787994e+02,7.99047928e+01,1.85160999e+01,1.60405889e-01,3.30952704e-01
5345803-S04-156I3-A-L-C-190-7-1,20.02.2020-18:01:04,2.10000000e+01,6.43075585e-01,8.85393238e+00,1.93068432e-03,1.35962204e+02,8.00834274e+01,1.85597038e+01,2.40614370e-01,4.18714881e-01
5345803-S04-156I3-A-L-C-190-7-1,20.02.2020-18:01:06,2.10000000e+01,6.41129792e-01,8.86368942e+00,1.99499400e-03,4.57785522e+02,8.02495956e+01,1.85623741e+01,1.16585419e-01,2.43213832e-01
5345803-S04-156I3-A-L-C-190-7-1,20.02.2020-18:01:08,2.00000000e+01,6.42781496e-01,8.86807251e+00,1.58380251e-03,3.80533905e+02,8.02016220e+01,1.86082668e+01,1.01001814e-01,2.69856900e-01
5345803-S04-156I3-A-L-C-190-7-1,20.02.2020-18:01:10,2.10000000e+01,6.43651605e-01,8.84642887e+00,2.16286839e-03,3.32838654e+02,7.99420624e+01,1.85278206e+01,1.66191995e-01,5.47691047e-01
5345803-S04-156I3-A-L-C-190-7-1,20.02.2020-18:01:12,1.00000000e+00,6.45145178e-01,8.88707066e+00,2.94186058e-03,6.67671692e+02,7.91492004e+01,1.84711018e+01,7.50795528e-02,1.43481106e-01
5345803-S04-156I3-A-L-C-190-7-1,20.02.2020-18:01:14,2.10000000e+01,6.44635916e-01,8.88813877e+00,2.53814436e-03,1.24830551e+02,7.96241760e+01,1.85695114e+01,1.80701494e-01,2.49419615e-01
5345803-S04-156I3-A-L-C-190-7-1,20.02.2020-18:01:16,1.00000000e+00,6.45248890e-01,8.88592911e+00,3.05434503e-03,6.48623535e+02,7.91076736e+01,1.84620056e+01,8.19456875e-02,1.57566622e-01
5345803-S04-156I3-A-L-C-190-7-1,20.02.2020-18:01:18,2.10000000e+01,6.42553151e-01,8.87473488e+00,1.71589456e-03,2.49882187e+02,8.00097198e+01,1.85710907e+01,1.18085869e-01,1.90704122e-01
5345803-S04-156I3-A-L-C-190-7-1,20.02.2020-18:01:20,2.10000000e+01,6.40777588e-01,8.87015533e+00,2.10494502e-03,7.87231522e+01,8.00988312e+01,1.85308304e+01,4.15075392e-01,5.93036473e-01
5345803-S04-156I3-A-L-C-190-7-1,20.02.2020-18:01:23,2.10000000e+01,6.43641353e-01,8.85451698e+00,1.83900935e-03,3.33691681e+02,7.99952393e+01,1.85568027e+01,9.37753320e-02,2.81231999e-01
5345803-S04-156I3-A-L-C-190-7-1,20.02.2020-18:01:25,2.10000000e+01,6.40998960e-01,8.87491894e+00,2.21134932e-03,2.16036224e+02,8.01181717e+01,1.85516682e+01,2.32615650e-01,6.80064440e-01
5345803-S04-156I3-A-L-C-190-7-1,20.02.2020-18:01:27,2.10000000e+01,6.41158819e-01,8.91366577e+00,2.07292987e-03,2.06745148e+02,7.96587753e+01,1.85304413e+01,1.99854761e-01,2.32201949e-01
5345803-S04-156I3-A-L-C-190-7-1,20.02.2020-18:01:29,2.10000000e+01,6.41519785e-01,8.87265205e+00,2.13804492e-03,1.84897568e+02,8.00107574e+01,1.85371132e+01,2.83628017e-01,5.37247658e-01
5345803-S04-156I3-A-L-C-190-7-1,20.02.2020-18:01:31,2.10000000e+01,6.42264485e-01,8.85963058e+00,2.01127166e-03,3.14488617e+02,7.98824921e+01,1.85016880e+01,1.62494943e-01,2.27974892e-01
5345803-S04-156I3-A-L-C-190-7-1,20.02.2020-18:01:33,2.10000000e+01,6.43205881e-01,8.88840008e+00,2.46234285e-03,1.14065955e+03,7.96244736e+01,1.85289307e+01,6.20370582e-02,1.00498043e-01
5345803-S04-156I3-A-L-C-190-7-1,20.02.2020-18:01:36,2.10000000e+01,6.44613147e-01,8.87281895e+00,2.36196397e-03,1.19135872e+02,7.97285538e+01,1.85611515e+01,2.65087903e-01,4.40071166e-01
5345803-S04-156I3-A-L-C-190-7-1,20.02.2020-18:01:38,2.10000000e+01,6.43488765e-01,8.87700558e+00,1.96101051e-03,1.20811790e+02,7.97744064e+01,1.85481777e+01,2.24475622e-01,3.97188544e-01
5345803-S04-156I3-A-L-C-190-7-1,20.02.2020-18:01:40,2.10000000e+01,6.41079187e-01,8.86365795e+00,1.82732032e-03,2.38285873e+02,8.00678024e+01,1.85187969e+01,1.62218511e-01,2.70609766e-01
5345803-S04-156I3-A-L-C-190-7-1,20.02.2020-18:01:42,2.10000000e+01,6.42466962e-01,8.82728481e+00,1.58044591e-03,1.85665741e+02,8.02572403e+01,1.85264568e+01,1.89007565e-01,3.89048785e-01
5345803-S04-156I3-A-L-C-190-7-1,20.02.2020-18:01:44,2.10000000e+01,6.42303705e-01,8.82727909e+00,1.57510792e-03,1.78969101e+02,8.03863907e+01,1.85515404e+01,1.58500090e-01,3.89015049e-01
5345803-S04-156I3-A-L-C-190-7-1,20.02.2020-18:01:46,2.00000000e+00,6.42402351e-01,8.80542755e+00,2.04041693e-03,5.86961327e+01,7.97800217e+01,1.83688469e+01,4.61223304e-01,7.38448560e-01
5345803-S04-156I3-A-L-C-190-7-1,20.02.2020-18:01:50,1.90000000e+01,6.45351768e-01,8.88166237e+00,1.75378588e-03,1.98559769e+02,8.03003006e+01,1.87343292e+01,1.63108662e-01,2.15152860e-01
5345803-S04-156I3-A-L-C-190-7-1,20.02.2020-18:01:52,1.90000000e+01,6.46517158e-01,8.88841248e+00,2.04374827e-03,1.29489548e+02,8.01920319e+01,1.87571011e+01,1.88862965e-01,2.64871329e-01
5345803-S04-156I3-A-L-C-190-7-1,20.02.2020-18:01:55,1.90000000e+01,6.45675898e-01,8.87211800e+00,1.64217991e-03,2.23054245e+02,8.03172760e+01,1.87275543e+01,1.16989493e-01,1.78041980e-01
5345803-S04-156I3-A-L-C-190-7-1,20.02.2020-18:01:57,1.90000000e+01,6.45644605e-01,8.89417267e+00,1.74890785e-03,1.90951019e+02,8.01340714e+01,1.87303753e+01,1.15110628e-01,1.57126591e-01
5345803-S04-156I3-A-L-C-190-7-1,20.02.2020-18:01:59,1.00000000e+00,6.42917931e-01,8.79640102e+00,1.74426264e-03,4.08177109e+01,8.00618744e+01,1.84296246e+01,6.22865260e-01,1.09590018e+00
5345803-S04-156I3-A-L-C-190-7-1,20.02.2020-18:02:01,2.10000000e+01,6.43254220e-01,8.83726501e+00,1.68995501e-03,1.43127563e+02,8.02199936e+01,1.85615120e+01,1.96535587e-01,5.81208169e-01
5345803-S04-156I3-A-L-C-190-7-1,20.02.2020-18:02:03,9.00000000e+00,6.45088494e-01,8.92083740e+00,1.74147042e-03,4.24993629e+01,8.02647476e+01,1.88009567e+01,4.32383686e-01,5.19662082e-01
5345803-S04-156I3-A-L-C-190-7-1,20.02.2020-18:02:05,1.40000000e+01,6.45406961e-01,8.94343472e+00,2.05818331e-03,1.85978870e+01,8.00137405e+01,1.87989140e+01,1.37479711e+00,1.69230092e+00
5345803-S04-156I3-A-L-C-190-7-1,20.02.2020-18:02:07,9.00000000e+00,6.45996153e-01,8.92057323e+00,1.55546435e-03,5.89142456e+01,8.02649612e+01,1.88269043e+01,4.07345682e-01,7.04858661e-01
5345803-S04-156I3-A-L-C-190-7-1,20.02.2020-18:02:09,9.00000000e+00,6.46930218e-01,8.92968369e+00,1.78171229e-03,6.79006119e+01,8.03859482e+01,1.89018307e+01,3.60126585e-01,5.33485889e-01
5345803-S04-156I3-A-L-C-190-7-1,20.02.2020-18:02:12,1.90000000e+01,6.43119991e-01,8.91933632e+00,1.76832255e-03,2.30302490e+02,8.03717880e+01,1.87654228e+01,1.53228983e-01,3.87299329e-01
5345803-S04-156I3-A-L-C-190-7-1,20.02.2020-18:02:14,9.00000000e+00,6.44830883e-01,8.95276928e+00,1.90814352e-03,1.38651840e+02,8.04298325e+01,1.88995113e+01,1.90666527e-01,3.31230521e-01
5345803-S04-156I3-A-L-C-190-7-1,20.02.2020-18:02:16,8.00000000e+00,6.47104323e-01,8.96195793e+00,1.62948319e-03,9.10378723e+01,8.04365311e+01,1.89871922e+01,2.93565154e-01,3.69502187e-01
5345803-S04-156I3-A-L-C-190-7-1,20.02.2020-18:02:18,2.00000000e+01,6.44751012e-01,8.89964581e+00,2.05531437e-03,2.26449829e+02,7.98372574e+01,1.86466389e+01,2.21094072e-01,3.61452311e-01
5345803-S04-156I3-A-L-C-190-7-1,20.02.2020-18:02:20,8.00000000e+00,6.46215916e-01,8.94354725e+00,1.61551929e-03,1.13422440e+02,8.03936615e+01,1.89120884e+01,1.71096221e-01,2.33093247e-01
5345803-S04-156I3-A-L-C-190-7-1,20.02.2020-18:02:22,2.00000000e+00,6.35175288e-01,8.75819302e+00,1.58539438e-03,9.73316345e+01,8.07449799e+01,1.82832699e+01,2.80672759e-01,7.98177361e-01
5345803-S04-156I3-A-L-C-190-7-1,20.02.2020-18:02:24,1.90000000e+01,6.43876314e-01,8.93432426e+00,1.78633560e-03,1.39448120e+02,8.02194214e+01,1.87833862e+01,2.17796579e-01,3.91095072e-01
5345803-S04-156I3-A-L-C-190-7-1,20.02.2020-18:02:26,1.90000000e+01,6.45046890e-01,8.91660976e+00,2.08306126e-03,2.35210114e+02,8.02601547e+01,1.87897606e+01,1.24068044e-01,4.26089615e-01
5345803-S04-156I3-A-L-C-190-7-1,20.02.2020-18:02:29,9.00000000e+00,6.45559490e-01,8.93616867e+00,2.03418336e-03,4.52370148e+01,8.02039261e+01,1.88327389e+01,5.42852700e-01,8.81050289e-01
5345803-S04-156I3-A-L-C-190-7-1,20.02.2020-18:02:31,9.00000000e+00,6.47460341e-01,8.93405342e+00,1.80360477e-03,1.55410995e+02,8.02896042e+01,1.89038925e+01,2.01137617e-01,3.62396777e-01
5345803-S04-156I3-A-L-C-190-7-1,20.02.2020-18:02:33,1.90000000e+01,6.44574463e-01,8.91646767e+00,1.80197624e-03,6.39548149e+01,8.02909317e+01,1.87828979e+01,3.67583603e-01,4.41232681e-01
5345803-S04-156I3-A-L-C-190-7-1,20.02.2020-18:02:35,2.10000000e+01,6.43032193e-01,8.84238052e+00,1.73735002e-03,3.21714363e+01,8.01968155e+01,1.85604801e+01,6.30481958e-01,1.11061358e+00
5345803-S04-156I3-A-L-C-190-7-1,20.02.2020-18:02:37,2.10000000e+01,6.45459771e-01,8.83147335e+00,1.56339642e-03,1.69511795e+02,8.00696411e+01,1.85780640e+01,1.34378627e-01,2.37398908e-01
5345803-S04-156I3-A-L-C-190-7-1,20.02.2020-18:02:39,1.90000000e+01,6.46818817e-01,8.89189529e+00,2.01798650e-03,1.74550568e+02,8.02993546e+01,1.87983284e+01,1.39072940e-01,1.96076080e-01
5345803-S04-156I3-A-L-C-190-7-1,20.02.2020-18:02:41,2.00000000e+01,6.45794928e-01,8.88062572e+00,1.93313428e-03,1.61131287e+02,8.01055069e+01,1.86995335e+01,1.73186511e-01,2.37923548e-01
5345803-S04-156I3-A-L-C-190-7-1,20.02.2020-18:02:44,2.10000000e+01,6.45011961e-01,8.85099792e+00,1.71972730e-03,1.11889633e+02,7.98374023e+01,1.85522499e+01,2.01027811e-01,2.55995601e-01
5345803-S04-156I3-A-L-C-190-7-1,20.02.2020-18:02:46,1.00000000e+00,6.42773390e-01,8.82214832e+00,2.16896855e-03,1.21220787e+02,7.97198944e+01,1.84004822e+01,2.16903761e-01,4.31732565e-01
5345803-S04-156I3-A-L-C-190-7-1,20.02.2020-18:02:48,9.00000000e+00,6.45980775e-01,8.94832897e+00,1.79950532e-03,1.95024902e+02,8.03183517e+01,1.88975945e+01,1.40720695e-01,2.06566885e-01
5345803-S04-156I3-A-L-C-190-7-1,20.02.2020-18:02:50,8.00000000e+00,6.46904111e-01,8.96636295e+00,1.96370622e-03,7.66043243e+01,8.03202133e+01,1.89631844e+01,4.35218126e-01,5.77677846e-01
5345803-S04-156I3-A-L-C-190-7-1,20.02.2020-18:02:52,8.00000000e+00,6.46886587e-01,8.94436073e+00,1.85945828e-03,2.07621597e+02,8.03256683e+01,1.89174232e+01,1.35820165e-01,2.92195082e-01
5345803-S04-156I3-A-L-C-190-7-1,20.02.2020-18:02:54,2.00000000e+01,6.42835677e-01,8.88293076e+00,1.61910697e-03,2.54565430e+01,8.00916595e+01,1.86154594e+01,9.20016587e-01,1.33431065e+00
5345803-S04-156I3-A-L-C-190-7-1,20.02.2020-18:02:56,1.40000000e+01,6.44786417e-01,8.92451000e+00,1.80251256e-03,1.87542286e+01,8.00698013e+01,1.87542305e+01,8.77126992e-01,1.03413916e+00
5345803-S04-156I3-A-L-C-190-7-1,20.02.2020-18:02:58,1.90000000e+01,6.44844651e-01,8.92366219e+00,1.87580951e-03,3.74004135e+01,8.01941452e+01,1.87832642e+01,6.30819023e-01,7.53548026e-01
5345803-S04-156I3-A-L-C-190-7-1,20.02.2020-18:03:01,1.00000000e+00,6.39810741e-01,8.86934280e+00,1.78121962e-03,2.47499027e+01,8.00506668e+01,1.84900513e+01,8.62635672e-01,1.21044624e+00
5345803-S04-156I3-A-L-C-190-7-1,20.02.2020-18:03:03,2.10000000e+01,6.43098593e-01,8.86671448e+00,1.72046514e-03,3.09422150e+01,8.00475616e+01,1.85788383e+01,8.33867669e-01,1.21452892e+00
5345803-S04-156I3-A-L-C-190-7-1,20.02.2020-18:03:05,9.00000000e+00,6.47260368e-01,8.93357849e+00,1.71584589e-03,3.67583809e+01,8.02413483e+01,1.88856907e+01,5.57442188e-01,7.04378545e-01
5345803-S04-156I3-A-L-C-190-7-1,20.02.2020-18:03:07,9.00000000e+00,6.44836843e-01,8.93111992e+00,1.80869561e-03,7.23756180e+01,8.02700500e+01,1.88165302e+01,2.51198351e-01,3.09297025e-01
5345803-S04-156I3-A-L-C-190-7-1,20.02.2020-18:03:09,9.00000000e+00,6.45971477e-01,8.93675804e+00,1.91593310e-03,3.19179230e+02,8.03500595e+01,1.88803368e+01,1.09163992e-01,2.53422707e-01
5345803-S04-156I3-A-L-C-190-7-1,20.02.2020-18:03:11,8.00000000e+00,6.47310436e-01,8.95532227e+00,1.97199499e-03,1.50610245e+02,8.02102814e+01,1.89257927e+01,1.91471294e-01,2.57042348e-01
5345803-S04-156I3-A-L-C-190-7-1,20.02.2020-18:03:13,8.00000000e+00,6.48478210e-01,8.95341969e+00,1.81591895e-03,9.22587128e+01,8.02391357e+01,1.89627266e+01,2.74980336e-01,3.55126143e-01
5345803-S04-156I3-A-L-C-190-7-1,20.02.2020-18:03:15,9.00000000e+00,6.47501111e-01,8.94629765e+00,1.76282786e-03,6.58579330e+01,8.01770325e+01,1.89044495e+01,2.69738764e-01,3.49575311e-01
5345803-S04-156I3-A-L-C-190-7-1,20.02.2020-18:03:17,8.00000000e+00,6.46891713e-01,8.95422363e+00,2.03934265e-03,3.79126587e+02,8.02177353e+01,1.89129868e+01,1.02886595e-01,2.71160662e-01
5345803-S04-156I3-A-L-C-190-7-1,20.02.2020-18:03:20,8.00000000e+00,6.47026062e-01,8.96526051e+00,1.99478678e-03,2.77864288e+02,8.02763824e+01,1.89540768e+01,8.67458135e-02,1.97849944e-01
5345803-S04-156I3-A-L-C-190-7-1,20.02.2020-18:03:22,1.90000000e+01,6.45348489e-01,8.94555187e+00,1.83237460e-03,2.39314728e+02,7.99905396e+01,1.87962093e+01,1.82883084e-01,6.05912864e-01
5345803-S04-156I3-A-L-C-190-7-1,20.02.2020-18:03:24,8.00000000e+00,6.47267580e-01,8.95765686e+00,1.97511609e-03,1.65246933e+02,8.01665878e+01,1.89191608e+01,1.16713285e-01,2.47309625e-01
5345803-S04-156I3-A-L-C-190-7-1,20.02.2020-18:03:26,9.00000000e+00,6.46964908e-01,8.93181038e+00,2.04108143e-03,3.39603882e+02,8.01742554e+01,1.88575535e+01,1.13593765e-01,2.90362149e-01
5345803-S04-156I3-A-L-C-190-7-1,20.02.2020-18:03:28,9.00000000e+00,6.46713495e-01,8.93921089e+00,1.70631334e-03,1.44937958e+02,8.02792511e+01,1.88905506e+01,2.12492451e-01,5.99271655e-01
5345803-S04-156I3-A-L-C-190-7-1,20.02.2020-18:03:30,1.90000000e+01,6.44601882e-01,8.92879772e+00,1.99622894e-03,2.42179855e+02,8.01170502e+01,1.87689381e+01,1.46481305e-01,5.79551518e-01
5345803-S04-156I3-A-L-C-190-7-1,20.02.2020-18:03:32,9.00000000e+00,6.46700025e-01,8.93531895e+00,1.98927475e-03,2.70436066e+02,8.01837845e+01,1.88594780e+01,1.08872287e-01,3.96783561e-01
5345803-S04-156I3-A-L-C-190-7-1,20.02.2020-18:03:34,9.00000000e+00,6.44817829e-01,8.96304131e+00,1.83405366e-03,2.84128693e+02,8.01966782e+01,1.88659649e+01,1.24402002e-01,3.50246072e-01
5345803-S04-156I3-A-L-C-190-7-1,20.02.2020-18:03:37,9.00000000e+00,6.46943092e-01,8.95440102e+00,2.03509326e-03,2.28650848e+02,8.00970688e+01,1.88864117e+01,1.58650741e-01,2.92594939e-01
5345803-S04-156I3-A-L-C-190-7-1,20.02.2020-18:03:39,9.00000000e+00,6.45909965e-01,8.94522667e+00,1.87442033e-03,1.86553116e+02,8.02847824e+01,1.88810768e+01,1.97496653e-01,6.97583616e-01
5345803-S04-156I3-A-L-C-190-7-1,20.02.2020-18:03:41,9.00000000e+00,6.45670235e-01,8.93249512e+00,1.82876713e-03,1.57327927e+02,8.03762665e+01,1.88686810e+01,2.24073932e-01,6.08013332e-01
5345803-S04-156I3-A-L-C-190-7-1,20.02.2020-18:03:43,9.00000000e+00,6.45219803e-01,8.94487953e+00,1.82788644e-03,1.41492416e+02,8.03065186e+01,1.88652744e+01,1.76053822e-01,3.73102516e-01
5345803-S04-156I3-A-L-C-190-7-1,20.02.2020-18:03:45,9.00000000e+00,6.46688759e-01,8.93762207e+00,1.84637506e-03,2.89517487e+02,8.02905579e+01,1.88891296e+01,1.18569262e-01,4.66676712e-01
5345803-S04-156I3-A-L-C-190-7-1,20.02.2020-18:03:47,8.00000000e+00,6.47272527e-01,8.96539402e+00,2.08427035e-03,2.02020248e+02,8.01347961e+01,1.89281387e+01,1.56530946e-01,2.66678393e-01
5345803-S04-156I3-A-L-C-190-7-1,20.02.2020-18:03:49,9.00000000e+00,6.46682739e-01,8.93673801e+00,2.21675262e-03,2.60887939e+02,8.00007858e+01,1.88189220e+01,1.21971145e-01,4.41891849e-01
5345803-S04-156I3-A-L-C-190-7-1,20.02.2020-18:03:52,8.00000000e+00,6.47386968e-01,8.95700169e+00,1.83079240e-03,2.49824875e+02,8.03502426e+01,1.89646149e+01,1.25775263e-01,2.55981356e-01
5345803-S04-156I3-A-L-C-190-7-1,20.02.2020-18:03:54,8.00000000e+00,6.47696376e-01,8.95256138e+00,1.95430359e-03,2.17829956e+02,8.02364807e+01,1.89374218e+01,1.33924410e-01,2.29112148e-01
5345803-S04-156I3-A-L-C-190-7-1,20.02.2020-18:03:56,9.00000000e+00,6.46592855e-01,8.93391228e+00,1.78949605e-03,2.21270691e+02,8.02605667e+01,1.88714390e+01,1.37485564e-01,4.81647313e-01
5345803-S04-156I3-A-L-C-190-7-1,20.02.2020-18:03:58,8.00000000e+00,6.47500455e-01,8.95532227e+00,1.98114919e-03,2.84771179e+02,8.02125626e+01,1.89318867e+01,9.09239054e-02,1.84930667e-01
5345803-S04-156I3-A-L-C-190-7-1,20.02.2020-18:04:00,8.00000000e+00,6.47243559e-01,8.95465374e+00,1.81130518e-03,2.22212326e+02,8.03170242e+01,1.89476070e+01,1.01135910e-01,2.58960813e-01
5345803-S04-156I3-A-L-C-190-7-1,20.02.2020-18:04:02,9.00000000e+00,6.45891190e-01,8.93371582e+00,1.99824315e-03,2.75710022e+02,8.02772980e+01,1.88544731e+01,1.43532202e-01,4.35099989e-01
5345803-S04-156I3-A-L-C-190-7-1,20.02.2020-18:04:04,1.90000000e+01,6.44615293e-01,8.93545818e+00,2.09218543e-03,2.10069046e+02,8.00287933e+01,1.87626381e+01,1.70021713e-01,6.00023687e-01
5345803-S04-156I3-A-L-C-190-7-1,20.02.2020-18:04:06,8.00000000e+00,6.47565663e-01,8.97135162e+00,2.22264347e-03,2.32869217e+02,8.00237579e+01,1.89230347e+01,1.46361053e-01,2.65829444e-01
5345803-S04-156I3-A-L-C-190-7-1,20.02.2020-18:04:09,8.00000000e+00,6.47359729e-01,8.96606255e+00,2.00004759e-03,2.37355865e+02,8.01238785e+01,1.89295177e+01,1.18454255e-01,2.84408331e-01
5345803-S04-156I3-A-L-C-190-7-1,20.02.2020-18:04:11,9.00000000e+00,6.46252155e-01,8.93962574e+00,1.83159090e-03,1.13746185e+02,8.01208954e+01,1.88407116e+01,1.67244896e-01,2.26061717e-01
5345803-S04-156I3-A-L-C-190-7-1,20.02.2020-18:04:13,2.10000000e+01,6.43949986e-01,8.84862900e+00,1.76863791e-03,1.25171120e+02,7.97673264e+01,1.85004959e+01,2.28512719e-01,4.33070123e-01
5345803-S04-156I3-A-L-C-190-7-1,20.02.2020-18:04:15,8.00000000e+00,6.48598373e-01,8.96381950e+00,1.87245896e-03,9.78403854e+01,8.02294464e+01,1.89859772e+01,1.84504986e-01,2.41301358e-01
5345803-S04-156I3-A-L-C-190-7-1,20.02.2020-18:04:17,9.00000000e+00,6.46590948e-01,8.93391514e+00,1.97948772e-03,4.61721954e+01,8.00894165e+01,1.88311462e+01,4.59303260e-01,6.97202146e-01
5345803-S04-156I3-A-L-C-190-7-1,20.02.2020-18:04:19,1.90000000e+01,6.43625140e-01,8.92000008e+00,1.68408907e-03,1.21135834e+02,8.01851044e+01,1.87379360e+01,2.40818977e-01,2.82774776e-01
5345803-S04-156I3-A-L-C-190-7-1,20.02.2020-18:04:21,2.10000000e+01,6.41843796e-01,8.88588333e+00,1.95796299e-03,5.54865494e+01,8.00899506e+01,1.85925159e+01,3.65639210e-01,6.95434928e-01
5345803-S04-156I3-A-L-C-190-7-1,20.02.2020-18:04:23,2.10000000e+01,6.42671525e-01,8.84696579e+00,1.77429954e-03,2.09751015e+01,7.99866714e+01,1.85110569e+01,1.16929340e+00,1.65665603e+00
5345803-S04-156I3-A-L-C-190-7-1,20.02.2020-18:04:26,9.00000000e+00,6.45107985e-01,8.92641068e+00,1.82579493e-03,1.03614189e+02,8.02439804e+01,1.88084049e+01,2.20991656e-01,2.74025977e-01
5345803-S04-156I3-A-L-C-190-7-1,20.02.2020-18:04:28,1.90000000e+01,6.45383537e-01,8.93738651e+00,1.84426107e-03,2.03159657e+01,7.99913712e+01,1.87802658e+01,1.12544823e+00,1.33363092e+00
5345803-S04-156I3-A-L-C-190-7-1,20.02.2020-18:04:30,2.10000000e+01,6.40202701e-01,8.87477970e+00,1.74154493e-03,2.62807217e+01,8.00507812e+01,1.85127468e+01,8.02559674e-01,1.07799256e+00
5345803-S04-156I3-A-L-C-190-7-1,20.02.2020-18:04:32,1.00000000e+00,6.40254140e-01,8.86924648e+00,1.70879392e-03,2.89614334e+01,8.00319519e+01,1.84983368e+01,6.92265749e-01,1.02677119e+00
5345803-S04-156I3-A-L-C-190-7-1,20.02.2020-18:04:34,2.10000000e+01,6.43499136e-01,8.85650921e+00,1.72494259e-03,2.72625275e+01,8.00783310e+01,1.85761509e+01,7.94670403e-01,1.40241992e+00
5345803-S04-156I3-A-L-C-190-7-1,20.02.2020-18:04:36,8.00000000e+00,6.45953178e-01,8.97260666e+00,1.83653948e-03,8.58773956e+01,8.02272949e+01,1.89265747e+01,2.79104739e-01,4.73509580e-01
5345803-S04-156I3-A-L-C-190-7-1,20.02.2020-18:04:38,2.10000000e+01,6.44109845e-01,8.87633514e+00,1.98593130e-03,2.50986404e+02,7.97951813e+01,1.85695114e+01,2.35848904e-01,4.44019407e-01
5345803-S04-156I3-A-L-C-190-7-1,20.02.2020-18:04:40,9.00000000e+00,6.46774292e-01,8.95732403e+00,1.83566334e-03,3.22252991e+02,8.01323929e+01,1.88959751e+01,1.17467433e-01,1.39509797e-01
5345803-S04-156I3-A-L-C-190-7-1,20.02.2020-18:04:43,2.10000000e+01,6.41443968e-01,8.88355255e+00,1.87973178e-03,1.78575058e+02,7.99441833e+01,1.85422516e+01,2.27308586e-01,5.99311173e-01
5345803-S04-156I3-A-L-C-190-7-1,20.02.2020-18:04:45,1.90000000e+01,6.45251095e-01,8.93845081e+00,1.90505257e-03,2.70456818e+02,7.99543152e+01,1.87699528e+01,1.23771451e-01,2.56264150e-01
5345803-S04-156I3-A-L-C-190-7-1,20.02.2020-18:04:47,1.90000000e+01,6.43391430e-01,8.93321991e+00,2.14060489e-03,2.16863159e+02,7.99474335e+01,1.87032909e+01,1.84329301e-01,3.17726105e-01
5345803-S04-156I3-A-L-C-190-7-1,20.02.2020-18:04:49,1.90000000e+01,6.44887686e-01,8.93324471e+00,2.15478707e-03,3.82271545e+02,7.99067230e+01,1.87372913e+01,9.19766054e-02,2.34719217e-01
5345803-S04-156I3-A-L-C-190-7-1,20.02.2020-18:04:51,1.90000000e+01,6.45316422e-01,8.93661976e+00,2.01084954e-03,2.82413025e+02,7.99213333e+01,1.87602634e+01,1.13306269e-01,2.21820638e-01
5345803-S04-156I3-A-L-C-190-7-1,20.02.2020-18:04:53,8.00000000e+00,6.46895230e-01,8.95544052e+00,1.69289089e-03,1.50775772e+02,8.03489075e+01,1.89465904e+01,1.67072952e-01,2.71000683e-01
5345803-S04-156I3-A-L-C-190-7-1,20.02.2020-18:04:55,2.00000000e+00,6.34131312e-01,8.80219173e+00,1.91030977e-03,2.17125900e+02,8.03220673e+01,1.82488327e+01,1.59878924e-01,2.10862428e-01
5345803-S04-156I3-A-L-C-190-7-1,20.02.2020-18:04:58,8.00000000e+00,6.46335721e-01,8.94888973e+00,1.92305609e-03,2.12800842e+02,8.04311523e+01,1.89357204e+01,1.17518328e-01,2.46375144e-01
5345803-S04-156I3-A-L-C-190-7-1,20.02.2020-18:05:00,8.00000000e+00,6.47056341e-01,8.96829700e+00,2.01107352e-03,2.00670151e+02,8.04224701e+01,1.89958916e+01,1.14580043e-01,1.86622471e-01
5345803-S04-156I3-A-L-C-190-7-1,20.02.2020-18:05:02,2.10000000e+01,6.43667817e-01,8.87323761e+00,1.86568825e-03,1.93793793e+02,8.00084991e+01,1.85998840e+01,1.85924992e-01,4.43580210e-01
5345803-S04-156I3-A-L-C-190-7-1,20.02.2020-18:05:04,9.00000000e+00,6.45978332e-01,8.95596981e+00,2.20980262e-03,2.58543610e+02,8.01624756e+01,1.88769531e+01,1.08461626e-01,2.36326620e-01
5345803-S04-156I3-A-L-C-190-7-1,20.02.2020-18:05:06,2.00000000e+01,6.44277394e-01,8.88694382e+00,1.48478197e-03,1.88226166e+02,8.00016098e+01,1.86446514e+01,1.49519548e-01,3.67724776e-01
5345803-S04-156I3-A-L-C-190-7-1,20.02.2020-18:05:08,8.00000000e+00,6.46613717e-01,8.96167183e+00,1.88069814e-03,2.28341690e+02,8.04142990e+01,1.89669456e+01,1.08899347e-01,1.68729544e-01
5345803-S04-156I3-A-L-C-190-7-1,20.02.2020-18:05:10,9.00000000e+00,6.47179008e-01,8.92099380e+00,1.84406934e-03,2.23900635e+02,8.02312317e+01,1.88543396e+01,1.28800452e-01,2.45877013e-01
5345803-S04-156I3-A-L-C-190-7-1,20.02.2020-18:05:12,2.00000000e+00,6.37435615e-01,8.77217102e+00,1.55801326e-03,2.88731445e+02,8.08107986e+01,1.83925953e+01,1.17548689e-01,4.75054294e-01
5345803-S04-156I3-A-L-C-190-7-1,20.02.2020-18:05:16,8.00000000e+00,6.48352742e-01,8.95466137e+00,2.13190052e-03,2.42405609e+02,8.00810318e+01,1.89243259e+01,1.29961669e-01,2.26684004e-01
5345803-S04-156I3-A-L-C-190-7-1,20.02.2020-18:05:18,2.00000000e+01,6.44789994e-01,8.92255688e+00,1.62714743e-03,2.75701752e+02,7.98461533e+01,1.86978550e+01,1.34431928e-01,2.23193794e-01
5345803-S04-156I3-A-L-C-190-7-1,20.02.2020-18:05:21,8.00000000e+00,6.48916483e-01,8.93641281e+00,2.03918386e-03,2.83583344e+02,8.02420883e+01,1.89401951e+01,1.11162305e-01,3.70128393e-01
5345803-S04-156I3-A-L-C-190-7-1,20.02.2020-18:05:23,1.90000000e+01,6.45375073e-01,8.91542053e+00,1.83471490e-03,1.76110596e+02,8.02267838e+01,1.87889977e+01,1.92976564e-01,4.32194352e-01
5345803-S04-156I3-A-L-C-190-7-1,20.02.2020-18:05:25,9.00000000e+00,6.45171463e-01,8.92510891e+00,2.01170356e-03,1.93683899e+02,8.02649384e+01,1.88124237e+01,1.80377811e-01,4.11818117e-01
5345803-S04-156I3-A-L-C-190-7-1,20.02.2020-18:05:27,8.00000000e+00,6.47000134e-01,8.95193100e+00,2.03327672e-03,2.06222061e+02,8.03214798e+01,1.89357719e+01,1.38646081e-01,1.89483672e-01
5345803-S04-156I3-A-L-C-190-7-1,20.02.2020-18:05:29,9.00000000e+00,6.45938516e-01,8.92323112e+00,1.61165744e-03,2.77141541e+02,8.02699738e+01,1.88320065e+01,1.32357016e-01,3.24037969e-01
5345803-S04-156I3-A-L-C-190-7-1,20.02.2020-18:05:31,9.00000000e+00,6.48601115e-01,8.93392467e+00,1.83888595e-03,2.12591385e+02,8.01220474e+01,1.88974075e+01,1.61282957e-01,2.51900941e-01
5345803-S04-156I3-A-L-C-190-7-1,20.02.2020-18:05:33,9.00000000e+00,6.48293853e-01,8.92370796e+00,1.87897100e-03,2.11945572e+02,8.01271591e+01,1.88680592e+01,1.72709987e-01,2.84181595e-01
5345803-S04-156I3-A-L-C-190-7-1,20.02.2020-18:05:36,8.00000000e+00,6.47610724e-01,8.93302441e+00,1.62430387e-03,2.28600967e+02,8.03106384e+01,1.89110565e+01,1.18004546e-01,2.05671594e-01
5345803-S04-156I3-A-L-C-190-7-1,20.02.2020-18:05:38,2.10000000e+01,6.43390119e-01,8.86682987e+00,1.84244185e-03,1.28313705e+02,7.98911743e+01,1.85511894e+01,2.11149871e-01,3.80208820e-01
5345803-S04-156I3-A-L-C-190-7-1,20.02.2020-18:05:40,2.10000000e+01,6.43980384e-01,8.86310959e+00,1.70528947e-03,1.39057983e+02,7.99235611e+01,1.85679417e+01,2.29874179e-01,4.64156717e-01
5345803-S04-156I3-A-L-C-190-7-1,20.02.2020-18:05:42,8.00000000e+00,6.48822665e-01,8.92444420e+00,1.85200095e-03,3.12020416e+02,8.02780228e+01,1.89205627e+01,1.31160900e-01,3.95396471e-01
5345803-S04-156I3-A-L-C-190-7-1,20.02.2020-18:05:44,9.00000000e+00,6.44764066e-01,8.95198250e+00,1.85186160e-03,3.87887451e+02,8.00284653e+01,1.88015995e+01,8.90429839e-02,1.38488919e-01
5345803-S04-156I3-A-L-C-190-7-1,20.02.2020-18:05:46,8.00000000e+00,6.48152113e-01,8.95980072e+00,2.28794036e-03,2.89803375e+02,8.00993195e+01,1.89336472e+01,1.25353053e-01,2.04771191e-01
5345803-S04-156I3-A-L-C-190-7-1,20.02.2020-18:05:48,2.10000000e+01,6.44045234e-01,8.87195301e+00,1.73255440e-03,1.23154854e+02,7.99240952e+01,1.85884647e+01,1.97668493e-01,4.31077778e-01
5345803-S04-156I3-A-L-C-190-7-1,20.02.2020-18:05:50,1.90000000e+01,6.44372940e-01,8.91188526e+00,1.80579303e-03,2.32026215e+02,8.04243546e+01,1.87985630e+01,1.51109710e-01,4.63579774e-01
5345803-S04-156I3-A-L-C-190-7-1,20.02.2020-18:05:53,8.00000000e+00,6.46746755e-01,8.96492100e+00,1.97156589e-03,1.38827148e+02,8.03274765e+01,1.89572372e+01,2.16697291e-01,3.54279488e-01
5345803-S04-156I3-A-L-C-190-7-1,20.02.2020-18:05:55,8.00000000e+00,6.47441626e-01,8.94748306e+00,1.78789150e-03,9.79172134e+01,8.03967896e+01,1.89570351e+01,2.22111419e-01,2.84960538e-01
5345803-S04-156I3-A-L-C-190-7-1,20.02.2020-18:05:57,2.00000000e+01,6.43719375e-01,8.88430977e+00,1.78676390e-03,2.12394333e+02,8.00669632e+01,1.86381950e+01,1.61560699e-01,3.65463585e-01
5345803-S04-156I3-A-L-C-190-7-1,20.02.2020-18:05:59,1.90000000e+01,6.44886553e-01,8.95509911e+00,1.82962918e-03,3.00217194e+02,7.98859177e+01,1.87782078e+01,9.40677747e-02,1.37891382e-01
5345803-S04-156I3-A-L-C-190-7-1,20.02.2020-18:06:01,2.00000000e+01,6.44190371e-01,8.87548351e+00,1.39329617e-03,1.85126923e+02,8.00195541e+01,1.86222668e+01,1.86937138e-01,4.30428684e-01
5345803-S04-156I3-A-L-C-190-7-1,20.02.2020-18:06:03,8.00000000e+00,6.46510065e-01,8.96063042e+00,1.98476831e-03,2.36399094e+02,8.03475037e+01,1.89459534e+01,1.56884506e-01,2.63010353e-01
5345803-S04-156I3-A-L-C-190-7-1,20.02.2020-18:06:05,8.00000000e+00,6.46865070e-01,8.96121216e+00,1.94736908e-03,1.81509430e+02,8.03680878e+01,1.89624424e+01,1.93675146e-01,2.73017824e-01
5345803-S04-156I3-A-L-C-190-7-1,20.02.2020-18:06:08,8.00000000e+00,6.47486925e-01,8.95881653e+00,1.79225497e-03,1.76228439e+02,8.03866730e+01,1.89799881e+01,1.27664894e-01,1.98471293e-01
5345803-S04-156I3-A-L-C-190-7-1,20.02.2020-18:06:10,9.00000000e+00,6.44671082e-01,8.96536446e+00,1.78791210e-03,1.92075089e+02,7.99607239e+01,1.88110523e+01,1.40118107e-01,1.94670543e-01
5345803-S04-156I3-A-L-C-190-7-1,20.02.2020-18:06:12,7.00000000e+00,6.50673449e-01,8.95614529e+00,2.04115314e-03,3.17901550e+02,8.05188904e+01,1.90990696e+01,1.08873285e-01,2.33726636e-01
5345803-S04-156I3-A-L-C-190-7-1,20.02.2020-18:06:14,2.10000000e+01,6.39069080e-01,8.99409580e+00,2.13698810e-03,2.80630066e+02,7.93707962e+01,1.85693321e+01,9.33593139e-02,1.16106406e-01
5345803-S04-156I3-A-L-C-190-7-1,20.02.2020-18:06:16,1.90000000e+01,6.45779908e-01,8.91013241e+00,2.23614112e-03,1.56530807e+02,7.99758987e+01,1.87308712e+01,2.77150512e-01,6.41669512e-01
5345803-S04-156I3-A-L-C-190-7-1,20.02.2020-18:06:18,2.10000000e+01,6.41739845e-01,8.89343071e+00,1.78859779e-03,2.62994598e+02,8.00050964e+01,1.85855827e+01,1.92319214e-01,5.45985818e-01
5345803-S04-156I3-A-L-C-190-7-1,20.02.2020-18:06:21,2.00000000e+01,6.44477010e-01,8.92378616e+00,1.83667266e-03,2.06771881e+02,7.98290253e+01,1.86873455e+01,1.31499812e-01,2.10146487e-01
5345803-S04-156I3-A-L-C-190-7-1,20.02.2020-18:06:23,1.90000000e+01,6.43660426e-01,8.93123341e+00,1.95408333e-03,2.22334152e+02,7.99266281e+01,1.87020817e+01,2.01843694e-01,3.89905244e-01
5345803-S04-156I3-A-L-C-190-7-1,20.02.2020-18:06:25,2.10000000e+01,6.43845499e-01,8.88135147e+00,1.90609857e-03,1.07662453e+02,7.98833618e+01,1.85929031e+01,3.49791169e-01,5.96455097e-01
5345803-S04-156I3-A-L-C-190-7-1,20.02.2020-18:06:27,9.00000000e+00,6.47095203e-01,8.94427204e+00,2.16129143e-03,1.40134674e+02,8.01422501e+01,1.88801270e+01,2.09633872e-01,2.75467396e-01
5345803-S04-156I3-A-L-C-190-7-1,20.02.2020-18:06:29,1.90000000e+01,6.44700587e-01,8.91420174e+00,1.88823114e-03,1.57783203e+02,8.00347900e+01,1.87218838e+01,1.85648575e-01,3.21029514e-01
5345803-S04-156I3-A-L-C-190-7-1,20.02.2020-18:06:31,8.00000000e+00,6.48855805e-01,8.92432117e+00,2.06568837e-03,1.21937714e+02,8.02976837e+01,1.89259014e+01,2.13508353e-01,4.78841841e-01
5345803-S04-156I3-A-L-C-190-7-1,20.02.2020-18:06:33,9.00000000e+00,6.47290349e-01,8.90677166e+00,2.06084084e-03,1.48492432e+02,8.02004700e+01,1.88203011e+01,1.81969240e-01,5.27224541e-01
5345803-S04-156I3-A-L-C-190-7-1,20.02.2020-18:06:36,1.90000000e+01,6.44897282e-01,8.91922092e+00,1.94981566e-03,5.14461365e+02,8.00226593e+01,1.87353001e+01,9.58776847e-02,2.18531474e-01
5345803-S04-156I3-A-L-C-190-7-1,20.02.2020-18:06:38,8.00000000e+00,6.48110032e-01,8.92743111e+00,1.99879846e-03,1.21969765e+02,8.03820724e+01,1.89306107e+01,2.50539660e-01,5.09647071e-01
5345803-S04-156I3-A-L-C-190-7-1,20.02.2020-18:06:40,2.00000000e+01,6.43537581e-01,8.89966965e+00,1.60917942e-03,1.07249710e+02,7.99776382e+01,1.86443214e+01,2.18620226e-01,3.43038082e-01
5345803-S04-156I3-A-L-C-190-7-1,20.02.2020-18:06:42,8.00000000e+00,6.48911297e-01,8.93508339e+00,1.94337487e-03,2.78660645e+02,8.02591858e+01,1.89412613e+01,1.44866362e-01,3.21843773e-01
5345803-S04-156I3-A-L-C-190-7-1,20.02.2020-18:06:44,9.00000000e+00,6.46352470e-01,8.91008091e+00,1.51844625e-03,1.13056824e+02,8.03321381e+01,1.88308792e+01,2.76372999e-01,4.36521083e-01
5345803-S04-156I3-A-L-C-190-7-1,20.02.2020-18:06:46,9.00000000e+00,6.46646500e-01,8.92890358e+00,1.33911893e-03,1.24431427e+02,8.03860779e+01,1.88919220e+01,2.71982282e-01,4.21207488e-01
5345803-S04-156I3-A-L-C-190-7-1,20.02.2020-18:06:48,9.00000000e+00,6.47437513e-01,8.91088200e+00,1.64222042e-03,7.78769760e+01,8.01870956e+01,1.88301258e+01,4.08888370e-01,6.22489989e-01
5345803-S04-156I3-A-L-C-190-7-1,20.02.2020-18:06:51,1.90000000e+01,6.42598450e-01,8.90838623e+00,1.85432460e-03,2.78503876e+02,8.03402405e+01,1.87198372e+01,1.08030476e-01,3.68797600e-01
5345803-S04-156I3-A-L-C-190-7-1,20.02.2020-18:06:53,9.00000000e+00,6.46886468e-01,8.89986801e+00,1.48247858e-03,3.18956146e+02,8.03478928e+01,1.88285255e+01,1.07904479e-01,1.95685565e-01
5345803-S04-156I3-A-L-C-190-7-1,20.02.2020-18:06:55,9.00000000e+00,6.46214545e-01,8.92118835e+00,2.11201725e-03,1.50335541e+02,8.02275085e+01,1.88257771e+01,1.43105462e-01,1.89860597e-01
5345803-S04-156I3-A-L-C-190-7-1,20.02.2020-18:06:57,1.90000000e+01,6.46668673e-01,8.88140011e+00,1.91231270e-03,1.81274536e+02,8.00776062e+01,1.87199440e+01,1.57022789e-01,2.90430665e-01
5345803-S04-156I3-A-L-C-190-7-1,20.02.2020-18:07:01,1.90000000e+01,6.46349490e-01,8.88125229e+00,1.85502321e-03,3.76687683e+02,8.00681915e+01,1.87081928e+01,1.11845382e-01,2.77222008e-01
5345803-S04-156I3-A-L-C-190-7-1,20.02.2020-18:07:03,1.90000000e+01,6.47069514e-01,8.89187336e+00,1.70606829e-03,1.65024155e+02,8.01034164e+01,1.87596798e+01,1.52833924e-01,2.91830838e-01
5345803-S04-156I3-A-L-C-190-7-1,20.02.2020-18:07:06,1.90000000e+01,6.46035314e-01,8.89058971e+00,1.90819986e-03,6.98970032e+01,8.02703247e+01,1.87660160e+01,3.03582430e-01,4.04158026e-01
5345803-S04-156I3-A-L-C-190-7-1,20.02.2020-18:07:08,2.10000000e+01,6.42596245e-01,8.87285709e+00,2.02113530e-03,2.34425720e+02,8.00424118e+01,1.85759945e+01,1.80836156e-01,4.75161701e-01
5345803-S04-156I3-A-L-C-190-7-1,20.02.2020-18:07:10,1.90000000e+01,6.46440566e-01,8.87065983e+00,1.71229488e-03,1.95646500e+02,8.01728897e+01,1.87129498e+01,1.81752831e-01,3.29508752e-01
5345803-S04-156I3-A-L-C-190-7-1,20.02.2020-18:07:12,9.00000000e+00,6.45392179e-01,8.93108273e+00,1.97499944e-03,2.48021561e+02,8.02546387e+01,1.88290386e+01,1.42414615e-01,3.60886246e-01
5345803-S04-156I3-A-L-C-190-7-1,20.02.2020-18:07:14,1.90000000e+01,6.45109177e-01,8.91482067e+00,1.86967431e-03,1.31956085e+02,8.02796555e+01,1.87923698e+01,1.79742038e-01,4.39315081e-01
5345803-S04-156I3-A-L-C-190-7-1,20.02.2020-18:07:16,8.00000000e+00,6.46816671e-01,8.95422268e+00,1.98565936e-03,1.52495377e+02,8.02839279e+01,1.89263954e+01,2.00813055e-01,2.68281460e-01
5345803-S04-156I3-A-L-C-190-7-1,20.02.2020-18:07:18,8.00000000e+00,6.47809207e-01,8.93740940e+00,1.80710689e-03,3.06470123e+02,8.03180618e+01,1.89278889e+01,1.07100636e-01,1.83756396e-01
5345803-S04-156I3-A-L-C-190-7-1,20.02.2020-18:07:21,1.90000000e+01,6.44043267e-01,8.91898060e+00,1.75926927e-03,1.02123573e+02,8.02107239e+01,1.87539558e+01,3.38733226e-01,6.89495206e-01
5345803-S04-156I3-A-L-C-190-7-1,20.02.2020-18:07:23,2.00000000e+01,6.43232882e-01,8.90483761e+00,1.87577715e-03,2.20272797e+02,8.01675186e+01,1.86905823e+01,1.90494090e-01,5.23808360e-01
5345803-S04-156I3-A-L-C-190-7-1,20.02.2020-18:07:25,1.90000000e+01,6.44269824e-01,8.90735245e+00,1.92614831e-03,1.40116501e+02,8.01943130e+01,1.87322617e+01,2.18380123e-01,4.80670959e-01
5345803-S04-156I3-A-L-C-190-7-1,20.02.2020-18:07:27,1.90000000e+01,6.45720065e-01,8.91271687e+00,1.90617121e-03,2.03310989e+02,8.01943741e+01,1.87857456e+01,1.87941253e-01,3.71286958e-01
5345803-S04-156I3-A-L-C-190-7-1,20.02.2020-18:07:29,1.90000000e+01,6.47181988e-01,8.89517498e+00,1.90584688e-03,8.43996964e+01,7.99599152e+01,1.87362823e+01,3.60205501e-01,4.91287619e-01
5345803-S04-156I3-A-L-C-190-7-1,20.02.2020-18:07:31,9.00000000e+00,6.46622300e-01,8.91876984e+00,1.88933860e-03,2.16059601e+02,8.02403946e+01,1.88355751e+01,1.18758813e-01,1.86580047e-01
5345803-S04-156I3-A-L-C-190-7-1,20.02.2020-18:07:33,1.90000000e+01,6.45686269e-01,8.88025570e+00,1.62108650e-03,1.58215012e+02,8.02915497e+01,1.87390270e+01,1.63542435e-01,3.35038453e-01
5345803-S04-156I3-A-L-C-190-7-1,20.02.2020-18:07:35,8.00000000e+00,6.47269905e-01,8.93899918e+00,1.86642283e-03,1.93572723e+02,8.03048401e+01,1.89123821e+01,1.71883598e-01,3.06287050e-01
5345803-S04-156I3-A-L-C-190-7-1,20.02.2020-18:07:38,1.90000000e+01,6.44231319e-01,8.89627457e+00,1.80557964e-03,2.05370041e+02,8.02728500e+01,1.87261677e+01,1.30548939e-01,3.17661881e-01
5345803-S04-156I3-A-L-C-190-7-1,20.02.2020-18:07:40,9.00000000e+00,6.46653414e-01,8.91207027e+00,1.85213750e-03,2.27223480e+02,8.03217926e+01,1.88414249e+01,9.70688313e-02,1.79660261e-01
5345803-S04-156I3-A-L-C-190-7-1,20.02.2020-18:07:42,1.90000000e+01,6.47095203e-01,8.87214756e+00,1.83813577e-03,4.15431793e+02,8.01104431e+01,1.87204494e+01,1.01329356e-01,2.15226486e-01
5345803-S04-156I3-A-L-C-190-7-1,20.02.2020-18:07:44,9.00000000e+00,6.47150517e-01,8.90870380e+00,1.69620395e-03,3.00356750e+02,8.02297745e+01,1.88271961e+01,1.27630293e-01,2.68187582e-01
5345803-S04-156I3-A-L-C-190-7-1,20.02.2020-18:07:46,9.00000000e+00,6.47794068e-01,8.91895866e+00,1.59325486e-03,1.23994301e+02,8.02116394e+01,1.88633442e+01,2.06389442e-01,3.91881466e-01
5345803-S04-156I3-A-L-C-190-7-1,20.02.2020-18:07:49,9.00000000e+00,6.47700191e-01,8.92074394e+00,1.53482822e-03,2.19993973e+02,8.02373962e+01,1.88704453e+01,1.42449975e-01,2.72999465e-01
5345803-S04-156I3-A-L-C-190-7-1,20.02.2020-18:07:51,2.00000000e+01,6.44410372e-01,8.88689518e+00,1.50142785e-03,1.06418861e+02,7.99100800e+01,1.86270638e+01,3.01627785e-01,5.40960431e-01
5345803-S04-156I3-A-L-C-190-7-1,20.02.2020-18:07:53,9.00000000e+00,6.47675157e-01,8.92120361e+00,1.66207354e-03,3.59058319e+02,8.00260162e+01,1.88209743e+01,1.36336312e-01,2.97963262e-01
5345803-S04-156I3-A-L-C-190-7-1,20.02.2020-18:08:28,8.00000000e+00,6.47996485e-01,8.91819668e+00,1.88617699e-03,1.65328430e+02,8.04129257e+01,1.89149742e+01,1.91305891e-01,3.86046052e-01
5345803-S04-156I3-A-L-C-190-7-1,20.02.2020-18:08:31,2.00000000e+00,6.40524864e-01,8.85630894e+00,2.47440487e-03,3.70330383e+02,7.96642685e+01,1.83942680e+01,1.25766367e-01,4.48373944e-01
5345803-S04-156I3-A-L-C-190-7-1,20.02.2020-18:08:33,2.00000000e+01,6.44644558e-01,8.90661621e+00,1.63337425e-03,3.97671783e+02,7.99483337e+01,1.86841221e+01,8.49299058e-02,1.65939212e-01
5345803-S04-156I3-A-L-C-190-7-1,20.02.2020-18:08:35,8.00000000e+00,6.47603631e-01,8.92625809e+00,1.94334600e-03,1.80920059e+02,8.03690948e+01,1.89102802e+01,1.28272876e-01,2.13649392e-01
5345803-S04-156I3-A-L-C-190-7-1,20.02.2020-18:08:37,8.00000000e+00,6.48749769e-01,8.91798973e+00,1.93853176e-03,1.86449829e+02,8.03813553e+01,1.89290905e+01,1.50150180e-01,3.81074220e-01
5345803-S04-156I3-A-L-C-190-7-1,20.02.2020-18:08:39,2.00000000e+00,6.35534108e-01,8.69546223e+00,1.53390062e-03,2.74258362e+02,8.10094376e+01,1.82220535e+01,1.15967169e-01,7.56463528e-01
5345803-S04-156I3-A-L-C-190-7-1,20.02.2020-18:08:41,2.00000000e+01,6.44091666e-01,8.91126537e+00,1.99909369e-03,2.68069031e+02,7.98947983e+01,1.86653328e+01,1.32767215e-01,2.33958647e-01
5345803-S04-156I3-A-L-C-190-7-1,20.02.2020-18:08:43,8.00000000e+00,6.47615671e-01,8.95153427e+00,1.63952680e-03,1.02790810e+02,8.03117981e+01,1.89506607e+01,2.95219511e-01,3.71081442e-01
5345803-S04-156I3-A-L-C-190-7-1,20.02.2020-18:08:46,1.90000000e+01,6.44664288e-01,8.96258736e+00,2.29466008e-03,1.84543762e+02,7.96479263e+01,1.87314625e+01,1.75312534e-01,2.48145163e-01
5345803-S04-156I3-A-L-C-190-7-1,20.02.2020-18:08:48,9.00000000e+00,6.47078872e-01,8.92171478e+00,1.86302827e-03,1.93848892e+02,8.02105103e+01,1.88480778e+01,2.03479782e-01,4.13738698e-01
5345803-S04-156I3-A-L-C-190-7-1,20.02.2020-18:08:50,1.90000000e+01,6.46311224e-01,8.91263008e+00,1.80220720e-03,9.23258438e+01,7.99433594e+01,1.87439098e+01,4.57562178e-01,5.36361933e-01
5345803-S04-156I3-A-L-C-190-7-1,20.02.2020-18:08:52,7.00000000e+00,6.48225904e-01,8.97548580e+00,1.80990051e-03,2.13510513e+02,8.03839493e+01,1.90363598e+01,1.73570052e-01,2.22242624e-01
5345803-S04-156I3-A-L-C-190-7-1,20.02.2020-18:08:54,7.00000000e+00,6.48350239e-01,8.97530937e+00,1.86548161e-03,1.74060547e+02,8.03532104e+01,1.90323544e+01,1.42625347e-01,1.87468201e-01
5345803-S04-156I3-A-L-C-190-7-1,20.02.2020-18:08:56,1.90000000e+01,6.46853507e-01,8.91142750e+00,1.46854168e-03,2.84251038e+02,7.99727936e+01,1.87640114e+01,1.04326107e-01,1.30976334e-01
5345803-S04-156I3-A-L-C-190-7-1,20.02.2020-18:08:58,1.90000000e+01,6.47005916e-01,8.92065907e+00,1.64891325e-03,3.21066986e+02,7.99792480e+01,1.87893906e+01,8.17341805e-02,1.01257935e-01
5345803-S04-156I3-A-L-C-190-7-1,20.02.2020-18:09:00,1.90000000e+01,6.46041870e-01,8.88793850e+00,1.94466684e-03,2.34958832e+02,8.01829071e+01,1.87401791e+01,1.28699243e-01,2.34495759e-01
5345803-S04-156I3-A-L-C-190-7-1,20.02.2020-18:09:03,1.90000000e+01,6.46083891e-01,8.89851856e+00,1.88698096e-03,3.21456390e+02,8.01950531e+01,1.87665482e+01,9.53386724e-02,1.35673970e-01
5345803-S04-156I3-A-L-C-190-7-1,20.02.2020-18:09:05,1.90000000e+01,6.46883726e-01,8.87809181e+00,1.76099723e-03,1.66869324e+02,8.01137161e+01,1.87276344e+01,1.57367125e-01,2.36418262e-01
5345803-S04-156I3-A-L-C-190-7-1,20.02.2020-18:09:07,2.40000000e+01,6.47267759e-01,8.94327354e+00,2.07580416e-03,2.57801323e+01,7.99748001e+01,1.88435993e+01,2.29382586e+00,2.71073484e+00
5345803-S04-156I3-A-L-C-190-7-1,20.02.2020-18:09:09,9.00000000e+00,6.46768749e-01,8.94742680e+00,1.81939802e-03,1.88447952e+02,8.02012863e+01,1.88911629e+01,1.35189995e-01,1.83453590e-01
5345803-S04-156I3-A-L-C-190-7-1,20.02.2020-18:09:11,1.90000000e+01,6.46846533e-01,8.91173363e+00,2.00717850e-03,3.90922852e+02,8.01014023e+01,1.87946301e+01,6.93883002e-02,1.45411134e-01
5345803-S04-156I3-A-L-C-190-7-1,20.02.2020-18:09:13,1.90000000e+01,6.47537231e-01,8.88132954e+00,1.72731385e-03,1.59142929e+02,7.99644318e+01,1.87184467e+01,1.78750500e-01,2.87754029e-01
5345803-S04-156I3-A-L-C-190-7-1,20.02.2020-18:09:15,2.10000000e+01,6.41289771e-01,8.88610840e+00,1.86694914e-03,2.32227203e+02,8.00345001e+01,1.85640755e+01,1.28686488e-01,3.61301124e-01
5345803-S04-156I3-A-L-C-190-7-1,20.02.2020-18:09:17,8.00000000e+00,6.47662759e-01,8.96432781e+00,2.00898224e-03,1.26137695e+02,8.00259476e+01,1.89115734e+01,1.84711888e-01,2.59847164e-01
5345803-S04-156I3-A-L-C-190-7-1,20.02.2020-18:09:19,7.00000000e+00,6.48252308e-01,9.00412941e+00,2.12077983e-03,4.20995972e+02,8.02044067e+01,1.90552330e+01,1.05588101e-01,1.25353724e-01
5345803-S04-156I3-A-L-C-190-7-1,20.02.2020-18:09:22,9.00000000e+00,6.45301282e-01,8.96148396e+00,1.91840122e-03,1.48365799e+02,8.01761169e+01,1.88719883e+01,1.79693058e-01,2.61983544e-01
5345803-S04-156I3-A-L-C-190-7-1,20.02.2020-18:09:24,1.90000000e+01,6.45282030e-01,8.94527531e+00,2.18433701e-03,7.82779083e+01,7.97579498e+01,1.87390442e+01,2.84544051e-01,3.77160043e-01
5345803-S04-156I3-A-L-C-190-7-1,20.02.2020-18:09:26,2.10000000e+01,6.41591191e-01,8.90897846e+00,2.32417486e-03,6.89545212e+01,7.97017059e+01,1.85431747e+01,5.26194751e-01,9.96038377e-01
5345803-S04-156I3-A-L-C-190-7-1,20.02.2020-18:09:28,2.10000000e+01,6.42196357e-01,8.90262508e+00,1.66660384e-03,1.05142105e+02,7.97566299e+01,1.85602112e+01,3.04253608e-01,5.84508240e-01
5345803-S04-156I3-A-L-C-190-7-1,20.02.2020-18:09:30,2.10000000e+01,6.43223286e-01,8.84286499e+00,1.93139934e-03,1.55000076e+02,8.02229767e+01,1.85730724e+01,2.24284902e-01,1.39584327e+00
5345803-S04-156I3-A-L-C-190-7-1,20.02.2020-18:09:32,1.40000000e+01,6.40522063e-01,8.83140469e+00,1.59873709e-03,3.62394295e+01,8.00164871e+01,1.84235592e+01,1.43141460e+00,2.20562267e+00
5345803-S04-156I3-A-L-C-190-7-1,20.02.2020-18:09:34,2.00000000e+01,6.44350708e-01,8.90933609e+00,2.15459894e-03,9.63200912e+01,7.99603806e+01,1.86841221e+01,2.63129681e-01,4.06005800e-01
5345803-S04-156I3-A-L-C-190-7-1,20.02.2020-18:09:37,2.00000000e+01,6.43368125e-01,8.86643505e+00,1.75809371e-03,1.27406403e+02,8.02982941e+01,1.86442566e+01,3.30262095e-01,1.20946014e+00
5345803-S04-156I3-A-L-C-190-7-1,20.02.2020-18:09:39,1.90000000e+01,6.45088136e-01,8.92087746e+00,1.78267073e-03,8.90079575e+01,8.01324692e+01,1.87700481e+01,3.01169485e-01,4.93285626e-01
5345803-S04-156I3-A-L-C-190-7-1,20.02.2020-18:09:41,1.00000000e+00,6.40179992e-01,8.83125019e+00,1.80595857e-03,1.72412094e+02,8.00410767e+01,1.84190578e+01,2.78118551e-01,9.91241872e-01
5345803-S04-156I3-A-L-C-190-7-1,20.02.2020-18:09:43,9.00000000e+00,6.45187855e-01,8.95697880e+00,1.95231126e-03,4.91877098e+01,8.01119308e+01,1.88440876e+01,5.08511305e-01,6.55874848e-01
5345803-S04-156I3-A-L-C-190-7-1,20.02.2020-18:09:45,1.90000000e+01,6.44003272e-01,8.94613075e+00,1.74395496e-03,1.64053482e+02,8.01629028e+01,1.87986622e+01,2.07262784e-01,3.37231845e-01
5345803-S04-156I3-A-L-C-190-7-1,20.02.2020-18:09:47,2.00000000e+01,6.39714897e-01,8.88753128e+00,1.44750741e-03,1.22538162e+02,8.05578918e+01,1.86425743e+01,2.22306937e-01,4.84671623e-01
5345803-S04-156I3-A-L-C-190-7-1,20.02.2020-18:09:49,9.00000000e+00,6.46367311e-01,8.92912674e+00,1.99374394e-03,1.38528244e+02,8.04277420e+01,1.88940220e+01,2.37398490e-01,3.90146583e-01
5345803-S04-156I3-A-L-C-190-7-1,20.02.2020-18:09:51,1.90000000e+01,6.45653129e-01,8.92387009e+00,2.15276238e-03,1.65983871e+02,8.00263290e+01,1.87678967e+01,2.18670800e-01,2.94704825e-01
5345803-S04-156I3-A-L-C-190-7-1,20.02.2020-18:09:54,9.00000000e+00,6.47037566e-01,8.95283890e+00,2.34925770e-03,5.12221909e+01,7.99340515e+01,1.88474369e+01,5.26166737e-01,6.42155766e-01
5345803-S04-156I3-A-L-C-190-7-1,20.02.2020-18:09:56,1.90000000e+01,6.44795179e-01,8.91160107e+00,1.25452422e-03,1.34249771e+02,8.01538239e+01,1.87470055e+01,2.30196789e-01,3.34147424e-01
5345803-S04-156I3-A-L-C-190-7-1,20.02.2020-18:09:58,1.90000000e+01,6.45646751e-01,8.91145229e+00,1.53327116e-03,7.76786728e+01,8.02219162e+01,1.87874012e+01,3.44452173e-01,5.15883923e-01
5345803-S04-156I3-A-L-C-190-7-1,20.02.2020-18:10:00,2.10000000e+01,6.40111089e-01,8.87594604e+00,1.99700939e-03,1.67410370e+02,8.00413742e+01,1.85103550e+01,2.22384557e-01,5.06893396e-01
5345803-S04-156I3-A-L-C-190-7-1,20.02.2020-18:10:02,2.10000000e+01,6.42570376e-01,8.86182880e+00,1.64367526e-03,2.33840256e+02,8.01136856e+01,1.85686760e+01,2.29412884e-01,8.50490987e-01
5345803-S04-156I3-A-L-C-190-7-1,20.02.2020-18:10:04,9.00000000e+00,6.46142721e-01,8.93414211e+00,1.99375767e-03,2.40734039e+02,8.02250595e+01,1.88504429e+01,1.32155612e-01,2.84456044e-01
5345803-S04-156I3-A-L-C-190-7-1,20.02.2020-18:10:06,1.00000000e+00,6.42097473e-01,8.83991146e+00,1.70389807e-03,1.11046516e+02,8.00421295e+01,1.84925880e+01,3.27364624e-01,1.10662508e+00
5345803-S04-156I3-A-L-C-190-7-1,20.02.2020-18:10:09,1.90000000e+01,6.43487871e-01,8.96805763e+00,2.00829399e-03,2.22069244e+02,7.97435074e+01,1.87311440e+01,1.33134589e-01,1.65858001e-01
5345803-S04-156I3-A-L-C-190-7-1,20.02.2020-18:10:11,1.90000000e+01,6.43754959e-01,8.92768955e+00,1.73676270e-03,9.53294907e+01,8.01077118e+01,1.87397671e+01,2.89059460e-01,4.23192114e-01
5345803-S04-156I3-A-L-C-190-7-1,20.02.2020-18:10:13,1.00000000e+00,6.40930235e-01,8.83554745e+00,1.98936323e-03,1.72247940e+02,7.99562302e+01,1.84300575e+01,2.29170293e-01,8.26936483e-01
5345803-S04-156I3-A-L-C-190-7-1,20.02.2020-18:10:15,2.10000000e+01,6.43138230e-01,8.86928749e+00,2.00212584e-03,9.07604675e+01,7.97559967e+01,1.85176811e+01,3.48774046e-01,7.16841638e-01
5345803-S04-156I3-A-L-C-190-7-1,20.02.2020-18:10:17,1.90000000e+01,6.45033300e-01,8.94168758e+00,2.02209200e-03,1.52496918e+02,8.00780106e+01,1.87994480e+01,2.26986289e-01,5.20473897e-01
5345803-S04-156I3-A-L-C-190-7-1,20.02.2020-18:10:19,9.00000000e+00,6.45058811e-01,8.93757057e+00,1.64002972e-03,2.98321350e+02,8.02242889e+01,1.88258610e+01,1.56734049e-01,3.62203777e-01
5345803-S04-156I3-A-L-C-190-7-1,20.02.2020-18:10:22,1.90000000e+01,6.43928885e-01,8.93970680e+00,1.96002563e-03,1.33977676e+02,7.99215927e+01,1.87264538e+01,1.57207310e-01,1.96835786e-01
5345803-S04-156I3-A-L-C-190-7-1,20.02.2020-18:10:24,2.00000000e+01,6.42632604e-01,8.90761757e+00,1.99342822e-03,1.07624077e+02,7.99395981e+01,1.86258678e+01,2.64339626e-01,3.14030081e-01
5345803-S04-156I3-A-L-C-190-7-1,20.02.2020-18:10:26,9.00000000e+00,6.45820796e-01,8.95777130e+00,1.85721507e-03,2.77600494e+02,8.01812973e+01,1.88805771e+01,1.19434588e-01,1.64215013e-01
5345803-S04-156I3-A-L-C-190-7-1,20.02.2020-18:10:28,9.00000000e+00,6.45371258e-01,8.99447823e+00,1.83382130e-03,1.10559128e+02,7.99154587e+01,1.88819408e+01,1.87411562e-01,2.20335037e-01
5345803-S04-156I3-A-L-C-190-7-1,20.02.2020-18:10:30,9.00000000e+00,6.47482991e-01,8.95278168e+00,1.90940185e-03,2.05884583e+02,8.00619812e+01,1.88904762e+01,1.17413700e-01,2.61993825e-01
5345803-S04-156I3-A-L-C-190-7-1,20.02.2020-18:10:32,9.00000000e+00,6.46393418e-01,8.92713165e+00,2.03661667e-03,3.46205780e+02,8.01341553e+01,1.88216076e+01,1.24023035e-01,4.56018955e-01
5345803-S04-156I3-A-L-C-190-7-1,20.02.2020-18:10:34,9.00000000e+00,6.45267367e-01,8.95208549e+00,1.98153360e-03,1.79022415e+02,8.02759705e+01,1.88746834e+01,1.47850737e-01,2.48826981e-01
5345803-S04-156I3-A-L-C-190-7-1,20.02.2020-18:10:36,1.90000000e+01,6.44196272e-01,8.95827579e+00,2.11738376e-03,1.34066116e+02,7.99195099e+01,1.87726536e+01,1.56922847e-01,1.84469908e-01
5345803-S04-156I3-A-L-C-190-7-1,20.02.2020-18:10:39,9.00000000e+00,6.44326210e-01,8.94132900e+00,1.77570526e-03,1.10592094e+02,8.02921219e+01,1.88282948e+01,2.23341569e-01,3.91130596e-01
5345803-S04-156I3-A-L-C-190-7-1,20.02.2020-18:10:41,1.00000000e+00,6.39586151e-01,8.83569717e+00,1.91617920e-03,6.83946915e+01,8.00292206e+01,1.84085121e+01,4.27197397e-01,9.63465929e-01
5345803-S04-156I3-A-L-C-190-7-1,20.02.2020-18:10:43,1.00000000e+00,6.39574587e-01,8.83640480e+00,1.78541057e-03,1.97723526e+02,8.02108841e+01,1.84514408e+01,2.31927916e-01,1.09051645e+00
5345803-S04-156I3-A-L-C-190-7-1,20.02.2020-18:10:45,2.00000000e+01,6.43169820e-01,8.90009403e+00,1.84204278e-03,2.43054703e+02,8.00023270e+01,1.86403084e+01,1.24588579e-01,4.20319527e-01
5345803-S04-156I3-A-L-C-190-7-1,20.02.2020-18:10:47,1.90000000e+01,6.42704368e-01,8.95450592e+00,1.66065025e-03,1.79798401e+02,8.00367432e+01,1.87487564e+01,1.87359139e-01,3.70629370e-01
5345803-S04-156I3-A-L-C-190-7-1,20.02.2020-18:10:49,8.00000000e+00,6.47733748e-01,8.97806454e+00,1.75364467e-03,1.73039734e+02,8.02863388e+01,1.90042648e+01,1.74180403e-01,2.53809839e-01
5345803-S04-156I3-A-L-C-190-7-1,20.02.2020-18:10:51,8.00000000e+00,6.46408200e-01,8.97605133e+00,2.01853970e-03,2.98656128e+02,8.01186829e+01,1.89215279e+01,8.07855055e-02,1.04965150e-01
5345803-S04-156I3-A-L-C-190-7-1,20.02.2020-18:10:53,8.00000000e+00,6.48006082e-01,8.98284626e+00,1.84680615e-03,1.39587555e+02,8.01492157e+01,1.89898930e+01,1.75985575e-01,2.48723432e-01
5345803-S04-156I3-A-L-C-190-7-1,20.02.2020-18:10:56,2.00000000e+01,6.41587138e-01,8.94783211e+00,1.72947638e-03,1.98085007e+02,8.00268326e+01,1.86998997e+01,2.19573796e-01,4.52687174e-01
5345803-S04-156I3-A-L-C-190-7-1,20.02.2020-18:10:58,2.10000000e+01,6.42696917e-01,8.86117744e+00,1.61521987e-03,2.09195923e+02,7.99050903e+01,1.85226154e+01,1.47377431e-01,4.17834520e-01
5345803-S04-156I3-A-L-C-190-7-1,20.02.2020-18:11:00,1.00000000e+00,6.41176939e-01,8.84140301e+00,1.75732200e-03,2.28029510e+02,8.00269089e+01,1.84656811e+01,1.40673146e-01,4.65928108e-01
5345803-S04-156I3-A-L-C-190-7-1,20.02.2020-18:11:02,8.00000000e+00,6.47077918e-01,8.98506737e+00,1.91840448e-03,1.00375404e+02,8.01210480e+01,1.89607182e+01,2.16331542e-01,2.61781126e-01
5345803-S04-156I3-A-L-C-190-7-1,20.02.2020-18:11:04,9.00000000e+00,6.43958032e-01,8.94829082e+00,1.84433616e-03,1.38694565e+02,8.01757660e+01,1.88048992e+01,2.43698642e-01,4.85299230e-01
5345803-S04-156I3-A-L-C-190-7-1,20.02.2020-18:11:06,8.00000000e+00,6.47442341e-01,8.95980263e+00,2.00561062e-03,3.01520721e+02,8.02579117e+01,1.89503651e+01,1.36551455e-01,2.09155753e-01
5345803-S04-156I3-A-L-C-190-7-1,20.02.2020-18:11:08,2.00000000e+01,6.43104076e-01,8.91236496e+00,1.93588459e-03,2.32946884e+02,8.00995255e+01,1.86867733e+01,1.45287663e-01,4.15436298e-01
5345803-S04-156I3-A-L-C-190-7-1,20.02.2020-18:11:10,2.10000000e+01,6.42307341e-01,8.88649940e+00,1.84467854e-03,1.09225174e+02,7.99861298e+01,1.85831146e+01,2.52957106e-01,6.00715458e-01
5345803-S04-156I3-A-L-C-190-7-1,20.02.2020-18:11:13,2.00000000e+01,6.42786741e-01,8.89849567e+00,2.12214002e-03,2.47241302e+02,7.99877014e+01,1.86224537e+01,1.46752223e-01,4.73015875e-01
5345803-S04-156I3-A-L-C-190-7-1,20.02.2020-18:11:15,1.00000000e+00,6.42310679e-01,8.83853817e+00,1.59251597e-03,2.64543335e+02,7.98886261e+01,1.84603844e+01,1.92532673e-01,4.54106927e-01
5345803-S04-156I3-A-L-C-190-7-1,20.02.2020-18:11:17,2.10000000e+01,6.40656769e-01,8.91497135e+00,1.68735266e-03,1.87299423e+02,7.99331360e+01,1.85824261e+01,2.56417155e-01,8.31081986e-01
5345803-S04-156I3-A-L-C-190-7-1,20.02.2020-18:11:19,1.90000000e+01,6.43775523e-01,8.97139263e+00,2.21164874e-03,1.90449188e+02,7.98445663e+01,1.87702446e+01,1.67076185e-01,3.12447488e-01
5345803-S04-156I3-A-L-C-190-7-1,20.02.2020-18:11:21,1.00000000e+00,6.42142415e-01,8.85501766e+00,1.95122056e-03,7.62556686e+01,7.98287811e+01,1.84761066e+01,7.23668098e-01,1.07617736e+00
5345803-S04-156I3-A-L-C-190-7-1,20.02.2020-18:11:23,9.00000000e+00,6.47343695e-01,8.95109367e+00,2.00415240e-03,7.24302826e+01,8.01026382e+01,1.88924389e+01,2.92069316e-01,3.76165926e-01
5345803-S04-156I3-A-L-C-190-7-1,20.02.2020-18:11:25,9.00000000e+00,6.46925867e-01,8.96016788e+00,2.08280981e-03,7.31071625e+01,8.00881729e+01,1.88959732e+01,2.97476858e-01,3.85070831e-01
5345803-S04-156I3-A-L-C-190-7-1,20.02.2020-18:11:28,1.90000000e+01,6.44441366e-01,8.94047451e+00,2.20709923e-03,1.98091324e+02,7.98003006e+01,1.87145214e+01,1.70321643e-01,4.06376451e-01
5345803-S04-156I3-A-L-C-190-7-1,20.02.2020-18:11:30,1.90000000e+01,6.45055056e-01,8.90723324e+00,2.10874924e-03,2.45620712e+02,7.99901962e+01,1.87071056e+01,1.33031368e-01,6.18949592e-01
5345803-S04-156I3-A-L-C-190-7-1,20.02.2020-18:11:32,8.00000000e+00,6.47983432e-01,8.95390415e+00,1.94084574e-03,1.19237831e+02,8.01317825e+01,1.89239292e+01,2.37933144e-01,3.28325927e-01
5345803-S04-156I3-A-L-C-190-7-1,20.02.2020-18:11:34,8.00000000e+00,6.47445679e-01,8.97237015e+00,2.06438941e-03,1.85085724e+02,8.01022873e+01,1.89402485e+01,1.47632465e-01,2.16084510e-01
5345803-S04-156I3-A-L-C-190-7-1,20.02.2020-18:11:36,1.90000000e+01,6.47447288e-01,8.91172028e+00,2.07356014e-03,9.65275192e+01,8.00311737e+01,1.87955627e+01,2.26988584e-01,3.17516565e-01
5345803-S04-156I3-A-L-C-190-7-1,20.02.2020-18:11:38,2.00000000e+01,6.43860877e-01,8.87598038e+00,2.00601341e-03,2.23426682e+02,8.01521759e+01,1.86446362e+01,1.75867096e-01,7.69779861e-01
5345803-S04-156I3-A-L-C-190-7-1,20.02.2020-18:11:40,2.00000000e+01,6.43304050e-01,8.93328762e+00,2.02136277e-03,2.59926453e+02,7.97576752e+01,1.86565056e+01,1.03147231e-01,1.32196456e-01
5345803-S04-156I3-A-L-C-190-7-1,20.02.2020-18:11:42,2.00000000e+01,6.42918169e-01,8.93843269e+00,2.07228842e-03,1.89532028e+02,7.97936401e+01,1.86644650e+01,1.61036894e-01,1.97886750e-01
5345803-S04-156I3-A-L-C-190-7-1,20.02.2020-18:11:45,2.00000000e+01,6.43329561e-01,8.92748260e+00,1.83728826e-03,2.12036972e+02,7.97379990e+01,1.86405201e+01,1.37346372e-01,1.72257438e-01
5345803-S04-156I3-A-L-C-190-7-1,20.02.2020-18:11:47,2.00000000e+01,6.43395543e-01,8.93877411e+00,2.12992448e-03,2.31008820e+02,7.96273804e+01,1.86401176e+01,1.06671430e-01,1.35452375e-01
5345803-S04-156I3-A-L-C-190-7-1,20.02.2020-18:11:49,2.00000000e+01,6.42776191e-01,8.92824650e+00,2.00346881e-03,1.29548035e+02,7.97018356e+01,1.86176338e+01,2.03906029e-01,2.52454877e-01
5345803-S04-156I3-A-L-C-190-7-1,20.02.2020-18:11:51,9.00000000e+00,6.45605206e-01,8.93938065e+00,1.87874981e-03,1.41558929e+02,8.01297302e+01,1.88234119e+01,2.19720498e-01,3.47091943e-01
5345803-S04-156I3-A-L-C-190-7-1,20.02.2020-18:11:53,2.00000000e+01,6.43097341e-01,8.93340302e+00,1.82466349e-03,2.21586166e+02,7.98710098e+01,1.86772537e+01,1.62368417e-01,2.01518700e-01
5345803-S04-156I3-A-L-C-190-7-1,20.02.2020-18:11:55,2.00000000e+01,6.41614497e-01,8.88902378e+00,2.06727767e-03,1.26988976e+02,8.02409973e+01,1.86275082e+01,3.12174976e-01,1.25864363e+00
5345803-S04-156I3-A-L-C-190-7-1,20.02.2020-18:11:57,2.00000000e+01,6.43431365e-01,8.88566494e+00,1.94802869e-03,1.35947220e+02,8.02854462e+01,1.86835403e+01,2.30861768e-01,9.62018490e-01
5345803-S04-156I3-A-L-C-190-7-1,20.02.2020-18:12:00,1.00000000e+00,6.42365336e-01,8.84473801e+00,1.75243453e-03,1.39022964e+02,7.99941711e+01,1.84993134e+01,2.85838783e-01,9.14418221e-01
5345803-S04-156I3-A-L-C-190-7-1,20.02.2020-18:12:02,9.00000000e+00,6.46069348e-01,8.98400974e+00,1.81928172e-03,2.25283936e+02,8.00096283e+01,1.89026127e+01,1.53859317e-01,2.31854632e-01
5345803-S04-156I3-A-L-C-190-7-1,20.02.2020-18:12:04,2.10000000e+01,6.42554224e-01,8.84984779e+00,1.82297081e-03,1.53063126e+02,7.99369278e+01,1.85021954e+01,2.38859966e-01,7.79598475e-01
5345803-S04-156I3-A-L-C-190-7-1,20.02.2020-18:12:06,1.90000000e+01,6.45056844e-01,8.93305683e+00,1.94679433e-03,1.75959717e+02,8.01119156e+01,1.87899418e+01,1.80536211e-01,3.28456193e-01
5345803-S04-156I3-A-L-C-190-7-1,20.02.2020-18:12:08,9.00000000e+00,6.46140635e-01,8.96630955e+00,1.82143226e-03,1.51423569e+02,8.00106506e+01,1.88676910e+01,2.00083733e-01,3.47045392e-01
5345803-S04-156I3-A-L-C-190-7-1,20.02.2020-18:12:10,1.90000000e+01,6.44069791e-01,8.90302658e+00,1.64676760e-03,6.79584427e+01,8.02568207e+01,1.87319393e+01,6.13765180e-01,1.30767882e+00
5345803-S04-156I3-A-L-C-190-7-1,20.02.2020-18:12:12,2.10000000e+01,6.40618086e-01,8.86229801e+00,2.11182190e-03,3.25883728e+02,8.00888519e+01,1.85075016e+01,1.73102587e-01,6.29867375e-01
5345803-S04-156I3-A-L-C-190-7-1,20.02.2020-18:12:14,2.00000000e+01,6.42040610e-01,8.85787296e+00,1.65238068e-03,1.49639145e+02,8.04002686e+01,1.86114254e+01,2.44201809e-01,8.93892407e-01
5345803-S04-156I3-A-L-C-190-7-1,20.02.2020-18:12:17,2.10000000e+01,6.41333282e-01,8.85484982e+00,2.04123394e-03,2.04613297e+02,8.02882233e+01,1.85586777e+01,2.78071851e-01,1.05525780e+00
5345803-S04-156I3-A-L-C-190-7-1,20.02.2020-18:12:19,1.90000000e+01,6.45106912e-01,8.97117615e+00,1.91262225e-03,1.69219543e+02,7.96915665e+01,1.87725658e+01,1.66260853e-01,1.98183522e-01
5345803-S04-156I3-A-L-C-190-7-1,20.02.2020-18:12:21,1.90000000e+01,6.45129979e-01,8.92300034e+00,2.01791618e-03,1.82173264e+02,8.00915527e+01,1.87661438e+01,1.80487588e-01,3.21114480e-01
5345803-S04-156I3-A-L-C-190-7-1,20.02.2020-18:12:23,2.00000000e+01,6.43980622e-01,8.88124275e+00,2.04434851e-03,2.61726959e+02,8.02897720e+01,1.86911907e+01,1.54354215e-01,7.31605113e-01
5345803-S04-156I3-A-L-C-190-7-1,20.02.2020-18:12:25,1.00000000e+00,6.42800748e-01,8.83334923e+00,1.65652880e-03,1.03464615e+02,7.98932495e+01,1.84646931e+01,3.01390827e-01,8.51835966e-01
5345803-S04-156I3-A-L-C-190-7-1,20.02.2020-18:12:27,1.00000000e+00,6.42909765e-01,8.83673573e+00,1.87792524e-03,1.77166046e+02,7.98840179e+01,1.84727688e+01,2.44831771e-01,7.06260026e-01
5345803-S04-156I3-A-L-C-190-7-1,20.02.2020-18:12:29,2.00000000e+01,6.42964661e-01,8.87718773e+00,1.87196175e-03,1.89127701e+02,8.04501495e+01,1.86904411e+01,2.10379735e-01,9.18070138e-01
5345803-S04-156I3-A-L-C-190-7-1,20.02.2020-18:12:31,1.90000000e+01,6.44298255e-01,8.87952137e+00,1.70388178e-03,4.29012329e+02,8.04048996e+01,1.87235928e+01,1.45051822e-01,7.38693118e-01
5345803-S04-156I3-A-L-C-190-7-1,20.02.2020-18:12:34,2.10000000e+01,6.43063843e-01,8.85171223e+00,1.75096490e-03,1.41843124e+02,7.99800415e+01,1.85307579e+01,2.57922351e-01,8.09644639e-01
5345803-S04-156I3-A-L-C-190-7-1,20.02.2020-18:12:36,2.10000000e+01,6.43109202e-01,8.84666634e+00,1.70696958e-03,2.09497284e+02,7.99632263e+01,1.85176067e+01,2.04451934e-01,7.07601368e-01
5345803-S04-156I3-A-L-C-190-7-1,20.02.2020-18:12:38,2.00000000e+01,6.42906666e-01,8.87680626e+00,1.99315068e-03,1.39222610e+02,8.02501373e+01,1.86414909e+01,2.60891259e-01,1.08161438e+00
5345803-S04-156I3-A-L-C-190-7-1,20.02.2020-18:12:40,2.10000000e+01,6.43249393e-01,8.85100842e+00,1.68366684e-03,1.67666672e+02,8.00800552e+01,1.85578079e+01,2.65787005e-01,7.77361572e-01
5345803-S04-156I3-A-L-C-190-7-1,20.02.2020-18:12:42,9.00000000e+00,6.45507812e-01,8.94799232e+00,1.87133765e-03,1.79067032e+02,8.00878067e+01,1.88288460e+01,1.66789889e-01,2.86008060e-01
5345803-S04-156I3-A-L-C-190-7-1,20.02.2020-18:12:44,8.00000000e+00,6.47105455e-01,8.99896622e+00,2.11040699e-03,2.86277924e+02,8.00604401e+01,1.89764900e+01,1.22468136e-01,1.55153200e-01
5345803-S04-156I3-A-L-C-190-7-1,20.02.2020-18:12:46,2.10000000e+01,6.43054903e-01,8.86064911e+00,1.99156837e-03,1.94763275e+02,7.98228455e+01,1.85127525e+01,1.55157477e-01,4.91441399e-01
5345803-S04-156I3-A-L-C-190-7-1,20.02.2020-18:12:49,2.10000000e+01,6.43257439e-01,8.86327457e+00,1.80486147e-03,1.03387154e+02,7.98957977e+01,1.85410004e+01,3.40465218e-01,7.28004277e-01
5345803-S04-156I3-A-L-C-190-7-1,20.02.2020-18:12:51,2.10000000e+01,6.42930567e-01,8.85311508e+00,1.86201965e-03,2.03138535e+02,7.99253998e+01,1.85171947e+01,2.22053021e-01,6.23295367e-01
5345803-S04-156I3-A-L-C-190-7-1,20.02.2020-18:12:53,2.10000000e+01,6.42911077e-01,8.85137081e+00,1.71786128e-03,3.14613556e+02,7.99496460e+01,1.85186024e+01,1.45588666e-01,5.63900590e-01
5345803-S04-156I3-A-L-C-190-7-1,20.02.2020-18:12:55,2.10000000e+01,6.42878711e-01,8.85210514e+00,1.75283372e-03,1.44122986e+02,7.99718857e+01,1.85243549e+01,2.79076070e-01,7.46324360e-01
5345803-S04-156I3-A-L-C-190-7-1,20.02.2020-18:12:57,1.90000000e+01,6.42688036e-01,9.00141907e+00,2.19678762e-03,2.78603790e+02,7.94591904e+01,1.87105045e+01,9.18467194e-02,1.22900151e-01
5345803-S04-156I3-A-L-C-190-7-1,20.02.2020-18:12:59,2.00000000e+01,6.42238379e-01,8.93443680e+00,1.93051784e-03,2.20602203e+02,7.99064026e+01,1.86627293e+01,1.02432035e-01,1.30084947e-01
5345803-S04-156I3-A-L-C-190-7-1,20.02.2020-18:13:01,2.00000000e+01,6.42584562e-01,8.94486141e+00,1.96717470e-03,1.80042053e+02,7.98661499e+01,1.86851635e+01,1.44961536e-01,1.91095114e-01
5345803-S04-156I3-A-L-C-190-7-1,20.02.2020-18:13:04,2.00000000e+01,6.43085241e-01,8.93141270e+00,1.85616594e-03,1.31818100e+02,7.97944412e+01,1.86548386e+01,1.78786397e-01,2.18123391e-01
5345803-S04-156I3-A-L-C-190-7-1,20.02.2020-18:13:06,1.90000000e+01,6.45029902e-01,8.92462635e+00,1.81410066e-03,1.67438309e+02,8.00030899e+01,1.87459240e+01,1.70047745e-01,3.10810298e-01
5345803-S04-156I3-A-L-C-190-7-1,20.02.2020-18:13:08,2.00000000e+01,6.40848935e-01,8.98733044e+00,1.79137883e-03,2.03955124e+02,7.97202072e+01,1.86889553e+01,1.30953431e-01,1.82970151e-01
5345803-S04-156I3-A-L-C-190-7-1,20.02.2020-18:13:10,2.00000000e+01,6.43486679e-01,8.95057106e+00,1.96463265e-03,1.88829071e+02,7.97604599e+01,1.86985588e+01,1.61163703e-01,1.95918441e-01
5345803-S04-156I3-A-L-C-190-7-1,20.02.2020-18:13:12,2.00000000e+01,6.43154144e-01,8.92730141e+00,2.21758499e-03,2.37740356e+02,7.95937805e+01,1.86013546e+01,1.05922498e-01,1.34120598e-01
5345803-S04-156I3-A-L-C-190-7-1,20.02.2020-18:13:14,1.90000000e+01,6.43558025e-01,8.95285130e+00,1.90984935e-03,1.54570328e+02,7.97974701e+01,1.87140751e+01,1.46617666e-01,1.78807989e-01
5345803-S04-156I3-A-L-C-190-7-1,20.02.2020-18:13:16,2.10000000e+01,6.43610895e-01,8.87046719e+00,1.82650553e-03,2.22690613e+02,7.99373703e+01,1.85759029e+01,1.91091016e-01,5.91613770e-01
5345803-S04-156I3-A-L-C-190-7-1,20.02.2020-18:13:18,2.10000000e+01,6.42852306e-01,8.86239815e+00,1.80251885e-03,1.23939354e+02,8.00216370e+01,1.85566711e+01,2.87256330e-01,7.77772188e-01
5345803-S04-156I3-A-L-C-190-7-1,20.02.2020-18:13:21,2.10000000e+01,6.42527223e-01,8.86234856e+00,1.89330697e-03,7.80710220e+01,7.99258194e+01,1.85249748e+01,4.05645907e-01,8.12817931e-01
5345803-S04-156I3-A-L-C-190-7-1,20.02.2020-18:13:23,9.00000000e+00,6.47555053e-01,8.93819618e+00,2.16818834e-03,1.66731171e+02,8.00801697e+01,1.88660851e+01,1.70601666e-01,2.49019548e-01
5345803-S04-156I3-A-L-C-190-7-1,20.02.2020-18:13:25,1.90000000e+01,6.46181703e-01,8.90246487e+00,1.78304326e-03,1.46168365e+02,7.99627838e+01,1.87233295e+01,2.33823165e-01,4.41130221e-01
5345803-S04-156I3-A-L-C-190-7-1,20.02.2020-18:13:27,9.00000000e+00,6.46780193e-01,8.95045853e+00,1.82983815e-03,2.32169220e+02,8.01098328e+01,1.88763504e+01,1.45053819e-01,3.77722323e-01
5345803-S04-156I3-A-L-C-190-7-1,20.02.2020-18:13:29,1.00000000e+00,6.39817595e-01,8.84716415e+00,1.69267983e-03,1.68189926e+02,7.99195328e+01,1.84137993e+01,2.48319566e-01,5.33352911e-01
5345803-S04-156I3-A-L-C-190-7-1,20.02.2020-18:13:31,2.00000000e+00,6.38149798e-01,8.82375050e+00,1.87536818e-03,1.28585968e+02,7.99631729e+01,1.83271980e+01,3.28604370e-01,6.51002884e-01
5345803-S04-156I3-A-L-C-190-7-1,20.02.2020-18:13:34,1.00000000e+00,6.39526248e-01,8.85387230e+00,1.99371832e-03,1.55412796e+02,7.98995590e+01,1.84147663e+01,2.40669370e-01,4.58261669e-01
5345803-S04-156I3-A-L-C-190-7-1,20.02.2020-18:13:36,9.00000000e+00,6.46249831e-01,8.94764900e+00,2.09290092e-03,1.66666977e+02,8.00940094e+01,1.88512268e+01,1.81677431e-01,4.50219452e-01
5345803-S04-156I3-A-L-C-190-7-1,20.02.2020-18:13:38,1.90000000e+01,6.45015419e-01,8.93920231e+00,1.78845273e-03,1.22075478e+02,8.00949402e+01,1.87976761e+01,2.56484717e-01,3.94089371e-01
5345803-S04-156I3-A-L-C-190-7-1,20.02.2020-18:13:40,1.90000000e+01,6.44626796e-01,8.93664455e+00,1.69500348e-03,1.57001999e+02,8.00807800e+01,1.87776546e+01,2.33541533e-01,3.82321984e-01
5345803-S04-156I3-A-L-C-190-7-1,20.02.2020-18:13:42,2.10000000e+01,6.41548693e-01,8.87311745e+00,1.99864549e-03,1.38809402e+02,7.99286194e+01,1.85198879e+01,2.71325886e-01,6.58201098e-01
5345803-S04-156I3-A-L-C-190-7-1,20.02.2020-18:13:44,1.90000000e+01,6.46920681e-01,8.90855503e+00,1.83031859e-03,2.13929077e+02,8.00701141e+01,1.87827396e+01,1.75712511e-01,2.99700052e-01
5345803-S04-156I3-A-L-C-190-7-1,20.02.2020-18:13:46,1.90000000e+01,6.44412816e-01,8.93176174e+00,1.90230075e-03,1.08036293e+02,8.00900650e+01,1.87633400e+01,3.05078477e-01,5.25001228e-01
5345803-S04-156I3-A-L-C-190-7-1,20.02.2020-18:13:49,1.90000000e+01,6.47402525e-01,8.90959549e+00,2.05230853e-03,1.99392929e+02,7.99776611e+01,1.87772198e+01,1.82952777e-01,3.17030132e-01
5345803-S04-156I3-A-L-C-190-7-1,20.02.2020-18:13:51,9.00000000e+00,6.46693170e-01,8.94556808e+00,1.89656718e-03,7.28705444e+01,8.00576019e+01,1.88512020e+01,3.83964717e-01,6.37036264e-01
5345803-S04-156I3-A-L-C-190-7-1,20.02.2020-18:13:53,9.00000000e+00,6.47083282e-01,8.91311550e+00,1.78085966e-03,1.89201691e+02,8.00886078e+01,1.88014202e+01,1.60694897e-01,2.99887449e-01
5345803-S04-156I3-A-L-C-190-7-1,20.02.2020-18:13:55,1.90000000e+01,6.46859705e-01,8.91382408e+00,1.92896801e-03,1.98610031e+02,8.00858383e+01,1.87957706e+01,1.09393351e-01,2.51583695e-01
5345803-S04-156I3-A-L-C-190-7-1,20.02.2020-18:13:57,1.90000000e+01,6.42977893e-01,8.90126419e+00,1.85202470e-03,2.17458527e+02,8.03328094e+01,1.87141819e+01,2.30802730e-01,6.32087767e-01
5345803-S04-156I3-A-L-C-190-7-1,20.02.2020-18:13:59,2.00000000e+01,6.43213570e-01,8.88410187e+00,1.78450241e-03,1.39680908e+02,8.03052216e+01,1.86785316e+01,2.67528594e-01,9.00822222e-01
5345803-S04-156I3-A-L-C-190-7-1,20.02.2020-18:14:01,8.00000000e+00,6.48007154e-01,8.94845295e+00,1.83451397e-03,2.39574829e+02,8.03679276e+01,1.89688377e+01,1.41271412e-01,2.91329622e-01
5345803-S04-156I3-A-L-C-190-7-1,20.02.2020-18:14:03,8.00000000e+00,6.46983445e-01,8.92199135e+00,1.48473552e-03,1.82109329e+02,8.04974518e+01,1.89132977e+01,1.47944152e-01,3.68367940e-01
5345803-S04-156I3-A-L-C-190-7-1,20.02.2020-18:14:06,2.40000000e+01,6.45485580e-01,8.89428234e+00,1.80517253e-03,8.00000286e+00,7.95006180e+01,1.85779648e+01,3.37483835e+00,4.28243399e+00
5345803-S04-156I3-A-L-C-190-7-1,20.02.2020-18:14:08,9.00000000e+00,6.45502329e-01,8.95122528e+00,2.00184551e-03,1.50246048e+02,8.01426849e+01,1.88483963e+01,1.93964422e-01,3.40710551e-01
5345803-S04-156I3-A-L-C-190-7-1,20.02.2020-18:14:10,9.00000000e+00,6.46131933e-01,8.95639038e+00,1.92720396e-03,1.53396469e+02,8.01043091e+01,1.88686256e+01,2.58879423e-01,4.00817931e-01
5345803-S04-156I3-A-L-C-190-7-1,20.02.2020-18:14:12,9.00000000e+00,6.45424604e-01,8.94688988e+00,1.98244397e-03,1.98280624e+02,8.01602173e+01,1.88411179e+01,1.32449746e-01,2.41820335e-01
5345803-S04-156I3-A-L-C-190-7-1,20.02.2020-18:14:14,1.90000000e+01,6.46501541e-01,8.90566826e+00,1.94835360e-03,1.47431091e+02,7.99398117e+01,1.87339535e+01,2.39011958e-01,4.08081949e-01
5345803-S04-156I3-A-L-C-190-7-1,20.02.2020-18:14:16,9.00000000e+00,6.45766616e-01,8.95020771e+00,1.97147531e-03,1.42789764e+02,8.00884247e+01,1.88412037e+01,2.55475342e-01,4.07715946e-01
5345803-S04-156I3-A-L-C-190-7-1,20.02.2020-18:14:18,9.00000000e+00,6.45460188e-01,8.94575787e+00,1.90109573e-03,1.91035706e+02,8.01049728e+01,1.88267879e+01,2.10111484e-01,3.19868416e-01
5345803-S04-156I3-A-L-C-190-7-1,20.02.2020-18:14:21,1.90000000e+01,6.45937026e-01,8.92595100e+00,2.03319453e-03,1.08991600e+02,7.99841385e+01,1.87706242e+01,3.40006709e-01,4.71041560e-01
5345803-S04-156I3-A-L-C-190-7-1,20.02.2020-18:14:23,9.00000000e+00,6.46908402e-01,8.95286655e+00,2.15063547e-03,1.07908379e+02,7.99405441e+01,1.88452606e+01,2.54984885e-01,3.30849886e-01
5345803-S04-156I3-A-L-C-190-7-1,20.02.2020-18:14:25,8.00000000e+00,6.48795903e-01,8.92480850e+00,1.90122682e-03,2.16586731e+02,8.03118515e+01,1.89285278e+01,1.52919650e-01,3.08816820e-01
5345803-S04-156I3-A-L-C-190-7-1,20.02.2020-18:14:27,7.00000000e+00,6.49535656e-01,8.94932938e+00,1.81490975e-03,2.28829224e+02,8.04349976e+01,1.90313129e+01,1.62983656e-01,2.57000774e-01
5345803-S04-156I3-A-L-C-190-7-1,20.02.2020-18:14:29,8.00000000e+00,6.46906912e-01,8.93571281e+00,1.86606741e-03,3.48650452e+02,8.04305801e+01,1.89244099e+01,1.41998425e-01,3.13765198e-01
5345803-S04-156I3-A-L-C-190-7-1,20.02.2020-18:14:31,7.00000000e+00,6.48369431e-01,8.96362591e+00,2.05863663e-03,1.10866768e+02,8.04039307e+01,1.90201397e+01,2.33510002e-01,4.02832985e-01
5345803-S04-156I3-A-L-C-190-7-1,20.02.2020-18:14:33,8.00000000e+00,6.47805154e-01,8.95408154e+00,1.86443387e-03,2.14009277e+02,8.04633408e+01,1.89973812e+01,1.75465301e-01,3.02976340e-01
5345803-S04-156I3-A-L-C-190-7-1,20.02.2020-18:14:36,9.00000000e+00,6.46409094e-01,8.95396137e+00,2.06771330e-03,1.69957016e+02,8.00370560e+01,1.88557568e+01,2.24804327e-01,4.49479729e-01
5345803-S04-156I3-A-L-C-190-7-1,20.02.2020-18:14:38,9.00000000e+00,6.46033049e-01,8.93011856e+00,2.07743957e-03,2.64771851e+02,8.00692444e+01,1.88021679e+01,1.42813876e-01,3.86058271e-01
5345803-S04-156I3-A-L-C-190-7-1,20.02.2020-18:14:40,1.90000000e+01,6.47149384e-01,8.90896320e+00,1.78318913e-03,8.29853745e+01,8.00755310e+01,1.87915115e+01,3.58335823e-01,5.58338404e-01
5345803-S04-156I3-A-L-C-190-7-1,20.02.2020-18:14:42,9.00000000e+00,6.46529198e-01,8.94895935e+00,2.01793294e-03,1.65547531e+02,8.00830307e+01,1.88595524e+01,2.13405550e-01,4.73858893e-01
5345803-S04-156I3-A-L-C-190-7-1,20.02.2020-18:14:44,2.10000000e+01,6.42022371e-01,8.88690090e+00,2.08379817e-03,1.39847488e+02,7.99441910e+01,1.85659676e+01,2.86467165e-01,5.84934890e-01
5345803-S04-156I3-A-L-C-190-7-1,20.02.2020-18:14:46,1.90000000e+01,6.44780338e-01,8.94054604e+00,1.99173833e-03,9.44805374e+01,8.01061325e+01,1.87962761e+01,3.77779841e-01,5.72684467e-01
5345803-S04-156I3-A-L-C-190-7-1,20.02.2020-18:14:48,2.10000000e+01,6.41342342e-01,8.87784767e+00,1.89996709e-03,1.49273727e+02,8.01183014e+01,1.85677624e+01,2.96968579e-01,6.82784140e-01
5345803-S04-156I3-A-L-C-190-7-1,20.02.2020-18:14:51,1.90000000e+01,6.47133648e-01,8.90726376e+00,2.11012573e-03,2.02280655e+02,7.98625946e+01,1.87375107e+01,1.82783023e-01,3.44831586e-01
5345803-S04-156I3-A-L-C-190-7-1,20.02.2020-18:14:53,1.90000000e+01,6.47236168e-01,8.91069412e+00,2.04474293e-03,1.69439163e+02,7.98816147e+01,1.87521610e+01,2.17728302e-01,3.69369417e-01
5345803-S04-156I3-A-L-C-190-7-1,20.02.2020-18:14:55,1.90000000e+01,6.44396186e-01,8.92971897e+00,1.90998521e-03,1.35801666e+02,8.00663986e+01,1.87530193e+01,2.19830811e-01,4.18301612e-01
5345803-S04-156I3-A-L-C-190-7-1,20.02.2020-18:14:57,1.90000000e+01,6.45917118e-01,8.90023994e+00,1.92595762e-03,6.47441559e+01,8.02548904e+01,1.87793350e+01,6.20352805e-01,1.01774120e+00
5345803-S04-156I3-A-L-C-190-7-1,20.02.2020-18:14:59,2.10000000e+01,6.41645133e-01,8.88585854e+00,2.11366033e-03,1.16225357e+02,7.99901810e+01,1.85635567e+01,2.35818937e-01,5.82028866e-01
5345803-S04-156I3-A-L-C-190-7-1,20.02.2020-18:15:01,9.00000000e+00,6.46107972e-01,8.95407677e+00,2.18017609e-03,2.11020142e+02,8.00667877e+01,1.88542175e+01,1.78075686e-01,4.04730469e-01
5345803-S04-156I3-A-L-C-190-7-1,20.02.2020-18:15:04,2.10000000e+01,6.41591609e-01,8.87676716e+00,2.11740891e-03,1.85076920e+02,7.98423767e+01,1.85087528e+01,2.02352121e-01,5.54301262e-01
5345803-S04-156I3-A-L-C-190-7-1,20.02.2020-18:15:06,1.90000000e+01,6.44148469e-01,8.92993259e+00,1.96332345e-03,1.34781998e+02,8.00674362e+01,1.87465038e+01,2.34993547e-01,4.21973914e-01
5345803-S04-156I3-A-L-C-190-7-1,20.02.2020-18:15:08,9.00000000e+00,6.48120224e-01,8.94360256e+00,2.20896187e-03,5.98898354e+01,7.99109802e+01,1.88540516e+01,4.42069232e-01,5.72601020e-01
5345803-S04-156I3-A-L-C-190-7-1,20.02.2020-18:15:10,9.00000000e+00,6.47143602e-01,8.94861984e+00,1.75853923e-03,1.20678085e+02,8.01945572e+01,1.89030476e+01,2.43263364e-01,4.23263758e-01
5345803-S04-156I3-A-L-C-190-7-1,20.02.2020-18:15:12,2.10000000e+01,6.41379178e-01,8.91650867e+00,2.10454036e-03,3.50133553e+01,7.97606735e+01,1.85664425e+01,5.29795468e-01,8.12006891e-01
5345803-S04-156I3-A-L-C-190-7-1,20.02.2020-18:15:14,1.90000000e+01,6.45963132e-01,8.90996838e+00,2.11702660e-03,9.67444687e+01,8.01479721e+01,1.87761517e+01,2.95599520e-01,4.84659165e-01
5345803-S04-156I3-A-L-C-190-7-1,20.02.2020-18:15:16,9.00000000e+00,6.46063447e-01,8.94214249e+00,1.82598818e-03,3.74375572e+01,8.02335892e+01,1.88670139e+01,6.24134839e-01,8.30546081e-01
5345803-S04-156I3-A-L-C-190-7-1,20.02.2020-18:15:19,8.00000000e+00,6.47550106e-01,8.96434212e+00,2.04546726e-03,7.25541534e+01,8.01682205e+01,1.89419308e+01,5.37869036e-01,6.98531210e-01
5345803-S04-156I3-A-L-C-190-7-1,20.02.2020-18:15:21,8.00000000e+00,6.47161961e-01,8.97157383e+00,1.81217177e-03,1.70398376e+02,8.02788315e+01,1.89719887e+01,1.43573999e-01,2.08044648e-01
5345803-S04-156I3-A-L-C-190-7-1,20.02.2020-18:15:23,9.00000000e+00,6.45033836e-01,8.95578575e+00,1.95966312e-03,7.70659637e+01,8.02588043e+01,1.88716164e+01,2.55289078e-01,3.05168927e-01
5345803-S04-156I3-A-L-C-190-7-1,20.02.2020-18:15:25,8.00000000e+00,6.46073699e-01,8.96561813e+00,1.96493114e-03,1.55366211e+02,8.03327713e+01,1.89402294e+01,1.65554836e-01,3.27131927e-01
5345803-S04-156I3-A-L-C-190-7-1,20.02.2020-18:15:27,8.00000000e+00,6.45760119e-01,8.96477318e+00,2.14817398e-03,1.53259735e+02,8.03141632e+01,1.89248695e+01,1.83462441e-01,2.60247082e-01
5345803-S04-156I3-A-L-C-190-7-1,20.02.2020-18:15:29,1.30000000e+01,6.36425316e-01,8.66249466e+00,1.61013624e-03,5.36089973e+01,7.95822601e+01,1.78581676e+01,4.85978186e-01,9.14050221e-01
5345803-S04-156I3-A-L-C-190-7-1,20.02.2020-18:15:31,9.00000000e+00,6.45279050e-01,8.93813992e+00,2.02084542e-03,1.14881241e+02,8.03238983e+01,1.88568745e+01,2.08932295e-01,3.38804781e-01
5345803-S04-156I3-A-L-C-190-7-1,20.02.2020-18:15:34,1.00000000e+00,6.41187131e-01,8.83149815e+00,1.58140704e-03,1.53655640e+02,8.00292130e+01,1.84458199e+01,3.61147135e-01,1.07081079e+00
5345803-S04-156I3-A-L-C-190-7-1,20.02.2020-18:15:36,8.00000000e+00,6.46096230e-01,8.96264553e+00,1.76801591e-03,1.11711693e+02,8.05143890e+01,1.89774189e+01,1.88352540e-01,3.70222032e-01
5345803-S04-156I3-A-L-C-190-7-1,20.02.2020-18:15:38,9.00000000e+00,6.45971358e-01,8.95053482e+00,1.85234263e-03,2.17589310e+02,8.01188507e+01,1.88550282e+01,9.65045467e-02,1.34784818e-01
5345803-S04-156I3-A-L-C-190-7-1,20.02.2020-18:15:40,9.00000000e+00,6.45133972e-01,8.94721222e+00,1.99640798e-03,1.34660980e+02,8.01791382e+01,1.88377590e+01,2.01465830e-01,2.55516052e-01
5345803-S04-156I3-A-L-C-190-7-1,20.02.2020-18:15:42,8.00000000e+00,6.47700191e-01,8.98671818e+00,1.85787014e-03,2.92671509e+02,8.02791061e+01,1.90198841e+01,1.37811840e-01,2.14034900e-01
5345803-S04-156I3-A-L-C-190-7-1,20.02.2020-18:15:44,9.00000000e+00,6.45534992e-01,8.94806194e+00,1.81429647e-03,1.63713028e+02,8.02795029e+01,1.88748569e+01,1.89705923e-01,2.47669831e-01
5345803-S04-156I3-A-L-C-190-7-1,20.02.2020-18:15:46,9.00000000e+00,6.45353079e-01,8.93293095e+00,1.81523652e-03,1.43447876e+02,8.03991547e+01,1.88657055e+01,2.00529218e-01,3.75861168e-01
5345803-S04-156I3-A-L-C-190-7-1,20.02.2020-18:15:48,9.00000000e+00,6.46542370e-01,8.95263863e+00,1.88943930e-03,2.02281616e+02,8.02080841e+01,1.88971539e+01,1.41201138e-01,2.62031227e-01
5345803-S04-156I3-A-L-C-190-7-1,20.02.2020-18:15:51,8.00000000e+00,6.45964265e-01,8.95556164e+00,1.79517013e-03,2.10024368e+02,8.04696121e+01,1.89480019e+01,1.71248764e-01,2.31724516e-01
5345803-S04-156I3-A-L-C-190-7-1,20.02.2020-18:15:53,1.90000000e+01,6.45791411e-01,8.89797878e+00,1.71661831e-03,1.57671906e+02,8.00590286e+01,1.87251015e+01,2.10785583e-01,4.03679997e-01
5345803-S04-156I3-A-L-C-190-7-1,20.02.2020-18:15:55,1.90000000e+01,6.44773364e-01,8.94527340e+00,1.89992390e-03,1.50448380e+02,7.99874344e+01,1.87781448e+01,2.14992732e-01,3.94384414e-01
5345803-S04-156I3-A-L-C-190-7-1,20.02.2020-18:16:27,8.00000000e+00,6.47668004e-01,8.98652267e+00,2.13402556e-03,1.81066956e+02,8.01128769e+01,1.89791431e+01,1.09473303e-01,1.50339290e-01
5345803-S04-156I3-A-L-C-190-7-1,20.02.2020-18:16:29,9.00000000e+00,6.47546709e-01,8.92336941e+00,2.03543343e-03,1.00928879e+02,8.03176346e+01,1.88903961e+01,3.35782975e-01,5.57142615e-01
5345803-S04-156I3-A-L-C-190-7-1,20.02.2020-18:16:31,8.00000000e+00,6.47653878e-01,8.97116756e+00,1.93834712e-03,4.35559845e+02,8.02460632e+01,1.89778023e+01,1.22671589e-01,2.02727064e-01
5345803-S04-156I3-A-L-C-190-7-1,20.02.2020-18:16:34,2.00000000e+01,6.40922427e-01,8.87945557e+00,1.71096821e-03,3.39473511e+02,8.06076508e+01,1.86723194e+01,1.00318715e-01,2.38877296e-01
5345803-S04-156I3-A-L-C-190-7-1,20.02.2020-18:16:36,1.90000000e+01,6.42909348e-01,8.95088768e+00,1.89680583e-03,2.14055984e+02,8.01198349e+01,1.87666206e+01,1.12774417e-01,1.33056343e-01
5345803-S04-156I3-A-L-C-190-7-1,20.02.2020-18:16:38,8.00000000e+00,6.48150802e-01,8.98125839e+00,2.07801070e-03,1.57807907e+02,8.02098541e+01,1.90051441e+01,1.87106341e-01,2.51054019e-01
5345803-S04-156I3-A-L-C-190-7-1,20.02.2020-18:16:40,1.90000000e+01,6.43182099e-01,8.95259953e+00,1.76844269e-03,4.80614960e+02,8.01895523e+01,1.87945118e+01,8.08927342e-02,9.60474238e-02
5345803-S04-156I3-A-L-C-190-7-1,20.02.2020-18:16:42,1.90000000e+01,6.42181098e-01,8.95576477e+00,2.04064767e-03,1.46438034e+02,8.02100525e+01,1.87766972e+01,1.84878662e-01,3.29241514e-01
5345803-S04-156I3-A-L-C-190-7-1,20.02.2020-18:16:44,1.90000000e+01,6.43594742e-01,8.93156624e+00,1.78793224e-03,2.24763153e+02,8.00022964e+01,1.87185745e+01,1.19219743e-01,1.37257919e-01
5345803-S04-156I3-A-L-C-190-7-1,20.02.2020-18:16:47,1.90000000e+01,6.45077944e-01,8.89303303e+00,1.86566217e-03,1.88781403e+02,8.02531586e+01,1.87393475e+01,2.04127520e-01,4.90467697e-01
5345803-S04-156I3-A-L-C-190-7-1,20.02.2020-18:16:49,2.00000000e+01,6.44322038e-01,8.86744022e+00,1.63238426e-03,2.03643616e+02,8.02306976e+01,1.86582966e+01,1.59689248e-01,2.47491807e-01
5345803-S04-156I3-A-L-C-190-7-1,20.02.2020-18:16:51,1.90000000e+01,6.43782556e-01,8.86230659e+00,1.44985016e-03,1.61793228e+02,8.05477219e+01,1.87055054e+01,3.49904090e-01,1.31559360e+00
5345803-S04-156I3-A-L-C-190-7-1,20.02.2020-18:16:53,2.10000000e+01,6.42850995e-01,8.82181263e+00,1.65390421e-03,1.61858246e+02,8.04628677e+01,1.85735035e+01,3.34751457e-01,1.47818339e+00
5345803-S04-156I3-A-L-C-190-7-1,20.02.2020-18:16:55,2.00000000e+00,6.40580952e-01,8.77730751e+00,1.58858183e-03,1.17351524e+02,8.00607605e+01,1.83225231e+01,4.18462276e-01,1.57508838e+00
5345803-S04-156I3-A-L-C-190-7-1,20.02.2020-18:16:57,1.90000000e+01,6.45503104e-01,8.88721466e+00,1.64875796e-03,2.89920044e+02,8.01581116e+01,1.87172337e+01,1.33790478e-01,3.63902152e-01
5345803-S04-156I3-A-L-C-190-7-1,20.02.2020-18:17:00,1.90000000e+01,6.45786107e-01,8.89767933e+00,1.70704583e-03,1.22877174e+02,8.01954041e+01,1.87562122e+01,2.38154724e-01,4.80333000e-01
5345803-S04-156I3-A-L-C-190-7-1,20.02.2020-18:17:02,1.00000000e+00,6.42113626e-01,8.82300091e+00,1.63390057e-03,1.54712219e+02,8.00021591e+01,1.84484596e+01,2.75031239e-01,1.42654848e+00
5345803-S04-156I3-A-L-C-190-7-1,20.02.2020-18:17:04,8.00000000e+00,6.48233175e-01,8.97189617e+00,1.88446185e-03,1.93124557e+02,8.02570724e+01,1.89989243e+01,1.50740802e-01,1.97161555e-01
5345803-S04-156I3-A-L-C-190-7-1,20.02.2020-18:17:06,1.90000000e+01,6.43501341e-01,8.93802357e+00,1.82851532e-03,7.40392303e+01,8.01022186e+01,1.87527809e+01,3.93676370e-01,4.58018392e-01
5345803-S04-156I3-A-L-C-190-7-1,20.02.2020-18:17:08,2.00000000e+01,6.42360747e-01,8.92833042e+00,2.02146382e-03,1.38295593e+02,7.99601440e+01,1.86660767e+01,1.66449875e-01,1.93858460e-01
5345803-S04-156I3-A-L-C-190-7-1,20.02.2020-18:17:10,2.00000000e+01,6.42737031e-01,8.88595200e+00,1.76751660e-03,1.97266632e+02,8.00664062e+01,1.86130619e+01,2.12417185e-01,5.24685681e-01
5345803-S04-156I3-A-L-C-190-7-1,20.02.2020-18:17:12,1.90000000e+01,6.43084884e-01,8.94621754e+00,1.72693294e-03,1.44475174e+02,8.01029205e+01,1.87579899e+01,2.51442224e-01,3.89210939e-01
5345803-S04-156I3-A-L-C-190-7-1,20.02.2020-18:17:15,7.00000000e+00,6.47228718e-01,8.99147034e+00,2.04690476e-03,3.83777893e+02,8.03105164e+01,1.90235291e+01,8.64646062e-02,1.50653318e-01
5345803-S04-156I3-A-L-C-190-7-1,20.02.2020-18:17:17,8.00000000e+00,6.47179425e-01,8.98310947e+00,1.89357228e-03,4.30421356e+02,8.03023148e+01,1.90024529e+01,9.05981213e-02,2.06368670e-01
5345803-S04-156I3-A-L-C-190-7-1,20.02.2020-18:17:19,8.00000000e+00,6.47871375e-01,8.98637581e+00,2.13510753e-03,3.53372406e+02,8.01627197e+01,1.89966049e+01,1.04710303e-01,1.43283471e-01
5345803-S04-156I3-A-L-C-190-7-1,20.02.2020-18:17:21,8.00000000e+00,6.46748245e-01,8.95575714e+00,1.64759893e-03,3.23995453e+02,8.02798233e+01,1.89266701e+01,1.04708910e-01,1.71651930e-01
5345803-S04-156I3-A-L-C-190-7-1,20.02.2020-18:17:23,9.00000000e+00,6.46773219e-01,8.94384480e+00,1.80375890e-03,3.33711517e+02,8.02254181e+01,1.88894138e+01,6.63561821e-02,1.17546886e-01
5345803-S04-156I3-A-L-C-190-7-1,20.02.2020-18:17:25,1.90000000e+01,6.43032551e-01,8.93962479e+00,1.69628987e-03,2.48039505e+02,8.00828476e+01,1.87379436e+01,9.15137455e-02,1.06911995e-01
5345803-S04-156I3-A-L-C-190-7-1,20.02.2020-18:17:27,1.90000000e+01,6.43238068e-01,8.94285488e+00,1.69664249e-03,2.00762573e+02,8.00802536e+01,1.87501011e+01,1.44434586e-01,1.68265492e-01
5345803-S04-156I3-A-L-C-190-7-1,20.02.2020-18:17:30,1.90000000e+01,6.42881632e-01,8.95493031e+00,1.87552639e-03,1.60400665e+02,8.01606445e+01,1.87838497e+01,1.96756154e-01,2.86665708e-01
5345803-S04-156I3-A-L-C-190-7-1,20.02.2020-18:17:32,1.90000000e+01,6.43678665e-01,8.95048714e+00,1.93569460e-03,2.65445953e+02,8.00822678e+01,1.87794266e+01,1.07198179e-01,1.26294732e-01
5345803-S04-156I3-A-L-C-190-7-1,20.02.2020-18:17:34,9.00000000e+00,6.46717787e-01,8.93919849e+00,1.90777902e-03,1.51204163e+02,8.02013474e+01,1.88723183e+01,2.44632825e-01,4.92498994e-01
5345803-S04-156I3-A-L-C-190-7-1,20.02.2020-18:17:36,9.00000000e+00,6.46229565e-01,8.96608543e+00,1.79591426e-03,2.55181763e+02,8.01086426e+01,1.88929291e+01,1.21236324e-01,1.57198489e-01
5345803-S04-156I3-A-L-C-190-7-1,20.02.2020-18:17:38,8.00000000e+00,6.48072898e-01,8.97514915e+00,1.93482614e-03,2.98991028e+02,8.01737289e+01,1.89813805e+01,1.25110045e-01,1.66587725e-01
5345803-S04-156I3-A-L-C-190-7-1,20.02.2020-18:17:40,8.00000000e+00,6.47399247e-01,8.97595024e+00,1.98081159e-03,1.85418716e+02,8.02190399e+01,1.89740601e+01,1.12667263e-01,1.44794106e-01
5345803-S04-156I3-A-L-C-190-7-1,20.02.2020-18:17:43,8.00000000e+00,6.47090197e-01,8.93947792e+00,1.84376317e-03,1.92049347e+02,8.03163223e+01,1.89108467e+01,1.87990278e-01,4.14745629e-01
5345803-S04-156I3-A-L-C-190-7-1,20.02.2020-18:17:45,8.00000000e+00,6.47204340e-01,8.94651890e+00,1.77179580e-03,1.62077621e+02,8.02840652e+01,1.89214783e+01,1.81763187e-01,4.15964305e-01
5345803-S04-156I3-A-L-C-190-7-1,20.02.2020-18:17:47,9.00000000e+00,6.45046711e-01,8.92661285e+00,1.80043245e-03,1.43125000e+02,8.04813309e+01,1.88626728e+01,2.08414003e-01,3.55053335e-01
5345803-S04-156I3-A-L-C-190-7-1,20.02.2020-18:17:49,2.00000000e+01,6.45344734e-01,8.84735584e+00,1.50583859e-03,1.59873734e+02,8.01464462e+01,1.86260052e+01,2.51942664e-01,4.56057698e-01
5345803-S04-156I3-A-L-C-190-7-1,20.02.2020-18:17:51,2.10000000e+01,6.43240869e-01,8.84170532e+00,1.93894899e-03,1.14977554e+02,8.02330780e+01,1.85734806e+01,3.67036611e-01,1.31999683e+00
5345803-S04-156I3-A-L-C-190-7-1,20.02.2020-18:17:53,2.00000000e+01,6.44279242e-01,8.87625790e+00,1.55845773e-03,1.98115112e+02,8.01898575e+01,1.86661034e+01,1.85619771e-01,4.72130418e-01
5345803-S04-156I3-A-L-C-190-7-1,20.02.2020-18:17:55,8.00000000e+00,6.47290349e-01,8.97013474e+00,2.00440525e-03,1.02130104e+02,8.01726303e+01,1.89476070e+01,2.34720409e-01,2.96347708e-01
5345803-S04-156I3-A-L-C-190-7-1,20.02.2020-18:17:58,2.00000000e+01,6.42738998e-01,8.94656086e+00,2.03547045e-03,1.57593719e+02,7.98881836e+01,1.86983604e+01,2.53562838e-01,3.55980903e-01
5345803-S04-156I3-A-L-C-190-7-1,20.02.2020-18:18:00,8.00000000e+00,6.47617102e-01,8.97053051e+00,1.74217671e-03,2.65151031e+02,8.02110443e+01,1.89670963e+01,8.24679211e-02,1.29694015e-01
5345803-S04-156I3-A-L-C-190-7-1,20.02.2020-18:18:02,7.00000000e+00,6.47476077e-01,8.98750210e+00,1.77307357e-03,2.45635101e+02,8.03335648e+01,1.90278587e+01,1.00924447e-01,1.54121846e-01
5345803-S04-156I3-A-L-C-190-7-1,20.02.2020-18:18:04,1.90000000e+01,6.42769098e-01,8.95119762e+00,1.73906505e-03,1.36748184e+02,8.00868912e+01,1.87554626e+01,1.86408862e-01,2.16728926e-01
5345803-S04-156I3-A-L-C-190-7-1,20.02.2020-18:18:06,9.00000000e+00,6.43210948e-01,8.96107960e+00,1.81432767e-03,1.85578110e+02,8.02251968e+01,1.88215237e+01,1.59538910e-01,3.06238681e-01
5345803-S04-156I3-A-L-C-190-7-1,20.02.2020-18:18:08,7.00000000e+00,6.48110092e-01,8.98864365e+00,1.74518675e-03,1.89622543e+02,8.02730560e+01,1.90345650e+01,1.69354767e-01,2.32489437e-01
5345803-S04-156I3-A-L-C-190-7-1,20.02.2020-18:18:10,1.90000000e+01,6.42831087e-01,8.95866680e+00,2.07596179e-03,1.97908356e+02,7.99534912e+01,1.87416515e+01,1.47089109e-01,1.72044903e-01
5345803-S04-156I3-A-L-C-190-7-1,20.02.2020-18:18:13,1.90000000e+01,6.46141529e-01,8.88487339e+00,1.58631511e-03,5.49761314e+01,8.01335754e+01,1.87250786e+01,4.23629284e-01,6.38055384e-01
5345803-S04-156I3-A-L-C-190-7-1,20.02.2020-18:18:15,8.00000000e+00,6.46912992e-01,8.97779846e+00,1.97036937e-03,2.24789108e+02,8.03303223e+01,1.89900188e+01,1.98939651e-01,2.93962330e-01
5345803-S04-156I3-A-L-C-190-7-1,20.02.2020-18:18:17,9.00000000e+00,6.45696223e-01,8.92864799e+00,1.81986450e-03,2.24112106e+02,8.02650528e+01,1.88352165e+01,1.29580379e-01,1.81471020e-01
5345803-S04-156I3-A-L-C-190-7-1,20.02.2020-18:18:19,8.00000000e+00,6.46909952e-01,8.94605732e+00,1.74476893e-03,2.16935333e+02,8.04585724e+01,1.89530029e+01,1.20732725e-01,1.63319096e-01
5345803-S04-156I3-A-L-C-190-7-1,20.02.2020-18:18:21,9.00000000e+00,6.45589769e-01,8.91797352e+00,1.72014115e-03,1.14993416e+02,8.02410507e+01,1.88039722e+01,2.39436045e-01,3.18618655e-01
5345803-S04-156I3-A-L-C-190-7-1,20.02.2020-18:18:23,2.00000000e+01,6.45785689e-01,8.86956501e+00,1.55053136e-03,8.86760483e+01,8.01785736e+01,1.86930103e+01,2.44293496e-01,3.73497158e-01
5345803-S04-156I3-A-L-C-190-7-1,20.02.2020-18:18:25,1.90000000e+01,6.45678163e-01,8.88046551e+00,1.80048158e-03,1.54217621e+02,8.01639709e+01,1.87094593e+01,1.48311436e-01,2.45313734e-01
5345803-S04-156I3-A-L-C-190-7-1,20.02.2020-18:18:28,8.00000000e+00,6.47032738e-01,8.98095417e+00,1.79861952e-03,1.39003342e+02,8.03503876e+01,1.90049572e+01,2.09404469e-01,3.18959147e-01
5345803-S04-156I3-A-L-C-190-7-1,20.02.2020-18:18:30,2.00000000e+01,6.42863870e-01,8.88694477e+00,1.82252668e-03,1.80568970e+02,8.02638779e+01,1.86647377e+01,2.46750474e-01,1.23084843e+00
5345803-S04-156I3-A-L-C-190-7-1,20.02.2020-18:18:32,1.40000000e+01,6.36687815e-01,8.80972576e+00,1.64000446e-03,2.90616131e+01,8.03473434e+01,1.83438549e+01,1.42873549e+00,2.34205627e+00
5345803-S04-156I3-A-L-C-190-7-1,20.02.2020-18:18:34,1.00000000e+00,6.40813649e-01,8.86024189e+00,1.91011047e-03,1.22277412e+02,8.00198517e+01,1.84929085e+01,2.57237226e-01,6.07526600e-01
5345803-S04-156I3-A-L-C-190-7-1,20.02.2020-18:18:36,8.00000000e+00,6.46144092e-01,8.97657394e+00,1.94805523e-03,2.30514481e+02,8.03199081e+01,1.89624043e+01,1.19256213e-01,1.95649043e-01
5345803-S04-156I3-A-L-C-190-7-1,20.02.2020-18:18:38,2.00000000e+00,6.39343262e-01,8.84943104e+00,1.98101625e-03,1.63779221e+02,7.98835449e+01,1.83965740e+01,2.44887173e-01,5.54176211e-01
5345803-S04-156I3-A-L-C-190-7-1,20.02.2020-18:18:40,9.00000000e+00,6.45818472e-01,8.94518661e+00,1.80608546e-03,5.17512779e+01,8.02920532e+01,1.88800297e+01,5.52918613e-01,6.51526988e-01
5345803-S04-156I3-A-L-C-190-7-1,20.02.2020-18:18:42,8.00000000e+00,6.46287382e-01,8.96757698e+00,1.87185244e-03,2.22824295e+02,8.03717880e+01,1.89598370e+01,2.14581907e-01,3.72687846e-01
5345803-S04-156I3-A-L-C-190-7-1,20.02.2020-18:18:45,8.00000000e+00,6.46698177e-01,8.96930027e+00,1.86736463e-03,2.42098160e+02,8.05057068e+01,1.90071526e+01,1.48461372e-01,2.03189775e-01
5345803-S04-156I3-A-L-C-190-7-1,20.02.2020-18:18:47,8.00000000e+00,6.46981537e-01,8.96183968e+00,1.76925550e-03,1.17448257e+02,8.04087830e+01,1.89767895e+01,2.05235288e-01,3.01825225e-01
5345803-S04-156I3-A-L-C-190-7-1,20.02.2020-18:18:49,8.00000000e+00,6.46860063e-01,8.97642040e+00,2.01954483e-03,1.38771362e+02,8.03467178e+01,1.89894276e+01,2.09246159e-01,3.04159522e-01
5345803-S04-156I3-A-L-C-190-7-1,20.02.2020-18:18:51,2.10000000e+01,6.38643920e-01,8.82043648e+00,1.63388322e-03,2.58205994e+02,8.07898407e+01,1.85240459e+01,1.41204625e-01,6.26540899e-01
5345803-S04-156I3-A-L-C-190-7-1,20.02.2020-18:18:53,1.90000000e+01,6.43481255e-01,8.94535065e+00,1.95076247e-03,1.65741013e+02,7.99652557e+01,1.87354794e+01,1.85932428e-01,2.17029035e-01
5345803-S04-156I3-A-L-C-190-7-1,20.02.2020-18:18:56,7.00000000e+00,6.47725403e-01,8.98465443e+00,1.83696230e-03,1.01664566e+02,8.03119202e+01,1.90240288e+01,2.50839829e-01,3.60651791e-01
5345803-S04-156I3-A-L-C-190-7-1,20.02.2020-18:18:58,7.00000000e+00,6.47984922e-01,8.97863293e+00,1.95350242e-03,1.48373993e+02,8.03377762e+01,1.90250187e+01,1.81220055e-01,2.41300434e-01
5345803-S04-156I3-A-L-C-190-7-1,20.02.2020-18:19:00,8.00000000e+00,6.46160126e-01,8.95388412e+00,1.70762395e-03,1.56139587e+02,8.03223877e+01,1.89155254e+01,1.47626668e-01,1.81121066e-01
5345803-S04-156I3-A-L-C-190-7-1,20.02.2020-18:19:02,2.10000000e+01,6.45296931e-01,8.85033607e+00,1.79028395e-03,4.36529884e+01,7.99769974e+01,1.85915108e+01,6.09600842e-01,8.44491661e-01
5345803-S04-156I3-A-L-C-190-7-1,20.02.2020-18:19:04,1.90000000e+01,6.45236731e-01,8.89222622e+00,1.84308179e-03,5.80641251e+01,8.01241837e+01,1.87121372e+01,3.45004022e-01,4.61430579e-01
5345803-S04-156I3-A-L-C-190-7-1,20.02.2020-18:19:06,2.00000000e+01,6.45592749e-01,8.85683441e+00,1.88825210e-03,7.83106155e+01,8.00052948e+01,1.86202755e+01,4.29137707e-01,6.22029424e-01
5345803-S04-156I3-A-L-C-190-7-1,20.02.2020-18:19:08,1.90000000e+01,6.45072699e-01,8.91168404e+00,1.83695753e-03,1.95081421e+02,8.03443375e+01,1.87998295e+01,1.53481930e-01,3.42154652e-01
5345803-S04-156I3-A-L-C-190-7-1,20.02.2020-18:19:11,9.00000000e+00,6.46152020e-01,8.92722130e+00,1.92687032e-03,1.74240723e+02,8.01852188e+01,1.88267555e+01,1.97625011e-01,3.74960333e-01
5345803-S04-156I3-A-L-C-190-7-1,20.02.2020-18:19:13,9.00000000e+00,6.45471156e-01,8.93952084e+00,1.93017302e-03,1.37384659e+02,8.00826340e+01,1.88087387e+01,1.61377877e-01,2.03262731e-01
5345803-S04-156I3-A-L-C-190-7-1,20.02.2020-18:19:15,9.00000000e+00,6.46780550e-01,8.95798206e+00,1.98728289e-03,1.09536858e+02,8.00194702e+01,1.88709164e+01,2.47210041e-01,3.04713249e-01
5345803-S04-156I3-A-L-C-190-7-1,20.02.2020-18:19:17,7.00000000e+00,6.47663891e-01,8.98427200e+00,1.76248781e-03,1.30129211e+02,8.03545914e+01,1.90315189e+01,2.75414526e-01,3.39022398e-01
5345803-S04-156I3-A-L-C-190-7-1,20.02.2020-18:19:19,9.00000000e+00,6.46720588e-01,8.95535851e+00,1.85427547e-03,7.22660217e+01,8.01812973e+01,1.89017906e+01,3.91858518e-01,4.75087434e-01
5345803-S04-156I3-A-L-C-190-7-1,20.02.2020-18:19:21,8.00000000e+00,6.47315562e-01,8.97455883e+00,1.95652014e-03,1.35453033e+02,8.02901154e+01,1.89854736e+01,2.42700770e-01,3.01833540e-01
5345803-S04-156I3-A-L-C-190-7-1,20.02.2020-18:19:24,9.00000000e+00,6.45146847e-01,8.94597054e+00,1.68343249e-03,9.88746719e+01,8.01364594e+01,1.88254929e+01,3.77026439e-01,4.44682389e-01
5345803-S04-156I3-A-L-C-190-7-1,20.02.2020-18:19:26,9.00000000e+00,6.46848857e-01,8.94257355e+00,1.81372021e-03,7.49806061e+01,8.01270523e+01,1.88657780e+01,4.29738104e-01,5.12892783e-01
5345803-S04-156I3-A-L-C-190-7-1,20.02.2020-18:19:28,9.00000000e+00,6.46326065e-01,8.96384144e+00,1.74239557e-03,9.26598816e+01,8.01414642e+01,1.88987579e+01,3.31300944e-01,3.89985561e-01
5345803-S04-156I3-A-L-C-190-7-1,20.02.2020-18:19:30,8.00000000e+00,6.46963537e-01,8.96763420e+00,1.89242046e-03,8.30124817e+01,8.01359253e+01,1.89240952e+01,3.05668354e-01,3.79960537e-01
5345803-S04-156I3-A-L-C-190-7-1,20.02.2020-18:19:32,8.00000000e+00,6.47708356e-01,8.96530151e+00,2.18353537e-03,2.99475250e+02,8.00991058e+01,1.89322510e+01,1.36442527e-01,2.93440700e-01
5345803-S04-156I3-A-L-C-190-7-1,20.02.2020-18:19:34,9.00000000e+00,6.46680772e-01,8.95287514e+00,1.98292267e-03,2.33007385e+02,8.01315765e+01,1.88836689e+01,1.46506503e-01,4.29953724e-01
5345803-S04-156I3-A-L-C-190-7-1,20.02.2020-18:19:36,7.00000000e+00,6.48083329e-01,8.97332382e+00,1.73027837e-03,2.43591476e+02,8.04560013e+01,1.90446415e+01,1.97017044e-01,2.46376291e-01
5345803-S04-156I3-A-L-C-190-7-1,20.02.2020-18:19:39,9.00000000e+00,6.44228637e-01,8.94552803e+00,1.75474223e-03,9.20862198e+01,8.02783737e+01,1.88310604e+01,4.36665744e-01,6.31225348e-01
5345803-S04-156I3-A-L-C-190-7-1,20.02.2020-18:19:41,9.00000000e+00,6.46658182e-01,8.96744251e+00,1.95484213e-03,1.63322830e+02,8.00628204e+01,1.88975029e+01,2.29005888e-01,2.72348821e-01
5345803-S04-156I3-A-L-C-190-7-1,20.02.2020-18:19:43,7.00000000e+00,6.48381710e-01,8.98149109e+00,1.74492178e-03,1.14045181e+02,8.04656372e+01,1.90730362e+01,3.75851333e-01,4.57251877e-01
5345803-S04-156I3-A-L-C-190-7-1,20.02.2020-18:19:45,8.00000000e+00,6.46822989e-01,8.95386887e+00,1.81158155e-03,2.20294205e+02,8.03896179e+01,1.89507484e+01,1.58198223e-01,2.05343336e-01
5345803-S04-156I3-A-L-C-190-7-1,20.02.2020-18:19:47,8.00000000e+00,6.47821426e-01,8.98035431e+00,2.30778940e-03,1.93808731e+02,8.02245941e+01,1.89970646e+01,1.40627891e-01,1.76212013e-01
5345803-S04-156I3-A-L-C-190-7-1,20.02.2020-18:19:49,2.00000000e+01,6.42787755e-01,8.97238445e+00,2.10195384e-03,1.51298004e+02,7.96177216e+01,1.86902637e+01,1.78932279e-01,2.08271459e-01
5345803-S04-156I3-A-L-C-190-7-1,20.02.2020-18:19:52,7.00000000e+00,6.48205101e-01,8.98109150e+00,1.59811950e-03,1.12617302e+02,8.04510803e+01,1.90635452e+01,2.02783853e-01,2.59566694e-01
5345803-S04-156I3-A-L-C-190-7-1,20.02.2020-18:19:54,8.00000000e+00,6.48265541e-01,8.93208122e+00,1.76172878e-03,1.13462387e+02,8.06271286e+01,1.90027733e+01,2.88022608e-01,4.28286612e-01
5345803-S04-156I3-A-L-C-190-7-1,20.02.2020-18:19:56,8.00000000e+00,6.48360610e-01,8.96577549e+00,2.17577140e-03,1.48362442e+02,8.01702423e+01,1.89691486e+01,3.02106202e-01,3.99412662e-01
5345803-S04-156I3-A-L-C-190-7-1,20.02.2020-18:19:58,2.00000000e+01,6.42626107e-01,8.91838741e+00,2.04165070e-03,1.56122513e+02,7.99769592e+01,1.86569118e+01,1.72137752e-01,2.45049328e-01
5345803-S04-156I3-A-L-C-190-7-1,20.02.2020-18:20:00,9.00000000e+00,6.46340013e-01,8.96784115e+00,2.23003211e-03,2.79863098e+02,8.00618896e+01,1.88888283e+01,1.19044937e-01,2.66776860e-01
5345803-S04-156I3-A-L-C-190-7-1,20.02.2020-18:20:02,9.00000000e+00,6.45120621e-01,8.93709183e+00,1.96128688e-03,2.25439911e+02,8.01860657e+01,1.88176861e+01,1.20422721e-01,2.01496482e-01
5345803-S04-156I3-A-L-C-190-7-1,20.02.2020-18:20:04,9.00000000e+00,6.46850884e-01,8.94101143e+00,2.00121384e-03,4.86515274e+01,8.00410309e+01,1.88422890e+01,9.32265580e-01,1.10915744e+00
5345803-S04-156I3-A-L-C-190-7-1,20.02.2020-18:20:07,1.90000000e+01,6.44482851e-01,8.91331959e+00,2.17547454e-03,2.00229156e+02,8.00366516e+01,1.87141438e+01,1.65574715e-01,3.72414052e-01
5345803-S04-156I3-A-L-C-190-7-1,20.02.2020-18:20:09,8.00000000e+00,6.47190809e-01,8.95826626e+00,1.96220470e-03,4.56165314e+01,8.02354889e+01,1.89344635e+01,7.19056129e-01,8.72923851e-01
5345803-S04-156I3-A-L-C-190-7-1,20.02.2020-18:20:11,1.90000000e+01,6.44342363e-01,8.92562294e+00,1.72405236e-03,5.26847496e+01,8.01825790e+01,1.87700500e+01,8.53583574e-01,1.16806543e+00
5345803-S04-156I3-A-L-C-190-7-1,20.02.2020-18:20:13,2.00000000e+01,6.41845644e-01,8.89177322e+00,1.83607975e-03,1.11107864e+02,8.01471481e+01,1.86181812e+01,3.21592838e-01,6.71410441e-01
5345803-S04-156I3-A-L-C-190-7-1,20.02.2020-18:20:15,9.00000000e+00,6.46560788e-01,8.96568298e+00,2.21823039e-03,8.06707306e+01,8.00127792e+01,1.88791447e+01,6.46120965e-01,7.88776875e-01
5345803-S04-156I3-A-L-C-190-7-1,20.02.2020-18:20:17,8.00000000e+00,6.46322906e-01,8.94167519e+00,1.98268495e-03,1.53712219e+02,8.04202423e+01,1.89175110e+01,2.30972052e-01,3.61206919e-01
5345803-S04-156I3-A-L-C-190-7-1,20.02.2020-18:20:20,2.00000000e+01,6.41927481e-01,8.87199116e+00,1.82711298e-03,1.49000397e+02,8.02442703e+01,1.86016407e+01,3.60933185e-01,8.39240670e-01
5345803-S04-156I3-A-L-C-190-7-1,20.02.2020-18:20:22,9.00000000e+00,6.46754622e-01,8.95407581e+00,2.03984743e-03,5.57517433e+01,8.02160950e+01,1.89082794e+01,6.19782567e-01,8.09608281e-01
5345803-S04-156I3-A-L-C-190-7-1,20.02.2020-18:20:24,8.00000000e+00,6.47001803e-01,8.95458603e+00,2.03098776e-03,8.82346649e+01,8.02770844e+01,1.89309654e+01,4.67119932e-01,6.49925232e-01
5345803-S04-156I3-A-L-C-190-7-1,20.02.2020-18:20:26,1.90000000e+01,6.44412458e-01,8.93688869e+00,1.77368720e-03,4.85275917e+01,8.00479889e+01,1.87642365e+01,1.13153136e+00,1.42511213e+00
5345803-S04-156I3-A-L-C-190-7-1,20.02.2020-18:20:28,7.00000000e+00,6.49850070e-01,8.98187065e+00,1.89043221e-03,9.64003830e+01,8.03101654e+01,1.90801029e+01,4.45110977e-01,5.41296542e-01
5345803-S04-156I3-A-L-C-190-7-1,20.02.2020-18:20:30,8.00000000e+00,6.48018897e-01,8.95490360e+00,1.91425707e-03,1.32508179e+02,8.02468338e+01,1.89542522e+01,2.89598554e-01,3.96757513e-01
5345803-S04-156I3-A-L-C-190-7-1,20.02.2020-18:20:32,9.00000000e+00,6.46565855e-01,8.91880608e+00,1.82372972e-03,9.79857864e+01,8.04174118e+01,1.88755569e+01,3.35303396e-01,5.11726260e-01
5345803-S04-156I3-A-L-C-190-7-1,20.02.2020-18:20:35,1.90000000e+01,6.46480501e-01,8.88820267e+00,2.12713028e-03,1.10905464e+02,8.02098541e+01,1.87597618e+01,3.10883701e-01,9.38541591e-01
5345803-S04-156I3-A-L-C-190-7-1,20.02.2020-18:20:37,9.00000000e+00,6.45853341e-01,8.89750957e+00,1.90766354e-03,1.47315857e+02,8.05855255e+01,1.88490562e+01,1.97223857e-01,3.46368879e-01
5345803-S04-156I3-A-L-C-190-7-1,20.02.2020-18:20:39,8.00000000e+00,6.47713184e-01,8.93769169e+00,1.75639440e-03,1.66970764e+02,8.02825928e+01,1.89173222e+01,2.19320297e-01,3.17347556e-01
5345803-S04-156I3-A-L-C-190-7-1,20.02.2020-18:20:41,7.00000000e+00,6.49758816e-01,8.97350025e+00,1.97876827e-03,1.94886139e+02,8.02760086e+01,1.90515366e+01,2.07250044e-01,2.60779768e-01
5345803-S04-156I3-A-L-C-190-7-1,20.02.2020-18:20:43,1.90000000e+01,6.46204114e-01,8.88063717e+00,1.92351779e-03,1.19985023e+02,8.03928757e+01,1.87785301e+01,4.50403899e-01,1.35062218e+00
5345803-S04-156I3-A-L-C-190-7-1,20.02.2020-18:20:45,9.00000000e+00,6.46605670e-01,8.89508343e+00,1.95912737e-03,1.41794632e+02,8.03847656e+01,1.88188667e+01,3.31112683e-01,1.08301353e+00
5345803-S04-156I3-A-L-C-190-7-1,20.02.2020-18:20:48,9.00000000e+00,6.45428419e-01,9.02528572e+00,1.77045446e-03,1.48854080e+02,7.96688309e+01,1.88898144e+01,1.79747537e-01,2.12040633e-01
5345803-S04-156I3-A-L-C-190-7-1,20.02.2020-18:20:50,8.00000000e+00,6.47322893e-01,8.97264385e+00,1.97378243e-03,1.54114746e+02,8.03195496e+01,1.89885960e+01,2.38838390e-01,2.98465252e-01
5345803-S04-156I3-A-L-C-190-7-1,20.02.2020-18:20:52,9.00000000e+00,6.46518290e-01,8.93423748e+00,2.18173652e-03,2.05164108e+02,8.00592422e+01,1.88226185e+01,2.18668386e-01,2.70023614e-01
5345803-S04-156I3-A-L-C-190-7-1,20.02.2020-18:20:54,2.00000000e+00,6.36485279e-01,8.76920795e+00,1.86026213e-03,1.99922241e+02,8.06413498e+01,1.83204746e+01,2.22367600e-01,9.16385472e-01
5345803-S04-156I3-A-L-C-190-7-1,20.02.2020-18:20:56,1.90000000e+01,6.47547364e-01,8.91291428e+00,2.08248664e-03,1.31349960e+02,7.97312241e+01,1.87305241e+01,2.12688550e-01,2.77772576e-01
5345803-S04-156I3-A-L-C-190-7-1,20.02.2020-18:20:58,8.00000000e+00,6.48202956e-01,8.94978333e+00,1.60563737e-03,2.91783661e+02,8.02755661e+01,1.89555798e+01,1.13980986e-01,2.11106822e-01
5345803-S04-156I3-A-L-C-190-7-1,20.02.2020-18:21:00,1.90000000e+01,6.44614875e-01,8.92684460e+00,2.20355392e-03,1.09826637e+02,7.99582367e+01,1.87280140e+01,2.72191465e-01,4.41935152e-01
5345803-S04-156I3-A-L-C-190-7-1,20.02.2020-18:21:03,1.90000000e+01,6.47513211e-01,8.91169262e+00,1.92128622e-03,2.17056213e+02,7.98868408e+01,1.87635174e+01,1.81580096e-01,2.37346083e-01
5345803-S04-156I3-A-L-C-190-7-1,20.02.2020-18:21:05,1.90000000e+01,6.45963609e-01,8.91874599e+00,1.92797312e-03,2.06515213e+02,8.00885925e+01,1.87807407e+01,1.44359961e-01,1.86101526e-01
5345803-S04-156I3-A-L-C-190-7-1,20.02.2020-18:21:07,9.00000000e+00,6.46390915e-01,8.93394375e+00,2.19018734e-03,2.37734543e+02,8.01215515e+01,1.88329353e+01,2.75875956e-01,3.58166128e-01
5345803-S04-156I3-A-L-C-190-7-1,20.02.2020-18:21:09,8.00000000e+00,6.47723198e-01,8.96241951e+00,1.90512580e-03,1.33706482e+02,8.02594223e+01,1.89644814e+01,3.02149862e-01,4.31147009e-01
5345803-S04-156I3-A-L-C-190-7-1,20.02.2020-18:21:11,8.00000000e+00,6.48047447e-01,8.91925526e+00,2.09668116e-03,1.92927582e+02,8.04609451e+01,1.89300041e+01,2.42965028e-01,3.92234027e-01
5345803-S04-156I3-A-L-C-190-7-1,20.02.2020-18:21:13,1.90000000e+01,6.44634426e-01,8.88929367e+00,2.04038410e-03,6.49408340e+01,8.04129181e+01,1.87558498e+01,5.08617997e-01,6.61599219e-01
5345803-S04-156I3-A-L-C-190-7-1,20.02.2020-18:21:15,7.00000000e+00,6.49008155e-01,8.97337532e+00,2.05441262e-03,1.23512978e+02,8.03446655e+01,1.90455360e+01,3.01180661e-01,3.71574402e-01
5345803-S04-156I3-A-L-C-190-7-1,20.02.2020-18:21:17,8.00000000e+00,6.48127496e-01,8.95712566e+00,1.79452018e-03,2.51268311e+02,8.04063873e+01,1.89998379e+01,1.73001900e-01,2.53618151e-01
5345803-S04-156I3-A-L-C-190-7-1,20.02.2020-18:21:20,9.00000000e+00,6.46383762e-01,8.89479065e+00,1.94943359e-03,1.41390976e+02,8.04725800e+01,1.88323402e+01,2.62477428e-01,4.29631442e-01
5345803-S04-156I3-A-L-C-190-7-1,20.02.2020-18:21:22,1.90000000e+01,6.47013664e-01,8.88745594e+00,1.81134173e-03,9.33109818e+01,8.01866760e+01,1.87682304e+01,4.12282467e-01,9.77071404e-01
5345803-S04-156I3-A-L-C-190-7-1,20.02.2020-18:21:24,8.00000000e+00,6.47927999e-01,8.95839691e+00,1.93572242e-03,1.52823746e+02,8.02408752e+01,1.89575806e+01,2.17864379e-01,2.99745470e-01
5345803-S04-156I3-A-L-C-190-7-1,20.02.2020-18:21:26,8.00000000e+00,6.47996783e-01,8.97223091e+00,2.08506384e-03,1.77433548e+02,8.02897644e+01,1.90004387e+01,1.52886584e-01,2.25139782e-01
5345803-S04-156I3-A-L-C-190-7-1,20.02.2020-18:21:28,7.00000000e+00,6.49902284e-01,8.98023796e+00,2.04112893e-03,1.46793701e+02,8.02762146e+01,1.90701008e+01,2.24723667e-01,2.82566756e-01
5345803-S04-156I3-A-L-C-190-7-1,20.02.2020-18:21:30,9.00000000e+00,6.45165324e-01,9.01776028e+00,1.82391028e-03,2.05043961e+02,7.97325439e+01,1.88814564e+01,1.14823282e-01,1.36005074e-01
5345803-S04-156I3-A-L-C-190-7-1,20.02.2020-18:21:32,1.90000000e+01,6.45514905e-01,8.94249153e+00,1.80758792e-03,1.16776970e+02,7.99943466e+01,1.87955189e+01,2.82630354e-01,3.33613068e-01
5345803-S04-156I3-A-L-C-190-7-1,20.02.2020-18:21:36,2.00000000e+01,6.45701230e-01,8.88937187e+00,2.05650204e-03,2.37417496e+02,7.99862823e+01,1.86873798e+01,1.25045091e-01,2.64630675e-01
5345803-S04-156I3-A-L-C-190-7-1,20.02.2020-18:21:39,1.00000000e+00,6.37893319e-01,8.78412151e+00,1.22213317e-03,1.30548019e+02,8.06934433e+01,1.84041100e+01,1.53233886e-01,3.20974350e-01
5345803-S04-156I3-A-L-C-190-7-1,20.02.2020-18:21:41,1.00000000e+00,6.41520560e-01,8.84702110e+00,1.86688150e-03,8.31443024e+01,7.99103088e+01,1.84603825e+01,3.38138282e-01,7.23631680e-01
5345803-S04-156I3-A-L-C-190-7-1,20.02.2020-18:21:43,2.10000000e+01,6.41850829e-01,8.88182449e+00,1.92826125e-03,2.27030075e+02,8.00110550e+01,1.85659199e+01,1.77362770e-01,5.41360795e-01
5345803-S04-156I3-A-L-C-190-7-1,20.02.2020-18:21:45,1.90000000e+01,6.44846439e-01,8.91117573e+00,1.81377539e-03,1.51921112e+02,8.02845306e+01,1.87781754e+01,1.90055445e-01,4.08838421e-01
5345803-S04-156I3-A-L-C-190-7-1,20.02.2020-18:21:47,1.90000000e+01,6.45729065e-01,8.90808105e+00,1.87420216e-03,9.57083893e+01,8.00056686e+01,1.87320557e+01,3.44904572e-01,5.74883282e-01
5345803-S04-156I3-A-L-C-190-7-1,20.02.2020-18:21:49,9.00000000e+00,6.46828890e-01,8.92956448e+00,2.01428775e-03,1.65138321e+02,8.00389709e+01,1.88170433e+01,1.31671593e-01,1.90840840e-01
5345803-S04-156I3-A-L-C-190-7-1,20.02.2020-18:21:52,2.10000000e+01,6.43957019e-01,8.87507629e+00,2.19431031e-03,1.76235458e+02,7.98580322e+01,1.85770931e+01,2.39228711e-01,3.19203377e-01
5345803-S04-156I3-A-L-C-190-7-1,20.02.2020-18:21:54,1.90000000e+01,6.46287441e-01,8.90067291e+00,2.00720015e-03,5.38383728e+02,8.00129166e+01,1.87343616e+01,7.91397020e-02,1.31566659e-01
5345803-S04-156I3-A-L-C-190-7-1,20.02.2020-18:21:56,2.10000000e+01,6.43038571e-01,8.86897659e+00,1.92586344e-03,3.13371277e+02,8.00096054e+01,1.85730343e+01,1.24899477e-01,2.99942315e-01
5345803-S04-156I3-A-L-C-190-7-1,20.02.2020-18:21:58,2.00000000e+01,6.44375622e-01,8.87497711e+00,1.88318966e-03,3.39451569e+02,8.01803360e+01,1.86639862e+01,1.26754567e-01,3.01859200e-01
5345803-S04-156I3-A-L-C-190-7-1,20.02.2020-18:22:00,2.00000000e+01,6.43402636e-01,8.87348652e+00,1.76777341e-03,2.51926804e+02,8.03629761e+01,1.86751175e+01,1.94731802e-01,8.25586617e-01
5345803-S04-156I3-A-L-C-190-7-1,20.02.2020-18:22:02,2.00000000e+01,6.43821239e-01,8.90317059e+00,2.02516350e-03,2.56672638e+02,7.99239349e+01,1.86473465e+01,1.31050229e-01,2.00518444e-01
5345803-S04-156I3-A-L-C-190-7-1,20.02.2020-18:22:04,2.00000000e+01,6.44718647e-01,8.88954830e+00,2.08051340e-03,3.39718994e+02,7.99435959e+01,1.86493549e+01,1.13570482e-01,1.79325923e-01
5345803-S04-156I3-A-L-C-190-7-1,20.02.2020-18:22:07,2.00000000e+01,6.44660711e-01,8.90073681e+00,1.85454579e-03,3.13029968e+02,8.00055008e+01,1.86856060e+01,1.12061605e-01,1.52496457e-01
5345803-S04-156I3-A-L-C-190-7-1,20.02.2020-18:22:09,2.10000000e+01,6.41522884e-01,8.86708546e+00,2.12996011e-03,2.25876389e+02,7.99304123e+01,1.85069675e+01,1.58680439e-01,3.55068684e-01
5345803-S04-156I3-A-L-C-190-7-1,20.02.2020-18:22:11,2.00000000e+01,6.44533396e-01,8.88908482e+00,1.97914522e-03,3.23236786e+02,7.98681870e+01,1.86254368e+01,1.32540137e-01,1.94194153e-01
5345803-S04-156I3-A-L-C-190-7-1,20.02.2020-18:22:13,1.90000000e+01,6.46257758e-01,8.90670109e+00,2.04731105e-03,3.42354187e+02,8.01057587e+01,1.87679405e+01,1.31396383e-01,1.98797181e-01
5345803-S04-156I3-A-L-C-190-7-1,20.02.2020-18:22:15,1.90000000e+01,6.45735383e-01,8.89749241e+00,2.17015622e-03,2.68802643e+02,8.00607071e+01,1.87228432e+01,1.36628896e-01,2.14194253e-01
5345803-S04-156I3-A-L-C-190-7-1,20.02.2020-18:22:17,1.00000000e+00,6.41157866e-01,8.87077904e+00,2.01612292e-03,1.20780830e+02,7.98480911e+01,1.84850845e+01,3.36689591e-01,6.06426299e-01
5345803-S04-156I3-A-L-C-190-7-1,20.02.2020-18:22:19,2.10000000e+01,6.41521394e-01,8.89469910e+00,1.75034057e-03,2.30175354e+02,7.99119949e+01,1.85602818e+01,1.15355700e-01,1.50827318e-01
5345803-S04-156I3-A-L-C-190-7-1,20.02.2020-18:22:22,2.10000000e+01,6.41066194e-01,8.89063072e+00,1.97728258e-03,4.17272278e+02,7.98243256e+01,1.85182915e+01,8.28772411e-02,1.11808658e-01
5345803-S04-156I3-A-L-C-190-7-1,20.02.2020-18:22:24,1.90000000e+01,6.43226743e-01,8.94150925e+00,2.06222571e-03,2.87205933e+02,8.00422134e+01,1.87380409e+01,1.45153835e-01,2.39770070e-01
5345803-S04-156I3-A-L-C-190-7-1,20.02.2020-18:22:26,2.00000000e+01,6.41260743e-01,8.96929646e+00,2.09498778e-03,1.80337936e+02,7.94884872e+01,1.86091900e+01,1.67453572e-01,2.09853470e-01
5345803-S04-156I3-A-L-C-190-7-1,20.02.2020-18:22:28,9.00000000e+00,6.45008743e-01,8.96428490e+00,1.89476286e-03,3.78144135e+02,7.98997192e+01,1.88042793e+01,1.46109626e-01,1.73889801e-01
5345803-S04-156I3-A-L-C-190-7-1,20.02.2020-18:22:30,2.00000000e+01,6.43815696e-01,8.88921642e+00,2.09478429e-03,3.72926697e+02,7.99673233e+01,1.86280670e+01,1.05777740e-01,2.18716875e-01
5345803-S04-156I3-A-L-C-190-7-1,20.02.2020-18:22:32,2.00000000e+00,6.39960587e-01,8.82118511e+00,1.91728177e-03,5.33605881e+01,7.99857712e+01,1.83790512e+01,8.41249526e-01,1.35821283e+00
5345803-S04-156I3-A-L-C-190-7-1,20.02.2020-18:22:35,2.10000000e+01,6.41693234e-01,8.92254162e+00,2.18102080e-03,1.95353561e+02,7.95620804e+01,1.85418205e+01,1.92734987e-01,2.24078625e-01
5345803-S04-156I3-A-L-C-190-7-1,20.02.2020-18:22:37,8.00000000e+00,6.48112297e-01,8.94637012e+00,2.15623644e-03,1.90059280e+02,8.01497345e+01,1.89160042e+01,2.22211763e-01,2.77399004e-01
5345803-S04-156I3-A-L-C-190-7-1,20.02.2020-18:22:39,8.00000000e+00,6.48552716e-01,8.94171524e+00,1.71650958e-03,1.81047333e+02,8.02823792e+01,1.89503212e+01,2.25961491e-01,2.86445975e-01
5345803-S04-156I3-A-L-C-190-7-1,20.02.2020-18:22:43,9.00000000e+00,6.46550775e-01,8.92292690e+00,2.12357868e-03,2.43887466e+02,8.00805817e+01,1.88047409e+01,9.63061750e-02,1.70548350e-01
5345803-S04-156I3-A-L-C-190-7-1,20.02.2020-18:22:45,2.10000000e+01,6.44189358e-01,8.86501789e+00,2.04511615e-03,2.94458130e+02,7.99575424e+01,1.85858650e+01,1.58795029e-01,3.06998491e-01
5345803-S04-156I3-A-L-C-190-7-1,20.02.2020-18:22:47,3.00000000e+00,6.40847266e-01,8.79546547e+00,2.22668052e-03,1.71519669e+02,7.93006134e+01,1.81936607e+01,2.17939854e-01,4.71716464e-01
5345803-S04-156I3-A-L-C-190-7-1,20.02.2020-18:22:49,2.00000000e+00,6.40148461e-01,8.80248356e+00,2.06312072e-03,3.48350403e+02,7.97457809e+01,1.82904263e+01,1.61544383e-01,4.80068177e-01
5345803-S04-156I3-A-L-C-190-7-1,20.02.2020-18:22:52,1.90000000e+01,6.46280348e-01,8.92027187e+00,2.01057410e-03,3.31761353e+02,7.99743652e+01,1.87663593e+01,1.32587388e-01,1.70214161e-01
5345803-S04-156I3-A-L-C-190-7-1,20.02.2020-18:22:54,1.90000000e+01,6.45552695e-01,8.91931152e+00,2.32024933e-03,3.14616425e+02,7.98359299e+01,1.87107677e+01,8.24719742e-02,1.10361658e-01
5345803-S04-156I3-A-L-C-190-7-1,20.02.2020-18:22:56,1.90000000e+01,6.44520342e-01,8.90134525e+00,2.04530754e-03,3.57016235e+02,8.01570511e+01,1.87182064e+01,8.33244398e-02,1.14809558e-01
5345803-S04-156I3-A-L-C-190-7-1,20.02.2020-18:22:58,2.00000000e+01,6.44703150e-01,8.84636879e+00,1.81595609e-03,2.15731079e+02,8.01841202e+01,1.86141586e+01,1.89848229e-01,3.18679988e-01
5345803-S04-156I3-A-L-C-190-7-1,20.02.2020-18:23:00,1.90000000e+01,6.46476448e-01,8.92013454e+00,2.17824895e-03,2.93938660e+02,7.98937836e+01,1.87528496e+01,1.37724102e-01,1.71480030e-01
5345803-S04-156I3-A-L-C-190-7-1,20.02.2020-18:23:02,1.90000000e+01,6.46308005e-01,8.92455006e+00,2.15645717e-03,2.22636353e+02,8.00639420e+01,1.87971954e+01,1.35482490e-01,1.70851633e-01
5345803-S04-156I3-A-L-C-190-7-1,20.02.2020-18:23:04,9.00000000e+00,6.46549463e-01,8.92201900e+00,1.93288713e-03,3.58815369e+02,8.02467651e+01,1.88418102e+01,8.67247283e-02,1.18930817e-01
5345803-S04-156I3-A-L-C-190-7-1,20.02.2020-18:23:07,9.00000000e+00,6.46998584e-01,8.92474747e+00,2.08764221e-03,2.55924835e+02,8.00314865e+01,1.88100662e+01,9.49771032e-02,1.25611976e-01
5345803-S04-156I3-A-L-C-190-7-1,20.02.2020-18:23:09,2.00000000e+01,6.45965099e-01,8.87458038e+00,2.39958521e-03,4.92840607e+02,7.98136749e+01,1.86236324e+01,9.14378241e-02,1.35543481e-01
5345803-S04-156I3-A-L-C-190-7-1,20.02.2020-18:23:11,9.00000000e+00,6.47605538e-01,8.92105293e+00,2.01476482e-03,1.43839035e+02,8.01035461e+01,1.88368645e+01,2.49615967e-01,3.57168287e-01
5345803-S04-156I3-A-L-C-190-7-1,20.02.2020-18:23:13,2.00000000e+00,6.40220642e-01,8.83710861e+00,2.05930392e-03,3.36521637e+02,7.96332474e+01,1.83385277e+01,1.16888307e-01,3.29973400e-01
5345803-S04-156I3-A-L-C-190-7-1,20.02.2020-18:23:15,1.00000000e+00,6.40320241e-01,8.85356140e+00,2.04901118e-03,3.11135742e+02,7.97684326e+01,1.84067230e+01,1.42882347e-01,3.44387323e-01
5345803-S04-156I3-A-L-C-190-7-1,20.02.2020-18:23:17,1.00000000e+00,6.40518963e-01,8.84598637e+00,2.03700364e-03,2.28757126e+02,7.98697052e+01,1.84200382e+01,1.53820187e-01,4.39203382e-01
5345803-S04-156I3-A-L-C-190-7-1,20.02.2020-18:23:20,2.10000000e+01,6.42632306e-01,8.87141514e+00,1.97576312e-03,2.94019135e+02,7.99833603e+01,1.85603142e+01,7.27480575e-02,9.02160034e-02
5345803-S04-156I3-A-L-C-190-7-1,20.02.2020-18:23:22,2.00000000e+00,6.40137911e-01,8.83232117e+00,1.98320486e-03,2.95200012e+02,7.98363953e+01,1.83729763e+01,1.61172166e-01,3.94363105e-01
5345803-S04-156I3-A-L-C-190-7-1,20.02.2020-18:23:24,2.10000000e+01,6.43057227e-01,8.88092327e+00,2.30288692e-03,2.05304291e+02,7.97686081e+01,1.85425701e+01,1.64399698e-01,2.76705533e-01
5345803-S04-156I3-A-L-C-190-7-1,20.02.2020-18:23:26,2.40000000e+01,6.42259657e-01,8.87379646e+00,1.48749282e-03,1.04786024e+01,8.00736618e+01,1.85754776e+01,3.25277185e+00,4.21102953e+00
5345803-S04-156I3-A-L-C-190-7-1,20.02.2020-18:23:34,2.00000000e+01,6.44557536e-01,8.87651634e+00,2.28181784e-03,4.79916534e+02,7.98883057e+01,1.86044846e+01,1.09592460e-01,4.30368960e-01
5345803-S04-156I3-A-L-C-190-7-1,20.02.2020-18:23:36,1.90000000e+01,6.46385372e-01,8.89146614e+00,1.98613829e-03,5.24423706e+02,8.02597885e+01,1.87755680e+01,4.81615216e-02,9.50888693e-02
5345803-S04-156I3-A-L-C-190-7-1,20.02.2020-18:23:38,2.10000000e+01,6.43986166e-01,8.82417774e+00,2.10774550e-03,4.39223938e+02,8.00172882e+01,1.85082264e+01,1.59366101e-01,7.36498117e-01
5345803-S04-156I3-A-L-C-190-7-1,20.02.2020-18:23:40,2.00000000e+01,6.44850314e-01,8.87286091e+00,1.75831828e-03,2.37673630e+02,8.01250610e+01,1.86604099e+01,1.66307956e-01,3.39648366e-01
5345803-S04-156I3-A-L-C-190-7-1,20.02.2020-18:23:43,2.10000000e+01,6.43670440e-01,8.83297062e+00,2.15978501e-03,2.23822372e+02,8.00172424e+01,1.85175743e+01,2.36133218e-01,8.71603131e-01
5345803-S04-156I3-A-L-C-190-7-1,20.02.2020-18:23:45,2.00000000e+01,6.44850910e-01,8.87841225e+00,2.01447238e-03,6.20425476e+02,8.00264435e+01,1.86491184e+01,8.93694609e-02,4.01422530e-01
5345803-S04-156I3-A-L-C-190-7-1,20.02.2020-18:23:47,2.10000000e+01,6.43419266e-01,8.83213711e+00,1.92427798e-03,4.36084442e+02,8.00279465e+01,1.85110779e+01,1.35882974e-01,8.78348589e-01
5345803-S04-156I3-A-L-C-190-7-1,20.02.2020-18:23:49,2.10000000e+01,6.43721104e-01,8.85351658e+00,1.96934561e-03,3.83973816e+02,8.01202316e+01,1.85860004e+01,1.51336938e-01,7.42590129e-01
5345803-S04-156I3-A-L-C-190-7-1,20.02.2020-18:23:51,9.00000000e+00,6.47231996e-01,8.91215229e+00,2.21043918e-03,3.50328217e+02,8.01456223e+01,1.88170929e+01,1.30580887e-01,2.21566871e-01
5345803-S04-156I3-A-L-C-190-7-1,20.02.2020-18:23:53,2.10000000e+01,6.40618742e-01,8.97857475e+00,2.00010184e-03,8.89573364e+01,7.92844162e+01,1.85620136e+01,3.94093186e-01,4.68537718e-01
5345803-S04-156I3-A-L-C-190-7-1,20.02.2020-18:23:55,8.00000000e+00,6.48501694e-01,8.91443539e+00,1.88688247e-03,1.54426483e+02,8.04390030e+01,1.89278736e+01,1.60999581e-01,2.86719412e-01
5345803-S04-156I3-A-L-C-190-7-1,20.02.2020-18:23:57,9.00000000e+00,6.48455799e-01,8.91194916e+00,2.19925051e-03,2.64790009e+02,8.01874084e+01,1.88620739e+01,1.89518437e-01,3.11454505e-01
5345803-S04-156I3-A-L-C-190-7-1,20.02.2020-18:24:00,8.00000000e+00,6.48718297e-01,8.91256046e+00,1.76704733e-03,2.02286697e+02,8.04100037e+01,1.89233894e+01,1.52484983e-01,2.84064919e-01
5345803-S04-156I3-A-L-C-190-7-1,20.02.2020-18:24:02,3.00000000e+00,6.39345288e-01,8.77577019e+00,2.20066099e-03,3.23956665e+02,7.95840988e+01,1.81751175e+01,3.89681250e-01,2.75000978e+00
5345803-S04-156I3-A-L-C-190-7-1,20.02.2020-18:24:04,2.00000000e+00,6.37555778e-01,8.83937454e+00,2.05161702e-03,1.70508896e+02,7.98298340e+01,1.83119717e+01,2.91761667e-01,4.67900664e-01
5345803-S04-156I3-A-L-C-190-7-1,20.02.2020-18:24:06,1.00000000e+00,6.40759408e-01,8.85569191e+00,1.97325367e-03,2.75444427e+02,8.00434799e+01,1.84873066e+01,1.42546073e-01,2.74275213e-01
5345803-S04-156I3-A-L-C-190-7-1,20.02.2020-18:24:08,2.00000000e+00,6.38433158e-01,8.83736897e+00,1.92527287e-03,4.35942505e+02,7.99449997e+01,1.83594608e+01,1.20294429e-01,2.44093105e-01
5345803-S04-156I3-A-L-C-190-7-1,20.02.2020-18:24:10,2.10000000e+01,6.43016696e-01,8.85044289e+00,1.92809361e-03,4.03061035e+02,8.01871490e+01,1.85747185e+01,1.11866854e-01,1.48131743e-01
5345803-S04-156I3-A-L-C-190-7-1,20.02.2020-18:24:13,9.00000000e+00,6.47260308e-01,8.92056179e+00,1.99852441e-03,1.55454544e+02,8.01347961e+01,1.88331318e+01,1.81195676e-01,3.22950870e-01
5345803-S04-156I3-A-L-C-190-7-1,20.02.2020-18:24:15,1.90000000e+01,6.45219624e-01,8.89680767e+00,1.93310319e-03,4.59071259e+02,8.01277390e+01,1.87221107e+01,1.18197560e-01,2.82474220e-01
5345803-S04-156I3-A-L-C-190-7-1,20.02.2020-18:24:17,2.00000000e+00,6.39677823e-01,8.84747124e+00,2.02684291e-03,4.75948853e+02,7.98552704e+01,1.83956127e+01,1.22891307e-01,2.39728212e-01
5345803-S04-156I3-A-L-C-190-7-1,20.02.2020-18:24:19,2.00000000e+01,6.44614697e-01,8.88438225e+00,2.03237752e-03,1.81881622e+02,8.00515213e+01,1.86606693e+01,1.93097934e-01,2.57211596e-01
5345803-S04-156I3-A-L-C-190-7-1,20.02.2020-18:24:21,1.00000000e+00,6.40458643e-01,8.82019615e+00,2.06782250e-03,1.78588638e+02,8.00601425e+01,1.84083920e+01,1.73808172e-01,4.54279304e-01
5345803-S04-156I3-A-L-C-190-7-1,20.02.2020-18:24:23,1.00000000e+00,6.40948296e-01,8.82475662e+00,1.97060150e-03,8.76848145e+01,8.01190567e+01,1.84455547e+01,5.78268945e-01,1.00481319e+00
5345803-S04-156I3-A-L-C-190-7-1,20.02.2020-18:24:25,2.00000000e+00,6.38379216e-01,8.83588219e+00,1.91916502e-03,3.36167114e+02,8.00357666e+01,1.83756618e+01,1.27943262e-01,2.64066100e-01
5345803-S04-156I3-A-L-C-190-7-1,20.02.2020-18:24:27,1.00000000e+00,6.40688419e-01,8.81715012e+00,1.82675745e-03,2.12848709e+02,8.01359711e+01,1.84260750e+01,1.77151859e-01,6.22345507e-01
5345803-S04-156I3-A-L-C-190-7-1,20.02.2020-18:24:30,1.00000000e+00,6.40792191e-01,8.83020115e+00,1.88897550e-03,1.93679077e+02,8.01133041e+01,1.84511166e+01,1.69323474e-01,4.27170724e-01
5345803-S04-156I3-A-L-C-190-7-1,20.02.2020-18:24:32,2.10000000e+01,6.40772402e-01,8.83195877e+00,1.75750651e-03,2.99733337e+02,8.03170471e+01,1.85011520e+01,1.80025220e-01,5.36390901e-01
5345803-S04-156I3-A-L-C-190-7-1,20.02.2020-18:24:34,9.00000000e+00,6.48296833e-01,8.91289520e+00,1.95305212e-03,3.70515198e+02,8.03351746e+01,1.88942051e+01,1.06827214e-01,2.31775969e-01
5345803-S04-156I3-A-L-C-190-7-1,20.02.2020-18:24:36,1.00000000e+00,6.40378356e-01,8.82942295e+00,1.68655289e-03,1.78174576e+02,8.00336151e+01,1.84192352e+01,1.85268253e-01,3.24020892e-01
5345803-S04-156I3-A-L-C-190-7-1,20.02.2020-18:24:39,2.00000000e+01,6.43057704e-01,8.86655712e+00,1.69644225e-03,3.99623932e+02,8.01817169e+01,1.86084633e+01,8.94941688e-02,1.26695082e-01
5345803-S04-156I3-A-L-C-190-7-1,20.02.2020-18:24:41,1.00000000e+00,6.40739262e-01,8.86952686e+00,2.37265136e-03,5.91635925e+02,7.97830734e+01,1.84553699e+01,1.14027344e-01,3.03985894e-01
5345803-S04-156I3-A-L-C-190-7-1,20.02.2020-18:24:43,3.00000000e+00,6.38424397e-01,8.77924156e+00,2.18606507e-03,6.23903870e+02,7.96686783e+01,1.81754131e+01,3.30853432e-01,2.67753434e+00
5345803-S04-156I3-A-L-C-190-7-1,20.02.2020-18:24:45,1.90000000e+01,6.46389246e-01,8.90543175e+00,2.06673704e-03,5.39016174e+02,8.01174774e+01,1.87718277e+01,1.29813775e-01,3.44618857e-01
5345803-S04-156I3-A-L-C-190-7-1,20.02.2020-18:24:47,2.00000000e+01,6.44545853e-01,8.88954735e+00,1.82162586e-03,2.52850693e+02,8.01064224e+01,1.86823292e+01,8.46915096e-02,1.51297048e-01
5345803-S04-156I3-A-L-C-190-7-1,20.02.2020-18:24:49,9.00000000e+00,6.48129284e-01,8.90235138e+00,1.79057766e-03,2.23185654e+02,8.02880173e+01,1.88559017e+01,1.29044309e-01,2.52643138e-01
5345803-S04-156I3-A-L-C-190-7-1,20.02.2020-18:24:51,2.00000000e+01,6.45374835e-01,8.88875103e+00,1.96589413e-03,3.19963318e+02,8.00279388e+01,1.86863556e+01,1.57800972e-01,3.14286232e-01
5345803-S04-156I3-A-L-C-190-7-1,20.02.2020-18:24:56,2.00000000e+01,6.44633651e-01,8.88960171e+00,2.07986613e-03,2.79999786e+02,8.01556396e+01,1.86964684e+01,9.26674157e-02,3.89640361e-01
5345803-S04-156I3-A-L-C-190-7-1,20.02.2020-18:24:58,2.00000000e+01,6.45322561e-01,8.88208103e+00,2.06823112e-03,3.30266266e+02,7.99788208e+01,1.86593628e+01,1.13941468e-01,3.89743984e-01
5345803-S04-156I3-A-L-C-190-7-1,20.02.2020-18:25:00,9.00000000e+00,6.48199320e-01,8.91709328e+00,2.02775840e-03,3.40577881e+02,8.01803970e+01,1.88638458e+01,7.84525871e-02,1.91106081e-01
5345803-S04-156I3-A-L-C-190-7-1,20.02.2020-18:25:02,2.00000000e+01,6.44659042e-01,8.88068867e+00,2.18964601e-03,2.31281693e+02,8.00145340e+01,1.86455765e+01,1.70925856e-01,4.36951578e-01
5345803-S04-156I3-A-L-C-190-7-1,20.02.2020-18:25:04,2.10000000e+01,6.43958449e-01,8.83819389e+00,1.79276126e-03,2.45954437e+02,8.01533813e+01,1.85683537e+01,1.16252914e-01,6.81979656e-01
5345803-S04-156I3-A-L-C-190-7-1,20.02.2020-18:25:07,2.10000000e+01,6.43807292e-01,8.87244511e+00,2.17005215e-03,2.68294739e+02,7.99863358e+01,1.85970974e+01,1.17086314e-01,2.54592717e-01
5345803-S04-156I3-A-L-C-190-7-1,20.02.2020-18:25:09,1.00000000e+00,6.42322659e-01,8.80679703e+00,1.93159201e-03,2.63456665e+02,8.01464539e+01,1.84537983e+01,1.47965729e-01,7.12067544e-01
5345803-S04-156I3-A-L-C-190-7-1,20.02.2020-18:25:11,2.10000000e+01,6.42939866e-01,8.82033825e+00,1.75725750e-03,3.67950562e+02,8.01549683e+01,1.85018959e+01,1.77737400e-01,7.51425028e-01
5345803-S04-156I3-A-L-C-190-7-1,20.02.2020-18:25:13,1.00000000e+00,6.42907798e-01,8.81915283e+00,1.88747048e-03,3.33212585e+02,8.00975113e+01,1.84852276e+01,1.62865460e-01,9.20998812e-01
5345803-S04-156I3-A-L-C-190-7-1,20.02.2020-18:25:15,2.10000000e+01,6.43038750e-01,8.86696911e+00,1.94920332e-03,4.96368980e+01,8.01426239e+01,1.85997066e+01,6.54495656e-01,1.07810330e+00
5345803-S04-156I3-A-L-C-190-7-1,20.02.2020-18:25:17,2.10000000e+01,6.44016564e-01,8.84268570e+00,1.94023841e-03,2.73855316e+02,8.00989838e+01,1.85668564e+01,1.57619044e-01,8.23646724e-01
5345803-S04-156I3-A-L-C-190-7-1,20.02.2020-18:25:19,1.90000000e+01,6.45907760e-01,8.89503098e+00,1.92287995e-03,2.02893356e+02,8.01051331e+01,1.87330532e+01,1.41485780e-01,2.50708848e-01
5345803-S04-156I3-A-L-C-190-7-1,20.02.2020-18:25:22,9.00000000e+00,6.47497535e-01,8.91694927e+00,1.93043204e-03,4.88328491e+02,8.01783600e+01,1.88426399e+01,1.00855611e-01,2.29749456e-01
5345803-S04-156I3-A-L-C-190-7-1,20.02.2020-18:25:26,2.00000000e+01,6.42792523e-01,8.94006252e+00,2.16237013e-03,3.22746429e+02,7.95775833e+01,1.86136837e+01,5.83336093e-02,7.79057592e-02
5345803-S04-156I3-A-L-C-190-7-1,20.02.2020-18:25:28,8.00000000e+00,6.48701727e-01,8.92019844e+00,1.80328370e-03,2.98524323e+02,8.04360428e+01,1.89452534e+01,1.58283368e-01,2.78957129e-01
5345803-S04-156I3-A-L-C-190-7-1,20.02.2020-18:25:30,1.90000000e+01,6.45808935e-01,8.89540005e+00,1.78767764e-03,5.14359863e+02,8.01541367e+01,1.87424202e+01,6.75334558e-02,2.28291124e-01
5345803-S04-156I3-A-L-C-190-7-1,20.02.2020-18:25:32,9.00000000e+00,6.47613645e-01,8.91667461e+00,2.04244209e-03,2.38681519e+02,8.02576828e+01,1.88640823e+01,1.17582098e-01,2.64647275e-01
5345803-S04-156I3-A-L-C-190-7-1,20.02.2020-18:25:34,1.90000000e+01,6.45338178e-01,8.90281200e+00,1.85789377e-03,2.64530731e+02,8.02428055e+01,1.87650986e+01,1.19526319e-01,2.85808206e-01
5345803-S04-156I3-A-L-C-190-7-1,20.02.2020-18:25:36,9.00000000e+00,6.48079693e-01,8.90521908e+00,1.93721335e-03,2.97739960e+02,8.02360840e+01,1.88483315e+01,1.43093497e-01,2.97034919e-01
5345803-S04-156I3-A-L-C-190-7-1,20.02.2020-18:25:39,2.00000000e+01,6.45323515e-01,8.86943817e+00,1.86904450e-03,1.57239487e+02,8.01511383e+01,1.86729755e+01,1.51359022e-01,4.92350966e-01
5345803-S04-156I3-A-L-C-190-7-1,20.02.2020-18:25:41,2.00000000e+01,6.42628610e-01,8.94570160e+00,1.83238776e-03,4.51629181e+02,7.95762253e+01,1.86203556e+01,6.42248839e-02,7.69669861e-02
5345803-S04-156I3-A-L-C-190-7-1,20.02.2020-18:25:43,9.00000000e+00,6.48062766e-01,8.91409111e+00,1.90068246e-03,1.81683914e+02,8.01496811e+01,1.88463020e+01,1.34610131e-01,2.45490626e-01
5345803-S04-156I3-A-L-C-190-7-1,20.02.2020-18:25:45,2.00000000e+01,6.45065844e-01,8.86303997e+00,2.32966780e-03,2.92408752e+02,7.99394150e+01,1.86027813e+01,1.19266994e-01,3.92011285e-01
5345803-S04-156I3-A-L-C-190-7-1,20.02.2020-18:25:47,9.00000000e+00,6.47797585e-01,8.90865421e+00,1.93437771e-03,4.36950531e+02,8.01577606e+01,1.88289967e+01,1.01006947e-01,2.08456352e-01
5345803-S04-156I3-A-L-C-190-7-1,20.02.2020-18:25:49,2.00000000e+01,6.44819736e-01,8.87182713e+00,2.13556667e-03,1.88852997e+02,8.00072632e+01,1.86299210e+01,1.88419193e-01,5.23820877e-01
5345803-S04-156I3-A-L-C-190-7-1,20.02.2020-18:25:51,1.90000000e+01,6.47688568e-01,8.90169716e+00,1.96531205e-03,2.08097443e+02,8.00706635e+01,1.87906895e+01,1.46356344e-01,2.68026680e-01
5345803-S04-156I3-A-L-C-190-7-1,20.02.2020-18:25:54,9.00000000e+00,6.48636758e-01,8.91601372e+00,2.10064254e-03,2.58819275e+02,8.00553284e+01,1.88448524e+01,1.15675598e-01,2.10713893e-01
5345803-S04-156I3-A-L-C-190-7-1,20.02.2020-18:25:56,9.00000000e+00,6.48018837e-01,8.90945339e+00,2.22340855e-03,1.37878143e+02,8.00054321e+01,1.88013210e+01,1.73009023e-01,2.86352515e-01
5345803-S04-156I3-A-L-C-190-7-1,20.02.2020-18:25:58,9.00000000e+00,6.47927582e-01,8.92288589e+00,1.82773755e-03,2.55989044e+02,8.01547928e+01,1.88621616e+01,1.44436151e-01,2.37902179e-01
5345803-S04-156I3-A-L-C-190-7-1,20.02.2020-18:26:00,9.00000000e+00,6.47584081e-01,8.90679359e+00,2.05692183e-03,3.98486694e+02,8.02338409e+01,1.88367214e+01,1.55266955e-01,2.98897326e-01
5345803-S04-156I3-A-L-C-190-7-1,20.02.2020-18:26:02,1.00000000e+00,6.39749229e-01,8.87162018e+00,1.85720634e-03,4.34476814e+01,7.98541336e+01,1.84476185e+01,4.79685932e-01,6.50772572e-01
5345803-S04-156I3-A-L-C-190-7-1,20.02.2020-18:26:04,2.10000000e+01,6.42664909e-01,8.86827374e+00,2.18053721e-03,4.33054688e+02,8.00849228e+01,1.85782413e+01,1.14096887e-01,5.38228154e-01
5345803-S04-156I3-A-L-C-190-7-1,20.02.2020-18:26:06,1.90000000e+01,6.44037545e-01,8.97135353e+00,1.82011537e-03,7.86997742e+02,7.96939087e+01,1.87423668e+01,6.08317554e-02,7.28875995e-02
5345803-S04-156I3-A-L-C-190-7-1,20.02.2020-18:26:09,1.00000000e+00,6.40622318e-01,8.84746361e+00,1.77120219e-03,4.24672913e+02,7.99490738e+01,1.84443970e+01,1.58128977e-01,2.76661724e-01
5345803-S04-156I3-A-L-C-190-7-1,20.02.2020-18:26:11,9.00000000e+00,6.46756232e-01,8.92332649e+00,2.00745184e-03,6.27893250e+02,8.01414795e+01,1.88258667e+01,7.72101879e-02,1.33165881e-01
5345803-S04-156I3-A-L-C-190-7-1,20.02.2020-18:26:13,9.00000000e+00,6.46194756e-01,8.93316269e+00,2.22931174e-03,1.76806427e+02,8.01031799e+01,1.88212585e+01,1.86905414e-01,2.71985084e-01
5345803-S04-156I3-A-L-C-190-7-1,20.02.2020-18:26:15,9.00000000e+00,6.47336662e-01,8.94755077e+00,2.08734511e-03,5.38375061e+02,8.01048889e+01,1.88852863e+01,8.13287944e-02,1.42726973e-01
5345803-S04-156I3-A-L-C-190-7-1,20.02.2020-18:26:17,1.00000000e+00,6.40109479e-01,8.84849644e+00,2.02834513e-03,8.48146133e+01,7.98953018e+01,1.84193878e+01,4.45601583e-01,6.84882820e-01
5345803-S04-156I3-A-L-C-190-7-1,20.02.2020-18:26:19,1.00000000e+00,6.40756905e-01,8.84132290e+00,1.70710578e-03,2.29388184e+02,8.00221329e+01,1.84523163e+01,2.49087840e-01,5.17332911e-01
5345803-S04-156I3-A-L-C-190-7-1,20.02.2020-18:26:21,1.90000000e+01,6.45531595e-01,8.91211796e+00,1.95033767e-03,2.17415237e+02,8.01632156e+01,1.87717056e+01,2.17549443e-01,2.64513552e-01
5345803-S04-156I3-A-L-C-190-7-1,20.02.2020-18:26:24,1.00000000e+00,6.40980422e-01,8.85069180e+00,1.71088334e-03,1.79467285e+02,8.00135727e+01,1.84763355e+01,2.94111431e-01,5.36672354e-01
5345803-S04-156I3-A-L-C-190-7-1,20.02.2020-18:26:26,1.90000000e+01,6.45945907e-01,8.91811848e+00,2.01334246e-03,4.22036438e+02,8.00311584e+01,1.87654381e+01,1.08689100e-01,1.37211636e-01
5345803-S04-156I3-A-L-C-190-7-1,20.02.2020-18:26:28,1.00000000e+00,6.40453815e-01,8.84406757e+00,2.00291956e-03,1.64407593e+02,8.00577545e+01,1.84575272e+01,2.68142253e-01,5.64085305e-01
5345803-S04-156I3-A-L-C-190-7-1,20.02.2020-18:26:30,2.00000000e+01,6.42132998e-01,8.89763451e+00,1.83758186e-03,2.40632446e+02,8.01906128e+01,1.86489010e+01,1.59795612e-01,2.80759275e-01
5345803-S04-156I3-A-L-C-190-7-1,20.02.2020-18:26:32,2.00000000e+01,6.44618809e-01,8.90131283e+00,1.83170312e-03,1.37803925e+02,8.00420609e+01,1.86941395e+01,2.75229365e-01,3.25293362e-01
5345803-S04-156I3-A-L-C-190-7-1,20.02.2020-18:26:34,2.00000000e+01,6.43284142e-01,8.90381527e+00,1.95977604e-03,5.85478699e+02,8.01310730e+01,1.86814308e+01,6.58656582e-02,1.50063634e-01
5345803-S04-156I3-A-L-C-190-7-1,20.02.2020-18:26:36,2.00000000e+00,6.40860379e-01,8.78915119e+00,1.87082391e-03,3.53552277e+02,7.99432983e+01,1.83283195e+01,1.87557474e-01,1.05529702e+00
5345803-S04-156I3-A-L-C-190-7-1,20.02.2020-18:26:39,1.00000000e+00,6.41331553e-01,8.81182384e+00,1.88273552e-03,7.88156494e+02,7.99928436e+01,1.84005051e+01,1.15825668e-01,7.50740170e-01
5345803-S04-156I3-A-L-C-190-7-1,20.02.2020-18:26:41,2.00000000e+01,6.42994523e-01,8.89914131e+00,2.03641644e-03,3.41661316e+02,8.00876007e+01,1.86530914e+01,7.94311091e-02,1.72274217e-01
5345803-S04-156I3-A-L-C-190-7-1,20.02.2020-18:26:43,1.00000000e+00,6.42215252e-01,8.83431435e+00,2.04876019e-03,3.45847473e+02,7.98960800e+01,1.84505424e+01,1.32749692e-01,6.58067763e-01
5345803-S04-156I3-A-L-C-190-7-1,20.02.2020-18:26:45,1.90000000e+01,6.43563271e-01,8.90857983e+00,1.93704048e-03,3.37622528e+02,8.01557999e+01,1.87053089e+01,1.78167522e-01,2.95255601e-01
5345803-S04-156I3-A-L-C-190-7-1,20.02.2020-18:26:47,9.00000000e+00,6.45897388e-01,8.92006111e+00,1.80118205e-03,1.12770531e+02,8.02064438e+01,1.88092213e+01,2.36998290e-01,2.90387481e-01
5345803-S04-156I3-A-L-C-190-7-1,20.02.2020-18:26:49,1.90000000e+01,6.44401312e-01,8.89637280e+00,1.81796763e-03,3.67795258e+02,8.02773743e+01,1.87323704e+01,1.25099227e-01,4.36120689e-01
5345803-S04-156I3-A-L-C-190-7-1,20.02.2020-18:26:51,2.10000000e+01,6.43893957e-01,8.85638714e+00,1.64795015e-03,2.40582031e+02,8.00749054e+01,1.85864983e+01,1.42123535e-01,4.23937112e-01
5345803-S04-156I3-A-L-C-190-7-1,20.02.2020-18:26:53,2.00000000e+01,6.44168019e-01,8.86670303e+00,1.69979467e-03,2.49412979e+02,8.01799545e+01,1.86404915e+01,2.05159143e-01,6.28380775e-01
5345803-S04-156I3-A-L-C-190-7-1,20.02.2020-18:26:56,1.90000000e+01,6.45128131e-01,8.89083385e+00,1.62843778e-03,3.16567413e+02,8.01439514e+01,1.87106743e+01,1.64119825e-01,3.38803053e-01
5345803-S04-156I3-A-L-C-190-7-1,20.02.2020-18:26:58,2.10000000e+01,6.42659724e-01,8.84341812e+00,1.76912767e-03,1.75840012e+02,7.99860229e+01,1.85031471e+01,1.64021254e-01,3.74716550e-01
5345803-S04-156I3-A-L-C-190-7-1,20.02.2020-18:27:00,2.00000000e+01,6.44117236e-01,8.88418674e+00,1.78548926e-03,2.70920410e+02,8.02362823e+01,1.86888924e+01,1.36965528e-01,3.73309672e-01
5345803-S04-156I3-A-L-C-190-7-1,20.02.2020-18:27:02,9.00000000e+00,6.46292388e-01,8.92545605e+00,1.83754822e-03,3.32226044e+02,8.03493271e+01,1.88656540e+01,1.22913823e-01,1.76962093e-01
5345803-S04-156I3-A-L-C-190-7-1,20.02.2020-18:27:04,1.90000000e+01,6.45786881e-01,8.91500854e+00,2.07603723e-03,1.95638321e+02,8.00748978e+01,1.87645264e+01,1.77850947e-01,2.72319168e-01
5345803-S04-156I3-A-L-C-190-7-1,20.02.2020-18:27:06,9.00000000e+00,6.47782743e-01,8.90630722e+00,1.94508152e-03,3.29643616e+02,8.04317551e+01,1.88879490e+01,1.15734413e-01,2.29110599e-01
5345803-S04-156I3-A-L-C-190-7-1,20.02.2020-18:27:09,2.00000000e+01,6.42898440e-01,8.88220787e+00,1.84169749e-03,1.56129425e+02,8.01431351e+01,1.86277256e+01,2.10672498e-01,2.50147343e-01
5345803-S04-156I3-A-L-C-190-7-1,20.02.2020-18:27:11,1.90000000e+01,6.45436823e-01,8.90514851e+00,1.96454837e-03,3.35938843e+02,8.01096344e+01,1.87417374e+01,1.13051668e-01,2.21182212e-01
5345803-S04-156I3-A-L-C-190-7-1,20.02.2020-18:27:13,1.90000000e+01,6.45877481e-01,8.91421890e+00,2.05774722e-03,3.38583893e+02,8.01467133e+01,1.87823257e+01,1.25858366e-01,2.30180606e-01
5345803-S04-156I3-A-L-C-190-7-1,20.02.2020-18:27:15,9.00000000e+00,6.47181809e-01,8.89369106e+00,1.69649196e-03,2.48090561e+02,8.03558121e+01,1.88259048e+01,1.54661000e-01,2.39556268e-01
5345803-S04-156I3-A-L-C-190-7-1,20.02.2020-18:27:17,9.00000000e+00,6.47415936e-01,8.90999508e+00,1.71884254e-03,2.02523300e+02,8.02277832e+01,1.88371773e+01,1.88777760e-01,2.64345706e-01
5345803-S04-156I3-A-L-C-190-7-1,20.02.2020-18:27:19,1.90000000e+01,6.44538879e-01,8.92135429e+00,1.90793560e-03,3.89922272e+02,8.01661606e+01,1.87629528e+01,6.58884495e-02,1.04296774e-01
5345803-S04-156I3-A-L-C-190-7-1,20.02.2020-18:27:21,9.00000000e+00,6.47293091e-01,8.90840340e+00,1.74425077e-03,3.14678284e+02,8.02473907e+01,1.88348427e+01,8.35015252e-02,1.38228863e-01
5345803-S04-156I3-A-L-C-190-7-1,20.02.2020-18:27:24,9.00000000e+00,6.47444129e-01,8.91800785e+00,1.83950237e-03,2.26665115e+02,8.01608200e+01,1.88392010e+01,1.28574997e-01,1.94807187e-01
5345803-S04-156I3-A-L-C-190-7-1,20.02.2020-18:27:26,9.00000000e+00,6.47267759e-01,8.90957069e+00,1.88770646e-03,1.94284103e+02,8.01613998e+01,1.88163872e+01,1.28881529e-01,2.06730068e-01
5345803-S04-156I3-A-L-C-190-7-1,20.02.2020-18:27:28,1.90000000e+01,6.44092083e-01,8.90619278e+00,1.96200795e-03,2.07525131e+02,8.02102966e+01,1.87283878e+01,1.23796977e-01,3.33265007e-01
5345803-S04-156I3-A-L-C-190-7-1,20.02.2020-18:27:30,1.00000000e+00,6.38871193e-01,8.84145927e+00,1.82842533e-03,2.07744766e+02,8.02131195e+01,1.84422054e+01,2.15466887e-01,1.03817809e+00
5345803-S04-156I3-A-L-C-190-7-1,20.02.2020-18:27:32,9.00000000e+00,6.46482825e-01,8.89833069e+00,1.79682695e-03,2.05443695e+02,8.03479843e+01,1.88135490e+01,1.46076262e-01,3.17644924e-01
5345803-S04-156I3-A-L-C-190-7-1,20.02.2020-18:27:34,2.00000000e+00,6.39334857e-01,8.80620861e+00,1.79528072e-03,5.08353699e+02,8.02179031e+01,1.83831024e+01,2.74261057e-01,2.38267303e+00
5345803-S04-156I3-A-L-C-190-7-1,20.02.2020-18:27:36,9.00000000e+00,6.46506131e-01,8.90646553e+00,1.80494029e-03,2.02342377e+02,8.03255920e+01,1.88261795e+01,1.62379727e-01,3.31609875e-01
5345803-S04-156I3-A-L-C-190-7-1,20.02.2020-18:27:38,9.00000000e+00,6.46596849e-01,8.90415096e+00,1.87146349e-03,2.38798080e+02,8.05139694e+01,1.88680725e+01,1.06384620e-01,3.01691324e-01
5345803-S04-156I3-A-L-C-190-7-1,20.02.2020-18:27:41,1.40000000e+01,6.46579802e-01,8.90821552e+00,1.93778146e-03,6.89510269e+01,8.02701187e+01,1.88190174e+01,1.77208972e+00,2.51675272e+00
5345803-S04-156I3-A-L-C-190-7-1,20.02.2020-18:27:43,1.00000000e+00,6.40868902e-01,8.81943703e+00,1.85724895e-03,1.61390518e+02,8.02273560e+01,1.84570694e+01,6.18630290e-01,2.25658274e+00
5345803-S04-156I3-A-L-C-190-7-1,20.02.2020-18:27:45,9.00000000e+00,6.48073137e-01,8.89191246e+00,1.87005231e-03,4.22218170e+02,8.03946838e+01,1.88571796e+01,1.10723734e-01,4.90737379e-01
5345803-S04-156I3-A-L-C-190-7-1,20.02.2020-18:27:47,1.90000000e+01,6.44304514e-01,8.90136242e+00,1.80119101e-03,3.29151093e+02,8.03082047e+01,1.87472572e+01,8.79754126e-02,2.36548573e-01
5345803-S04-156I3-A-L-C-190-7-1,20.02.2020-18:27:49,1.00000000e+00,6.41917646e-01,8.82743740e+00,1.83796731e-03,3.29981506e+02,7.98564606e+01,1.84184971e+01,1.52547002e-01,4.21740323e-01
5345803-S04-156I3-A-L-C-190-7-1,20.02.2020-18:27:51,2.10000000e+01,6.42740250e-01,8.86068821e+00,1.88080559e-03,4.06590118e+02,8.00168381e+01,1.85487461e+01,1.27380252e-01,4.20546353e-01
5345803-S04-156I3-A-L-C-190-7-1,20.02.2020-18:27:54,2.10000000e+01,6.42298400e-01,8.84503746e+00,1.72304327e-03,3.58309418e+02,8.00948715e+01,1.85212975e+01,1.45531952e-01,3.80437315e-01
5345803-S04-156I3-A-L-C-190-7-1,20.02.2020-18:27:56,2.00000000e+01,6.44350410e-01,8.88222122e+00,1.78912317e-03,3.20181732e+02,8.02304840e+01,1.86901722e+01,1.48830548e-01,3.55164140e-01
5345803-S04-156I3-A-L-C-190-7-1,20.02.2020-18:27:58,1.90000000e+01,6.44590497e-01,8.90093136e+00,1.65516511e-03,3.15498932e+02,8.03001480e+01,1.87527885e+01,1.22263931e-01,3.87920529e-01
5345803-S04-156I3-A-L-C-190-7-1,20.02.2020-18:28:00,9.00000000e+00,6.46503091e-01,8.91886997e+00,1.88747246e-03,5.53619141e+02,8.01224060e+01,1.88046207e+01,7.74991661e-02,1.50949121e-01
5345803-S04-156I3-A-L-C-190-7-1,20.02.2020-18:28:02,2.00000000e+01,6.43730760e-01,8.85389042e+00,2.02347827e-03,3.76971283e+02,8.01761322e+01,1.86000328e+01,1.86950952e-01,5.77710032e-01
5345803-S04-156I3-A-L-C-190-7-1,20.02.2020-18:28:04,2.00000000e+00,6.41062856e-01,8.78494644e+00,1.88398873e-03,2.34408768e+02,7.98799438e+01,1.83108139e+01,1.99017420e-01,9.57492173e-01
5345803-S04-156I3-A-L-C-190-7-1,20.02.2020-18:28:07,2.00000000e+01,6.44448996e-01,8.86702251e+00,1.82245800e-03,4.31414368e+02,8.01600113e+01,1.86446552e+01,1.00203633e-01,3.36121917e-01
5345803-S04-156I3-A-L-C-190-7-1,20.02.2020-18:28:09,9.00000000e+00,6.47026598e-01,8.91357040e+00,2.02814932e-03,2.53950638e+02,8.02220078e+01,1.88320465e+01,1.01044685e-01,1.98634386e-01
5345803-S04-156I3-A-L-C-190-7-1,20.02.2020-18:28:11,2.00000000e+01,6.44996166e-01,8.85925961e+00,1.90454512e-03,3.74369659e+02,8.01167908e+01,1.86340942e+01,1.37129173e-01,4.18726832e-01
5345803-S04-156I3-A-L-C-190-7-1,20.02.2020-18:28:13,2.00000000e+01,6.45125508e-01,8.87276459e+00,1.71549490e-03,4.42819916e+02,8.02156601e+01,1.86892776e+01,7.66919181e-02,3.16330314e-01
5345803-S04-156I3-A-L-C-190-7-1,20.02.2020-18:28:15,2.00000000e+01,6.44928515e-01,8.88027191e+00,2.00735638e-03,4.26140350e+02,8.01422577e+01,1.86822681e+01,1.00382976e-01,3.23628902e-01
5345803-S04-156I3-A-L-C-190-7-1,20.02.2020-18:28:17,9.00000000e+00,6.47920966e-01,8.90729809e+00,1.80362607e-03,2.13108978e+02,8.02404251e+01,1.88491344e+01,1.35614410e-01,2.49304429e-01
5345803-S04-156I3-A-L-C-190-7-1,20.02.2020-18:28:19,2.00000000e+01,6.43056571e-01,8.86782742e+00,1.81791070e-03,2.13179306e+02,8.02309341e+01,1.86225185e+01,1.40694290e-01,2.89366603e-01
5345803-S04-156I3-A-L-C-190-7-1,20.02.2020-18:28:22,2.00000000e+01,6.44195497e-01,8.89788914e+00,1.92699279e-03,6.08002197e+02,8.00078506e+01,1.86666946e+01,8.18919614e-02,1.12405941e-01
5345803-S04-156I3-A-L-C-190-7-1,20.02.2020-18:28:24,1.90000000e+01,6.46559179e-01,8.88652420e+00,1.55122858e-03,4.48480988e+02,8.02975998e+01,1.87790222e+01,9.01958272e-02,2.70265996e-01
5345803-S04-156I3-A-L-C-190-7-1,20.02.2020-18:28:26,2.00000000e+01,6.42598391e-01,8.93652248e+00,2.01909197e-03,3.73489807e+02,7.97764511e+01,1.86471767e+01,7.36506507e-02,9.49664861e-02
5345803-S04-156I3-A-L-C-190-7-1,20.02.2020-18:28:28,9.00000000e+00,6.46880269e-01,8.90793419e+00,1.75918103e-03,7.04964844e+02,8.03236160e+01,1.88397160e+01,5.39831556e-02,1.32878527e-01
5345803-S04-156I3-A-L-C-190-7-1,20.02.2020-18:28:30,1.90000000e+01,6.45966470e-01,8.90108681e+00,1.67778425e-03,2.61428955e+02,8.01929398e+01,1.87680588e+01,1.29831865e-01,2.78647393e-01
5345803-S04-156I3-A-L-C-190-7-1,20.02.2020-18:28:32,8.00000000e+00,6.48801863e-01,8.91010380e+00,1.70575071e-03,1.23378555e+02,8.05064545e+01,1.89433060e+01,1.88733548e-01,3.14606547e-01
5345803-S04-156I3-A-L-C-190-7-1,20.02.2020-18:28:35,9.00000000e+00,6.46740556e-01,8.90251255e+00,1.74113666e-03,1.54995850e+02,8.04107361e+01,1.88446007e+01,1.68310255e-01,3.20078760e-01
5345803-S04-156I3-A-L-C-190-7-1,20.02.2020-18:28:37,1.90000000e+01,6.44752383e-01,8.91630363e+00,1.94456242e-03,1.36480316e+02,7.99847107e+01,1.87160835e+01,2.13449091e-01,3.90353739e-01
5345803-S04-156I3-A-L-C-190-7-1,20.02.2020-18:28:39,2.10000000e+01,6.42404914e-01,8.88958168e+00,1.96175557e-03,2.29132889e+02,8.00124588e+01,1.85985012e+01,2.00046182e-01,6.22037947e-01
5345803-S04-156I3-A-L-C-190-7-1,20.02.2020-18:28:41,2.00000000e+01,6.46789134e-01,8.88798046e+00,2.09627068e-03,3.96934387e+02,7.96948013e+01,1.86477318e+01,1.01032414e-01,1.44397616e-01
5345803-S04-156I3-A-L-C-190-7-1,20.02.2020-18:28:43,1.90000000e+01,6.44621670e-01,8.92551422e+00,1.92006002e-03,1.68017258e+02,8.00644684e+01,1.87502995e+01,2.18356714e-01,3.61375898e-01
5345803-S04-156I3-A-L-C-190-7-1,20.02.2020-18:28:45,1.90000000e+01,6.45650029e-01,8.92282677e+00,2.09858548e-03,1.90497650e+02,7.99267731e+01,1.87422676e+01,1.40613720e-01,1.78840876e-01
5345803-S04-156I3-A-L-C-190-7-1,20.02.2020-18:28:47,9.00000000e+00,6.47246838e-01,8.94789696e+00,2.18299497e-03,2.76258606e+02,8.01499405e+01,1.88940182e+01,1.36638433e-01,4.08252567e-01
5345803-S04-156I3-A-L-C-190-7-1,20.02.2020-18:28:49,1.90000000e+01,6.47502899e-01,8.91319656e+00,1.88234262e-03,1.04384918e+02,7.97935562e+01,1.87444725e+01,2.60632515e-01,3.31976235e-01
5345803-S04-156I3-A-L-C-190-7-1,20.02.2020-18:28:52,8.00000000e+00,6.48040414e-01,8.93278885e+00,1.77615671e-03,8.01402893e+01,8.03469391e+01,1.89316597e+01,3.27684283e-01,4.98118252e-01
5345803-S04-156I3-A-L-C-190-7-1,20.02.2020-18:28:54,1.90000000e+01,6.44255519e-01,8.91525745e+00,2.17631087e-03,1.82056839e+02,8.00184937e+01,1.87073650e+01,1.88097343e-01,3.68055940e-01
5345803-S04-156I3-A-L-C-190-7-1,20.02.2020-18:28:56,8.00000000e+00,6.48059905e-01,8.93237019e+00,1.88681309e-03,1.34296585e+02,8.03329010e+01,1.89280338e+01,2.41023332e-01,3.44766229e-01
5345803-S04-156I3-A-L-C-190-7-1,20.02.2020-18:28:58,1.90000000e+01,6.47002935e-01,8.89295387e+00,2.04130728e-03,2.44739655e+02,7.98574295e+01,1.87024212e+01,1.33790091e-01,1.86437681e-01
5345803-S04-156I3-A-L-C-190-7-1,20.02.2020-18:29:00,2.00000000e+01,6.44356608e-01,8.90937042e+00,2.06465810e-03,2.77081207e+02,8.00039444e+01,1.86945438e+01,1.70050755e-01,3.54024976e-01
5345803-S04-156I3-A-L-C-190-7-1,20.02.2020-18:29:02,2.00000000e+01,6.43792450e-01,8.88099194e+00,1.85879495e-03,1.51405930e+02,8.00253220e+01,1.86236572e+01,2.82584250e-01,1.11836624e+00
5345803-S04-156I3-A-L-C-190-7-1,20.02.2020-18:29:04,2.00000000e+01,6.46204174e-01,8.90060806e+00,2.25491636e-03,2.54648804e+02,7.98599854e+01,1.86960087e+01,1.27349541e-01,5.56326449e-01
5345803-S04-156I3-A-L-C-190-7-1,20.02.2020-18:29:07,8.00000000e+00,6.48238122e-01,8.97040749e+00,2.08312692e-03,9.51803513e+01,8.01224899e+01,1.89640617e+01,4.08230215e-01,4.99704033e-01
5345803-S04-156I3-A-L-C-190-7-1,20.02.2020-18:29:09,8.00000000e+00,6.46698236e-01,8.96423340e+00,1.87893573e-03,1.89317459e+02,8.01588593e+01,1.89145737e+01,2.02368483e-01,3.59712571e-01
5345803-S04-156I3-A-L-C-190-7-1,20.02.2020-18:29:11,1.90000000e+01,6.44518554e-01,8.94668102e+00,2.19294941e-03,3.90090027e+02,7.99870987e+01,1.87735977e+01,9.58284587e-02,2.91468769e-01
5345803-S04-156I3-A-L-C-190-7-1,20.02.2020-18:29:13,9.00000000e+00,6.47516072e-01,8.94313335e+00,1.95750128e-03,1.95353470e+02,8.01646194e+01,1.88952732e+01,1.62561834e-01,4.34293270e-01
5345803-S04-156I3-A-L-C-190-7-1,20.02.2020-18:29:15,1.90000000e+01,6.44065678e-01,8.94754887e+00,1.97058450e-03,3.43174164e+02,8.01474686e+01,1.87998428e+01,1.33231297e-01,3.81084263e-01
5345803-S04-156I3-A-L-C-190-7-1,20.02.2020-18:29:17,3.00000000e+00,6.38740838e-01,8.72663403e+00,1.85670564e-03,1.95384216e+02,7.96401443e+01,1.80689831e+01,2.54747659e-01,1.52467060e+00
5345803-S04-156I3-A-L-C-190-7-1,20.02.2020-18:29:20,1.90000000e+01,6.45628095e-01,8.90379715e+00,2.10867450e-03,2.38706436e+02,8.00429840e+01,1.87288513e+01,1.49503544e-01,4.52141851e-01
5345803-S04-156I3-A-L-C-190-7-1,20.02.2020-18:29:22,1.90000000e+01,6.47385240e-01,8.90413189e+00,1.83847081e-03,1.83419662e+02,7.97132645e+01,1.87031689e+01,1.54288515e-01,1.95909590e-01
5345803-S04-156I3-A-L-C-190-7-1,20.02.2020-18:29:24,1.90000000e+01,6.44573331e-01,8.91863728e+00,2.08402751e-03,2.85673218e+02,8.00214539e+01,1.87243805e+01,1.24909282e-01,3.10397655e-01
5345803-S04-156I3-A-L-C-190-7-1,20.02.2020-18:29:26,1.90000000e+01,6.44692361e-01,8.92499924e+00,1.85235997e-03,2.10805435e+02,7.99872131e+01,1.87331791e+01,1.51356548e-01,3.25457245e-01
5345803-S04-156I3-A-L-C-190-7-1,20.02.2020-18:29:28,1.90000000e+01,6.44984305e-01,8.92726040e+00,1.98431360e-03,2.29664551e+02,7.99654312e+01,1.87413044e+01,1.74788296e-01,3.26192737e-01
5345803-S04-156I3-A-L-C-190-7-1,20.02.2020-18:29:30,2.00000000e+01,6.45745397e-01,8.88784981e+00,1.89815171e-03,1.79287781e+02,7.99538193e+01,1.86778736e+01,1.99221402e-01,6.06921911e-01
5345803-S04-156I3-A-L-C-190-7-1,20.02.2020-18:29:32,2.00000000e+01,6.44109488e-01,8.90745831e+00,2.06117192e-03,8.71535645e+01,7.99107208e+01,1.86615944e+01,3.20479631e-01,5.32919049e-01
5345803-S04-156I3-A-L-C-190-7-1,20.02.2020-18:29:35,1.90000000e+01,6.45605385e-01,8.92316341e+00,2.23777210e-03,2.67876923e+02,7.99331436e+01,1.87431717e+01,1.22362643e-01,1.56989858e-01
5345803-S04-156I3-A-L-C-190-7-1,20.02.2020-18:29:37,1.90000000e+01,6.46190345e-01,8.90032196e+00,1.97052467e-03,1.90567169e+02,7.98984528e+01,1.87040119e+01,1.49701253e-01,2.04718083e-01
5345803-S04-156I3-A-L-C-190-7-1,20.02.2020-18:29:39,2.00000000e+01,6.44616842e-01,8.91949177e+00,2.20972765e-03,1.65333206e+02,7.98620529e+01,1.86901340e+01,2.34897092e-01,4.33732331e-01
5345803-S04-156I3-A-L-C-190-7-1,20.02.2020-18:29:41,1.90000000e+01,6.45999253e-01,8.92635441e+00,1.89353677e-03,1.28195404e+02,7.99703293e+01,1.87700424e+01,2.42697105e-01,2.89896220e-01
5345803-S04-156I3-A-L-C-190-7-1,20.02.2020-18:29:43,9.00000000e+00,6.47725046e-01,8.93742561e+00,2.17439537e-03,8.08874588e+01,8.01869354e+01,1.88945675e+01,3.16251069e-01,4.74197477e-01
5345803-S04-156I3-A-L-C-190-7-1,20.02.2020-18:29:45,1.90000000e+01,6.45084321e-01,8.92401314e+00,2.09744857e-03,2.09504822e+02,7.99699631e+01,1.87384548e+01,1.04815587e-01,1.86337575e-01
5345803-S04-156I3-A-L-C-190-7-1,20.02.2020-18:29:47,2.00000000e+01,6.46356106e-01,8.89345646e+00,1.89634983e-03,2.00874756e+02,7.98254318e+01,1.86772919e+01,1.85122311e-01,2.36701578e-01
5345803-S04-156I3-A-L-C-190-7-1,20.02.2020-18:29:49,2.00000000e+01,6.47287786e-01,8.89438057e+00,1.84624677e-03,1.92890396e+02,7.97713394e+01,1.86934834e+01,1.58816472e-01,2.06067219e-01
5345803-S04-156I3-A-L-C-190-7-1,20.02.2020-18:29:52,2.10000000e+01,6.42446280e-01,8.88635731e+00,1.74222584e-03,1.60419022e+02,8.00058594e+01,1.85914211e+01,3.02680641e-01,7.65120625e-01
5345803-S04-156I3-A-L-C-190-7-1,20.02.2020-18:29:54,1.90000000e+01,6.45640910e-01,8.88520145e+00,2.04218319e-03,2.08073532e+02,8.00915298e+01,1.87014427e+01,2.08611771e-01,6.40217662e-01
5345803-S04-156I3-A-L-C-190-7-1,20.02.2020-18:29:56,1.90000000e+01,6.45563841e-01,8.88642120e+00,2.13390472e-03,1.02737724e+02,8.00942307e+01,1.87024078e+01,2.86176890e-01,7.38123000e-01
5345803-S04-156I3-A-L-C-190-7-1,20.02.2020-18:29:58,8.00000000e+00,6.47943735e-01,8.92692089e+00,1.48736499e-03,2.08273285e+02,8.04164276e+01,1.89327621e+01,9.15842429e-02,1.57461554e-01
5345803-S04-156I3-A-L-C-190-7-1,20.02.2020-18:30:00,9.00000000e+00,6.46943688e-01,8.95801926e+00,2.19616108e-03,1.40584091e+02,8.00722656e+01,1.88882103e+01,2.08275601e-01,2.74592102e-01
5345803-S04-156I3-A-L-C-190-7-1,20.02.2020-18:30:02,1.90000000e+01,6.47210896e-01,8.90778160e+00,1.90032041e-03,1.07487541e+02,7.97076340e+01,1.87044754e+01,1.91842243e-01,2.52166063e-01
5345803-S04-156I3-A-L-C-190-7-1,20.02.2020-18:30:05,1.90000000e+01,6.45869792e-01,8.89767170e+00,2.19616480e-03,2.16022842e+02,7.99766998e+01,1.87074680e+01,2.28870049e-01,6.13145828e-01
5345803-S04-156I3-A-L-C-190-7-1,20.02.2020-18:30:07,2.00000000e+01,6.46309137e-01,8.88702869e+00,1.89322326e-03,2.51658737e+02,7.99504471e+01,1.86916637e+01,1.48718715e-01,1.97649077e-01
5345803-S04-156I3-A-L-C-190-7-1,20.02.2020-18:30:09,1.90000000e+01,6.44003093e-01,8.94132519e+00,1.98950665e-03,9.59904480e+01,8.01075287e+01,1.87755814e+01,2.92543679e-01,5.51868141e-01
5345803-S04-156I3-A-L-C-190-7-1,20.02.2020-18:30:11,2.00000000e+01,6.42288744e-01,8.85704327e+00,1.79084414e-03,1.22865372e+02,8.06450424e+01,1.86735535e+01,3.87253255e-01,4.95760977e-01
5345803-S04-156I3-A-L-C-190-7-1,20.02.2020-18:30:13,9.00000000e+00,6.46004438e-01,8.94630432e+00,1.85478467e-03,1.65392334e+02,8.01738586e+01,1.88600197e+01,2.51963079e-01,3.06635559e-01
5345803-S04-156I3-A-L-C-190-7-1,20.02.2020-18:30:15,1.90000000e+01,6.43687606e-01,8.92764187e+00,1.75068842e-03,1.86412231e+02,8.03406448e+01,1.87921906e+01,4.48825955e-01,6.58054352e-01
5345803-S04-156I3-A-L-C-190-7-1,20.02.2020-18:30:17,1.90000000e+01,6.44266665e-01,8.93614578e+00,1.92167901e-03,6.57873611e+01,8.00182953e+01,1.87514725e+01,5.16029358e-01,7.64362037e-01
5345803-S04-156I3-A-L-C-190-7-1,20.02.2020-18:30:20,9.00000000e+00,6.45288467e-01,8.95327282e+00,1.96083821e-03,1.21287193e+02,8.02960510e+01,1.88825264e+01,2.86504686e-01,3.93503338e-01
5345803-S04-156I3-A-L-C-190-7-1,20.02.2020-18:30:22,2.00000000e+01,6.42332017e-01,8.88784313e+00,1.88192574e-03,1.50449677e+02,8.00840683e+01,1.86093960e+01,4.72295940e-01,7.85605311e-01
5345803-S04-156I3-A-L-C-190-7-1,20.02.2020-18:30:24,8.00000000e+00,6.47138059e-01,8.95655060e+00,1.95172988e-03,1.11357727e+02,8.03417816e+01,1.89543724e+01,3.96853745e-01,5.35904884e-01
5345803-S04-156I3-A-L-C-190-7-1,20.02.2020-18:30:26,2.00000000e+01,6.42092109e-01,8.89762974e+00,1.94841402e-03,1.82083771e+02,8.02414932e+01,1.86595364e+01,2.45157614e-01,5.12222350e-01
5345803-S04-156I3-A-L-C-190-7-1,20.02.2020-18:30:28,1.90000000e+01,6.44752145e-01,8.92512417e+00,1.79367710e-03,1.55016006e+02,8.00604095e+01,1.87523232e+01,2.26128861e-01,2.76683599e-01
5345803-S04-156I3-A-L-C-190-7-1,20.02.2020-18:30:30,9.00000000e+00,6.47215426e-01,8.93526363e+00,1.85224111e-03,1.96901947e+02,8.02141266e+01,1.88815346e+01,1.98545203e-01,3.02274495e-01
5345803-S04-156I3-A-L-C-190-7-1,20.02.2020-18:30:32,8.00000000e+00,6.48710489e-01,8.95057964e+00,2.27659731e-03,1.98666534e+02,8.03375854e+01,1.89867687e+01,1.98574185e-01,3.27077061e-01
5345803-S04-156I3-A-L-C-190-7-1,20.02.2020-18:30:35,8.00000000e+00,6.47521615e-01,8.97435474e+00,2.06394773e-03,1.76820267e+02,8.02384491e+01,1.89788628e+01,2.43343726e-01,3.34519118e-01
5345803-S04-156I3-A-L-C-190-7-1,20.02.2020-18:31:00,8.00000000e+00,6.47652209e-01,8.95434284e+00,1.84475619e-03,1.37342285e+02,8.02321548e+01,1.89388752e+01,2.18314946e-01,2.94764131e-01
5345803-S04-156I3-A-L-C-190-7-1,20.02.2020-18:31:02,8.00000000e+00,6.48142695e-01,8.93173218e+00,2.15155911e-03,1.93691940e+02,8.05149689e+01,1.89720020e+01,2.56681830e-01,3.78442258e-01
5345803-S04-156I3-A-L-C-190-7-1,20.02.2020-18:31:04,7.00000000e+00,6.49119735e-01,8.93660164e+00,1.80225063e-03,1.62346390e+02,8.06227264e+01,1.90364017e+01,2.56031066e-01,4.43734854e-01
5345803-S04-156I3-A-L-C-190-7-1,20.02.2020-18:31:06,8.00000000e+00,6.46806479e-01,8.96320724e+00,2.14596721e-03,1.17001068e+02,8.03019943e+01,1.89493504e+01,3.10974509e-01,4.03386772e-01
5345803-S04-156I3-A-L-C-190-7-1,20.02.2020-18:31:08,7.00000000e+00,6.49615228e-01,8.98946190e+00,1.97458360e-03,1.59784073e+02,8.03976593e+01,1.91101227e+01,2.12519392e-01,2.62280166e-01
5345803-S04-156I3-A-L-C-190-7-1,20.02.2020-18:31:10,8.00000000e+00,6.48641884e-01,8.94715214e+00,2.22355383e-03,1.98612503e+02,8.04030304e+01,1.89929504e+01,2.50369519e-01,4.58850265e-01
5345803-S04-156I3-A-L-C-190-7-1,20.02.2020-18:31:13,9.00000000e+00,6.45604253e-01,8.94667149e+00,2.02178746e-03,5.49477577e+01,8.01199951e+01,1.88364468e+01,6.34956777e-01,7.40823865e-01
5345803-S04-156I3-A-L-C-190-7-1,20.02.2020-18:31:15,7.00000000e+00,6.48249328e-01,8.94743919e+00,1.95359369e-03,1.42086670e+02,8.06049576e+01,1.90297356e+01,3.39329809e-01,5.16350687e-01
5345803-S04-156I3-A-L-C-190-7-1,20.02.2020-18:31:17,1.40000000e+01,6.43261671e-01,8.93968201e+00,2.15247413e-03,2.45072613e+01,7.99278030e+01,1.87084484e+01,1.74432099e+00,2.10783577e+00
5345803-S04-156I3-A-L-C-190-7-1,20.02.2020-18:31:19,9.00000000e+00,6.46431446e-01,8.95810318e+00,1.95065362e-03,8.33774948e+01,8.00242691e+01,1.88621178e+01,5.14553368e-01,6.20367467e-01
5345803-S04-156I3-A-L-C-190-7-1,20.02.2020-18:31:21,1.90000000e+01,6.44313157e-01,8.90767765e+00,1.71184132e-03,3.43493469e+02,8.02818985e+01,1.87546673e+01,1.16146773e-01,1.44689471e-01
5345803-S04-156I3-A-L-C-190-7-1,20.02.2020-18:31:23,1.90000000e+01,6.45171642e-01,8.89822292e+00,1.52082136e-03,1.23772072e+02,8.03358841e+01,1.87723370e+01,2.64203429e-01,4.05778676e-01
5345803-S04-156I3-A-L-C-190-7-1,20.02.2020-18:31:25,8.00000000e+00,6.46757662e-01,8.97949696e+00,1.82177825e-03,1.82308670e+02,8.03753738e+01,1.89997044e+01,2.30098367e-01,2.69482642e-01
5345803-S04-156I3-A-L-C-190-7-1,20.02.2020-18:31:27,2.00000000e+01,6.44476175e-01,8.84630775e+00,1.72580464e-03,1.20375359e+02,8.04267578e+01,1.86637840e+01,2.51789659e-01,3.30278039e-01
5345803-S04-156I3-A-L-C-190-7-1,20.02.2020-18:31:30,3.00000000e+00,6.37845159e-01,8.76580524e+00,1.77256449e-03,2.01668381e+02,7.99671478e+01,1.81990585e+01,1.68425679e-01,3.40099335e-01
5345803-S04-156I3-A-L-C-190-7-1,20.02.2020-18:31:32,1.90000000e+01,6.44809186e-01,8.85250950e+00,1.67331879e-03,2.84164093e+02,8.05352859e+01,1.87117329e+01,8.89951214e-02,2.08743617e-01
5345803-S04-156I3-A-L-C-190-7-1,20.02.2020-18:31:34,2.00000000e+00,6.40864313e-01,8.77753735e+00,1.88921124e-03,3.97762878e+02,7.98022842e+01,1.82719250e+01,1.06435597e-01,2.29361594e-01
5345803-S04-156I3-A-L-C-190-7-1,20.02.2020-18:31:36,2.00000000e+01,6.45145714e-01,8.86919212e+00,2.00972147e-03,2.23143524e+02,8.02736969e+01,1.86958561e+01,1.09026983e-01,2.03184217e-01
5345803-S04-156I3-A-L-C-190-7-1,20.02.2020-18:31:38,3.00000000e+00,6.37452185e-01,8.76939011e+00,1.49360567e-03,9.51128311e+01,7.98892136e+01,1.81775513e+01,2.78910279e-01,5.21329403e-01
5345803-S04-156I3-A-L-C-190-7-1,20.02.2020-18:31:40,2.10000000e+01,6.42141342e-01,8.85589314e+00,1.88040722e-03,2.68450336e+01,8.01665115e+01,1.85560780e+01,9.24995720e-01,1.21136034e+00
5345803-S04-156I3-A-L-C-190-7-1,20.02.2020-18:31:43,1.00000000e+00,6.40998483e-01,8.85996914e+00,2.06143851e-03,2.94756813e+01,7.97203369e+01,1.84284382e+01,1.02503967e+00,1.18477488e+00
5345803-S04-156I3-A-L-C-190-7-1,20.02.2020-18:31:45,1.00000000e+00,6.40940845e-01,8.81203747e+00,1.68433262e-03,8.30288162e+01,8.01536255e+01,1.84267044e+01,3.92845392e-01,1.26379502e+00
5345803-S04-156I3-A-L-C-190-7-1,20.02.2020-18:31:47,2.10000000e+01,6.42065287e-01,8.85456562e+00,1.99130992e-03,1.35043640e+02,8.01709213e+01,1.85521183e+01,2.72613168e-01,4.91597116e-01
5345803-S04-156I3-A-L-C-190-7-1,20.02.2020-18:31:49,2.10000000e+01,6.42969131e-01,8.84457302e+00,2.02448387e-03,1.16354195e+02,8.02127151e+01,1.85669441e+01,2.68799245e-01,4.52174872e-01
5345803-S04-156I3-A-L-C-190-7-1,20.02.2020-18:31:51,2.00000000e+01,6.43875122e-01,8.87371635e+00,1.90878729e-03,6.16309624e+01,8.02481155e+01,1.86626034e+01,4.12088066e-01,5.50820887e-01
5345803-S04-156I3-A-L-C-190-7-1,20.02.2020-18:31:53,2.00000000e+01,6.44310057e-01,8.85566902e+00,1.88753079e-03,2.55104935e+02,8.00982895e+01,1.86024342e+01,1.91772312e-01,3.50470483e-01
5345803-S04-156I3-A-L-C-190-7-1,20.02.2020-18:31:55,2.00000000e+01,6.43055439e-01,8.87303257e+00,1.75466447e-03,1.10282654e+02,8.02455368e+01,1.86368084e+01,2.81849176e-01,3.58155996e-01
5345803-S04-156I3-A-L-C-190-7-1,20.02.2020-18:31:58,2.10000000e+01,6.39545321e-01,8.83407307e+00,1.83788082e-03,2.27341721e+02,8.04935303e+01,1.85107288e+01,2.29179427e-01,5.24950981e-01
5345803-S04-156I3-A-L-C-190-7-1,20.02.2020-18:32:00,2.10000000e+01,6.43451869e-01,8.86210251e+00,2.03408278e-03,1.59888290e+02,7.99901047e+01,1.85660400e+01,2.18260229e-01,5.16107976e-01
5345803-S04-156I3-A-L-C-190-7-1,20.02.2020-18:32:02,2.00000000e+01,6.44885778e-01,8.85887527e+00,2.05730181e-03,3.03940704e+02,8.03101730e+01,1.86750660e+01,1.43904537e-01,2.68491715e-01
5345803-S04-156I3-A-L-C-190-7-1,20.02.2020-18:32:04,2.00000000e+01,6.45473897e-01,8.85939407e+00,1.73667481e-03,1.04670105e+02,8.02967529e+01,1.86900673e+01,2.80394942e-01,4.20469791e-01
5345803-S04-156I3-A-L-C-190-7-1,20.02.2020-18:32:06,9.00000000e+00,6.46815419e-01,8.90407276e+00,1.92497112e-03,1.43395782e+02,8.03108902e+01,1.88266773e+01,1.38994098e-01,1.89011753e-01
5345803-S04-156I3-A-L-C-190-7-1,20.02.2020-18:32:08,1.40000000e+01,6.40630960e-01,8.81369495e+00,1.98484608e-03,2.10436745e+01,7.97556610e+01,1.83297958e+01,1.55943751e+00,2.21942258e+00
5345803-S04-156I3-A-L-C-190-7-1,20.02.2020-18:32:10,2.10000000e+01,6.42495275e-01,8.85632229e+00,1.70334103e-03,2.76843170e+02,8.02980499e+01,1.85976715e+01,1.72170117e-01,2.88757265e-01
5345803-S04-156I3-A-L-C-190-7-1,20.02.2020-18:32:13,2.10000000e+01,6.41420662e-01,8.83919525e+00,1.63770292e-03,1.70265228e+02,8.02238159e+01,1.85135269e+01,1.46743894e-01,3.22721064e-01
5345803-S04-156I3-A-L-C-190-7-1,20.02.2020-18:32:15,1.00000000e+00,6.43273413e-01,8.83549786e+00,1.77616521e-03,2.69793365e+02,7.99434662e+01,1.84943810e+01,1.83081895e-01,3.52040201e-01
5345803-S04-156I3-A-L-C-190-7-1,20.02.2020-18:32:17,1.90000000e+01,6.44589126e-01,8.91405487e+00,2.03204039e-03,1.25328720e+02,8.02616959e+01,1.87714081e+01,3.13992798e-01,4.23759043e-01
5345803-S04-156I3-A-L-C-190-7-1,20.02.2020-18:32:19,2.00000000e+01,6.42743409e-01,8.87281132e+00,1.60125690e-03,1.55749680e+02,8.01635437e+01,1.86082687e+01,2.54291534e-01,3.37412447e-01
5345803-S04-156I3-A-L-C-190-7-1,20.02.2020-18:32:21,2.10000000e+01,6.41338468e-01,8.84655762e+00,1.87320437e-03,1.37234390e+02,8.01713867e+01,1.85144653e+01,2.61927962e-01,4.14779425e-01
5345803-S04-156I3-A-L-C-190-7-1,20.02.2020-18:32:23,1.00000000e+00,6.40483499e-01,8.82320404e+00,1.83177157e-03,1.98069168e+02,8.01096344e+01,1.84267693e+01,1.80306211e-01,3.06824803e-01
5345803-S04-156I3-A-L-C-190-7-1,20.02.2020-18:32:25,2.00000000e+00,6.40294313e-01,8.78204441e+00,1.67198130e-03,1.55633408e+02,8.03239136e+01,1.83844357e+01,2.06519663e-01,8.21282268e-01
5345803-S04-156I3-A-L-C-190-7-1,20.02.2020-18:32:27,2.00000000e+01,6.44773602e-01,8.85720825e+00,1.91995490e-03,2.23295013e+02,8.03597946e+01,1.86798363e+01,1.27020448e-01,2.37894133e-01
5345803-S04-156I3-A-L-C-190-7-1,20.02.2020-18:32:30,2.00000000e+01,6.42734706e-01,8.89489079e+00,1.97319174e-03,1.76189392e+02,8.00644073e+01,1.86312542e+01,1.47665367e-01,2.29436696e-01
5345803-S04-156I3-A-L-C-190-7-1,20.02.2020-18:32:32,1.90000000e+01,6.44768417e-01,8.89473057e+00,2.10001483e-03,2.62047577e+02,8.01114044e+01,1.87008400e+01,1.48405358e-01,2.49430984e-01
5345803-S04-156I3-A-L-C-190-7-1,20.02.2020-18:32:34,2.10000000e+01,6.42305851e-01,8.85931206e+00,1.99332763e-03,2.02275742e+02,8.00825882e+01,1.85485592e+01,2.63224840e-01,4.94803041e-01
5345803-S04-156I3-A-L-C-190-7-1,20.02.2020-18:32:36,2.40000000e+01,6.43398881e-01,8.90831661e+00,2.22298759e-03,2.24298739e+00,7.76142349e+01,1.81070404e+01,1.41788445e+01,
5345803-S04-156I3-A-L-C-190-7-1,20.02.2020-18:32:38,2.00000000e+00,6.41338050e-01,8.80225468e+00,2.04594224e-03,1.41136795e+02,7.96372452e+01,1.82989998e+01,3.97527814e-01,8.46768141e-01
5345803-S04-156I3-A-L-C-190-7-1,20.02.2020-18:32:40,2.00000000e+00,6.42052710e-01,8.80637169e+00,2.20279559e-03,1.07385002e+02,7.94854889e+01,1.82930336e+01,3.40979040e-01,7.38657355e-01
5345803-S04-156I3-A-L-C-190-7-1,20.02.2020-18:32:42,1.30000000e+01,6.35512590e-01,8.69532585e+00,1.87550578e-03,1.35325317e+02,7.91302185e+01,1.77984657e+01,2.82602161e-01,3.96673054e-01
5345803-S04-156I3-A-L-C-190-7-1,20.02.2020-18:32:44,1.90000000e+01,6.44875169e-01,8.90824509e+00,1.91378011e-03,8.59494629e+01,8.02335052e+01,1.87609043e+01,2.87719578e-01,3.41565102e-01
5345803-S04-156I3-A-L-C-190-7-1,20.02.2020-18:32:47,1.90000000e+01,6.45110190e-01,8.92422295e+00,1.72496529e-03,2.32979309e+02,8.01758347e+01,1.87878876e+01,1.86968207e-01,2.41612628e-01
5345803-S04-156I3-A-L-C-190-7-1,20.02.2020-18:32:49,2.00000000e+01,6.43901229e-01,8.90962887e+00,2.12530303e-03,5.61853104e+01,8.00047913e+01,1.86820717e+01,6.86815441e-01,8.37369323e-01
5345803-S04-156I3-A-L-C-190-7-1,20.02.2020-18:32:51,1.90000000e+01,6.43588126e-01,8.90565014e+00,1.86468987e-03,4.22288551e+01,8.02262192e+01,1.87163086e+01,8.99643838e-01,1.05231738e+00
5345803-S04-156I3-A-L-C-190-7-1,20.02.2020-18:32:53,9.00000000e+00,6.48226857e-01,8.95509529e+00,1.89155759e-03,6.45276566e+01,7.99982300e+01,1.89020023e+01,4.85907644e-01,5.76166749e-01
5345803-S04-156I3-A-L-C-190-7-1,20.02.2020-18:32:55,9.00000000e+00,6.49326444e-01,8.91517735e+00,2.28788657e-03,7.08230286e+01,8.02102432e+01,1.88996220e+01,5.13349056e-01,8.33545208e-01
5345803-S04-156I3-A-L-C-190-7-1,20.02.2020-18:32:57,8.00000000e+00,6.49925470e-01,8.91339397e+00,1.93849427e-03,4.73433151e+01,8.02850647e+01,1.89309158e+01,7.91471660e-01,1.14892340e+00
5345803-S04-156I3-A-L-C-190-7-1,20.02.2020-18:33:00,1.90000000e+01,6.46311641e-01,8.93879509e+00,1.97754824e-03,2.77837524e+01,7.98452606e+01,1.87758808e+01,1.03684092e+00,1.22094560e+00
5345803-S04-156I3-A-L-C-190-7-1,20.02.2020-18:33:02,1.00000000e+00,6.41785383e-01,8.80507278e+00,1.62248698e-03,2.40371811e+02,8.02450714e+01,1.84574337e+01,2.22758472e-01,1.05333900e+00
5345803-S04-156I3-A-L-C-190-7-1,20.02.2020-18:33:04,9.00000000e+00,6.46907628e-01,8.92249870e+00,1.65389024e-03,1.69857254e+02,8.03900146e+01,1.88869171e+01,1.76122144e-01,2.24852085e-01
5345803-S04-156I3-A-L-C-190-7-1,20.02.2020-18:33:06,1.00000000e+00,6.40795648e-01,8.79940605e+00,1.91583880e-03,2.78779846e+02,8.02473755e+01,1.84176369e+01,2.23294556e-01,9.98152733e-01
5345803-S04-156I3-A-L-C-190-7-1,20.02.2020-18:33:08,2.00000000e+01,6.44173086e-01,8.85800743e+00,1.85089186e-03,1.43910156e+02,8.01558838e+01,1.86167660e+01,1.79769754e-01,3.21347803e-01
5345803-S04-156I3-A-L-C-190-7-1,20.02.2020-18:33:11,2.00000000e+01,6.44054353e-01,8.87387180e+00,1.85110595e-03,5.48318176e+02,8.01872406e+01,1.86539631e+01,8.43074769e-02,2.53768831e-01
5345803-S04-156I3-A-L-C-190-7-1,20.02.2020-18:33:13,9.00000000e+00,6.45550251e-01,8.93967533e+00,2.07780418e-03,3.71459076e+02,8.01191330e+01,1.88199406e+01,9.21457484e-02,1.21325165e-01
5345803-S04-156I3-A-L-C-190-7-1,20.02.2020-18:33:15,9.00000000e+00,6.46387160e-01,8.92202568e+00,1.98743003e-03,5.24754028e+02,8.01308212e+01,1.88098774e+01,8.13602209e-02,1.14825144e-01
5345803-S04-156I3-A-L-C-190-7-1,20.02.2020-18:33:17,2.00000000e+01,6.41540289e-01,8.89736938e+00,1.81399810e-03,2.89830292e+02,8.01247864e+01,1.86158409e+01,1.08932003e-01,1.68493614e-01
5345803-S04-156I3-A-L-C-190-7-1,20.02.2020-18:33:19,1.90000000e+01,6.44696653e-01,8.92740917e+00,2.08838913e-03,3.72258881e+02,8.01238708e+01,1.87703762e+01,1.26448333e-01,1.82398349e-01
5345803-S04-156I3-A-L-C-190-7-1,20.02.2020-18:33:21,1.90000000e+01,6.44486547e-01,8.91364098e+00,1.81714899e-03,4.06400238e+02,8.02174301e+01,1.87571964e+01,8.14481899e-02,1.05474040e-01
5345803-S04-156I3-A-L-C-190-7-1,20.02.2020-18:33:24,1.90000000e+01,6.45928323e-01,8.92099571e+00,2.09319405e-03,3.45772156e+02,8.00843735e+01,1.87834625e+01,1.00007586e-01,1.34596527e-01
5345803-S04-156I3-A-L-C-190-7-1,20.02.2020-18:33:26,1.90000000e+01,6.45264089e-01,8.91797638e+00,1.84087444e-03,2.93501953e+02,8.01579895e+01,1.87750378e+01,1.55294001e-01,2.11269453e-01
5345803-S04-156I3-A-L-C-190-7-1,20.02.2020-18:33:28,1.90000000e+01,6.44125760e-01,8.90810871e+00,1.66011509e-03,1.89380859e+02,8.01611176e+01,1.87219105e+01,1.39200374e-01,1.74937680e-01
5345803-S04-156I3-A-L-C-190-7-1,20.02.2020-18:33:30,2.10000000e+01,6.42557323e-01,8.89650917e+00,1.99525920e-03,4.89077026e+02,7.99252319e+01,1.85971146e+01,8.66706520e-02,1.62236139e-01
5345803-S04-156I3-A-L-C-190-7-1,20.02.2020-18:33:32,1.90000000e+01,6.44289792e-01,8.91778278e+00,1.99692068e-03,3.86099274e+02,8.01001358e+01,1.87327518e+01,1.39570490e-01,2.46219918e-01
5345803-S04-156I3-A-L-C-190-7-1,20.02.2020-18:33:34,1.90000000e+01,6.45698667e-01,8.91752720e+00,2.04791757e-03,2.91248535e+02,8.01052551e+01,1.87743759e+01,1.78152218e-01,2.26753742e-01
5345803-S04-156I3-A-L-C-190-7-1,20.02.2020-18:33:36,1.90000000e+01,6.44495487e-01,8.92106342e+00,1.92533666e-03,3.31391876e+02,8.00705109e+01,1.87386932e+01,1.25660598e-01,2.08966240e-01
5345803-S04-156I3-A-L-C-190-7-1,20.02.2020-18:33:39,1.90000000e+01,6.43891454e-01,8.91437721e+00,1.78022764e-03,2.65708069e+02,8.00972748e+01,1.87133522e+01,1.53813630e-01,1.93097934e-01
5345803-S04-156I3-A-L-C-190-7-1,20.02.2020-18:33:41,2.10000000e+01,6.41773105e-01,8.87974453e+00,1.93766877e-03,1.28975220e+02,7.99285736e+01,1.85401917e+01,3.15703988e-01,4.17169541e-01
5345803-S04-156I3-A-L-C-190-7-1,20.02.2020-18:33:43,9.00000000e+00,6.46662414e-01,8.91320419e+00,1.70632440e-03,3.93228851e+02,8.04250641e+01,1.88683147e+01,1.04399659e-01,2.25786015e-01
5345803-S04-156I3-A-L-C-190-7-1,20.02.2020-18:33:45,2.10000000e+01,6.41310096e-01,8.83860207e+00,1.81952212e-03,4.70463257e+02,8.03564911e+01,1.85397034e+01,1.51582778e-01,6.19124115e-01
5345803-S04-156I3-A-L-C-190-7-1,20.02.2020-18:33:47,8.00000000e+00,6.48046196e-01,8.91460323e+00,1.63602130e-03,4.22766083e+02,8.05507507e+01,1.89412117e+01,1.02181986e-01,2.38817975e-01
5345803-S04-156I3-A-L-C-190-7-1,20.02.2020-18:33:49,9.00000000e+00,6.47220314e-01,8.91818237e+00,1.74324063e-03,4.04665894e+02,8.04062576e+01,1.88907204e+01,1.11423820e-01,2.27337927e-01
5345803-S04-156I3-A-L-C-190-7-1,20.02.2020-18:33:51,8.00000000e+00,6.47304475e-01,8.92642784e+00,1.88516197e-03,6.15875366e+02,8.04790497e+01,1.89277668e+01,5.51733039e-02,1.62993416e-01
5345803-S04-156I3-A-L-C-190-7-1,20.02.2020-18:33:53,9.00000000e+00,6.46530807e-01,8.89483166e+00,1.77615497e-03,6.08502075e+02,8.04278641e+01,1.88262463e+01,8.11591223e-02,3.09853822e-01
5345803-S04-156I3-A-L-C-190-7-1,20.02.2020-18:33:56,9.00000000e+00,6.46250129e-01,8.90202141e+00,1.74474856e-03,3.48999054e+02,8.04550323e+01,1.88396435e+01,1.47955388e-01,3.35707307e-01
5345803-S04-156I3-A-L-C-190-7-1,20.02.2020-18:33:58,2.00000000e+00,6.41346872e-01,8.79352188e+00,2.14918284e-03,3.80934570e+02,7.95149002e+01,1.82530136e+01,1.08223625e-01,4.45106864e-01
5345803-S04-156I3-A-L-C-190-7-1,20.02.2020-18:34:00,3.00000000e+00,6.40840709e-01,8.77983570e+00,2.00730027e-03,1.84829788e+02,7.94204330e+01,1.81885834e+01,1.98034853e-01,6.36665523e-01
5345803-S04-156I3-A-L-C-190-7-1,20.02.2020-18:34:02,2.00000000e+00,6.42348528e-01,8.81647015e+00,1.92940782e-03,6.56245346e+01,7.94202271e+01,1.83074055e+01,4.67894316e-01,8.49343061e-01
5345803-S04-156I3-A-L-C-190-7-1,20.02.2020-18:34:04,1.90000000e+01,6.47420287e-01,8.91825771e+00,2.31684907e-03,1.96599854e+02,7.99480743e+01,1.87890358e+01,1.91555664e-01,2.81436712e-01
5345803-S04-156I3-A-L-C-190-7-1,20.02.2020-18:34:06,1.00000000e+00,6.43393397e-01,8.84693527e+00,1.94641075e-03,1.99687225e+02,7.95833969e+01,1.84383526e+01,1.76600859e-01,3.57928783e-01
5345803-S04-156I3-A-L-C-190-7-1,20.02.2020-18:34:08,1.90000000e+01,6.47461832e-01,8.92476940e+00,2.20461143e-03,1.92631378e+02,7.98859329e+01,1.87893467e+01,1.86033949e-01,2.68437505e-01
5345803-S04-156I3-A-L-C-190-7-1,20.02.2020-18:34:11,9.00000000e+00,6.48212075e-01,8.93655300e+00,2.44874554e-03,3.37630066e+02,7.99022522e+01,1.88398037e+01,1.27675697e-01,1.84064686e-01
5345803-S04-156I3-A-L-C-190-7-1,20.02.2020-18:34:13,2.10000000e+01,6.43754303e-01,8.87834358e+00,2.28342018e-03,1.39453857e+02,7.98172073e+01,1.85685844e+01,2.58907944e-01,4.49043751e-01
5345803-S04-156I3-A-L-C-190-7-1,20.02.2020-18:34:15,9.00000000e+00,6.48607731e-01,8.91670132e+00,2.14010966e-03,2.04270828e+02,7.99716949e+01,1.88257732e+01,1.72416508e-01,2.46371597e-01
5345803-S04-156I3-A-L-C-190-7-1,20.02.2020-18:34:17,9.00000000e+00,6.47584796e-01,8.91306496e+00,2.12473515e-03,1.74241821e+02,8.00876160e+01,1.88156528e+01,1.73730388e-01,2.53955841e-01
5345803-S04-156I3-A-L-C-190-7-1,20.02.2020-18:34:19,1.90000000e+01,6.46175742e-01,8.89482784e+00,2.29980727e-03,1.67698257e+02,7.99477234e+01,1.87035675e+01,1.81328639e-01,2.79133856e-01
5345803-S04-156I3-A-L-C-190-7-1,20.02.2020-18:34:21,1.90000000e+01,6.46917820e-01,8.90834618e+00,2.23907805e-03,1.14135101e+02,7.98634186e+01,1.87337303e+01,2.11380005e-01,3.09976637e-01
5345803-S04-156I3-A-L-C-190-7-1,20.02.2020-18:34:24,1.90000000e+01,6.47431612e-01,8.92185783e+00,2.53702817e-03,2.40795441e+02,7.97379532e+01,1.87475471e+01,1.45247132e-01,2.02855617e-01
5345803-S04-156I3-A-L-C-190-7-1,20.02.2020-18:34:26,1.90000000e+01,6.46976233e-01,8.90835571e+00,2.28846306e-03,2.18973907e+02,7.98206100e+01,1.87254009e+01,1.54243946e-01,2.29410142e-01
5345803-S04-156I3-A-L-C-190-7-1,20.02.2020-18:34:28,2.10000000e+01,6.44320309e-01,8.86977196e+00,2.36087758e-03,3.80476227e+02,7.97852173e+01,1.85595264e+01,1.50734738e-01,3.74939889e-01
5345803-S04-156I3-A-L-C-190-7-1,20.02.2020-18:34:30,2.10000000e+01,6.43393099e-01,8.85874271e+00,2.25347863e-03,1.75631180e+02,7.98035278e+01,1.85140228e+01,1.45999908e-01,3.68134350e-01
5345803-S04-156I3-A-L-C-190-7-1,20.02.2020-18:34:32,2.10000000e+01,6.44619405e-01,8.89011002e+00,2.32942100e-03,1.74820847e+02,7.96984558e+01,1.85904808e+01,1.87774926e-01,3.32402617e-01
5345803-S04-156I3-A-L-C-190-7-1,20.02.2020-18:34:34,2.10000000e+01,6.43257380e-01,8.86452961e+00,2.02133856e-03,2.28729706e+02,7.98194656e+01,1.85259075e+01,1.62652299e-01,4.57055002e-01
5345803-S04-156I3-A-L-C-190-7-1,20.02.2020-18:34:36,9.00000000e+00,6.47892356e-01,8.93615150e+00,2.33933842e-03,3.69762177e+02,7.98899384e+01,1.88267612e+01,9.04190391e-02,1.35678232e-01
5345803-S04-156I3-A-L-C-190-7-1,20.02.2020-18:34:39,1.90000000e+01,6.46981835e-01,8.91530609e+00,2.26230011e-03,1.24501434e+02,7.98927002e+01,1.87570992e+01,2.70829797e-01,3.88610035e-01
5345803-S04-156I3-A-L-C-190-7-1,20.02.2020-18:34:41,9.00000000e+00,6.47685528e-01,8.92238617e+00,2.09043967e-03,8.22322769e+01,8.00769196e+01,1.88357430e+01,2.91852295e-01,3.92509729e-01
5345803-S04-156I3-A-L-C-190-7-1,20.02.2020-18:34:43,9.00000000e+00,6.47910476e-01,8.92539310e+00,2.14812509e-03,2.53685928e+02,8.00432053e+01,1.88406982e+01,1.46227404e-01,2.05284789e-01
5345803-S04-156I3-A-L-C-190-7-1,20.02.2020-18:34:45,1.00000000e+00,6.43061042e-01,8.86124229e+00,2.10767612e-03,3.30886505e+02,7.97517700e+01,1.84976845e+01,1.31662950e-01,3.01929682e-01
5345803-S04-156I3-A-L-C-190-7-1,20.02.2020-18:34:47,2.10000000e+01,6.43191457e-01,8.85793781e+00,2.19065230e-03,1.00189453e+02,7.98218765e+01,1.85107937e+01,3.72146070e-01,7.12558031e-01
5345803-S04-156I3-A-L-C-190-7-1,20.02.2020-18:34:49,1.00000000e+00,6.43439114e-01,8.86148739e+00,2.18113884e-03,1.66862564e+02,7.96655807e+01,1.84890671e+01,1.54842749e-01,3.18357855e-01
5345803-S04-156I3-A-L-C-190-7-1,20.02.2020-18:34:51,1.90000000e+01,6.47414804e-01,8.91868496e+00,2.04009493e-03,2.62699768e+02,7.98842697e+01,1.87747822e+01,1.62740692e-01,2.44181648e-01
5345803-S04-156I3-A-L-C-190-7-1,20.02.2020-18:34:54,9.00000000e+00,6.48181438e-01,8.93183994e+00,2.20114994e-03,3.75739441e+02,8.00096512e+01,1.88542881e+01,1.20222300e-01,1.82743728e-01
5345803-S04-156I3-A-L-C-190-7-1,20.02.2020-18:34:56,1.40000000e+01,6.32682979e-01,8.65357780e+00,2.07240554e-03,2.95446045e+02,7.86582489e+01,1.75289688e+01,9.34499949e-02,1.43201649e-01
5345803-S04-156I3-A-L-C-190-7-1,20.02.2020-18:35:04,9.00000000e+00,6.47576034e-01,8.93050671e+00,2.10635597e-03,2.69870789e+02,7.99440918e+01,1.88184319e+01,1.12218603e-01,1.99240863e-01
5345803-S04-156I3-A-L-C-190-7-1,20.02.2020-18:35:06,1.30000000e+01,6.34916186e-01,8.68118286e+00,1.85156113e-03,3.19323547e+02,7.89712219e+01,1.77171688e+01,8.10034275e-02,1.44233182e-01
5345803-S04-156I3-A-L-C-190-7-1,20.02.2020-18:35:09,2.00000000e+00,6.41737103e-01,8.80306530e+00,2.05077045e-03,1.87999771e+02,7.95698242e+01,1.82965698e+01,1.94316551e-01,6.00615263e-01
5345803-S04-156I3-A-L-C-190-7-1,20.02.2020-18:35:11,1.00000000e+00,6.43151879e-01,8.82843399e+00,1.86956581e-03,3.80323486e+02,7.96562424e+01,1.84097214e+01,8.74433219e-02,2.43508101e-01
5345803-S04-156I3-A-L-C-190-7-1,20.02.2020-18:35:13,1.30000000e+01,6.34316266e-01,8.68209934e+00,1.93189830e-03,2.98352356e+02,7.88629303e+01,1.76780224e+01,9.55944434e-02,1.58448383e-01
5345803-S04-156I3-A-L-C-190-7-1,20.02.2020-18:35:15,1.30000000e+01,6.34166181e-01,8.67191219e+00,1.84774178e-03,4.84298920e+02,7.89826202e+01,1.76798935e+01,7.16683492e-02,1.26799881e-01
5345803-S04-156I3-A-L-C-190-7-1,20.02.2020-18:35:17,2.10000000e+01,6.42587245e-01,8.85548592e+00,1.82829483e-03,2.27558655e+02,8.02844391e+01,1.85954227e+01,1.96074784e-01,6.90247476e-01
5345803-S04-156I3-A-L-C-190-7-1,20.02.2020-18:35:19,2.10000000e+01,6.42309725e-01,8.84989452e+00,1.82806619e-03,3.04957062e+02,8.02846985e+01,1.85757160e+01,1.29279420e-01,6.94775164e-01
5345803-S04-156I3-A-L-C-190-7-1,20.02.2020-18:35:21,9.00000000e+00,6.46032572e-01,8.90321541e+00,1.85467384e-03,2.90612518e+02,8.03991623e+01,1.88227463e+01,1.29929662e-01,2.77643621e-01
5345803-S04-156I3-A-L-C-190-7-1,20.02.2020-18:35:23,9.00000000e+00,6.46096706e-01,8.88879871e+00,1.66747486e-03,6.43198364e+02,8.04493103e+01,1.88058567e+01,5.68189360e-02,2.34345198e-01
5345803-S04-156I3-A-L-C-190-7-1,20.02.2020-18:35:26,8.00000000e+00,6.47330821e-01,8.91673660e+00,1.80057669e-03,2.50999405e+02,8.05948029e+01,1.89351807e+01,1.33685738e-01,2.25546390e-01
5345803-S04-156I3-A-L-C-190-7-1,20.02.2020-18:35:28,2.00000000e+00,6.41966760e-01,8.79018497e+00,2.00920994e-03,3.57679108e+02,7.95754547e+01,1.82776299e+01,1.51269108e-01,5.63086689e-01
5345803-S04-156I3-A-L-C-190-7-1,20.02.2020-18:35:30,1.00000000e+00,6.43729925e-01,8.82959652e+00,1.91635813e-03,1.12412498e+02,7.96031418e+01,1.84164104e+01,2.60375768e-01,3.17630142e-01
5345803-S04-156I3-A-L-C-190-7-1,20.02.2020-18:35:32,9.00000000e+00,6.48099780e-01,8.93104649e+00,2.23656278e-03,1.01747009e+02,7.99238129e+01,1.88300133e+01,1.85721546e-01,2.45722875e-01
5345803-S04-156I3-A-L-C-190-7-1,20.02.2020-18:35:34,1.40000000e+01,6.33089602e-01,8.65564632e+00,2.18797754e-03,2.36764374e+02,7.85920944e+01,1.75296707e+01,1.32858530e-01,1.90636128e-01
5345803-S04-156I3-A-L-C-190-7-1,20.02.2020-18:35:36,1.40000000e+01,6.33575559e-01,8.65918255e+00,2.00933404e-03,2.45356598e+02,7.87126083e+01,1.75772038e+01,1.18605368e-01,1.67955294e-01
5345803-S04-156I3-A-L-C-190-7-1,20.02.2020-18:35:41,1.90000000e+01,6.46396518e-01,8.92211056e+00,2.43184878e-03,4.25967316e+02,7.99878769e+01,1.87767715e+01,1.12457052e-01,1.69081852e-01
5345803-S04-156I3-A-L-C-190-7-1,20.02.2020-18:35:43,3.00000000e+00,6.37977362e-01,8.68442345e+00,1.68132887e-03,4.61518311e+02,7.98312836e+01,1.80031948e+01,1.37265056e-01,5.72051466e-01
5345803-S04-156I3-A-L-C-190-7-1,20.02.2020-18:35:45,2.10000000e+01,6.43557787e-01,8.87466049e+00,2.05502170e-03,5.27508057e+02,7.96376648e+01,1.85134773e+01,6.49586171e-02,7.91684613e-02
5345803-S04-156I3-A-L-C-190-7-1,20.02.2020-18:35:47,3.00000000e+00,6.39610767e-01,8.71591759e+00,1.73747470e-03,2.29046799e+02,7.94063950e+01,1.80183315e+01,1.92209780e-01,4.10091996e-01
5345803-S04-156I3-A-L-C-190-7-1,20.02.2020-18:35:51,3.00000000e+00,6.40205383e-01,8.73834705e+00,2.07853108e-03,3.08069061e+02,7.91518021e+01,1.80235195e+01,1.66817799e-01,3.38212937e-01
5345803-S04-156I3-A-L-C-190-7-1,20.02.2020-18:35:53,9.00000000e+00,6.46425962e-01,8.91775036e+00,1.88423716e-03,6.07497864e+02,8.05496063e+01,1.89002571e+01,5.55492043e-02,1.04437359e-01
5345803-S04-156I3-A-L-C-190-7-1,20.02.2020-18:35:55,9.00000000e+00,6.48003459e-01,8.91927147e+00,2.05368805e-03,5.19888794e+02,8.02227783e+01,1.88727245e+01,7.44329169e-02,1.24124423e-01
5345803-S04-156I3-A-L-C-190-7-1,20.02.2020-18:35:57,1.90000000e+01,6.46064281e-01,8.91062737e+00,2.19336315e-03,4.61673065e+02,8.00217361e+01,1.87509003e+01,1.27352938e-01,2.97048032e-01
5345803-S04-156I3-A-L-C-190-7-1,20.02.2020-18:35:59,9.00000000e+00,6.47204280e-01,8.92720509e+00,2.18015467e-03,2.80260254e+02,8.02421265e+01,1.88707657e+01,1.32947549e-01,1.92699999e-01
5345803-S04-156I3-A-L-C-190-7-1,20.02.2020-18:36:02,2.10000000e+01,6.43832743e-01,8.87215328e+00,2.16078013e-03,4.52409515e+02,7.99186630e+01,1.85814877e+01,1.22799695e-01,5.75408757e-01
5345803-S04-156I3-A-L-C-190-7-1,20.02.2020-18:36:04,1.90000000e+01,6.46188319e-01,8.89994049e+00,1.79380970e-03,1.98287170e+02,8.01944351e+01,1.87724361e+01,1.62325442e-01,3.91536623e-01
5345803-S04-156I3-A-L-C-190-7-1,20.02.2020-18:36:06,8.00000000e+00,6.47912621e-01,8.93990517e+00,1.87736528e-03,2.81136322e+02,8.03228836e+01,1.89373341e+01,1.16932608e-01,1.69973478e-01
5345803-S04-156I3-A-L-C-190-7-1,20.02.2020-18:36:08,1.30000000e+01,6.35661900e-01,8.70081520e+00,2.03464250e-03,3.04380219e+02,7.88755951e+01,1.77565651e+01,1.01905152e-01,1.76130041e-01
5345803-S04-156I3-A-L-C-190-7-1,20.02.2020-18:36:10,2.00000000e+00,6.41735315e-01,8.79553127e+00,1.81521499e-03,1.59838608e+02,7.95208130e+01,1.82695980e+01,1.97682574e-01,5.95394492e-01
5345803-S04-156I3-A-L-C-190-7-1,20.02.2020-18:36:12,1.40000000e+01,6.34338260e-01,8.67097378e+00,2.02773511e-03,1.82090683e+02,7.85724335e+01,1.75909462e+01,1.90284237e-01,2.56272018e-01
5345803-S04-156I3-A-L-C-190-7-1,20.02.2020-18:36:14,3.00000000e+00,6.40368462e-01,8.73173141e+00,1.72923051e-03,1.24149208e+02,7.92316742e+01,1.80326405e+01,2.82713950e-01,5.93101501e-01
5345803-S04-156I3-A-L-C-190-7-1,20.02.2020-18:36:17,2.00000000e+01,6.41267538e-01,8.89553070e+00,1.95138832e-03,2.28424652e+02,8.01654282e+01,1.86135178e+01,1.04060486e-01,1.25564486e-01
5345803-S04-156I3-A-L-C-190-7-1,20.02.2020-18:36:19,9.00000000e+00,6.47125959e-01,8.94537830e+00,2.02641194e-03,1.41369125e+02,8.01507950e+01,1.88853722e+01,1.98056564e-01,2.58507937e-01
5345803-S04-156I3-A-L-C-190-7-1,20.02.2020-18:36:21,2.00000000e+01,6.43245161e-01,8.90283108e+00,2.28652498e-03,2.68429688e+02,7.99053879e+01,1.86256275e+01,1.57210425e-01,2.97236443e-01
5345803-S04-156I3-A-L-C-190-7-1,20.02.2020-18:36:23,9.00000000e+00,6.46327436e-01,8.93807220e+00,2.37357407e-03,2.20688522e+02,8.00291061e+01,1.88180485e+01,1.94721907e-01,2.71201432e-01
5345803-S04-156I3-A-L-C-190-7-1,20.02.2020-18:36:25,9.00000000e+00,6.47276223e-01,8.93443584e+00,1.88066717e-03,2.01670258e+02,8.00933990e+01,1.88531399e+01,1.80380017e-01,2.59131759e-01
5345803-S04-156I3-A-L-C-190-7-1,20.02.2020-18:36:27,2.00000000e+01,6.42555535e-01,8.91291904e+00,1.86632050e-03,2.83008759e+02,8.01859436e+01,1.86921425e+01,1.64886788e-01,3.06928515e-01
5345803-S04-156I3-A-L-C-190-7-1,20.02.2020-18:36:29,1.90000000e+01,6.45913482e-01,8.90374088e+00,2.03167810e-03,2.51976028e+02,8.01330566e+01,1.87580986e+01,1.71998978e-01,2.39290491e-01
5345803-S04-156I3-A-L-C-190-7-1,20.02.2020-18:36:32,8.00000000e+00,6.46881282e-01,8.94673347e+00,1.98990316e-03,2.97003815e+02,8.03029633e+01,1.89169388e+01,1.37703300e-01,1.96162507e-01
5345803-S04-156I3-A-L-C-190-7-1,20.02.2020-18:36:34,9.00000000e+00,6.46904707e-01,8.93331909e+00,1.89816323e-03,5.82089172e+02,8.03410034e+01,1.88982048e+01,8.82037207e-02,1.32910684e-01
5345803-S04-156I3-A-L-C-190-7-1,20.02.2020-18:36:36,2.00000000e+01,6.42470241e-01,8.91003799e+00,1.65375671e-03,2.52430374e+02,8.00791092e+01,1.86587257e+01,7.90026709e-02,9.72164050e-02
5345803-S04-156I3-A-L-C-190-7-1,20.02.2020-18:36:38,9.00000000e+00,6.47021890e-01,8.91499329e+00,1.70926913e-03,2.80785583e+02,8.02074509e+01,1.88314991e+01,1.57952607e-01,2.17025056e-01
5345803-S04-156I3-A-L-C-190-7-1,20.02.2020-18:36:40,2.10000000e+01,6.43977046e-01,8.88218689e+00,1.97770866e-03,1.94597702e+02,7.98521729e+01,1.85911903e+01,1.74003765e-01,2.06000015e-01
5345803-S04-156I3-A-L-C-190-7-1,20.02.2020-18:36:42,2.10000000e+01,6.44621968e-01,8.90864277e+00,2.33087479e-03,2.77888947e+02,7.94844437e+01,1.85792847e+01,1.14309281e-01,1.96107119e-01
5345803-S04-156I3-A-L-C-190-7-1,20.02.2020-18:36:44,3.00000000e+00,6.41387820e-01,8.78174305e+00,2.11595907e-03,1.36757431e+02,7.92971725e+01,1.81798096e+01,1.93343282e-01,3.44855398e-01
5345803-S04-156I3-A-L-C-190-7-1,20.02.2020-18:36:47,3.00000000e+00,6.40969753e-01,8.79237747e+00,2.48395884e-03,4.83268341e+02,7.90770416e+01,1.81394634e+01,1.31930605e-01,2.38796100e-01
5345803-S04-156I3-A-L-C-190-7-1,20.02.2020-18:36:49,9.00000000e+00,6.47861362e-01,8.92869568e+00,1.88516360e-03,2.42138672e+02,8.02896957e+01,1.89042778e+01,1.04807243e-01,1.59806579e-01
5345803-S04-156I3-A-L-C-190-7-1,20.02.2020-18:36:51,2.10000000e+01,6.44397140e-01,8.87039375e+00,2.14960822e-03,3.27033813e+02,7.99196548e+01,1.85943203e+01,1.44629180e-01,5.60875773e-01
5345803-S04-156I3-A-L-C-190-7-1,20.02.2020-18:36:53,9.00000000e+00,6.46975756e-01,8.92385387e+00,1.98099879e-03,3.24125092e+02,8.02096786e+01,1.88493958e+01,8.64385366e-02,1.57154858e-01
5345803-S04-156I3-A-L-C-190-7-1,20.02.2020-18:36:55,9.00000000e+00,6.47318304e-01,8.92299175e+00,1.83108728e-03,5.47986755e+02,8.02432632e+01,1.88654480e+01,5.53509817e-02,1.05457820e-01
5345803-S04-156I3-A-L-C-190-7-1,20.02.2020-18:36:57,2.10000000e+01,6.44502938e-01,8.89996052e+00,1.91544415e-03,2.66422150e+02,7.96562729e+01,1.85978680e+01,1.16526648e-01,1.39257401e-01
5345803-S04-156I3-A-L-C-190-7-1,20.02.2020-18:36:59,9.00000000e+00,6.46992743e-01,8.91953468e+00,1.98842422e-03,3.45928864e+02,8.02034225e+01,1.88392963e+01,1.06098674e-01,1.61798716e-01
5345803-S04-156I3-A-L-C-190-7-1,20.02.2020-18:37:02,2.00000000e+00,6.39025629e-01,8.75475883e+00,1.58358424e-03,3.15987488e+02,8.07694397e+01,1.83924580e+01,1.21805660e-01,3.78798872e-01
5345803-S04-156I3-A-L-C-190-7-1,20.02.2020-18:37:04,1.90000000e+01,6.47174060e-01,8.90264511e+00,1.97303295e-03,2.36410812e+02,8.01109543e+01,1.87872086e+01,1.15159832e-01,1.82568222e-01
5345803-S04-156I3-A-L-C-190-7-1,20.02.2020-18:37:06,3.00000000e+00,6.39998972e-01,8.72444534e+00,1.72820117e-03,3.27460449e+02,7.95150681e+01,1.80716057e+01,1.56598657e-01,4.28454965e-01
5345803-S04-156I3-A-L-C-190-7-1,20.02.2020-18:37:08,2.10000000e+01,6.42649829e-01,8.88568974e+00,2.21975823e-03,1.89909180e+02,7.96287003e+01,1.85082512e+01,1.36927664e-01,1.60765588e-01
5345803-S04-156I3-A-L-C-190-7-1,20.02.2020-18:37:10,2.10000000e+01,6.43805206e-01,8.88289928e+00,2.24337354e-03,2.19780075e+02,7.95917816e+01,1.85271072e+01,1.47303164e-01,2.11619154e-01
5345803-S04-156I3-A-L-C-190-7-1,20.02.2020-18:37:12,1.90000000e+01,6.47079527e-01,8.92454910e+00,2.46808166e-03,3.58378693e+02,7.98615417e+01,1.87720547e+01,1.34151518e-01,1.91350594e-01
5345803-S04-156I3-A-L-C-190-7-1,20.02.2020-18:37:15,1.90000000e+01,6.46655619e-01,8.90507221e+00,2.32378603e-03,5.38408752e+02,7.98879166e+01,1.87249966e+01,1.05004057e-01,1.83259457e-01
5345803-S04-156I3-A-L-C-190-7-1,20.02.2020-18:37:17,2.00000000e+00,6.42997086e-01,8.84462929e+00,2.23527197e-03,2.37573685e+02,7.94752274e+01,1.83971539e+01,2.15264931e-01,3.28625649e-01
5345803-S04-156I3-A-L-C-190-7-1,20.02.2020-18:37:19,2.10000000e+01,6.43130243e-01,8.86080265e+00,2.14041420e-03,3.15090820e+02,7.98329849e+01,1.85175953e+01,2.07680359e-01,5.06086528e-01
5345803-S04-156I3-A-L-C-190-7-1,20.02.2020-18:37:21,1.90000000e+01,6.47511125e-01,8.91961193e+00,2.29961378e-03,1.39500595e+02,7.98329391e+01,1.87674599e+01,2.18182728e-01,3.14610213e-01
5345803-S04-156I3-A-L-C-190-7-1,20.02.2020-18:38:25,1.90000000e+01,6.46250427e-01,8.94077778e+00,2.28327466e-03,5.19806519e+02,7.98736877e+01,1.87849503e+01,9.45180580e-02,1.32592782e-01
5345803-S04-156I3-A-L-C-190-7-1,20.02.2020-18:38:27,2.00000000e+01,6.44734919e-01,8.85281277e+00,1.94776850e-03,3.09655792e+02,8.00919952e+01,1.86072311e+01,1.68325558e-01,5.78978360e-01
5345803-S04-156I3-A-L-C-190-7-1,20.02.2020-18:38:29,9.00000000e+00,6.48400307e-01,8.91150665e+00,1.88795791e-03,2.92263275e+02,8.03560333e+01,1.88991833e+01,1.64903224e-01,2.25240678e-01
5345803-S04-156I3-A-L-C-190-7-1,20.02.2020-18:38:31,8.00000000e+00,6.47137046e-01,8.93245792e+00,1.75907358e-03,4.39118988e+02,8.04242935e+01,1.89227715e+01,6.23556413e-02,1.11374170e-01
5345803-S04-156I3-A-L-C-190-7-1,20.02.2020-18:38:33,9.00000000e+00,6.47687793e-01,8.93317699e+00,2.39034765e-03,3.10208588e+02,7.98568268e+01,1.88067551e+01,8.79892260e-02,1.19358450e-01
5345803-S04-156I3-A-L-C-190-7-1,20.02.2020-18:38:35,1.90000000e+01,6.45293236e-01,8.91957283e+00,2.35935464e-03,1.52874252e+02,7.98908463e+01,1.87166615e+01,3.18181187e-01,5.08851469e-01
5345803-S04-156I3-A-L-C-190-7-1,20.02.2020-18:38:38,9.00000000e+00,6.46633625e-01,8.90204239e+00,1.65618991e-03,1.72122940e+02,8.03084259e+01,1.88165188e+01,2.65843004e-01,3.98151815e-01
5345803-S04-156I3-A-L-C-190-7-1,20.02.2020-18:38:40,2.10000000e+01,6.42857254e-01,8.89645100e+00,2.22833175e-03,3.74588776e+02,7.98655319e+01,1.85917778e+01,1.01693243e-01,2.79418319e-01
5345803-S04-156I3-A-L-C-190-7-1,20.02.2020-18:38:42,2.00000000e+01,6.45149350e-01,8.90768814e+00,2.06851261e-03,2.27774307e+02,7.99117584e+01,1.86924458e+01,2.07462892e-01,4.00576860e-01
5345803-S04-156I3-A-L-C-190-7-1,20.02.2020-18:38:44,1.90000000e+01,6.46570563e-01,8.90936661e+00,2.20424822e-03,4.18705078e+02,8.00547409e+01,1.87706814e+01,1.25749707e-01,1.90301538e-01
5345803-S04-156I3-A-L-C-190-7-1,20.02.2020-18:38:46,1.00000000e+00,6.42181575e-01,8.83231735e+00,1.74755091e-03,5.21440857e+02,8.00328598e+01,1.84769821e+01,1.40963465e-01,4.10184026e-01
5345803-S04-156I3-A-L-C-190-7-1,20.02.2020-18:38:48,9.00000000e+00,6.47606850e-01,8.94130325e+00,2.07174267e-03,1.86712570e+02,8.01734161e+01,1.88961296e+01,2.28622213e-01,3.30083013e-01
5345803-S04-156I3-A-L-C-190-7-1,20.02.2020-18:38:50,1.90000000e+01,6.45480037e-01,8.92820549e+00,2.08571996e-03,1.81405945e+02,8.00337830e+01,1.87737274e+01,2.02256426e-01,2.54018694e-01
5345803-S04-156I3-A-L-C-190-7-1,20.02.2020-18:38:53,9.00000000e+00,6.45611286e-01,8.92634296e+00,1.73839438e-03,2.20113800e+02,8.01741562e+01,1.88065567e+01,1.97295338e-01,2.38919958e-01
5345803-S04-156I3-A-L-C-190-7-1,20.02.2020-18:38:55,1.90000000e+01,6.45447552e-01,8.89609241e+00,1.85617991e-03,4.51046143e+02,8.04092865e+01,1.87930222e+01,1.05168894e-01,2.37924129e-01
5345803-S04-156I3-A-L-C-190-7-1,20.02.2020-18:38:57,2.10000000e+01,6.41936064e-01,8.84875965e+00,1.84872397e-03,2.36583267e+02,8.02294159e+01,1.85497475e+01,2.21650735e-01,5.48697233e-01
5345803-S04-156I3-A-L-C-190-7-1,20.02.2020-18:38:59,1.90000000e+01,6.44828558e-01,8.91923428e+00,1.82751124e-03,2.59508423e+02,8.02309189e+01,1.87820854e+01,1.32478923e-01,1.70084074e-01
5345803-S04-156I3-A-L-C-190-7-1,20.02.2020-18:39:01,8.00000000e+00,6.47800505e-01,8.94959545e+00,1.92697393e-03,2.32602051e+02,8.02169113e+01,1.89295731e+01,1.63781911e-01,2.34293774e-01
5345803-S04-156I3-A-L-C-190-7-1,20.02.2020-18:39:03,9.00000000e+00,6.46506190e-01,8.93153000e+00,1.98723678e-03,2.25351089e+02,8.01778412e+01,1.88444328e+01,1.70845598e-01,2.67613649e-01
5345803-S04-156I3-A-L-C-190-7-1,20.02.2020-18:39:05,1.90000000e+01,6.44994259e-01,8.90567875e+00,1.83973985e-03,2.40234131e+02,8.01911163e+01,1.87490540e+01,1.44194171e-01,3.01921874e-01
5345803-S04-156I3-A-L-C-190-7-1,20.02.2020-18:39:07,1.90000000e+01,6.45138264e-01,8.90927219e+00,1.93041633e-03,1.72396988e+02,8.01226959e+01,1.87447987e+01,1.69792593e-01,3.19415152e-01
5345803-S04-156I3-A-L-C-190-7-1,20.02.2020-18:39:10,2.10000000e+01,6.44913197e-01,8.84294224e+00,1.97355868e-03,6.51430359e+02,7.99984818e+01,1.85699196e+01,9.99182314e-02,2.73774236e-01
5345803-S04-156I3-A-L-C-190-7-1,20.02.2020-18:39:12,3.00000000e+00,6.40738130e-01,8.74944019e+00,2.06643646e-03,1.90134216e+02,7.93791275e+01,1.81132908e+01,3.24371010e-01,6.04722142e-01
5345803-S04-156I3-A-L-C-190-7-1,20.02.2020-18:39:14,1.90000000e+01,6.45400822e-01,8.92901993e+00,1.88031583e-03,2.32564255e+02,7.98296432e+01,1.87252522e+01,1.45242676e-01,1.70401409e-01
5345803-S04-156I3-A-L-C-190-7-1,20.02.2020-18:39:16,2.00000000e+01,6.44957185e-01,8.91698837e+00,2.26756046e-03,1.86982986e+02,7.96887512e+01,1.86541862e+01,1.49408683e-01,2.07230076e-01
5345803-S04-156I3-A-L-C-190-7-1,20.02.2020-18:39:18,2.00000000e+01,6.45010531e-01,8.92263985e+00,2.06617382e-03,1.78330338e+02,7.97499084e+01,1.86818790e+01,1.93776488e-01,2.89432973e-01
5345803-S04-156I3-A-L-C-190-7-1,20.02.2020-18:39:21,3.00000000e+00,6.40906096e-01,8.73826504e+00,1.93031470e-03,1.25426384e+02,7.92514648e+01,1.80657978e+01,2.77748734e-01,5.51514030e-01
5345803-S04-156I3-A-L-C-190-7-1,20.02.2020-18:39:23,9.00000000e+00,6.47368014e-01,8.93110657e+00,2.15026084e-03,2.80500610e+02,8.01220627e+01,1.88555317e+01,1.27880633e-01,1.75721496e-01
5345803-S04-156I3-A-L-C-190-7-1,20.02.2020-18:39:25,1.90000000e+01,6.45234585e-01,8.91209030e+00,1.90236501e-03,3.11130829e+02,8.02926788e+01,1.87933121e+01,1.43872812e-01,3.72583508e-01
5345803-S04-156I3-A-L-C-190-7-1,20.02.2020-18:39:27,2.00000000e+01,6.43382251e-01,8.89304924e+00,1.87748170e-03,3.05085602e+02,8.01826019e+01,1.86736870e+01,1.67562172e-01,3.04413646e-01
5345803-S04-156I3-A-L-C-190-7-1,20.02.2020-18:39:29,1.90000000e+01,6.44715250e-01,8.90477371e+00,1.73754618e-03,2.84919312e+02,8.01644745e+01,1.87328110e+01,1.41366512e-01,1.86576262e-01
5345803-S04-156I3-A-L-C-190-7-1,20.02.2020-18:39:31,1.90000000e+01,6.43647134e-01,8.91846466e+00,1.85067859e-03,2.41076218e+02,8.01453705e+01,1.87260666e+01,1.30943283e-01,1.62112951e-01
5345803-S04-156I3-A-L-C-190-7-1,20.02.2020-18:39:33,8.00000000e+00,6.46801353e-01,8.94787502e+00,2.08518491e-03,3.32413971e+02,8.02809219e+01,1.89118214e+01,1.04559205e-01,1.72575474e-01
5345803-S04-156I3-A-L-C-190-7-1,20.02.2020-18:39:36,1.00000000e+00,6.41971529e-01,8.83565426e+00,1.96399773e-03,2.92899780e+02,8.00431442e+01,1.84802914e+01,2.00001165e-01,6.02637529e-01
5345803-S04-156I3-A-L-C-190-7-1,20.02.2020-18:39:38,2.10000000e+01,6.42050505e-01,8.84930897e+00,1.88319641e-03,1.36239746e+02,8.01367645e+01,1.85327778e+01,5.12407005e-01,8.37652624e-01
5345803-S04-156I3-A-L-C-190-7-1,20.02.2020-18:39:40,2.10000000e+01,6.42548144e-01,8.84268951e+00,1.82810810e-03,2.26334396e+02,8.00672150e+01,1.85171871e+01,2.51928478e-01,6.88909829e-01
5345803-S04-156I3-A-L-C-190-7-1,20.02.2020-18:39:42,8.00000000e+00,6.47563577e-01,8.94996071e+00,2.06530606e-03,3.42041962e+02,8.02014694e+01,1.89197788e+01,1.21297330e-01,1.87633753e-01
5345803-S04-156I3-A-L-C-190-7-1,20.02.2020-18:39:44,9.00000000e+00,6.46991611e-01,8.92938423e+00,2.05786643e-03,2.72607178e+02,8.02808075e+01,1.88782654e+01,1.19441725e-01,2.16275647e-01
5345803-S04-156I3-A-L-C-190-7-1,20.02.2020-18:39:46,2.10000000e+01,6.42943144e-01,8.89739132e+00,2.24436563e-03,1.82570023e+02,7.96705627e+01,1.85508308e+01,2.48683244e-01,4.78774101e-01
5345803-S04-156I3-A-L-C-190-7-1,20.02.2020-18:39:48,2.00000000e+01,6.43836260e-01,8.90040112e+00,2.15709023e-03,3.79518890e+02,7.98080978e+01,1.86149635e+01,1.47521108e-01,3.48834008e-01
5345803-S04-156I3-A-L-C-190-7-1,20.02.2020-18:39:51,2.10000000e+01,6.42710388e-01,8.87665844e+00,1.96731254e-03,1.60200287e+02,7.97134399e+01,1.85108604e+01,2.30537593e-01,4.59271818e-01
5345803-S04-156I3-A-L-C-190-7-1,20.02.2020-18:39:53,1.90000000e+01,6.47461176e-01,8.93747425e+00,2.40084715e-03,6.14823570e+01,7.97058563e+01,1.87736588e+01,7.31256306e-01,8.76106560e-01
5345803-S04-156I3-A-L-C-190-7-1,20.02.2020-18:39:55,9.00000000e+00,6.47800088e-01,8.95059681e+00,2.44240486e-03,4.23426239e+02,7.98335342e+01,1.88411999e+01,1.03052899e-01,1.37426957e-01
5345803-S04-156I3-A-L-C-190-7-1,20.02.2020-18:39:57,9.00000000e+00,6.46596611e-01,8.93467236e+00,2.20946246e-03,3.49462646e+02,7.99537201e+01,1.88009987e+01,7.58971870e-02,1.13081820e-01
5345803-S04-156I3-A-L-C-190-7-1,20.02.2020-18:39:59,9.00000000e+00,6.47492290e-01,8.95170784e+00,2.10381974e-03,4.45290375e+02,7.98450394e+01,1.88372993e+01,9.88851860e-02,1.29996806e-01
5345803-S04-156I3-A-L-C-190-7-1,20.02.2020-18:40:01,9.00000000e+00,6.47270024e-01,8.91536617e+00,1.79002259e-03,3.38849060e+02,8.02139893e+01,1.88410454e+01,1.28769547e-01,2.06077382e-01
5345803-S04-156I3-A-L-C-190-7-1,20.02.2020-18:40:03,9.00000000e+00,6.47158325e-01,8.93497086e+00,1.91015576e-03,1.73386108e+02,7.99314804e+01,1.88127251e+01,1.18484445e-01,1.58830866e-01
5345803-S04-156I3-A-L-C-190-7-1,20.02.2020-18:40:06,9.00000000e+00,6.47311628e-01,8.94859695e+00,1.96871790e-03,1.02008133e+02,8.01093750e+01,1.88878212e+01,3.76333058e-01,4.73906338e-01
5345803-S04-156I3-A-L-C-190-7-1,20.02.2020-18:40:08,2.00000000e+01,6.44947469e-01,8.89867020e+00,2.36790092e-03,4.11553741e+02,7.99533615e+01,1.86773987e+01,1.35180399e-01,4.15790141e-01
5345803-S04-156I3-A-L-C-190-7-1,20.02.2020-18:40:10,2.00000000e+01,6.44802332e-01,8.88097858e+00,1.74790830e-03,2.59884155e+02,8.01902390e+01,1.86912842e+01,1.98444352e-01,5.06730497e-01
5345803-S04-156I3-A-L-C-190-7-1,20.02.2020-18:40:12,2.00000000e+00,6.38514102e-01,8.80921364e+00,2.02177581e-03,2.83709442e+02,8.01028595e+01,1.83394318e+01,1.21999606e-01,4.77592140e-01
5345803-S04-156I3-A-L-C-190-7-1,20.02.2020-18:40:14,1.00000000e+00,6.39167964e-01,8.83223057e+00,1.95322046e-03,5.09272339e+02,8.00928650e+01,1.84038792e+01,9.37447771e-02,4.19227570e-01
5345803-S04-156I3-A-L-C-190-7-1,20.02.2020-18:40:16,2.10000000e+01,6.44369304e-01,8.81073856e+00,1.55148271e-03,3.89713959e+02,8.00681381e+01,1.85027847e+01,1.56190321e-01,3.68047804e-01
5345803-S04-156I3-A-L-C-190-7-1,20.02.2020-18:40:18,1.90000000e+01,6.43886268e-01,8.90953922e+00,2.03759596e-03,2.56299622e+02,8.01745224e+01,1.87210846e+01,1.32526368e-01,2.60326922e-01
5345803-S04-156I3-A-L-C-190-7-1,20.02.2020-18:40:21,1.90000000e+01,6.44660652e-01,8.90663242e+00,2.04225653e-03,2.85027893e+02,8.02025528e+01,1.87440338e+01,1.42734602e-01,3.86251241e-01
5345803-S04-156I3-A-L-C-190-7-1,20.02.2020-18:40:23,2.00000000e+00,6.39645815e-01,8.80856991e+00,1.95166678e-03,2.71355194e+02,8.00929337e+01,1.83683167e+01,1.63161367e-01,5.14448225e-01
5345803-S04-156I3-A-L-C-190-7-1,20.02.2020-18:40:25,1.00000000e+00,6.43881202e-01,8.81409645e+00,2.01077107e-03,4.02415985e+02,7.98913803e+01,1.84549828e+01,1.16444796e-01,3.01195800e-01
5345803-S04-156I3-A-L-C-190-7-1,20.02.2020-18:40:27,1.90000000e+01,6.46415651e-01,8.89133263e+00,2.14222074e-03,5.80427246e+02,8.02400436e+01,1.87715473e+01,9.62855592e-02,2.83344746e-01
5345803-S04-156I3-A-L-C-190-7-1,20.02.2020-18:40:29,2.00000000e+01,6.43601000e-01,8.89023972e+00,1.97168835e-03,3.72855438e+02,7.99459915e+01,1.86190300e+01,1.30873561e-01,3.24342370e-01
5345803-S04-156I3-A-L-C-190-7-1,20.02.2020-18:40:31,2.00000000e+01,6.44765675e-01,8.90405083e+00,2.04531476e-03,2.66841003e+02,7.97966385e+01,1.86467991e+01,1.32708549e-01,3.41991723e-01
5345803-S04-156I3-A-L-C-190-7-1,20.02.2020-18:40:34,1.90000000e+01,6.46570444e-01,8.91142845e+00,2.17186334e-03,1.83426025e+02,8.00693970e+01,1.87784557e+01,1.26372129e-01,1.95600525e-01
5345803-S04-156I3-A-L-C-190-7-1,20.02.2020-18:40:36,2.10000000e+01,6.45707369e-01,8.85402489e+00,2.10262695e-03,5.37355713e+02,7.98506699e+01,1.85816917e+01,9.90318581e-02,2.36836433e-01
5345803-S04-156I3-A-L-C-190-7-1,20.02.2020-18:40:38,1.90000000e+01,6.44611895e-01,8.90163898e+00,2.09460710e-03,4.83238892e+02,8.00924606e+01,1.87063961e+01,1.14220411e-01,4.30704087e-01
5345803-S04-156I3-A-L-C-190-7-1,20.02.2020-18:40:40,2.00000000e+01,6.45936787e-01,8.88321590e+00,2.04058806e-03,3.95293549e+02,7.99847031e+01,1.86808815e+01,9.62675810e-02,2.06304714e-01
5345803-S04-156I3-A-L-C-190-7-1,20.02.2020-18:40:42,1.90000000e+01,6.46908462e-01,8.90456104e+00,2.32711039e-03,1.20944870e+02,7.99634781e+01,1.87489624e+01,1.93702966e-01,3.07507545e-01
5345803-S04-156I3-A-L-C-190-7-1,20.02.2020-18:40:44,2.10000000e+01,6.43850088e-01,8.84701538e+00,1.70144788e-03,1.35040710e+02,8.00106506e+01,1.85506668e+01,2.52719223e-01,1.01256049e+00
5345803-S04-156I3-A-L-C-190-7-1,20.02.2020-18:40:47,9.00000000e+00,6.48075640e-01,8.94381046e+00,1.78229215e-03,4.27171402e+01,7.98975830e+01,1.88500347e+01,6.74241126e-01,7.96703339e-01
5345803-S04-156I3-A-L-C-190-7-1,20.02.2020-18:40:49,2.00000000e+01,6.42988265e-01,8.91732693e+00,2.13946495e-03,6.45239334e+01,8.00205612e+01,1.86753826e+01,5.10831475e-01,7.44275689e-01
5345803-S04-156I3-A-L-C-190-7-1,20.02.2020-18:40:51,2.00000000e+01,6.44868970e-01,8.88891125e+00,2.15569721e-03,2.02419006e+02,8.00702591e+01,1.86819191e+01,1.69843331e-01,3.70449632e-01
5345803-S04-156I3-A-L-C-190-7-1,20.02.2020-18:40:53,8.00000000e+00,6.47939146e-01,8.97375965e+00,1.94904720e-03,1.32509537e+02,7.99662247e+01,1.89254169e+01,1.84482515e-01,2.62609929e-01
5345803-S04-156I3-A-L-C-190-7-1,20.02.2020-18:40:55,8.00000000e+00,6.49053752e-01,8.93233395e+00,1.88978249e-03,1.55684296e+02,8.01433182e+01,1.89122467e+01,1.63856745e-01,2.15475917e-01
5345803-S04-156I3-A-L-C-190-7-1,20.02.2020-18:40:57,1.90000000e+01,6.47069573e-01,8.89980984e+00,2.10241484e-03,1.23412666e+02,7.99062042e+01,1.87301998e+01,3.25567842e-01,4.44214761e-01
5345803-S04-156I3-A-L-C-190-7-1,20.02.2020-18:40:59,2.10000000e+01,6.42237365e-01,8.85332680e+00,1.76992803e-03,1.60644409e+02,8.02718124e+01,1.85778446e+01,2.04679146e-01,7.95925140e-01
5345803-S04-156I3-A-L-C-190-7-1,20.02.2020-18:41:02,9.00000000e+00,6.46219730e-01,8.93315792e+00,2.09636358e-03,1.72606277e+02,8.00809937e+01,1.88167629e+01,1.70590833e-01,2.33591959e-01
5345803-S04-156I3-A-L-C-190-7-1,20.02.2020-18:41:04,1.90000000e+01,6.45743966e-01,8.91506195e+00,2.15903227e-03,1.95700943e+02,8.00823898e+01,1.87651463e+01,1.88613161e-01,2.49745816e-01
5345803-S04-156I3-A-L-C-190-7-1,20.02.2020-18:41:06,1.90000000e+01,6.46179378e-01,8.91327763e+00,2.11835350e-03,3.92913300e+02,8.00964966e+01,1.87773476e+01,7.25962445e-02,1.09155327e-01
5345803-S04-156I3-A-L-C-190-7-1,20.02.2020-18:41:14,1.90000000e+01,6.45402849e-01,8.91570091e+00,2.01590499e-03,2.13541122e+02,8.02464294e+01,1.87949982e+01,1.09710157e-01,1.62637323e-01
5345803-S04-156I3-A-L-C-190-7-1,20.02.2020-18:41:16,9.00000000e+00,6.46424532e-01,8.92725563e+00,1.71082024e-03,2.81400116e+02,8.02444763e+01,1.88486881e+01,6.71565980e-02,1.12481192e-01
5345803-S04-156I3-A-L-C-190-7-1,20.02.2020-18:41:35,1.90000000e+01,6.46984041e-01,8.90475273e+00,1.72989897e-03,2.17837524e+02,8.00947876e+01,1.87823486e+01,1.36942863e-01,2.23046869e-01
5345803-S04-156I3-A-L-C-190-7-1,20.02.2020-18:41:37,9.00000000e+00,6.45462453e-01,8.95517635e+00,2.02507852e-03,2.61782806e+02,8.02145996e+01,1.88724709e+01,1.20367251e-01,1.61266744e-01
5345803-S04-156I3-A-L-C-190-7-1,20.02.2020-18:41:39,1.90000000e+01,6.42815292e-01,8.93082047e+00,1.74347311e-03,1.33146011e+02,8.02162781e+01,1.87443428e+01,1.71781659e-01,2.02139392e-01
5345803-S04-156I3-A-L-C-190-7-1,20.02.2020-18:41:41,2.10000000e+01,6.42899632e-01,8.89358997e+00,2.44397437e-03,1.22630875e+02,7.97464676e+01,1.85593147e+01,3.10068071e-01,8.15222323e-01
5345803-S04-156I3-A-L-C-190-7-1,20.02.2020-18:41:43,1.90000000e+01,6.44113302e-01,8.93814945e+00,1.61466317e-03,1.07374588e+02,8.01216965e+01,1.87754440e+01,2.08021268e-01,2.50741035e-01
5345803-S04-156I3-A-L-C-190-7-1,20.02.2020-18:41:46,2.00000000e+01,6.44895792e-01,8.90424919e+00,2.22529960e-03,2.45597168e+02,7.98787308e+01,1.86701679e+01,1.68319628e-01,5.57881355e-01
5345803-S04-156I3-A-L-C-190-7-1,20.02.2020-18:41:48,9.00000000e+00,6.47474945e-01,8.93854523e+00,1.88067637e-03,2.54235428e+02,8.00499878e+01,1.88573761e+01,1.35311693e-01,2.93910533e-01
5345803-S04-156I3-A-L-C-190-7-1,20.02.2020-18:41:50,8.00000000e+00,6.48665488e-01,8.97730541e+00,2.51757074e-03,1.78974487e+02,7.98422546e+01,1.89247322e+01,1.51482284e-01,2.05668822e-01
5345803-S04-156I3-A-L-C-190-7-1,20.02.2020-18:41:52,8.00000000e+00,6.47961915e-01,8.96313953e+00,2.23856326e-03,1.32874222e+02,8.00811234e+01,1.89308434e+01,1.73628539e-01,2.22143546e-01
5345803-S04-156I3-A-L-C-190-7-1,20.02.2020-18:41:54,9.00000000e+00,6.47179782e-01,8.97177410e+00,2.21846579e-03,8.66195984e+01,7.99977722e+01,1.89065094e+01,3.36646050e-01,4.27278221e-01
5345803-S04-156I3-A-L-C-190-7-1,20.02.2020-18:41:56,8.00000000e+00,6.48058474e-01,8.98623180e+00,2.10158736e-03,2.31018768e+02,8.01494598e+01,1.89986458e+01,1.10930808e-01,1.62177488e-01
5345803-S04-156I3-A-L-C-190-7-1,20.02.2020-18:41:58,8.00000000e+00,6.48286819e-01,8.99343014e+00,2.21946300e-03,3.35483398e+02,8.01163864e+01,1.90127125e+01,6.75751641e-02,1.11254774e-01
5345803-S04-156I3-A-L-C-190-7-1,20.02.2020-18:42:01,8.00000000e+00,6.49006724e-01,8.99362087e+00,2.09676242e-03,2.15632996e+02,7.99261856e+01,1.89890404e+01,1.45872816e-01,2.05522895e-01
5345803-S04-156I3-A-L-C-190-7-1,20.02.2020-18:42:03,9.00000000e+00,6.46417201e-01,8.90560055e+00,1.63248065e-03,2.67350494e+02,8.03076630e+01,1.88175602e+01,1.23320810e-01,3.60258579e-01
5345803-S04-156I3-A-L-C-190-7-1,20.02.2020-18:42:05,7.00000000e+00,6.49324417e-01,9.01647282e+00,1.68099208e-03,3.07813934e+02,8.04845734e+01,1.91796761e+01,1.01438314e-01,1.17670611e-01
5345803-S04-156I3-A-L-C-190-7-1,20.02.2020-18:42:07,9.00000000e+00,6.45193994e-01,8.93871117e+00,1.88349886e-03,3.44944672e+02,8.03537140e+01,1.88625927e+01,7.36558959e-02,9.53888148e-02
5345803-S04-156I3-A-L-C-190-7-1,20.02.2020-18:42:09,7.00000000e+00,6.49022520e-01,9.01148796e+00,1.82192749e-03,2.41682739e+02,8.03842316e+01,1.91362724e+01,2.19137147e-01,2.58054912e-01
5345803-S04-156I3-A-L-C-190-7-1,20.02.2020-18:42:11,8.00000000e+00,6.47458076e-01,8.95427513e+00,1.89076050e-03,2.04111618e+02,8.03366089e+01,1.89577045e+01,2.43276566e-01,3.38344783e-01
5345803-S04-156I3-A-L-C-190-7-1,20.02.2020-18:42:14,8.00000000e+00,6.48192525e-01,8.92729950e+00,2.06164876e-03,2.91502960e+02,8.05211792e+01,1.89655056e+01,2.08858460e-01,4.23543423e-01
5345803-S04-156I3-A-L-C-190-7-1,20.02.2020-18:42:16,9.00000000e+00,6.45479083e-01,8.91950703e+00,1.82090991e-03,2.28088409e+02,8.03175507e+01,1.88219090e+01,2.20492795e-01,2.69759536e-01
5345803-S04-156I3-A-L-C-190-7-1,20.02.2020-18:42:20,2.00000000e+01,6.42825365e-01,8.91447735e+00,1.88887003e-03,2.88644623e+02,8.01551819e+01,1.86960850e+01,9.37117413e-02,1.09863751e-01
5345803-S04-156I3-A-L-C-190-7-1,20.02.2020-18:42:22,2.00000000e+01,6.44249260e-01,8.89033794e+00,1.68707094e-03,3.03496490e+02,8.01813126e+01,1.86928501e+01,9.66721103e-02,1.30027488e-01
5345803-S04-156I3-A-L-C-190-7-1,20.02.2020-18:42:24,2.10000000e+01,6.42582953e-01,8.85624218e+00,1.71566533e-03,2.22360947e+02,8.02379990e+01,1.85861282e+01,1.22318365e-01,1.48325041e-01
5345803-S04-156I3-A-L-C-190-7-1,20.02.2020-18:42:26,2.00000000e+00,6.39870226e-01,8.77820206e+00,1.69047911e-03,1.43371002e+02,8.01795425e+01,1.83312168e+01,2.13029906e-01,7.10209250e-01
5345803-S04-156I3-A-L-C-190-7-1,20.02.2020-18:42:28,9.00000000e+00,6.46061420e-01,8.91517639e+00,1.77046796e-03,2.31857376e+02,8.03408585e+01,1.88352051e+01,1.85870409e-01,4.53150928e-01
5345803-S04-156I3-A-L-C-190-7-1,20.02.2020-18:42:31,9.00000000e+00,6.45725727e-01,8.91943169e+00,1.81425328e-03,2.43583099e+02,8.05168762e+01,1.88756714e+01,1.17193341e-01,1.68177530e-01
5345803-S04-156I3-A-L-C-190-7-1,20.02.2020-18:42:33,3.00000000e+00,6.39190316e-01,8.72650623e+00,1.75410346e-03,9.31887970e+01,7.99726181e+01,1.81569157e+01,4.51417744e-01,1.73699355e+00
5345803-S04-156I3-A-L-C-190-7-1,20.02.2020-18:42:35,2.00000000e+00,6.39010608e-01,8.79282856e+00,1.81611557e-03,4.41714600e+02,8.03128967e+01,1.83675880e+01,1.42124936e-01,5.85431039e-01
5345803-S04-156I3-A-L-C-190-7-1,20.02.2020-18:42:37,1.00000000e+00,6.43639386e-01,8.77858257e+00,1.76996936e-03,2.86079376e+02,8.00757828e+01,1.84161320e+01,1.67788088e-01,3.42381597e-01
5345803-S04-156I3-A-L-C-190-7-1,20.02.2020-18:42:39,1.00000000e+00,6.42546892e-01,8.77760029e+00,1.40941783e-03,1.00631226e+02,8.02112350e+01,1.84139099e+01,3.05964381e-01,5.68310797e-01
5345803-S04-156I3-A-L-C-190-7-1,20.02.2020-18:42:41,1.90000000e+01,6.44335687e-01,8.90029144e+00,1.74229627e-03,2.57093689e+02,8.03696518e+01,1.87602520e+01,1.39770284e-01,1.82553262e-01
5345803-S04-156I3-A-L-C-190-7-1,20.02.2020-18:42:43,1.00000000e+00,6.40502930e-01,8.82877064e+00,1.89047563e-03,3.10670929e+02,8.02336349e+01,1.84674969e+01,2.18516633e-01,8.18360388e-01
5345803-S04-156I3-A-L-C-190-7-1,20.02.2020-18:42:46,1.90000000e+01,6.45892680e-01,8.89016151e+00,1.85350934e-03,2.56693024e+02,8.03346939e+01,1.87760105e+01,1.33229747e-01,2.21926361e-01
5345803-S04-156I3-A-L-C-190-7-1,20.02.2020-18:42:48,2.00000000e+00,6.39924884e-01,8.76215553e+00,1.58839184e-03,2.24095764e+02,8.02574768e+01,1.83170547e+01,1.96852967e-01,6.93273187e-01
5345803-S04-156I3-A-L-C-190-7-1,20.02.2020-18:42:50,2.00000000e+00,6.41986310e-01,8.77562809e+00,1.81799533e-03,2.30340637e+02,8.01701279e+01,1.83842831e+01,1.54867783e-01,4.26140964e-01
5345803-S04-156I3-A-L-C-190-7-1,20.02.2020-18:42:52,2.00000000e+00,6.39247537e-01,8.78715611e+00,1.84736680e-03,1.31137589e+02,8.01743622e+01,1.83308716e+01,3.84301901e-01,9.35339928e-01
5345803-S04-156I3-A-L-C-190-7-1,20.02.2020-18:42:54,9.00000000e+00,6.46351635e-01,8.93591785e+00,1.85696210e-03,2.32670502e+02,8.04230499e+01,1.89068317e+01,1.76263124e-01,2.32653528e-01
5345803-S04-156I3-A-L-C-190-7-1,20.02.2020-18:42:56,1.00000000e+00,6.40404880e-01,8.83654594e+00,1.69568160e-03,1.63879639e+02,8.01920624e+01,1.84713535e+01,2.80351609e-01,7.80056179e-01
5345803-S04-156I3-A-L-C-190-7-1,20.02.2020-18:42:59,2.10000000e+01,6.42806947e-01,8.86534214e+00,2.04676460e-03,1.18261086e+02,8.01249161e+01,1.85854836e+01,1.97553948e-01,6.42820418e-01
5345803-S04-156I3-A-L-C-190-7-1,20.02.2020-18:43:01,2.00000000e+01,6.43978357e-01,8.84688568e+00,1.61564327e-03,2.43941406e+02,8.02156830e+01,1.86016369e+01,1.40795931e-01,4.09434557e-01
5345803-S04-156I3-A-L-C-190-7-1,20.02.2020-18:43:03,9.00000000e+00,6.45587802e-01,8.89034653e+00,1.75601500e-03,2.35088242e+02,8.05750656e+01,1.88236942e+01,1.45832494e-01,3.73226881e-01
5345803-S04-156I3-A-L-C-190-7-1,20.02.2020-18:43:05,1.90000000e+01,6.45547271e-01,8.88395977e+00,1.61776517e-03,3.61784210e+02,8.05033951e+01,1.87922592e+01,8.59609544e-02,2.93047935e-01
5345803-S04-156I3-A-L-C-190-7-1,20.02.2020-18:43:07,1.00000000e+00,6.42892420e-01,8.80893326e+00,1.71792042e-03,2.37749268e+02,8.00891647e+01,1.84614391e+01,1.25467494e-01,3.83722603e-01
5345803-S04-156I3-A-L-C-190-7-1,20.02.2020-18:43:09,1.00000000e+00,6.42119944e-01,8.79761982e+00,1.35868217e-03,3.06037842e+02,8.02369537e+01,1.84495583e+01,1.11006610e-01,1.92640051e-01
5345803-S04-156I3-A-L-C-190-7-1,20.02.2020-18:43:12,1.00000000e+00,6.39613569e-01,8.81018829e+00,1.82034238e-03,2.93875519e+02,8.02380524e+01,1.84040508e+01,1.65248394e-01,6.66071653e-01
5345803-S04-156I3-A-L-C-190-7-1,20.02.2020-18:43:14,1.90000000e+01,6.45141065e-01,8.87687492e+00,1.83157576e-03,4.62662720e+02,8.04926071e+01,1.87629433e+01,7.81763569e-02,3.18067372e-01
5345803-S04-156I3-A-L-C-190-7-1,20.02.2020-18:43:16,2.00000000e+00,6.39659047e-01,8.74697495e+00,1.49864936e-03,2.24256821e+02,8.00219803e+01,1.82240944e+01,2.53573805e-01,1.34250832e+00
5345803-S04-156I3-A-L-C-190-7-1,20.02.2020-18:43:18,9.00000000e+00,6.45302773e-01,8.91691399e+00,1.53314078e-03,1.15885292e+02,8.04978409e+01,1.88535252e+01,2.20001742e-01,3.73608857e-01
5345803-S04-156I3-A-L-C-190-7-1,20.02.2020-18:43:20,9.00000000e+00,6.45541549e-01,8.92088032e+00,1.69073441e-03,6.96818390e+01,8.04555969e+01,1.88589878e+01,3.22944790e-01,4.47908074e-01
5345803-S04-156I3-A-L-C-190-7-1,20.02.2020-18:43:22,8.00000000e+00,6.45966709e-01,8.93554592e+00,1.66805543e-03,2.79426941e+02,8.04938660e+01,1.89114227e+01,1.33845210e-01,2.14569405e-01
5345803-S04-156I3-A-L-C-190-7-1,20.02.2020-18:43:24,8.00000000e+00,6.46518528e-01,8.94209480e+00,1.74909492e-03,2.65591675e+02,8.03920593e+01,1.89174938e+01,1.08321287e-01,1.58898294e-01
5345803-S04-156I3-A-L-C-190-7-1,20.02.2020-18:43:27,1.90000000e+01,6.44677222e-01,8.90314484e+00,1.67833199e-03,3.80029907e+02,8.03560562e+01,1.87730389e+01,1.31498739e-01,1.82883665e-01
5345803-S04-156I3-A-L-C-190-7-1,20.02.2020-18:43:29,8.00000000e+00,6.46253526e-01,8.93556213e+00,1.64085208e-03,2.84087006e+02,8.06367340e+01,1.89534359e+01,1.36285916e-01,2.20650837e-01
5345803-S04-156I3-A-L-C-190-7-1,20.02.2020-18:43:31,1.30000000e+01,6.35375917e-01,8.60718727e+00,1.48867280e-03,1.54847092e+02,7.97947540e+01,1.77621899e+01,3.07670623e-01,9.79818881e-01
5345803-S04-156I3-A-L-C-190-7-1,20.02.2020-18:43:33,1.30000000e+01,6.36152506e-01,8.61820889e+00,1.33350003e-03,3.42954071e+02,7.96561356e+01,1.77757416e+01,1.98467106e-01,6.37760818e-01
5345803-S04-156I3-A-L-C-190-7-1,20.02.2020-18:43:35,9.00000000e+00,6.44396305e-01,8.91037273e+00,1.90176838e-03,5.00651917e+02,8.05342712e+01,1.88217430e+01,8.70110244e-02,2.59288639e-01
5345803-S04-156I3-A-L-C-190-7-1,20.02.2020-18:43:37,9.00000000e+00,6.45139635e-01,8.91450405e+00,1.74343295e-03,2.55762085e+02,8.03716125e+01,1.88141155e+01,1.38664246e-01,1.75791591e-01
5345803-S04-156I3-A-L-C-190-7-1,20.02.2020-18:43:39,9.00000000e+00,6.45985901e-01,8.92630672e+00,1.70911569e-03,3.54634094e+02,8.03464050e+01,1.88578186e+01,1.13884747e-01,1.78940445e-01
5345803-S04-156I3-A-L-C-190-7-1,20.02.2020-18:43:42,9.00000000e+00,6.45369768e-01,8.92061520e+00,1.92324817e-03,1.45942459e+02,8.02826233e+01,1.88128777e+01,2.43105590e-01,3.14589620e-01
5345803-S04-156I3-A-L-C-190-7-1,20.02.2020-18:43:44,9.00000000e+00,6.45297825e-01,8.91671085e+00,1.74414576e-03,2.53208939e+02,8.04127426e+01,1.88330193e+01,1.39890283e-01,1.72547057e-01
5345803-S04-156I3-A-L-C-190-7-1,20.02.2020-18:43:46,9.00000000e+00,6.45181477e-01,8.92579556e+00,2.01060693e-03,2.16314285e+02,8.04486008e+01,1.88572121e+01,1.10897742e-01,1.67903453e-01
5345803-S04-156I3-A-L-C-190-7-1,20.02.2020-18:43:48,1.90000000e+01,6.44606411e-01,8.90358639e+00,2.15341989e-03,2.63844757e+02,8.01545792e+01,1.87248402e+01,1.37488201e-01,1.70282423e-01
5345803-S04-156I3-A-L-C-190-7-1,20.02.2020-18:43:50,8.00000000e+00,6.46697402e-01,8.94351482e+00,1.81000738e-03,1.60113098e+02,8.03491440e+01,1.89156284e+01,2.01481760e-01,2.94274271e-01
5345803-S04-156I3-A-L-C-190-7-1,20.02.2020-18:43:52,1.90000000e+01,6.44217253e-01,8.89895725e+00,1.73386536e-03,1.57474228e+02,8.02341080e+01,1.87223644e+01,1.77886173e-01,3.18911642e-01
5345803-S04-156I3-A-L-C-190-7-1,20.02.2020-18:43:54,1.00000000e+00,6.42293990e-01,8.81105328e+00,1.67179469e-03,1.21197411e+02,8.01831894e+01,1.84703522e+01,2.65335947e-01,1.38089716e+00
5345803-S04-156I3-A-L-C-190-7-1,20.02.2020-18:43:57,8.00000000e+00,6.49756610e-01,8.90887833e+00,2.18546996e-03,2.11144531e+02,8.04431229e+01,1.89536495e+01,1.82295173e-01,3.68967682e-01
5345803-S04-156I3-A-L-C-190-7-1,20.02.2020-18:43:59,1.90000000e+01,6.45406604e-01,8.90236473e+00,1.95720722e-03,1.67408707e+02,8.02127304e+01,1.87591114e+01,1.93143263e-01,2.72802502e-01
5345803-S04-156I3-A-L-C-190-7-1,20.02.2020-18:44:01,2.00000000e+01,6.45302892e-01,8.85853481e+00,1.63172372e-03,2.87000946e+02,8.02919998e+01,1.86821976e+01,2.07728401e-01,4.48060632e-01
5345803-S04-156I3-A-L-C-190-7-1,20.02.2020-18:44:03,8.00000000e+00,6.49092376e-01,8.90273476e+00,1.89503946e-03,3.13503937e+02,8.06269150e+01,1.89644489e+01,1.97020099e-01,5.24545848e-01
5345803-S04-156I3-A-L-C-190-7-1,20.02.2020-18:44:05,9.00000000e+00,6.45623446e-01,8.93782711e+00,1.91689923e-03,5.33072205e+02,8.02421341e+01,1.88470726e+01,1.03109233e-01,1.53693512e-01
5345803-S04-156I3-A-L-C-190-7-1,20.02.2020-18:44:07,1.90000000e+01,6.43580139e-01,8.94221687e+00,2.04643374e-03,3.95505280e+02,7.98422241e+01,1.87029724e+01,1.17214881e-01,2.02151999e-01
5345803-S04-156I3-A-L-C-190-7-1,20.02.2020-18:44:09,1.90000000e+01,6.46566272e-01,8.88972378e+00,1.66401349e-03,2.42106140e+02,8.02917175e+01,1.87846127e+01,1.81491807e-01,3.36525679e-01
5345803-S04-156I3-A-L-C-190-7-1,20.02.2020-18:44:12,9.00000000e+00,6.45900130e-01,8.93741035e+00,2.10616295e-03,3.07977448e+02,8.00855713e+01,1.88174839e+01,1.33086398e-01,1.82946891e-01
5345803-S04-156I3-A-L-C-190-7-1,20.02.2020-18:44:14,1.00000000e+00,6.37569964e-01,8.83614826e+00,1.69440685e-03,2.74868439e+02,8.06026611e+01,1.84829140e+01,1.76049158e-01,3.95428032e-01
5345803-S04-156I3-A-L-C-190-7-1,20.02.2020-18:44:16,9.00000000e+00,6.45291030e-01,8.93512344e+00,2.01006932e-03,3.04990295e+02,8.01354828e+01,1.88066425e+01,1.57309100e-01,2.28471026e-01
5345803-S04-156I3-A-L-C-190-7-1,20.02.2020-18:44:18,1.00000000e+00,6.39539778e-01,8.82413578e+00,1.83239277e-03,1.20907173e+02,8.01512833e+01,1.84111290e+01,3.19627881e-01,1.03941357e+00
5345803-S04-156I3-A-L-C-190-7-1,20.02.2020-18:44:21,9.00000000e+00,6.46608591e-01,8.93842411e+00,1.83923135e-03,3.85528046e+02,8.00660095e+01,1.88356571e+01,1.58530787e-01,2.20301047e-01
5345803-S04-156I3-A-L-C-190-7-1,20.02.2020-18:44:23,9.00000000e+00,6.46055222e-01,8.93850327e+00,2.04819767e-03,2.73980743e+02,8.00222549e+01,1.88094215e+01,1.71179757e-01,2.39527211e-01
5345803-S04-156I3-A-L-C-190-7-1,20.02.2020-18:44:25,8.00000000e+00,6.49318039e-01,8.91476345e+00,2.04661768e-03,4.40610382e+02,8.05879364e+01,1.89874897e+01,1.32486537e-01,3.31419408e-01
5345803-S04-156I3-A-L-C-190-7-1,20.02.2020-18:44:27,2.10000000e+01,6.42021596e-01,8.86760044e+00,2.03356636e-03,1.33537827e+02,7.99470901e+01,1.85262966e+01,4.17264014e-01,4.98873055e-01
5345803-S04-156I3-A-L-C-190-7-1,20.02.2020-18:44:29,1.90000000e+01,6.45804346e-01,8.90171242e+00,1.84252986e-03,8.12353210e+01,8.01434555e+01,1.87530880e+01,7.00084329e-01,8.66619229e-01
5345803-S04-156I3-A-L-C-190-7-1,20.02.2020-18:44:31,2.00000000e+01,6.43616855e-01,8.92589569e+00,1.92575681e-03,9.52985153e+01,7.98164825e+01,1.86638832e+01,6.17939770e-01,7.83799708e-01
5345803-S04-156I3-A-L-C-190-7-1,20.02.2020-18:44:33,9.00000000e+00,6.48351371e-01,8.88790035e+00,1.99023983e-03,9.05239868e+01,8.02190628e+01,1.88155727e+01,4.87445712e-01,1.01892257e+00
5345803-S04-156I3-A-L-C-190-7-1,20.02.2020-18:44:35,9.00000000e+00,6.46443844e-01,8.93040752e+00,1.98752107e-03,3.70380157e+02,8.03285294e+01,1.88756580e+01,1.25117004e-01,2.06748456e-01
5345803-S04-156I3-A-L-C-190-7-1,20.02.2020-18:44:37,2.00000000e+01,6.42400801e-01,8.89303780e+00,1.70129805e-03,1.60633499e+02,8.01587143e+01,1.86396236e+01,2.31220528e-01,4.30232257e-01
5345803-S04-156I3-A-L-C-190-7-1,20.02.2020-18:44:40,2.00000000e+01,6.42975390e-01,8.88883400e+00,1.90506445e-03,2.17925644e+02,8.00275345e+01,1.86169605e+01,1.06752172e-01,1.33409217e-01
5345803-S04-156I3-A-L-C-190-7-1,20.02.2020-18:44:42,9.00000000e+00,6.46301985e-01,8.92704010e+00,2.07704934e-03,4.83018188e+02,8.02857742e+01,1.88543587e+01,1.09392650e-01,1.79571763e-01
5345803-S04-156I3-A-L-C-190-7-1,20.02.2020-18:44:44,2.00000000e+01,6.42475486e-01,8.88007641e+00,1.80827349e-03,4.14568420e+02,8.01186829e+01,1.86053257e+01,1.25264376e-01,2.56620169e-01
5345803-S04-156I3-A-L-C-190-7-1,20.02.2020-18:44:46,9.00000000e+00,6.46718621e-01,8.93709278e+00,1.96641963e-03,4.07634857e+02,8.03044281e+01,1.88921471e+01,8.50667134e-02,1.89918637e-01
5345803-S04-156I3-A-L-C-190-7-1,20.02.2020-18:44:48,2.10000000e+01,6.42214119e-01,8.88471508e+00,2.18478171e-03,5.54823853e+02,8.00268402e+01,1.85861416e+01,1.41484499e-01,3.32043260e-01
5345803-S04-156I3-A-L-C-190-7-1,20.02.2020-18:44:50,1.90000000e+01,6.44816637e-01,8.92923832e+00,2.21938104e-03,1.54747070e+02,8.00567627e+01,1.87619915e+01,1.96690530e-01,2.52994478e-01
5345803-S04-156I3-A-L-C-190-7-1,20.02.2020-18:44:52,1.90000000e+01,6.45065188e-01,8.92413807e+00,1.76330109e-03,3.80094696e+02,8.02076950e+01,1.87938671e+01,9.37598124e-02,1.21325634e-01
5345803-S04-156I3-A-L-C-190-7-1,20.02.2020-18:44:54,9.00000000e+00,6.44396901e-01,8.92938423e+00,1.97244831e-03,5.24715942e+02,8.03085251e+01,1.88090458e+01,6.73409253e-02,9.11470056e-02
5345803-S04-156I3-A-L-C-190-7-1,20.02.2020-18:44:57,2.00000000e+01,6.43069744e-01,8.92497540e+00,2.05862848e-03,1.39836334e+02,7.97551422e+01,1.86317635e+01,3.23544204e-01,4.25104886e-01
5345803-S04-156I3-A-L-C-190-7-1,20.02.2020-18:44:59,1.40000000e+01,6.49728119e-01,8.92744637e+00,1.76386151e-03,2.35416489e+01,8.02839203e+01,1.89547329e+01,1.48976552e+00,1.90680921e+00
5345803-S04-156I3-A-L-C-190-7-1,20.02.2020-18:45:01,2.00000000e+01,6.44303441e-01,8.90699387e+00,2.28216033e-03,6.71927948e+01,7.99874878e+01,1.86841717e+01,1.01197481e+00,1.27347624e+00
5345803-S04-156I3-A-L-C-190-7-1,20.02.2020-18:45:03,1.90000000e+01,6.45462215e-01,8.93144989e+00,2.25113984e-03,1.36949783e+02,7.99595261e+01,1.87626076e+01,2.95767277e-01,3.80034685e-01
5345803-S04-156I3-A-L-C-190-7-1,20.02.2020-18:45:05,2.00000000e+01,6.45064354e-01,8.87169743e+00,1.82217301e-03,2.60325714e+02,8.01716461e+01,1.86750069e+01,1.88826352e-01,5.20190179e-01
5345803-S04-156I3-A-L-C-190-7-1,20.02.2020-18:45:07,1.90000000e+01,6.44748330e-01,8.93754101e+00,1.90865214e-03,3.47583527e+02,8.01248474e+01,1.87934132e+01,9.96815786e-02,1.70725062e-01
5345803-S04-156I3-A-L-C-190-7-1,20.02.2020-18:45:09,1.00000000e+00,6.41880274e-01,8.81188297e+00,1.95509405e-03,4.33832123e+02,8.01745453e+01,1.84582043e+01,3.06305170e-01,1.79057026e+00
5345803-S04-156I3-A-L-C-190-7-1,20.02.2020-18:45:12,1.00000000e+00,6.39545739e-01,8.82939339e+00,1.89447694e-03,1.86941711e+02,8.00974045e+01,1.84098873e+01,3.22188884e-01,9.89880085e-01
5345803-S04-156I3-A-L-C-190-7-1,20.02.2020-18:45:14,1.90000000e+01,6.44875050e-01,8.92982674e+00,2.11219699e-03,3.18734406e+02,8.00601349e+01,1.87657127e+01,1.80453941e-01,2.65152872e-01
5345803-S04-156I3-A-L-C-190-7-1,20.02.2020-18:45:16,1.90000000e+01,6.45437241e-01,8.93536854e+00,2.18432606e-03,2.50056656e+02,7.98938370e+01,1.87546940e+01,1.90904304e-01,2.72933334e-01
5345803-S04-156I3-A-L-C-190-7-1,20.02.2020-18:45:18,9.00000000e+00,6.46164596e-01,8.93688393e+00,1.85722089e-03,5.53165405e+02,8.00604935e+01,1.88181858e+01,8.94747302e-02,1.45964235e-01
5345803-S04-156I3-A-L-C-190-7-1,20.02.2020-18:45:20,2.00000000e+01,6.44328415e-01,8.87373161e+00,1.86367542e-03,2.57368073e+02,8.02458801e+01,1.86752529e+01,2.09004939e-01,5.00476182e-01
5345803-S04-156I3-A-L-C-190-7-1,20.02.2020-18:45:22,2.10000000e+01,6.42492235e-01,8.84945869e+00,2.16458365e-03,1.86550583e+02,8.01059418e+01,1.85387115e+01,2.68871188e-01,1.37424684e+00
5345803-S04-156I3-A-L-C-190-7-1,20.02.2020-18:45:24,2.00000000e+01,6.45006537e-01,8.86838913e+00,1.91086915e-03,1.99874771e+02,8.01871948e+01,1.86699905e+01,1.92649543e-01,4.99086916e-01
5345803-S04-156I3-A-L-C-190-7-1,20.02.2020-18:45:27,2.10000000e+01,6.42713845e-01,8.83421516e+00,1.84058805e-03,3.11995300e+02,8.01276474e+01,1.85181770e+01,2.49567166e-01,1.22242236e+00
5345803-S04-156I3-A-L-C-190-7-1,20.02.2020-18:45:29,1.90000000e+01,6.44710124e-01,8.91602325e+00,2.02208990e-03,2.56937714e+02,8.01012421e+01,1.87415333e+01,1.66717529e-01,2.11724788e-01
5345803-S04-156I3-A-L-C-190-7-1,20.02.2020-18:45:31,1.90000000e+01,6.44506514e-01,8.92398548e+00,1.93238270e-03,2.13679718e+02,8.01725616e+01,1.87690449e+01,1.43715695e-01,1.89728916e-01
5345803-S04-156I3-A-L-C-190-7-1,20.02.2020-18:45:33,2.00000000e+01,6.42926276e-01,8.91372776e+00,1.83602574e-03,8.37988663e+01,7.99384918e+01,1.86469021e+01,5.27409911e-01,6.54883444e-01
5345803-S04-156I3-A-L-C-190-7-1,20.02.2020-18:45:35,1.90000000e+01,6.46056533e-01,8.93626213e+00,2.14843103e-03,3.42915558e+02,7.99875641e+01,1.87965908e+01,1.63481742e-01,2.28642464e-01
5345803-S04-156I3-A-L-C-190-7-1,20.02.2020-18:45:37,1.90000000e+01,6.44971550e-01,8.91769505e+00,1.95483398e-03,1.61014038e+02,8.02213669e+01,1.87807713e+01,2.85055488e-01,3.55375797e-01
5345803-S04-156I3-A-L-C-190-7-1,20.02.2020-18:45:39,1.90000000e+01,6.46458685e-01,8.94325829e+00,2.25658924e-03,2.47450058e+02,7.98259811e+01,1.87849922e+01,1.12711929e-01,1.62343174e-01
5345803-S04-156I3-A-L-C-190-7-1,20.02.2020-18:45:42,9.00000000e+00,6.45339251e-01,8.93063641e+00,1.89842645e-03,1.98347672e+02,8.02266541e+01,1.88199902e+01,1.92356274e-01,2.75879562e-01
5345803-S04-156I3-A-L-C-190-7-1,20.02.2020-18:45:44,9.00000000e+00,6.45238042e-01,8.92089367e+00,1.68079289e-03,2.69297943e+02,8.03520432e+01,1.88258858e+01,1.72201499e-01,2.27290466e-01
5345803-S04-156I3-A-L-C-190-7-1,20.02.2020-18:45:46,9.00000000e+00,6.45578444e-01,8.93000603e+00,1.99787668e-03,3.47762604e+02,8.02792358e+01,1.88379726e+01,1.04562491e-01,1.96502313e-01
5345803-S04-156I3-A-L-C-190-7-1,20.02.2020-18:45:48,2.00000000e+01,6.42713130e-01,8.88658905e+00,1.75446691e-03,3.36348145e+02,8.01771698e+01,1.86394558e+01,1.54398367e-01,3.54593575e-01
5345803-S04-156I3-A-L-C-190-7-1,20.02.2020-18:45:50,1.90000000e+01,6.44190848e-01,8.90433598e+00,1.79226347e-03,4.28872711e+02,8.02543640e+01,1.87376423e+01,1.05898537e-01,2.41347447e-01
5345803-S04-156I3-A-L-C-190-7-1,20.02.2020-18:45:52,1.90000000e+01,6.45237386e-01,8.91219234e+00,2.05749134e-03,3.84571381e+02,8.02124405e+01,1.87748280e+01,1.14143439e-01,1.88692734e-01
5345803-S04-156I3-A-L-C-190-7-1,20.02.2020-18:45:54,9.00000000e+00,6.44973636e-01,8.92374229e+00,1.83119869e-03,3.69108917e+02,8.03214951e+01,1.88170242e+01,1.27259552e-01,1.77423418e-01
5345803-S04-156I3-A-L-C-190-7-1,20.02.2020-18:45:57,9.00000000e+00,6.46006525e-01,8.93033600e+00,2.06091418e-03,2.69148529e+02,8.01881104e+01,1.88297634e+01,1.25100255e-01,2.13443488e-01
5345803-S04-156I3-A-L-C-190-7-1,20.02.2020-18:45:59,1.90000000e+01,6.43827856e-01,8.90063381e+00,1.58921792e-03,3.07549103e+02,8.03060532e+01,1.87313538e+01,1.05862811e-01,1.40266418e-01
5345803-S04-156I3-A-L-C-190-7-1,20.02.2020-18:46:01,1.90000000e+01,6.47423565e-01,8.89461040e+00,1.98116363e-03,3.61245972e+02,8.00740891e+01,1.87688465e+01,1.01451561e-01,2.45856240e-01
5345803-S04-156I3-A-L-C-190-7-1,20.02.2020-18:46:03,1.00000000e+00,6.42269492e-01,8.80695438e+00,2.03197473e-03,1.74000641e+02,8.01010284e+01,1.84421406e+01,3.01636338e-01,1.59587002e+00
5345803-S04-156I3-A-L-C-190-7-1,20.02.2020-18:46:05,1.00000000e+00,6.41532660e-01,8.80978870e+00,1.89794623e-03,3.90621552e+02,8.03371658e+01,1.84812336e+01,2.70758927e-01,1.81287742e+00
5345803-S04-156I3-A-L-C-190-7-1,20.02.2020-18:46:07,9.00000000e+00,6.45876825e-01,8.93223381e+00,2.09779199e-03,2.73037384e+02,8.01163254e+01,1.88131294e+01,1.20012902e-01,1.85928330e-01
5345803-S04-156I3-A-L-C-190-7-1,20.02.2020-18:46:09,1.90000000e+01,6.45019174e-01,8.92806244e+00,2.13226513e-03,2.20082977e+02,8.00580292e+01,1.87657070e+01,1.48653880e-01,2.09782630e-01
5345803-S04-156I3-A-L-C-190-7-1,20.02.2020-18:46:11,1.00000000e+00,6.41655445e-01,8.80504036e+00,2.00337567e-03,1.21203331e+02,8.01929169e+01,1.84416351e+01,3.25801015e-01,1.89937747e+00
5345803-S04-156I3-A-L-C-190-7-1,20.02.2020-18:46:14,1.00000000e+00,6.41942799e-01,8.80925274e+00,1.82007661e-03,3.10101624e+02,8.01818619e+01,1.84561768e+01,2.42157385e-01,1.35964859e+00
5345803-S04-156I3-A-L-C-190-7-1,20.02.2020-18:46:16,1.90000000e+01,6.44996226e-01,8.92541409e+00,1.74854696e-03,1.62558060e+02,8.01948090e+01,1.87915230e+01,1.68360740e-01,2.42200300e-01
5345803-S04-156I3-A-L-C-190-7-1,20.02.2020-18:46:18,2.10000000e+01,6.43376470e-01,8.83853531e+00,1.60026771e-03,4.20729797e+02,8.01025162e+01,1.85405159e+01,1.37293860e-01,5.80460191e-01
5345803-S04-156I3-A-L-C-190-7-1,20.02.2020-18:46:20,9.00000000e+00,6.46806240e-01,8.95277977e+00,2.06670933e-03,6.40398804e+02,7.98915253e+01,1.88305511e+01,7.46471360e-02,1.20098591e-01
5345803-S04-156I3-A-L-C-190-7-1,20.02.2020-18:46:22,1.90000000e+01,6.45244062e-01,8.94031048e+00,2.11763661e-03,3.35448151e+02,7.99682922e+01,1.87769337e+01,9.66541469e-02,1.46956608e-01
5345803-S04-156I3-A-L-C-190-7-1,20.02.2020-18:46:24,1.00000000e+00,6.42662883e-01,8.81730747e+00,1.88102527e-03,2.75195892e+02,8.01057663e+01,1.84762230e+01,2.33950540e-01,1.39681804e+00
5345803-S04-156I3-A-L-C-190-7-1,20.02.2020-18:46:26,9.00000000e+00,6.46627843e-01,8.94050503e+00,2.04472337e-03,3.51914093e+02,8.00231857e+01,1.88305302e+01,1.21053375e-01,1.66665748e-01
5345803-S04-156I3-A-L-C-190-7-1,20.02.2020-18:46:29,1.00000000e+00,6.42240345e-01,8.82160568e+00,2.07450148e-03,2.55755493e+02,8.01240768e+01,1.84773006e+01,2.40979731e-01,1.39153206e+00
5345803-S04-156I3-A-L-C-190-7-1,20.02.2020-18:46:31,9.00000000e+00,6.46744728e-01,8.94892693e+00,2.14872207e-03,4.28899750e+02,7.98746796e+01,1.88166885e+01,8.35441202e-02,1.27699196e-01
5345803-S04-156I3-A-L-C-190-7-1,20.02.2020-18:46:33,9.00000000e+00,6.46680892e-01,8.91367054e+00,2.07951618e-03,3.13011536e+02,8.01764374e+01,1.88115063e+01,9.60831270e-02,1.51249543e-01
5345803-S04-156I3-A-L-C-190-7-1,20.02.2020-18:46:35,2.00000000e+01,6.42904460e-01,8.88022995e+00,2.03784998e-03,3.94269531e+02,8.01425400e+01,1.86236134e+01,1.04836017e-01,3.14317703e-01
5345803-S04-156I3-A-L-C-190-7-1,20.02.2020-18:46:37,2.10000000e+01,6.42927110e-01,8.84627056e+00,2.16476386e-03,3.32336853e+02,7.99659882e+01,1.85121746e+01,1.09019160e-01,6.32584453e-01
5345803-S04-156I3-A-L-C-190-7-1,20.02.2020-18:46:39,2.00000000e+01,6.44032121e-01,8.88529015e+00,1.89618557e-03,2.53715897e+02,8.00645752e+01,1.86487503e+01,1.75655395e-01,3.92059714e-01
5345803-S04-156I3-A-L-C-190-7-1,20.02.2020-18:46:42,9.00000000e+00,6.46475255e-01,8.90561104e+00,2.09434866e-03,1.43828720e+02,8.02279434e+01,1.88005905e+01,2.93723553e-01,3.81682783e-01
5345803-S04-156I3-A-L-C-190-7-1,20.02.2020-18:46:44,1.90000000e+01,6.44063830e-01,8.92610168e+00,1.96708855e-03,1.21724228e+02,8.02507935e+01,1.87789059e+01,1.58331111e-01,2.34280616e-01
5345803-S04-156I3-A-L-C-190-7-1,20.02.2020-18:46:46,1.00000000e+00,6.41681015e-01,8.79451656e+00,1.74572493e-03,2.41338516e+02,8.02933350e+01,1.84433956e+01,2.43521765e-01,1.80422127e+00
5345803-S04-156I3-A-L-C-190-7-1,20.02.2020-18:46:48,1.00000000e+00,6.41603768e-01,8.80684185e+00,1.93452381e-03,2.62002838e+02,8.02495956e+01,1.84569588e+01,3.81121308e-01,1.58932102e+00
5345803-S04-156I3-A-L-C-190-7-1,20.02.2020-18:46:50,1.90000000e+01,6.44899011e-01,8.93135929e+00,1.78079703e-03,2.65828125e+02,8.01737747e+01,1.87962742e+01,1.04598157e-01,1.57911733e-01
5345803-S04-156I3-A-L-C-190-7-1,20.02.2020-18:46:52,1.90000000e+01,6.44700348e-01,8.91962528e+00,1.81434315e-03,5.25373840e+02,8.02190247e+01,1.87763901e+01,1.01955682e-01,1.67039573e-01
5345803-S04-156I3-A-L-C-190-7-1,20.02.2020-18:46:54,1.00000000e+00,6.41626179e-01,8.79695129e+00,1.90373184e-03,4.77084198e+02,8.02969666e+01,1.84477577e+01,2.08676398e-01,1.73875761e+00
5345803-S04-156I3-A-L-C-190-7-1,20.02.2020-18:46:56,1.00000000e+00,6.42179370e-01,8.81117249e+00,1.87154848e-03,2.59020691e+02,8.01772919e+01,1.84659500e+01,2.69477516e-01,1.30273581e+00
5345803-S04-156I3-A-L-C-190-7-1,20.02.2020-18:46:58,1.00000000e+00,6.42838836e-01,8.82161903e+00,1.93381077e-03,1.85479813e+02,8.00257034e+01,1.84718380e+01,2.41251826e-01,1.43034887e+00
5345803-S04-156I3-A-L-C-190-7-1,20.02.2020-18:47:01,2.10000000e+01,6.41932487e-01,8.88463402e+00,1.77133270e-03,2.03777908e+02,8.00703201e+01,1.85879135e+01,1.74236059e-01,2.10588291e-01
5345803-S04-156I3-A-L-C-190-7-1,20.02.2020-18:47:03,9.00000000e+00,6.45058572e-01,8.92058754e+00,1.82395091e-03,2.21365997e+02,8.02913971e+01,1.88058014e+01,1.92404434e-01,3.05404961e-01
5345803-S04-156I3-A-L-C-190-7-1,20.02.2020-18:47:05,1.90000000e+01,6.45507872e-01,8.91680813e+00,1.86499511e-03,1.84831741e+02,8.02350845e+01,1.87977314e+01,2.02457309e-01,2.92144835e-01
5345803-S04-156I3-A-L-C-190-7-1,20.02.2020-18:47:07,1.90000000e+01,6.44577086e-01,8.91562557e+00,1.88497663e-03,2.20023605e+02,8.02239914e+01,1.87655449e+01,1.86540917e-01,2.83485323e-01
5345803-S04-156I3-A-L-C-190-7-1,20.02.2020-18:47:09,1.90000000e+01,6.45934165e-01,8.91739082e+00,1.98640837e-03,2.80762207e+02,8.01341324e+01,1.87877083e+01,1.36426598e-01,2.21759662e-01
5345803-S04-156I3-A-L-C-190-7-1,20.02.2020-18:47:11,2.00000000e+01,6.42517626e-01,8.89473534e+00,1.91254041e-03,3.08371765e+02,8.02218475e+01,1.86612587e+01,1.79191440e-01,3.76113623e-01
5345803-S04-156I3-A-L-C-190-7-1,20.02.2020-18:47:13,9.00000000e+00,6.45437419e-01,8.93314171e+00,1.63154164e-03,1.88531738e+02,8.03589783e+01,1.88591881e+01,2.26221412e-01,2.88014740e-01
5345803-S04-156I3-A-L-C-190-7-1,20.02.2020-18:47:16,1.90000000e+01,6.45063937e-01,8.91210079e+00,1.75331743e-03,1.92670563e+02,8.02520828e+01,1.87788658e+01,2.17380226e-01,2.81850398e-01
5345803-S04-156I3-A-L-C-190-7-1,20.02.2020-18:47:18,9.00000000e+00,6.45060480e-01,8.92108345e+00,2.02337792e-03,1.35646942e+02,8.02625198e+01,1.88001385e+01,2.72439986e-01,3.74671608e-01
5345803-S04-156I3-A-L-C-190-7-1,20.02.2020-18:47:20,9.00000000e+00,6.45664275e-01,8.91888714e+00,1.64477085e-03,6.84230118e+01,8.02930756e+01,1.88202648e+01,3.87438029e-01,4.99563903e-01
5345803-S04-156I3-A-L-C-190-7-1,20.02.2020-18:47:22,1.00000000e+00,6.42207742e-01,8.81680775e+00,1.87898078e-03,8.20969009e+01,8.00002213e+01,1.84377651e+01,6.75279915e-01,2.09818125e+00
5345803-S04-156I3-A-L-C-190-7-1,20.02.2020-18:47:24,2.00000000e+01,6.42004371e-01,8.89413261e+00,1.66302302e-03,1.39387909e+02,8.00339432e+01,1.86014156e+01,2.82597870e-01,3.66838664e-01
5345803-S04-156I3-A-L-C-190-7-1,20.02.2020-18:47:26,1.90000000e+01,6.45834744e-01,8.92749119e+00,1.84693944e-03,7.54004059e+01,8.01049194e+01,1.87992382e+01,3.29284161e-01,3.97170722e-01
5345803-S04-156I3-A-L-C-190-7-1,20.02.2020-18:47:28,9.00000000e+00,6.45653367e-01,8.92991161e+00,1.77827280e-03,1.63690903e+02,8.01932373e+01,1.88197803e+01,1.95287004e-01,2.45688915e-01
5345803-S04-156I3-A-L-C-190-7-1,20.02.2020-18:47:30,9.00000000e+00,6.45312607e-01,8.93396378e+00,1.93518831e-03,3.28847290e+02,8.02704086e+01,1.88364906e+01,1.09767355e-01,1.43052652e-01
5345803-S04-156I3-A-L-C-190-7-1,20.02.2020-18:47:33,1.90000000e+01,6.44072771e-01,8.90879536e+00,1.71569118e-03,2.08259750e+02,8.02198257e+01,1.87355232e+01,1.38296187e-01,1.72938406e-01
5345803-S04-156I3-A-L-C-190-7-1,20.02.2020-18:47:35,1.90000000e+01,6.44077539e-01,8.92232227e+00,1.94386672e-03,1.48788269e+02,8.01499710e+01,1.87477703e+01,2.17410088e-01,2.63038099e-01
5345803-S04-156I3-A-L-C-190-7-1,20.02.2020-18:47:37,1.90000000e+01,6.44256771e-01,8.90876007e+00,1.76210364e-03,2.22224136e+02,8.02181702e+01,1.87404156e+01,1.83604226e-01,2.30622053e-01
5345803-S04-156I3-A-L-C-190-7-1,20.02.2020-18:47:39,1.90000000e+01,6.44680917e-01,8.91934681e+00,2.15478288e-03,3.67636200e+02,8.00804291e+01,1.87427998e+01,8.68919119e-02,1.36470199e-01
5345803-S04-156I3-A-L-C-190-7-1,20.02.2020-18:47:41,9.00000000e+00,6.45472825e-01,8.93476772e+00,1.87944679e-03,1.35771133e+02,8.03029251e+01,1.88504982e+01,2.04827964e-01,2.53498942e-01
5345803-S04-156I3-A-L-C-190-7-1,20.02.2020-18:47:43,1.90000000e+01,6.44990146e-01,8.90972519e+00,1.81752385e-03,2.39141632e+02,8.01900864e+01,1.87572098e+01,1.86464369e-01,2.45280027e-01
5345803-S04-156I3-A-L-C-190-7-1,20.02.2020-18:47:45,9.00000000e+00,6.45645499e-01,8.91590309e+00,1.86766905e-03,4.33027252e+02,8.02819901e+01,1.88108253e+01,1.13953322e-01,1.46383554e-01
5345803-S04-156I3-A-L-C-190-7-1,20.02.2020-18:47:49,1.00000000e+00,6.41498923e-01,8.81113720e+00,1.77147542e-03,1.64741821e+02,8.03317795e+01,1.84818516e+01,2.21085832e-01,1.02670193e+00
5345803-S04-156I3-A-L-C-190-7-1,20.02.2020-18:47:52,9.00000000e+00,6.46275282e-01,8.93509674e+00,1.93314999e-03,3.14074341e+02,8.01910706e+01,1.88483353e+01,8.26589093e-02,1.21091075e-01
5345803-S04-156I3-A-L-C-190-7-1,20.02.2020-18:47:54,2.00000000e+01,6.44075990e-01,8.88086891e+00,1.99246872e-03,3.93276031e+02,8.01828384e+01,1.86682758e+01,1.42379776e-01,3.73282015e-01
5345803-S04-156I3-A-L-C-190-7-1,20.02.2020-18:47:56,2.00000000e+01,6.43072307e-01,8.86584187e+00,1.77193992e-03,1.30839661e+02,8.03499222e+01,1.86464176e+01,2.55373389e-01,4.94127631e-01
5345803-S04-156I3-A-L-C-190-7-1,20.02.2020-18:47:58,1.00000000e+00,6.42104745e-01,8.83160019e+00,1.99952279e-03,1.61421570e+02,8.00601273e+01,1.84795666e+01,2.39218310e-01,6.14336610e-01
5345803-S04-156I3-A-L-C-190-7-1,20.02.2020-18:48:00,2.10000000e+01,6.42069578e-01,8.83224964e+00,1.63052802e-03,2.01928391e+02,8.01898193e+01,1.85098476e+01,2.40097240e-01,6.56460941e-01
5345803-S04-156I3-A-L-C-190-7-1,20.02.2020-18:48:03,2.10000000e+01,6.41517103e-01,8.86209965e+00,1.75505690e-03,2.61123047e+02,8.01822586e+01,1.85546741e+01,1.68507606e-01,3.81653994e-01
5345803-S04-156I3-A-L-C-190-7-1,20.02.2020-18:48:05,1.90000000e+01,6.45933330e-01,8.93396473e+00,2.24297005e-03,2.57391754e+02,7.99347153e+01,1.87757607e+01,1.66369215e-01,2.31575191e-01
5345803-S04-156I3-A-L-C-190-7-1,20.02.2020-18:48:07,9.00000000e+00,6.48580372e-01,8.90496063e+00,1.87299564e-03,1.38017502e+02,8.01775742e+01,1.88485909e+01,2.85586149e-01,7.38180161e-01
5345803-S04-156I3-A-L-C-190-7-1,20.02.2020-18:48:09,1.90000000e+01,6.44333005e-01,8.92055893e+00,2.06129509e-03,1.74137665e+02,8.01321411e+01,1.87473278e+01,3.44291329e-01,4.75644439e-01
5345803-S04-156I3-A-L-C-190-7-1,20.02.2020-18:48:11,2.00000000e+01,6.41832232e-01,8.92802811e+00,2.03109719e-03,1.57423248e+02,7.98279419e+01,1.86192493e+01,2.35996291e-01,2.74981171e-01
5345803-S04-156I3-A-L-C-190-7-1,20.02.2020-18:48:13,2.00000000e+01,6.42328262e-01,8.93912888e+00,1.87561230e-03,1.16925156e+02,7.97071533e+01,1.86285782e+01,2.78097957e-01,3.22789967e-01
5345803-S04-156I3-A-L-C-190-7-1,20.02.2020-18:48:15,2.00000000e+01,6.41888142e-01,8.95132351e+00,1.82646164e-03,1.28962494e+02,7.96683502e+01,1.86321335e+01,2.35971674e-01,2.80725539e-01
5345803-S04-156I3-A-L-C-190-7-1,20.02.2020-18:48:18,2.00000000e+01,6.43776774e-01,8.90536118e+00,2.05585244e-03,1.00135483e+02,8.00626297e+01,1.86830101e+01,3.69420707e-01,4.89396662e-01
5345803-S04-156I3-A-L-C-190-7-1,20.02.2020-18:48:20,1.90000000e+01,6.45433128e-01,8.94440365e+00,1.89206109e-03,8.00357819e+01,7.98843689e+01,1.87713108e+01,3.15912664e-01,3.74547213e-01
5345803-S04-156I3-A-L-C-190-7-1,20.02.2020-18:48:22,1.90000000e+01,6.45388067e-01,8.93754292e+00,2.13751011e-03,7.62659760e+01,7.98358994e+01,1.87442265e+01,4.19944525e-01,4.92633492e-01
5345803-S04-156I3-A-L-C-190-7-1,20.02.2020-18:48:24,2.00000000e+01,6.42022371e-01,8.95877361e+00,2.11747689e-03,1.39978180e+02,7.95987854e+01,1.86352558e+01,2.16363937e-01,2.58293360e-01
5345803-S04-156I3-A-L-C-190-7-1,20.02.2020-18:48:26,1.90000000e+01,6.45703137e-01,8.94666672e+00,1.95807195e-03,1.55660858e+02,7.99080658e+01,1.87894897e+01,2.10035160e-01,2.58080781e-01
5345803-S04-156I3-A-L-C-190-7-1,20.02.2020-18:48:28,1.90000000e+01,6.47106826e-01,8.91166115e+00,2.04273826e-03,1.42275482e+02,7.97644196e+01,1.87229404e+01,2.60708243e-01,3.16538870e-01
5345803-S04-156I3-A-L-C-190-7-1,20.02.2020-18:48:30,2.10000000e+01,6.41390681e-01,8.92542839e+00,2.07476364e-03,1.91789658e+02,7.97304459e+01,1.85783081e+01,1.46455646e-01,1.72033951e-01
5345803-S04-156I3-A-L-C-190-7-1,20.02.2020-18:48:33,1.90000000e+01,6.45243883e-01,8.93650150e+00,2.02001818e-03,2.67402802e+02,7.99883270e+01,1.87736282e+01,1.54695705e-01,2.02741832e-01
5345803-S04-156I3-A-L-C-190-7-1,20.02.2020-18:48:35,9.00000000e+00,6.46102726e-01,8.92848492e+00,1.78256549e-03,1.22485725e+02,8.02516174e+01,1.88435745e+01,3.63375753e-01,4.93451506e-01
5345803-S04-156I3-A-L-C-190-7-1,20.02.2020-18:48:37,8.00000000e+00,6.46865845e-01,8.93299675e+00,1.65921776e-03,3.30668060e+02,8.04252625e+01,1.89162083e+01,1.39292613e-01,2.25887269e-01
5345803-S04-156I3-A-L-C-190-7-1,20.02.2020-18:48:39,9.00000000e+00,6.47050023e-01,8.90962410e+00,1.49995915e-03,2.94992065e+02,8.01988220e+01,1.88189526e+01,1.22482881e-01,1.77999154e-01
5345803-S04-156I3-A-L-C-190-7-1,20.02.2020-18:48:41,1.90000000e+01,6.45599067e-01,8.91441059e+00,1.71056646e-03,9.59107208e+01,8.01348877e+01,1.87718620e+01,3.01376015e-01,4.58723694e-01
5345803-S04-156I3-A-L-C-190-7-1,20.02.2020-18:48:43,9.00000000e+00,6.44619048e-01,8.91893959e+00,1.78368529e-03,2.19634262e+02,8.04038696e+01,1.88158360e+01,1.74169466e-01,2.24790007e-01
5345803-S04-156I3-A-L-C-190-7-1,20.02.2020-18:48:45,9.00000000e+00,6.45200193e-01,8.90272808e+00,1.64028315e-03,1.07008545e+02,8.04209213e+01,1.88025532e+01,1.99994341e-01,2.48989269e-01
5345803-S04-156I3-A-L-C-190-7-1,20.02.2020-18:48:47,9.00000000e+00,6.45823121e-01,8.93565941e+00,1.94646756e-03,1.36053864e+02,8.02102890e+01,1.88408489e+01,2.12850049e-01,2.83832192e-01
5345803-S04-156I3-A-L-C-190-7-1,20.02.2020-18:48:50,1.90000000e+01,6.44512892e-01,8.88812637e+00,1.79059687e-03,2.10431854e+02,8.02391510e+01,1.87093353e+01,1.45243481e-01,3.05688202e-01
5345803-S04-156I3-A-L-C-190-7-1,20.02.2020-18:48:52,2.00000000e+01,6.43102169e-01,8.91706467e+00,2.10434548e-03,1.20825974e+02,7.99121628e+01,1.86528397e+01,2.87586272e-01,3.98583829e-01
5345803-S04-156I3-A-L-C-190-7-1,20.02.2020-18:48:54,2.00000000e+01,6.44849837e-01,8.88351917e+00,1.67332392e-03,1.68682327e+02,8.00684280e+01,1.86696033e+01,2.56103694e-01,3.68670672e-01
5345803-S04-156I3-A-L-C-190-7-1,20.02.2020-18:48:58,1.90000000e+01,6.46788776e-01,8.90702438e+00,1.86940294e-03,6.16062660e+01,7.98276062e+01,1.87188168e+01,5.20876586e-01,6.13842607e-01
5345803-S04-156I3-A-L-C-190-7-1,20.02.2020-18:49:00,2.00000000e+01,6.43885672e-01,8.87728119e+00,2.16026511e-03,2.22081375e+02,8.00680542e+01,1.86285133e+01,2.00514153e-01,4.77124631e-01
5345803-S04-156I3-A-L-C-190-7-1,20.02.2020-18:49:02,2.00000000e+01,6.43934608e-01,8.89054585e+00,1.99761707e-03,3.26879944e+02,8.01776810e+01,1.86833134e+01,2.03106940e-01,3.66377115e-01
5345803-S04-156I3-A-L-C-190-7-1,20.02.2020-18:49:04,1.90000000e+01,6.43697202e-01,8.90384579e+00,1.82821322e-03,2.91765656e+02,8.01727600e+01,1.87032166e+01,1.15720972e-01,2.07411245e-01
5345803-S04-156I3-A-L-C-190-7-1,20.02.2020-18:49:07,2.00000000e+01,6.45433962e-01,8.87659359e+00,2.11779471e-03,2.06449524e+02,7.99379883e+01,1.86415291e+01,2.03241587e-01,3.49956006e-01
5345803-S04-156I3-A-L-C-190-7-1,20.02.2020-18:49:09,2.00000000e+01,6.44993961e-01,8.88601208e+00,2.28162901e-03,2.58748077e+02,7.99809494e+01,1.86586113e+01,1.23960540e-01,2.87687480e-01
5345803-S04-156I3-A-L-C-190-7-1,20.02.2020-18:49:11,2.00000000e+01,6.44713759e-01,8.86981010e+00,2.16748635e-03,1.63785416e+02,7.99991074e+01,1.86207256e+01,2.10779861e-01,3.87232453e-01
5345803-S04-156I3-A-L-C-190-7-1,20.02.2020-18:49:13,1.90000000e+01,6.45588577e-01,8.89591694e+00,2.12215469e-03,1.94125275e+02,8.00691757e+01,1.87172546e+01,2.18189523e-01,3.24591100e-01
5345803-S04-156I3-A-L-C-190-7-1,20.02.2020-18:49:15,8.00000000e+00,6.47743523e-01,8.96640873e+00,2.08506174e-03,9.35664749e+01,8.01666794e+01,1.89515915e+01,3.95696998e-01,5.06445110e-01
5345803-S04-156I3-A-L-C-190-7-1,20.02.2020-18:49:17,8.00000000e+00,6.46884680e-01,8.96490383e+00,1.94279558e-03,1.74219299e+02,8.03715210e+01,1.89716415e+01,1.96843073e-01,3.07823539e-01
5345803-S04-156I3-A-L-C-190-7-1,20.02.2020-18:49:19,8.00000000e+00,6.47410095e-01,8.95823097e+00,1.97251770e-03,1.63194580e+02,8.02561188e+01,1.89456730e+01,2.10801587e-01,3.02374482e-01
5345803-S04-156I3-A-L-C-190-7-1,20.02.2020-18:49:21,7.00000000e+00,6.49221838e-01,8.97203159e+00,2.07859045e-03,1.82957718e+02,8.03174820e+01,1.90425110e+01,2.16940716e-01,2.67156243e-01
5345803-S04-156I3-A-L-C-190-7-1,20.02.2020-18:49:24,8.00000000e+00,6.49012268e-01,8.94528770e+00,2.15850887e-03,3.08608582e+02,8.03604736e+01,1.89897785e+01,1.24991000e-01,2.93554872e-01
5345803-S04-156I3-A-L-C-190-7-1,20.02.2020-18:49:26,7.00000000e+00,6.49425924e-01,8.97468662e+00,1.80926709e-03,2.30816406e+02,8.03807373e+01,1.90691376e+01,1.53335080e-01,1.95884824e-01
5345803-S04-156I3-A-L-C-190-7-1,20.02.2020-18:49:28,8.00000000e+00,6.47512496e-01,8.95867538e+00,1.91627070e-03,2.73954254e+02,8.02674637e+01,1.89522896e+01,1.64171934e-01,2.67534375e-01
5345803-S04-156I3-A-L-C-190-7-1,20.02.2020-18:49:30,8.00000000e+00,6.48895681e-01,8.94247723e+00,1.88705849e-03,2.96441467e+02,8.05177078e+01,1.90175381e+01,1.77133679e-01,3.85984123e-01
5345803-S04-156I3-A-L-C-190-7-1,20.02.2020-18:49:32,8.00000000e+00,6.48601115e-01,8.93208790e+00,1.91732636e-03,2.09894043e+02,8.05890350e+01,1.90036430e+01,1.74304470e-01,3.12845141e-01
5345803-S04-156I3-A-L-C-190-7-1,20.02.2020-18:49:34,9.00000000e+00,6.46123767e-01,8.94295979e+00,1.86856231e-03,1.35718033e+02,8.01885757e+01,1.88599148e+01,2.06355840e-01,2.48347417e-01
5345803-S04-156I3-A-L-C-190-7-1,20.02.2020-18:49:36,9.00000000e+00,6.45657599e-01,8.96535206e+00,2.06660712e-03,2.12401794e+02,8.02332993e+01,1.89040318e+01,1.59800351e-01,2.43149415e-01
5345803-S04-156I3-A-L-C-190-7-1,20.02.2020-18:49:38,8.00000000e+00,6.47366881e-01,8.93803501e+00,2.02561473e-03,2.91833710e+02,8.06092911e+01,1.89848804e+01,1.91960379e-01,4.38097507e-01
5345803-S04-156I3-A-L-C-190-7-1,20.02.2020-18:49:41,9.00000000e+00,6.46173298e-01,8.93581963e+00,1.87924376e-03,1.98931808e+02,8.01698914e+01,1.88419075e+01,1.63821250e-01,2.01270252e-01
5345803-S04-156I3-A-L-C-190-7-1,20.02.2020-18:49:43,7.00000000e+00,6.47374272e-01,8.99056816e+00,1.41592475e-03,2.16892990e+02,8.04615402e+01,1.90616760e+01,1.49365053e-01,1.71344683e-01
5345803-S04-156I3-A-L-C-190-7-1,20.02.2020-18:49:45,1.90000000e+01,6.44987404e-01,8.90190220e+00,2.02449411e-03,2.04977859e+02,8.01616898e+01,1.87340240e+01,2.40969807e-01,3.76580566e-01
5345803-S04-156I3-A-L-C-190-7-1,20.02.2020-18:49:47,9.00000000e+00,6.45432234e-01,8.94181919e+00,1.91434636e-03,2.14687027e+02,8.02104645e+01,1.88424664e+01,1.74589872e-01,2.65706867e-01
5345803-S04-156I3-A-L-C-190-7-1,20.02.2020-18:49:49,2.10000000e+01,6.41714275e-01,8.87910366e+00,1.86663971e-03,1.65810211e+02,8.01582565e+01,1.85904255e+01,3.06570381e-01,6.14877641e-01
5345803-S04-156I3-A-L-C-190-7-1,20.02.2020-18:49:51,2.00000000e+01,6.42392516e-01,8.90369320e+00,1.69882551e-03,1.66519836e+02,8.01324310e+01,1.86555977e+01,2.89941192e-01,5.76588690e-01
5345803-S04-156I3-A-L-C-190-7-1,20.02.2020-18:49:53,1.90000000e+01,6.44014657e-01,8.90659332e+00,1.83063443e-03,2.61517242e+02,8.01001511e+01,1.87012596e+01,1.42100930e-01,1.76407680e-01
5345803-S04-156I3-A-L-C-190-7-1,20.02.2020-18:49:55,8.00000000e+00,6.47235453e-01,8.96444416e+00,1.92802085e-03,2.76716705e+02,8.01741486e+01,1.89343433e+01,1.30473331e-01,1.80668920e-01
5345803-S04-156I3-A-L-C-190-7-1,20.02.2020-18:49:58,2.00000000e+01,6.45083010e-01,8.88965416e+00,1.89056806e-03,9.08193283e+01,8.00529938e+01,1.86856499e+01,5.00082910e-01,7.39940584e-01
5345803-S04-156I3-A-L-C-190-7-1,20.02.2020-18:50:00,2.00000000e+01,6.46377683e-01,8.87432861e+00,1.81102264e-03,1.33476715e+02,7.99318237e+01,1.86625843e+01,2.39874735e-01,3.05425793e-01
5345803-S04-156I3-A-L-C-190-7-1,20.02.2020-18:50:02,1.40000000e+01,6.45324469e-01,8.89305019e+00,1.95959839e-03,1.27541218e+01,7.97086716e+01,1.86193542e+01,1.46807551e+00,1.67299664e+00
5345803-S04-156I3-A-L-C-190-7-1,20.02.2020-18:50:04,2.00000000e+01,6.46180153e-01,8.87749004e+00,1.81576528e-03,1.10465218e+02,7.98921432e+01,1.86542606e+01,2.63655096e-01,3.94638211e-01
5345803-S04-156I3-A-L-C-190-7-1,20.02.2020-18:50:06,9.00000000e+00,6.44262850e-01,8.92629337e+00,1.72007410e-03,3.32299042e+02,8.03244095e+01,1.88023434e+01,1.56451523e-01,1.94068611e-01
5345803-S04-156I3-A-L-C-190-7-1,20.02.2020-18:50:08,2.00000000e+01,6.42439425e-01,8.90031624e+00,2.07417971e-03,1.47033310e+02,8.00994110e+01,1.86422005e+01,3.78889769e-01,6.95779204e-01
5345803-S04-156I3-A-L-C-190-7-1,20.02.2020-18:50:10,9.00000000e+00,6.45669103e-01,8.94616985e+00,1.68397103e-03,8.70728455e+01,8.03722916e+01,1.88966007e+01,4.03803557e-01,5.52035570e-01
5345803-S04-156I3-A-L-C-190-7-1,20.02.2020-18:50:13,9.00000000e+00,6.45912230e-01,8.93610859e+00,1.93745934e-03,1.16591888e+02,8.02439117e+01,1.88522949e+01,4.91148233e-01,6.33207977e-01
5345803-S04-156I3-A-L-C-190-7-1,20.02.2020-18:50:15,8.00000000e+00,6.46178842e-01,8.94821835e+00,1.58455060e-03,1.31906250e+02,8.05198669e+01,1.89505806e+01,4.27977234e-01,5.70226252e-01
5345803-S04-156I3-A-L-C-190-7-1,20.02.2020-18:50:17,1.90000000e+01,6.44100547e-01,8.94050026e+00,2.01694528e-03,1.55322021e+02,8.00943909e+01,1.87736111e+01,3.86737764e-01,6.04062200e-01
5345803-S04-156I3-A-L-C-190-7-1,20.02.2020-18:50:19,9.00000000e+00,6.44288599e-01,8.94859409e+00,1.90308841e-03,2.27580399e+02,8.04437943e+01,1.88780861e+01,1.77965507e-01,2.39159912e-01
5345803-S04-156I3-A-L-C-190-7-1,20.02.2020-18:50:21,9.00000000e+00,6.45311713e-01,8.92956638e+00,1.83135597e-03,3.59835480e+02,8.03546829e+01,1.88469620e+01,1.19014360e-01,1.98439613e-01
5345803-S04-156I3-A-L-C-190-7-1,20.02.2020-18:50:23,1.90000000e+01,6.45475090e-01,8.91750526e+00,1.88677199e-03,7.40653000e+01,8.02175598e+01,1.87941418e+01,8.15403700e-01,1.03162897e+00
5345803-S04-156I3-A-L-C-190-7-1,20.02.2020-18:50:25,8.00000000e+00,6.48193479e-01,8.92465210e+00,1.69311825e-03,2.32111832e+02,8.06935806e+01,1.90005035e+01,2.47136712e-01,4.05579656e-01
5345803-S04-156I3-A-L-C-190-7-1,20.02.2020-18:50:27,8.00000000e+00,6.48172319e-01,8.92070770e+00,1.77398790e-03,1.42282013e+02,8.05436249e+01,1.89561958e+01,2.35281363e-01,3.79933864e-01